1.579241871833801270e+00
-3.770690560340881348e-01
-2.644675076007843018e-01
-1.467506885528564453e+00
-1.704862117767333984e-01
-8.724807500839233398e-01
4.048521518707275391e-01
2.375465631484985352e-01
-4.128897190093994141e-02
6.154826283454895020e-02
1.699991226196289062e-01
-5.249875783920288086e-01
-9.267077445983886719e-01
-1.856908321380615234e+00
3.351390361785888672e-01
-1.861397981643676758e+00
-3.718448162078857422e+00
2.880517244338989258e-01
-1.002220511436462402e+00
-5.045840740203857422e-01
-1.247658491134643555e+00
6.465148925781250000e-02
9.537048935890197754e-01
1.075770854949951172e-01
-2.087644577026367188e+00
-1.534097194671630859e-01
2.972270846366882324e-01
1.347521543502807617e-01
9.741640090942382812e-02
-6.173566579818725586e-01
4.298198819160461426e-01
-2.471220493316650391e-02
-9.864736795425415039e-01
1.076500177383422852e+00
-1.172108888626098633e+00
3.808987140655517578e-01
-4.868805408477783203e-01
1.294911146163940430e+00
-1.825854778289794922e-01
2.955961227416992188e-02
1.685582160949707031e+00
-1.847466707229614258e+00
7.154755592346191406e-01
-6.010231375694274902e-01
3.358705043792724609e-01
1.266775131225585938e-01
-6.620550155639648438e-02
7.028579115867614746e-01
6.343845725059509277e-01
-1.138534784317016602e+00
-1.066237449645996094e+00
-4.022971391677856445e-01
2.264215946197509766e-01
1.235239505767822266e-01
5.585938096046447754e-01
-2.633770465850830078e+00
7.663094997406005859e-02
-2.612202167510986328e-01
-1.445062398910522461e+00
6.093431711196899414e-01
1.077229619026184082e+00
-6.937348842620849609e-01
5.805082917213439941e-01
-1.274822950363159180e-01
2.820637226104736328e-01
-1.801758050918579102e+00
-1.551075339317321777e+00
-1.032109498977661133e+00
-8.137966990470886230e-01
-5.205606222152709961e-01
1.505935192108154297e+00
-2.756647586822509766e+00
-1.717688322067260742e+00
-1.210065007209777832e+00
-1.073729991912841797e-02
3.458976745605468750e-02
6.211425065994262695e-01
-2.016681432723999023e-01
2.035789966583251953e+00
-1.443250060081481934e+00
-4.629637002944946289e-01
-2.002320051193237305e+00
-9.059238433837890625e-02
-7.072847485542297363e-01
-2.904807329177856445e+00
-1.238261222839355469e+00
-1.038410663604736328e-01
3.172510862350463867e-01
-3.001776933670043945e-01
2.400048971176147461e-01
-1.319609761238098145e+00
-1.037320017814636230e+00
-3.316144347190856934e-01
-4.629922509193420410e-01
-1.692008972167968750e-02
-4.544508755207061768e-01
-6.885306835174560547e-01
5.861204266548156738e-01
5.431702136993408203e-01
-8.473479747772216797e-02
-1.719865202903747559e+00
1.513953208923339844e-01
-1.989762783050537109e-01
-4.200775623321533203e-01
1.166151285171508789e+00
8.137938976287841797e-01
-2.022597789764404297e-01
-3.060483932495117188e-01
-3.632956743240356445e-01
-7.700308561325073242e-01
-1.137951612472534180e-01
-3.176653385162353516e-01
-2.978233695030212402e-01
3.893840312957763672e-01
-1.559911727905273438e+00
-1.769611835479736328e-01
-9.702539443969726562e-02
-1.169504046440124512e+00
-1.538368821144104004e+00
-7.566219568252563477e-01
-9.260516166687011719e-01
-3.577265739440917969e-01
7.355760931968688965e-01
3.236170411109924316e-01
1.166129589080810547e+00
-1.492563128471374512e+00
-3.955739259719848633e+00
-5.516995787620544434e-01
-1.105125427246093750e+00
4.151049852371215820e-01
-1.289000511169433594e-01
8.156180381774902344e-03
3.890955448150634766e-02
-6.506482362747192383e-01
-4.801968336105346680e-01
-9.757796525955200195e-01
-7.992193102836608887e-01
-5.594072341918945312e-01
-4.609287977218627930e-01
-6.459307670593261719e-02
8.102011084556579590e-01
-7.359427213668823242e-01
-7.940010428428649902e-01
1.709061861038208008e-01
-4.643565416336059570e-01
-3.293211460113525391e-01
1.961427927017211914e-01
3.061344623565673828e-01
-6.537427306175231934e-01
2.298771739006042480e-01
-7.930682301521301270e-01
-5.441430211067199707e-01
-2.696681022644042969e-02
-8.689367771148681641e-01
3.312397599220275879e-01
-1.508178830146789551e+00
-1.424190044403076172e+00
-1.700682640075683594e+00
1.846714019775390625e-01
-3.725534975528717041e-01
-1.596573114395141602e+00
-4.474426507949829102e-01
-1.197713136672973633e+00
6.140528917312622070e-01
-1.002388000488281250e+00
6.092560291290283203e-02
-4.076640605926513672e-01
-1.080972671508789062e+00
-1.040269851684570312e+00
-1.858100295066833496e+00
-1.089413881301879883e+00
1.789458394050598145e-01
-1.692382335662841797e+00
1.420325040817260742e-01
-6.705583930015563965e-01
-4.603053331375122070e-01
1.092936754226684570e+00
5.972669124603271484e-01
1.184717416763305664e-01
-1.158689975738525391e+00
6.581132411956787109e-01
-1.319025993347167969e+00
-2.454924583435058594e-02
-2.321032285690307617e-01
-3.123482465744018555e-01
-5.204403400421142578e-01
-7.932471036911010742e-01
-1.153120279312133789e+00
-9.259421825408935547e-01
-1.836732745170593262e+00
-1.616200208663940430e+00
1.037373781204223633e+00
5.329127907752990723e-01
4.409031867980957031e-01
-5.796488523483276367e-01
1.165047883987426758e-01
-1.172222971916198730e+00
7.410066127777099609e-01
-2.036612510681152344e+00
7.508373260498046875e-02
-1.437746524810791016e+00
-8.705019950866699219e-02
-5.947753190994262695e-01
-4.012017846107482910e-01
-1.491086363792419434e+00
-2.488769054412841797e+00
6.838536262512207031e-02
-7.007899284362792969e-01
3.624892234802246094e-01
-4.438298940658569336e-01
-5.845617055892944336e-01
-1.000355839729309082e+00
9.290387034416198730e-01
-1.196235418319702148e+00
1.824706792831420898e+00
-7.544381618499755859e-01
-9.312043190002441406e-01
4.355057477951049805e-01
-2.475099563598632812e-01
-2.211514949798583984e+00
-7.806589603424072266e-01
-1.088668704032897949e+00
-3.230245113372802734e-01
-8.785865306854248047e-01
-9.105956554412841797e-02
9.414482116699218750e-02
5.390016436576843262e-01
1.391502618789672852e-01
-4.546284079551696777e-01
-1.067659378051757812e+00
9.577666521072387695e-01
-3.805986642837524414e-01
4.315283596515655518e-01
9.077661037445068359e-01
2.583134174346923828e-01
-1.004307746887207031e+00
4.649941325187683105e-01
-1.060970425605773926e+00
1.617560982704162598e-01
-1.748685956001281738e+00
-1.929469347000122070e+00
3.102970123291015625e-02
-2.768526077270507812e+00
7.069686651229858398e-01
-1.050781250000000000e+00
-8.972756862640380859e-01
3.239147663116455078e-01
5.774310231208801270e-01
-3.429574966430664062e-01
-1.565229773521423340e+00
-5.178107023239135742e-01
-1.070827960968017578e+00
-1.008334517478942871e+00
-2.410027980804443359e-01
-5.884481668472290039e-01
-6.777524948120117188e-03
7.902266383171081543e-01
-1.013000965118408203e+00
-1.821378469467163086e-01
6.384127140045166016e-01
-9.069633483886718750e-01
-9.468493461608886719e-01
-9.509932994842529297e-02
-4.025244712829589844e-01
2.397763013839721680e+00
-9.950459003448486328e-01
6.925208568572998047e-01
8.284416198730468750e-01
1.116501092910766602e-01
-5.784840583801269531e-01
-1.305952072143554688e-01
3.910316228866577148e-01
-1.376789212226867676e+00
-1.811316728591918945e+00
-1.537771463394165039e+00
-8.046614527702331543e-01
-1.290074229240417480e+00
-5.819958448410034180e-01
-5.424662828445434570e-01
-6.027514934539794922e-01
2.716392278671264648e-01
-5.935199856758117676e-01
1.688593029975891113e+00
6.340162754058837891e-01
-9.187741279602050781e-01
-4.915458559989929199e-01
1.204519271850585938e-01
1.030619144439697266e-01
-5.956771373748779297e-01
-5.176978111267089844e-01
-2.153280496597290039e+00
-4.303187131881713867e-02
-1.679240465164184570e-01
-2.757573127746582031e-01
-3.575825691223144531e-02
2.913195490837097168e-01
-4.188214540481567383e-01
6.788997650146484375e-01
1.026508808135986328e-01
-1.997897624969482422e+00
2.327716350555419922e-02
-5.475229620933532715e-01
-1.254192113876342773e+00
-1.387642621994018555e+00
9.881560802459716797e-01
-1.280147433280944824e+00
1.594710350036621094e-01
-2.860671043395996094e+00
-2.408543586730957031e+00
4.312757253646850586e-01
-9.891507625579833984e-01
-5.698599815368652344e-01
1.328834295272827148e-01
-1.946166753768920898e-01
-6.351590156555175781e-03
-4.834477901458740234e-01
-1.775472760200500488e-01
-3.749320507049560547e-01
-1.231078028678894043e+00
-1.851956844329833984e-01
-1.943845629692077637e+00
-2.926277637481689453e+00
5.277692079544067383e-01
-4.286199212074279785e-01
-2.809640645980834961e+00
4.328421354293823242e-01
4.837071895599365234e-02
-4.960643053054809570e-01
-1.743987679481506348e+00
3.931658267974853516e-01
-5.767875909805297852e-01
-2.100965023040771484e+00
-4.457116127014160156e-01
-1.299075722694396973e+00
4.675761461257934570e-01
-2.008086204528808594e+00
-6.897349953651428223e-01
-2.313754081726074219e+00
1.192124187946319580e-01
-1.329947948455810547e+00
4.098853468894958496e-01
-7.296996116638183594e-01
-4.479813575744628906e-02
4.586196541786193848e-01
3.999670743942260742e-01
-1.782455682754516602e+00
-3.071978092193603516e-01
-6.809449791908264160e-01
-7.449981570243835449e-01
-6.014933586120605469e-01
2.595150470733642578e-01
-4.679846763610839844e-01
-4.164821505546569824e-01
1.289322376251220703e-01
-1.665165424346923828e-01
-1.039997696876525879e+00
-2.313377857208251953e-01
8.207029104232788086e-02
-2.128438949584960938e-01
-1.793045163154602051e+00
5.646784305572509766e-01
5.954293012619018555e-01
2.791006565093994141e-01
-1.402539014816284180e-01
-1.278850078582763672e+00
4.548283815383911133e-01
6.414890289306640625e-02
8.968752622604370117e-01
-3.055630922317504883e-01
7.845389842987060547e-02
-1.780701875686645508e-01
1.622482538223266602e-01
-5.648880600929260254e-01
-5.224983692169189453e-01
8.265153169631958008e-01
6.069734096527099609e-01
1.227016210556030273e+00
4.345422983169555664e-01
-1.054053783416748047e+00
-6.865969896316528320e-01
-6.828097105026245117e-01
-1.998410701751708984e+00
-8.453414440155029297e-01
-1.547805190086364746e+00
8.547701835632324219e-01
-4.877645492553710938e+00
-2.592044353485107422e+00
-8.212441802024841309e-01
-2.020464897155761719e+00
-3.036509752273559570e+00
3.823583126068115234e-01
-8.936371803283691406e-01
2.046672701835632324e-01
2.654811143875122070e-01
-9.370127916336059570e-01
-6.695808172225952148e-01
-1.698306798934936523e+00
1.129903554916381836e+00
5.133742094039916992e-01
-6.582235097885131836e-01
-2.451798915863037109e+00
-2.612117052078247070e+00
-1.265084266662597656e+00
4.000599980354309082e-01
4.151132702827453613e-01
-1.785956382751464844e+00
-1.135238647460937500e+00
-1.163711547851562500e-01
-1.127802133560180664e+00
-5.022631883621215820e-01
-1.879648089408874512e+00
-5.956823825836181641e-01
-1.194485425949096680e+00
-8.548389077186584473e-01
3.481101989746093750e-02
-4.994404315948486328e-02
1.287472844123840332e-01
2.052733898162841797e-01
-1.741634488105773926e+00
-2.766186952590942383e+00
-2.173410415649414062e+00
-8.760347366333007812e-01
5.296165347099304199e-01
-4.180575609207153320e-01
-1.903592586517333984e+00
-8.061393499374389648e-01
-1.180370688438415527e+00
-2.080837249755859375e+00
-3.749564886093139648e-01
-1.878162622451782227e-01
-8.937646150588989258e-01
1.742259502410888672e+00
-4.548938274383544922e-01
-5.702567100524902344e-01
-6.719448566436767578e-01
-9.340555667877197266e-01
-9.549973011016845703e-01
2.287191629409790039e+00
-4.392365813255310059e-01
-4.296938180923461914e-01
-1.195307254791259766e+00
2.639144659042358398e-01
1.958544254302978516e-01
-2.883517742156982422e-02
-9.676280021667480469e-01
6.708872318267822266e-02
-8.559548854827880859e-02
1.030969619750976562e-02
-1.896161556243896484e+00
-1.298441767692565918e+00
-2.968943119049072266e-01
-7.693819999694824219e-01
4.093085527420043945e-01
-3.749024868011474609e-01
-7.101558446884155273e-01
-5.273326635360717773e-01
3.568696975708007812e-02
-3.548485636711120605e-01
4.750962257385253906e-01
-1.418155193328857422e+00
9.749373793601989746e-01
-3.075297355651855469e+00
-1.921700835227966309e-01
-3.427975177764892578e+00
-6.772506237030029297e-01
1.976003646850585938e-01
-2.809444665908813477e-01
-1.509861230850219727e+00
-7.246024608612060547e-01
1.673628091812133789e-01
2.029225826263427734e-01
8.771584033966064453e-01
-1.121091842651367188e-01
-2.578290939331054688e+00
-1.991639971733093262e+00
-4.606902599334716797e-01
-3.436287641525268555e-01
-7.291458845138549805e-01
2.321631908416748047e-01
-3.822751045227050781e-01
5.601391792297363281e-01
7.370244264602661133e-01
-1.005620956420898438e+00
-2.897759675979614258e-01
-1.183927655220031738e+00
8.096351623535156250e-01
-2.238755226135253906e-01
-7.137107849121093750e-02
-2.330055832862854004e-01
1.301950216293334961e+00
5.211710929870605469e-03
2.293444871902465820e-01
5.046363472938537598e-01
1.910030841827392578e-01
-1.998594999313354492e-01
-2.421731352806091309e-01
-7.968004941940307617e-01
-6.456778645515441895e-01
-8.950810432434082031e-01
-3.177980184555053711e-01
9.587478637695312500e-01
-2.231953859329223633e+00
-3.244254589080810547e+00
5.771678686141967773e-01
9.753704071044921875e-04
9.063188433647155762e-01
-6.406341791152954102e-01
-1.920833706855773926e+00
-2.056783914566040039e+00
-5.092115402221679688e-01
-1.168546438217163086e+00
-1.212331652641296387e+00
2.554512023925781250e-02
-1.324357986450195312e+00
2.500427961349487305e-01
-1.144659042358398438e+00
-1.812825918197631836e+00
-1.160302281379699707e+00
-1.021809339523315430e+00
-4.302206039428710938e-01
-4.769930839538574219e-01
2.544399261474609375e+00
-1.254435539245605469e+00
2.210017442703247070e-01
5.372927188873291016e-01
-7.425014972686767578e-01
3.175377845764160156e-01
8.373129367828369141e-01
-6.082088947296142578e-01
1.333881497383117676e+00
-2.265475511550903320e+00
3.426649570465087891e-01
-6.950873136520385742e-01
7.887804508209228516e-02
-7.174714207649230957e-01
-9.492397308349609375e-02
3.767704963684082031e-02
-4.768531322479248047e-01
-1.154844760894775391e-01
-1.593243122100830078e+00
3.124570846557617188e-01
-3.074284076690673828e+00
-1.921015381813049316e+00
3.050440549850463867e-01
-1.648807525634765625e-01
8.278475999832153320e-01
4.282702207565307617e-01
5.120308399200439453e-01
-2.505953311920166016e+00
7.761200666427612305e-01
-8.785505294799804688e-01
-4.018602371215820312e+00
-4.590694904327392578e-01
-5.850465297698974609e-01
-2.554827213287353516e+00
4.878575801849365234e-01
-1.107907056808471680e+00
-4.845793843269348145e-01
-1.795580387115478516e-01
-9.098395705223083496e-01
-5.400372743606567383e-01
-2.398663759231567383e-02
7.018491029739379883e-01
1.044969081878662109e+00
-4.178856611251831055e-01
-1.222145915031433105e+00
-6.432083845138549805e-01
1.641120910644531250e-01
-1.700649738311767578e+00
-1.632673442363739014e-01
-1.142068147659301758e+00
-1.315790653228759766e+00
4.452592134475708008e-01
2.265317440032958984e-01
4.112644791603088379e-01
-1.548781394958496094e+00
-1.920182228088378906e+00
-5.138715505599975586e-01
1.584319949150085449e+00
1.799800395965576172e-01
-1.556248188018798828e+00
3.291453123092651367e-01
3.621576428413391113e-01
-4.316825866699218750e-01
7.745780348777770996e-01
-1.017617821693420410e+00
-3.493309020996093750e-03
2.128221094608306885e-02
5.049769878387451172e-01
5.014768838882446289e-01
-7.820971012115478516e-01
-6.783238649368286133e-01
-8.811554908752441406e-01
-7.529456615447998047e-01
-3.308846950531005859e-01
1.871433258056640625e-01
6.051457524299621582e-01
-1.674158573150634766e+00
-3.311490058898925781e+00
-6.985458135604858398e-01
3.993511199951171875e-01
-1.326879262924194336e-01
-5.862379074096679688e-01
-3.231223225593566895e-01
-3.755756914615631104e-01
-8.424198627471923828e-02
-1.242473125457763672e-01
1.309971809387207031e-01
-6.206870079040527344e-01
-1.320362091064453125e-02
-8.339108228683471680e-01
9.077256321907043457e-01
-1.379032135009765625e-01
-1.287544250488281250e+00
1.105557918548583984e+00
-1.705609560012817383e+00
-1.021285295486450195e+00
-6.525437831878662109e-01
-2.152001857757568359e-02
-2.898765563964843750e+00
-3.388624191284179688e-01
-3.010616779327392578e+00
-1.380950570106506348e+00
-8.765447139739990234e-01
5.214397907257080078e-01
-3.003114938735961914e+00
9.502977132797241211e-03
-1.704242229461669922e-01
-2.486144900321960449e-01
1.377310752868652344e-01
-2.435915470123291016e-01
-1.183463454246520996e+00
3.770668804645538330e-01
2.991372346878051758e-02
-4.115191698074340820e-01
7.818246483802795410e-01
3.934810161590576172e-01
-1.506703615188598633e+00
-9.741570353507995605e-01
-1.567187309265136719e-01
-7.637750506401062012e-01
8.896415829658508301e-01
-3.656244277954101562e-02
6.882566213607788086e-01
-1.617380142211914062e+00
-6.332266330718994141e-02
4.142729043960571289e-01
-2.879762351512908936e-01
-1.587089300155639648e+00
-1.872772932052612305e+00
-1.867479085922241211e-01
1.237354278564453125e-01
-2.434521913528442383e-01
-1.064104080200195312e+00
-6.949744820594787598e-01
7.325862050056457520e-01
-6.792603731155395508e-01
-1.382110953330993652e+00
-1.344674110412597656e+00
-6.695931553840637207e-01
-1.141757369041442871e+00
-2.812970876693725586e-01
8.725011348724365234e-02
7.744310498237609863e-01
-1.230732560157775879e+00
-1.327166438102722168e+00
8.455747365951538086e-01
2.956349849700927734e-01
2.783144712448120117e-01
-9.232828617095947266e-01
-1.185473680496215820e+00
-1.320142149925231934e+00
-1.705135345458984375e+00
2.611981868743896484e+00
-4.935863614082336426e-01
8.109492063522338867e-01
-9.401459693908691406e-01
-9.127652645111083984e-02
-1.497707247734069824e+00
-1.810424327850341797e-01
-1.075324535369873047e+00
1.791899204254150391e-01
-3.728559315204620361e-01
2.062626481056213379e-01
-5.266170501708984375e-01
-1.716327667236328125e-01
-2.404440641403198242e+00
2.303719520568847656e-01
-9.179115295410156250e-05
-4.893921613693237305e-01
-6.143074631690979004e-01
2.832566499710083008e-01
9.241189360618591309e-01
-1.729963898658752441e+00
-7.029969692230224609e-01
-4.451191425323486328e-01
-9.008346796035766602e-01
1.085180401802062988e+00
-6.317431926727294922e-01
-7.997050285339355469e-01
5.664386749267578125e-01
-9.516720771789550781e-01
1.065158843994140625e-02
9.915636777877807617e-01
7.397813796997070312e-01
-3.495277166366577148e-01
6.826943159103393555e-01
-1.363544464111328125e+00
7.844831347465515137e-01
1.029655098915100098e+00
-7.349534034729003906e-01
2.562999725341796875e-04
4.740337729454040527e-01
-1.211579799652099609e+00
-1.361504077911376953e+00
1.084531426429748535e+00
-3.603509068489074707e-01
1.040292263031005859e+00
-9.017187356948852539e-01
-2.015052437782287598e-01
-2.788665294647216797e-01
-6.099843978881835938e-01
1.133181452751159668e-01
-3.844205141067504883e-01
-5.210635662078857422e-01
-1.219334602355957031e-01
4.971744418144226074e-01
-4.557497501373291016e-01
1.979410648345947266e-01
4.616183340549468994e-01
2.116422653198242188e-01
-1.613717555999755859e+00
2.239846706390380859e+00
-1.944327950477600098e+00
1.485334992408752441e+00
-1.616107225418090820e-01
-9.466118812561035156e-01
6.184693574905395508e-01
-4.216920137405395508e-01
-1.419184923171997070e+00
-2.637075185775756836e-01
-1.317184567451477051e+00
-8.590037822723388672e-01
-1.046301364898681641e+00
-1.023555517196655273e+00
-8.493903279304504395e-01
-6.048862934112548828e-01
-1.328420042991638184e+00
-1.639789581298828125e+00
-8.752743005752563477e-01
2.285814285278320312e-02
1.203156113624572754e+00
2.439785003662109375e-02
-2.892381548881530762e-01
-1.059877991676330566e+00
-4.213798046112060547e-01
-1.371647834777832031e+00
-7.710456848144531250e-02
-7.482721805572509766e-01
-2.652493715286254883e-01
-5.243233442306518555e-01
2.366101145744323730e-01
-1.889252662658691406e-02
-5.458197593688964844e-01
-1.281404495239257812e+00
-1.687910914421081543e+00
-6.565873622894287109e-01
4.309103488922119141e-01
3.232985734939575195e-01
4.381891191005706787e-01
-9.160065650939941406e-01
9.138304591178894043e-01
-4.054307937622070312e-02
8.568680286407470703e-02
5.042761564254760742e-01
-1.951532363891601562e+00
-4.392249584197998047e-01
-2.133126735687255859e+00
3.091108798980712891e-02
4.529913663864135742e-01
1.182524800300598145e+00
-2.262147665023803711e-01
-1.194591522216796875e+00
-6.859259605407714844e-01
6.035354137420654297e-01
1.540156722068786621e+00
-4.118927001953125000e+00
-1.569164752960205078e+00
-2.097111225128173828e+00
-1.632266044616699219e-01
-4.742345809936523438e-01
1.088969707489013672e-01
-1.222516775131225586e+00
-1.557745575904846191e+00
-8.975973129272460938e-01
-1.380722522735595703e-01
1.504593014717102051e+00
1.398471593856811523e-01
-2.899291515350341797e+00
1.823008418083190918e+00
-9.516708850860595703e-01
-1.420777797698974609e+00
-1.526078462600708008e+00
-2.307093143463134766e-01
-1.427361726760864258e+00
-3.252069950103759766e-01
-1.178480029106140137e+00
-1.081059932708740234e+00
4.395221471786499023e-01
-4.627298712730407715e-01
-1.798391342163085938e-03
-1.586220264434814453e+00
3.651903867721557617e-01
9.281280040740966797e-01
-1.275722742080688477e+00
5.414512157440185547e-01
-1.745205163955688477e+00
5.352115631103515625e-01
-1.722473204135894775e-01
9.880667328834533691e-01
8.203706741333007812e-01
-1.356246232986450195e+00
-1.674438953399658203e+00
3.468155860900878906e-01
1.373900651931762695e+00
-2.006158113479614258e+00
8.835988044738769531e-01
-2.539286613464355469e+00
-4.313977956771850586e-01
4.686293601989746094e-01
-5.596497058868408203e-01
-2.783555984497070312e-01
8.111956715583801270e-01
1.135568022727966309e-01
1.071043014526367188e-01
-6.887936592102050781e-01
-4.115536212921142578e-01
2.171400785446166992e-01
-9.072499275207519531e-01
4.994318485260009766e-01
2.568075656890869141e-01
1.353061556816101074e+00
4.024565219879150391e-02
-1.035565137863159180e+00
-2.723827838897705078e+00
3.691577911376953125e-01
-7.496744990348815918e-01
7.944738864898681641e-01
-6.808030605316162109e-02
1.016544818878173828e+00
-7.229788303375244141e-01
5.752682685852050781e-03
5.058007240295410156e-01
-2.017409801483154297e-01
-1.288218021392822266e+00
4.614222645759582520e-01
-1.257851719856262207e+00
-2.271296977996826172e-01
1.916831374168395996e+00
-9.494238495826721191e-01
-4.320685863494873047e-01
1.112484931945800781e-01
5.959594249725341797e-02
-1.064609289169311523e+00
1.012861728668212891e-01
-4.918455481529235840e-01
9.174437522888183594e-01
-7.192162275314331055e-01
-8.506156206130981445e-01
-1.167314052581787109e-01
-1.619950532913208008e+00
-6.767413616180419922e-01
-1.386147856712341309e+00
4.377472400665283203e-01
-9.375648498535156250e-01
-1.229616403579711914e-01
-8.206220865249633789e-01
-2.325657844543457031e+00
-6.504863500595092773e-02
-7.947163581848144531e-01
-1.250898838043212891e-01
-5.573844909667968750e+00
-9.501019716262817383e-01
-8.452882766723632812e-01
-5.307372808456420898e-01
-6.878123283386230469e-01
-2.823691368103027344e-01
-2.139843463897705078e+00
-2.060439586639404297e-01
-5.280600786209106445e-01
2.644909620285034180e-01
-1.288994193077087402e+00
6.114652156829833984e-01
2.329049110412597656e-01
1.408874988555908203e-01
-1.365103006362915039e+00
8.483250141143798828e-01
-2.010146856307983398e+00
2.766428589820861816e-01
1.991845369338989258e-01
-2.066204309463500977e+00
8.136998414993286133e-01
-2.761914730072021484e-01
-6.171163916587829590e-01
-5.165901184082031250e-01
-5.309821367263793945e-01
-3.562728166580200195e-01
-7.216481566429138184e-01
7.416112422943115234e-01
-7.963766455650329590e-01
