2.278897762298583984e-01
1.321172714233398438e-02
-1.652657270431518555e+00
-1.933892965316772461e-01
-8.078622817993164062e-01
2.185217618942260742e+00
-7.155718803405761719e-01
-6.308017373085021973e-01
1.492178440093994141e-01
8.422465324401855469e-01
-5.129665136337280273e-02
3.871886968612670898e+00
-1.630969762802124023e+00
2.281596660614013672e-01
1.663592100143432617e+00
-6.385972499847412109e-01
2.278569936752319336e-01
-8.043742775917053223e-01
2.941322088241577148e+00
-2.148673534393310547e-01
7.826721668243408203e-02
-8.484125137329101562e-04
-4.850885868072509766e-01
4.794682979583740234e+00
-7.122905254364013672e-01
1.044229269027709961e-01
2.345962524414062500e-01
6.090805530548095703e-01
3.916744470596313477e+00
-2.924661636352539062e-01
5.000000000000000000e+00
2.679757833480834961e+00
9.886481761932373047e-01
5.534986257553100586e-01
-7.371237874031066895e-02
1.400360465049743652e+00
2.212216854095458984e-01
-1.659829616546630859e+00
4.205307006835937500e+00
-3.167877197265625000e-01
1.866702198982238770e+00
-3.233227133750915527e-01
3.989243507385253906e-02
-8.041940689086914062e+00
-1.660250306129455566e+00
2.369650363922119141e+00
1.233360290527343750e+00
-2.231022119522094727e-01
6.971512436866760254e-01
2.954669713973999023e+00
3.857764244079589844e+00
-2.892656326293945312e-01
2.834467649459838867e+00
-1.706465005874633789e+00
-1.822464227676391602e+00
-4.250590801239013672e-01
-5.903156995773315430e-01
4.127663373947143555e-01
-4.349007606506347656e-01
2.218949794769287109e+00
6.052464842796325684e-01
4.286820411682128906e+00
-4.297924041748046875e-02
2.909958362579345703e-02
-9.725832939147949219e-02
-6.259322166442871094e-01
-2.578049898147583008e-01
2.200366973876953125e+00
1.029359102249145508e+00
8.102450370788574219e-01
2.174294233322143555e+00
4.107949256896972656e+00
2.797192335128784180e-01
2.284605503082275391e-01
-6.313030719757080078e-01
6.518803238868713379e-01
-3.066939115524291992e-01
-5.636096000671386719e-03
-6.406427621841430664e-01
1.241423368453979492e+00
4.309173107147216797e+00
6.906632184982299805e-01
3.460988044738769531e+00
2.261524915695190430e+00
4.209285736083984375e+00
-1.278453111648559570e+00
1.556073427200317383e-01
8.417090177536010742e-01
-2.005679607391357422e-01
4.060856819152832031e+00
2.168404102325439453e+00
2.468887567520141602e+00
1.309963226318359375e+00
-2.938604354858398438e-02
-1.668962359428405762e+00
4.155549049377441406e+00
4.721261978149414062e+00
6.843668222427368164e-02
-9.417346715927124023e-01
5.442267656326293945e-01
1.044984698295593262e+00
1.236465573310852051e+00
4.823593139648437500e+00
-1.262009143829345703e-01
5.587571859359741211e-01
4.612661838531494141e+00
-4.778544902801513672e-01
-1.848982572555541992e-01
-7.756279706954956055e-01
1.057711839675903320e-01
-5.551588535308837891e-02
-6.717336177825927734e-02
-4.412009716033935547e-01
-3.945931792259216309e-01
-4.515244364738464355e-01
-7.603764533996582031e-03
-3.611822128295898438e+00
-2.177476882934570312e-02
2.851793766021728516e+00
1.455252170562744141e-01
9.443250894546508789e-01
1.406787633895874023e-01
-9.373185634613037109e-01
-3.706741809844970703e+00
-1.423846960067749023e+00
5.000000000000000000e+00
-1.437709331512451172e-01
1.996906757354736328e+00
-3.706483840942382812e-01
4.469842433929443359e+00
5.220541954040527344e-01
4.569999694824218750e+00
1.170555353164672852e+00
-6.189446449279785156e-01
7.303185462951660156e-01
-3.732919692993164062e-03
1.344556808471679688e+00
2.610323905944824219e+00
4.953418731689453125e+00
4.468336582183837891e+00
-5.582997798919677734e-01
-9.656026363372802734e-01
6.397902965545654297e-01
-2.611105203628540039e+00
-2.548407316207885742e-01
6.527192592620849609e-01
-1.198683857917785645e+00
4.258842468261718750e+00
1.342115402221679688e-01
1.056923031806945801e+00
-6.055102348327636719e-01
-2.551557421684265137e-01
5.000000000000000000e+00
-5.641179084777832031e-01
-2.461169958114624023e-01
1.500182151794433594e+00
-2.178521156311035156e-01
8.625864982604980469e-01
4.046269416809082031e+00
1.377860307693481445e+00
-2.801009416580200195e-01
-2.994089126586914062e-01
1.656756162643432617e+00
5.000000000000000000e+00
7.378342151641845703e-01
6.621879339218139648e-01
3.395075798034667969e+00
4.512567520141601562e+00
1.540118813514709473e+00
4.903299331665039062e+00
1.122134923934936523e-01
-1.391565322875976562e+00
-2.638963460922241211e-01
3.095250368118286133e+00
6.054844856262207031e-01
5.000000000000000000e+00
1.394544243812561035e-01
-1.745510101318359375e-02
-4.769988059997558594e-01
-3.010814189910888672e-01
-6.267310380935668945e-01
3.509744405746459961e-01
-1.190505743026733398e+00
9.654231071472167969e-01
-1.304239988327026367e+00
2.542242288589477539e+00
4.826984882354736328e+00
5.000000000000000000e+00
-2.882153987884521484e-01
-2.169175148010253906e+00
3.375663161277770996e-01
-2.550971508026123047e-02
4.620090961456298828e+00
1.404670238494873047e+00
3.441756725311279297e+00
5.000000000000000000e+00
1.163636445999145508e+00
-1.441706418991088867e-01
4.144461750984191895e-01
1.494596362113952637e+00
1.013361215591430664e-01
6.084519624710083008e-01
2.034095287322998047e+00
3.028416633605957031e-02
4.643461227416992188e+00
5.081837177276611328e-01
-8.394393920898437500e-01
-1.132482528686523438e+00
7.036334276199340820e-01
8.452352285385131836e-01
-1.307091951370239258e+00
7.738176584243774414e-01
4.783953189849853516e+00
3.914377093315124512e-01
-9.614384174346923828e-02
1.315349340438842773e-01
-2.255256175994873047e+00
-9.169394969940185547e-01
8.672261834144592285e-01
5.911056399345397949e-01
1.952389955520629883e+00
2.870404243469238281e+00
4.316749572753906250e+00
-2.113175392150878906e-02
2.351825833320617676e-01
1.602032482624053955e-01
2.678757905960083008e-01
2.015002012252807617e+00
4.351381778717041016e+00
-4.436514973640441895e-01
2.567516565322875977e-01
-9.408655166625976562e-01
-7.662338018417358398e-01
1.113944053649902344e-01
-8.882336616516113281e-01
-4.567445516586303711e-01
5.000000000000000000e+00
-1.571955084800720215e+00
6.765632033348083496e-01
2.699792146682739258e+00
1.953638076782226562e+00
-5.594161748886108398e-01
1.665471076965332031e+00
1.085255861282348633e+00
-1.599691152572631836e+00
-1.904034614562988281e-01
2.981812238693237305e+00
-2.120444774627685547e-01
-2.694296836853027344e-01
-1.727094769477844238e+00
-1.967063248157501221e-01
4.198305130004882812e+00
-3.410827517509460449e-01
4.266543388366699219e+00
4.267612695693969727e-01
5.000000000000000000e+00
-6.050622463226318359e-02
2.383757352828979492e+00
-8.697597384452819824e-01
3.466870307922363281e+00
1.174135208129882812e+00
-5.644290447235107422e-01
1.237723231315612793e-01
2.164369821548461914e-01
4.574135780334472656e+00
8.666610717773437500e-02
4.769121170043945312e+00
3.534044027328491211e+00
2.185333251953125000e+00
1.065785646438598633e+00
-4.021664857864379883e-01
1.750448346138000488e-01
3.397715091705322266e-02
1.203505516052246094e+00
1.183323502540588379e+00
1.691392421722412109e+00
-5.556683540344238281e-01
2.678708553314208984e+00
-2.590391635894775391e-01
2.682127356529235840e-01
-1.561679005622863770e+00
1.171034216880798340e+00
1.861900091171264648e-01
2.529823184013366699e-01
-9.587788581848144531e-02
1.346091985702514648e+00
-9.614229202270507812e-03
1.755149602890014648e+00
-3.646373748779296875e-01
5.000000000000000000e+00
-5.223257541656494141e-01
-3.577146530151367188e-01
-1.153019666671752930e+00
2.423459768295288086e+00
8.551940321922302246e-01
3.844902515411376953e+00
2.833533287048339844e-01
2.056854486465454102e+00
5.166906714439392090e-01
-5.997505187988281250e-01
3.756001234054565430e+00
6.264194846153259277e-01
-6.732116937637329102e-01
-3.562138080596923828e-01
-2.756418585777282715e-01
1.061712741851806641e+00
7.936835289001464844e-02
-1.406581401824951172e-01
-3.891183137893676758e-01
2.911241769790649414e+00
4.789416313171386719e+00
-5.746377706527709961e-01
5.000000000000000000e+00
2.065134763717651367e+00
-4.659400463104248047e+00
4.493392944335937500e+00
-3.981068134307861328e-01
1.368449926376342773e-01
-1.981942802667617798e-01
-1.079885363578796387e-01
-2.022916555404663086e+00
2.889065265655517578e+00
-1.647371292114257812e+00
2.024156332015991211e+00
4.139007568359375000e+00
1.753486871719360352e+00
-1.013474345207214355e+00
-2.144563436508178711e+00
-6.864426732063293457e-01
-1.638590544462203979e-01
2.092102527618408203e+00
4.954718589782714844e+00
6.443456411361694336e-01
-9.977889657020568848e-01
8.090258836746215820e-01
3.295481204986572266e-01
-3.221669197082519531e-01
-3.137362003326416016e-01
-9.462349414825439453e-01
1.281806826591491699e+00
4.844817161560058594e+00
4.626735448837280273e-01
1.341014742851257324e+00
1.770914793014526367e+00
1.321200370788574219e+00
4.717357635498046875e+00
2.221968412399291992e+00
1.289521574974060059e+00
7.674843072891235352e-02
1.653298377990722656e+00
8.451305627822875977e-01
1.528053283691406250e+00
5.135478973388671875e-01
-1.362697601318359375e+00
-8.022209405899047852e-01
-7.086205482482910156e-02
-6.993591785430908203e-01
-6.686872243881225586e-01
1.605013728141784668e+00
-8.896940946578979492e-01
-6.720360517501831055e-01
-8.374920487403869629e-02
-1.802837252616882324e-01
-5.068672180175781250e+00
5.334467291831970215e-01
1.306448101997375488e+00
-3.814413547515869141e-01
8.188822269439697266e-01
6.288679838180541992e-01
5.439555644989013672e-01
1.026250123977661133e+00
2.141863346099853516e+00
5.000000000000000000e+00
3.263348340988159180e-01
1.628143787384033203e-01
5.515480041503906250e-01
-4.633433222770690918e-01
-2.013611793518066406e-02
-1.569497942924499512e+00
5.062726736068725586e-01
5.000000000000000000e+00
4.498154520988464355e-01
4.173697948455810547e+00
7.820746302604675293e-01
2.365520000457763672e+00
-7.294887304306030273e-01
3.836961388587951660e-01
4.213241100311279297e+00
-8.907285332679748535e-02
-1.069283485412597656e+00
3.565883636474609375e-01
-4.102866649627685547e-01
3.265628814697265625e-01
7.823593616485595703e-01
1.139675378799438477e+00
-6.063150167465209961e-01
6.628626585006713867e-01
1.311039805412292480e+00
3.597458600997924805e-01
-9.777271747589111328e-02
5.968723297119140625e-01
2.454049587249755859e+00
3.652650117874145508e+00
2.442944049835205078e+00
2.656967043876647949e-01
-3.939908742904663086e-02
5.903951525688171387e-01
1.583927869796752930e-01
3.516299247741699219e+00
2.330970764160156250e-01
-7.451786994934082031e-01
5.188809633255004883e-01
-5.929222106933593750e-01
1.833422183990478516e-01
1.461879372596740723e+00
-1.017814159393310547e+00
-1.833849102258682251e-01
1.674373626708984375e+00
-6.260472536087036133e-01
-6.091091036796569824e-01
-3.873996734619140625e-01
1.530839443206787109e+00
4.180405139923095703e-01
-1.146853804588317871e+00
2.761380672454833984e-01
8.249225616455078125e-01
3.382540702819824219e+00
-1.751434803009033203e-02
7.431042194366455078e-02
4.996671676635742188e-01
-8.891834020614624023e-01
4.742962360382080078e+00
1.741698980331420898e-01
1.845338940620422363e-01
4.647668838500976562e+00
9.801619052886962891e-01
2.479437828063964844e+00
8.495402336120605469e-01
1.878509521484375000e-01
-3.418027162551879883e+00
-7.864022254943847656e-02
2.518355846405029297e-01
4.815503597259521484e+00
-2.701033592224121094e+00
-2.098081111907958984e+00
1.771557807922363281e+00
4.880608081817626953e+00
8.941068649291992188e-01
-1.288479328155517578e+00
-8.138676881790161133e-01
8.577218055725097656e-01
1.235141754150390625e+00
5.491936206817626953e-01
5.000000000000000000e+00
-7.901004552841186523e-01
4.259843826293945312e+00
9.540724754333496094e-02
1.444209218025207520e+00
-3.697024583816528320e-01
1.966624021530151367e+00
1.573700189590454102e+00
4.448867797851562500e+00
-9.078539609909057617e-01
-2.783632278442382812e-02
-9.472424983978271484e-01
3.132233619689941406e-01
6.083822250366210938e-02
1.731471121311187744e-01
9.119904637336730957e-01
9.936887025833129883e-02
4.972231388092041016e-02
4.595871925354003906e+00
3.321107625961303711e-01
-2.350522041320800781e+00
-1.618034243583679199e-01
-2.727854251861572266e-02
2.857127904891967773e+00
1.803456842899322510e-01
2.241028785705566406e+00
3.319170475006103516e-01
4.205513954162597656e+00
-8.268165588378906250e-01
6.258447170257568359e-01
-1.008680224418640137e+00
5.529148578643798828e-01
5.000000000000000000e+00
3.890659809112548828e-01
7.157570123672485352e-01
3.804671525955200195e+00
-1.279087424278259277e+00
1.854762732982635498e-01
4.187839508056640625e+00
1.497247219085693359e-01
-7.250308990478515625e-04
1.154103159904479980e+00
5.000000000000000000e+00
-5.432527661323547363e-01
1.795264482498168945e-01
-4.904842376708984375e-01
4.507044792175292969e+00
3.607808351516723633e-01
8.705040216445922852e-01
1.679025053977966309e+00
5.000000000000000000e+00
2.218681812286376953e+00
7.263123989105224609e-01
-1.144788622856140137e+00
-1.092386007308959961e+00
1.800243616104125977e+00
-1.280131340026855469e-01
-6.446025967597961426e-01
3.972819328308105469e+00
3.866944313049316406e-01
-4.737785458564758301e-01
8.709800243377685547e-01
-1.346150994300842285e+00
-2.300345897674560547e+00
5.000000000000000000e+00
5.644580125808715820e-01
-1.737270236015319824e+00
-9.488880634307861328e-02
6.260955333709716797e-01
5.000000000000000000e+00
-9.248020172119140625e+00
-1.275680422782897949e+00
-1.281630992889404297e-02
5.000000000000000000e+00
2.275236129760742188e+00
9.476079344749450684e-01
2.540065348148345947e-02
-1.635255098342895508e+00
5.000000000000000000e+00
1.873965024948120117e+00
3.782383203506469727e-01
-8.330333232879638672e-01
1.246010303497314453e+00
5.523071289062500000e-01
-6.746968030929565430e-01
-3.745931386947631836e-02
-7.069325447082519531e-02
1.093510985374450684e-01
3.962176799774169922e+00
-6.145325899124145508e-01
4.422938823699951172e+00
6.178539991378784180e-02
1.294437050819396973e+00
-6.225191354751586914e-01
1.901992082595825195e+00
1.468807458877563477e+00
-5.882248282432556152e-01
-2.304122447967529297e-01
-6.251463890075683594e-01
-1.116191387176513672e+00
1.638255834579467773e+00
-5.651211142539978027e-01
-1.298845052719116211e+00
2.797861099243164062e-01
3.334797620773315430e-01
1.846244096755981445e+00
-5.186626911163330078e-01
2.315700054168701172e-02
9.504265189170837402e-01
1.367497920989990234e+00
1.438128948211669922e+00
-1.429154872894287109e+00
4.573071479797363281e+00
-3.097041845321655273e-01
6.387232542037963867e-01
1.361708641052246094e-01
-2.942487001419067383e-01
-6.401660442352294922e-01
7.277580499649047852e-01
5.000000000000000000e+00
1.915335655212402344e-01
6.741661429405212402e-01
-3.363335132598876953e-01
4.072833061218261719e-02
1.103742122650146484e-01
1.893978476524353027e+00
-6.600052714347839355e-01
1.081606268882751465e+00
-1.035265922546386719e+00
-1.553528070449829102e+00
6.838383078575134277e-01
-1.073459982872009277e-01
1.679175198078155518e-01
2.743497490882873535e-01
1.411698698997497559e+00
-4.630255699157714844e-01
-5.241217613220214844e-01
-3.732776641845703125e-01
-1.428079128265380859e+00
-6.029804944992065430e-01
7.233686447143554688e-01
2.771259546279907227e-01
-4.521489143371582031e-03
2.170235633850097656e+00
7.345452308654785156e-01
-1.239525437355041504e+00
6.791293025016784668e-01
4.275730609893798828e+00
5.533204674720764160e-01
-3.644576549530029297e+00
1.670636892318725586e+00
-1.847624778747558594e-02
1.203716397285461426e-01
2.120826721191406250e+00
-1.381958127021789551e-01
1.661770343780517578e+00
2.888950705528259277e-01
-1.896476745605468750e-02
2.337320089340209961e+00
2.033867835998535156e+00
1.929394602775573730e+00
2.237574577331542969e+00
7.154947519302368164e-01
1.515767097473144531e+00
2.626426696777343750e+00
-4.130262136459350586e-01
-1.171512603759765625e+00
1.482746243476867676e+00
-3.218914985656738281e+00
1.888018965721130371e+00
-5.177397727966308594e-01
9.321942329406738281e-01
1.023832440376281738e+00
4.300761222839355469e-02
5.000000000000000000e+00
-2.245768785476684570e+00
-9.367299079895019531e-02
4.201258420944213867e-01
9.239443540573120117e-01
-9.827796220779418945e-01
1.671825885772705078e+00
1.008088707923889160e+00
-9.085922241210937500e-01
1.598679542541503906e+00
-6.669981479644775391e-01
-2.093071341514587402e-01
-1.312634110450744629e+00
-4.977381229400634766e-01
6.099634170532226562e-01
4.982239007949829102e-02
-1.320970058441162109e-02
4.368934035301208496e-01
-6.749818325042724609e-01
-6.072000265121459961e-01
5.000000000000000000e+00
6.266170740127563477e-01
-2.647471427917480469e-01
-6.190890073776245117e-01
-1.752251982688903809e-01
-2.974762916564941406e-01
4.057471752166748047e-01
3.169462084770202637e-01
4.103493690490722656e+00
1.499041914939880371e-02
-6.019855737686157227e-01
2.262150526046752930e+00
4.256013631820678711e-01
-1.180091798305511475e-01
1.639616489410400391e+00
1.627705097198486328e+00
1.325403571128845215e+00
-3.156105279922485352e-01
-1.354660987854003906e-01
1.920798897743225098e+00
1.103930234909057617e+00
1.594570517539978027e+00
-6.126153469085693359e-01
1.086287021636962891e+00
-1.175079226493835449e+00
-1.626137137413024902e+00
5.000000000000000000e+00
1.055040001869201660e+00
-9.624961614608764648e-01
-7.799468040466308594e-01
-1.197428107261657715e+00
4.666524529457092285e-01
5.000000000000000000e+00
9.745482802391052246e-01
-1.606742262840270996e+00
-9.238660335540771484e-02
3.594332695007324219e+00
-4.103565216064453125e-02
3.245501995086669922e+00
1.588921785354614258e+00
2.898298025131225586e+00
4.433280229568481445e-01
-7.317829132080078125e-01
-2.545548915863037109e+00
-5.991017818450927734e-02
9.702285528182983398e-01
-3.739619255065917969e-02
-7.625102400779724121e-01
-4.345047473907470703e-01
3.852678298950195312e+00
7.828326225280761719e-01
2.658006429672241211e+00
-9.917985200881958008e-01
3.964825391769409180e+00
-2.307881712913513184e-01
-6.837997436523437500e-01
1.027877330780029297e-01
-1.338691592216491699e+00
-3.686523437500000000e-02
-1.161038994789123535e+00
-7.206114530563354492e-01
5.153066515922546387e-01
-3.709957599639892578e-01
6.615144014358520508e-01
1.818886518478393555e+00
6.598560810089111328e-01
-6.613516807556152344e-01
-3.118362426757812500e-01
6.938353180885314941e-01
7.398078441619873047e-01
2.498303413391113281e+00
7.833831310272216797e-01
-6.055848002433776855e-01
1.229120016098022461e+00
1.557714462280273438e+00
6.929185390472412109e-01
1.019074201583862305e+00
4.095913887023925781e+00
-1.542473316192626953e+00
3.474084377288818359e+00
1.268102377653121948e-01
3.550471782684326172e+00
2.641375064849853516e-01
1.555380344390869141e+00
1.287573277950286865e-01
-3.343021869659423828e-02
2.385765910148620605e-01
-9.150947332382202148e-01
4.807621002197265625e+00
-3.495708703994750977e-01
3.331313729286193848e-01
1.173181891441345215e+00
4.848181724548339844e+00
3.794085979461669922e-01
-7.113158702850341797e-01
-7.382392883300781250e-03
3.247213602066040039e+00
6.441054344177246094e-01
-4.386795163154602051e-01
-1.272308826446533203e-02
-7.284679412841796875e-01
-2.797198057174682617e+00
9.732927083969116211e-01
2.309564948081970215e-01
-4.012975692749023438e-01
2.506728172302246094e-01
2.655168294906616211e+00
3.636724948883056641e-01
7.017827630043029785e-01
2.438892602920532227e+00
-4.046022891998291016e-01
2.573466300964355469e-01
2.897998809814453125e+00
-1.800687432289123535e+00
4.871366500854492188e+00
6.180608272552490234e-01
2.673741340637207031e+00
-3.677546977996826172e-01
-2.277484178543090820e+00
3.951648712158203125e+00
1.222783684730529785e+00
1.140068173408508301e-01
2.313973903656005859e+00
-1.234441995620727539e-01
5.300701856613159180e-01
3.273173809051513672e+00
-1.425572752952575684e+00
-7.167065143585205078e-02
-2.903746366500854492e+00
1.331667900085449219e-01
2.573006153106689453e+00
9.666836261749267578e-02
1.624608993530273438e+00
-8.379743099212646484e-01
1.748832464218139648e-01
5.000000000000000000e+00
4.611308574676513672e+00
7.556399106979370117e-01
4.618864059448242188e+00
-2.795950174331665039e-01
1.703521013259887695e-01
-5.763506889343261719e-02
-2.143179416656494141e+00
5.000000000000000000e+00
-7.001887559890747070e-01
8.186048269271850586e-01
-3.489537835121154785e-01
4.557649791240692139e-02
1.116281032562255859e+00
1.733130216598510742e-01
1.136534929275512695e+00
-2.739534378051757812e-01
-1.567311644554138184e+00
9.459221363067626953e-02
1.715233087539672852e+00
4.634540557861328125e+00
4.293680191040039062e-02
1.923515796661376953e-01
-1.019315123558044434e-01
-8.944499492645263672e-02
1.146879315376281738e+00
2.598401546478271484e+00
7.886931300163269043e-01
-1.862227559089660645e+00
1.820033550262451172e+00
3.443563938140869141e+00
-1.246189236640930176e+00
1.931015253067016602e-01
5.173854827880859375e-01
-4.737071990966796875e-01
-3.810521364212036133e-01
-1.856723904609680176e+00
2.332242131233215332e-01
4.759537696838378906e+00
3.738290667533874512e-01
-4.944728016853332520e-01
6.053256988525390625e-02
-7.587420940399169922e-01
-5.631033778190612793e-01
-1.069812774658203125e-01
4.506659030914306641e+00
-7.325552701950073242e-01
5.000000000000000000e+00
-4.326851963996887207e-01
-1.049941301345825195e+00
5.000000000000000000e+00
-7.070539593696594238e-01
-1.320881843566894531e-01
5.000000000000000000e+00
4.548687934875488281e+00
5.000000000000000000e+00
-3.548463582992553711e-01
8.056138753890991211e-01
-5.916132926940917969e-01
4.152748107910156250e+00
4.160704612731933594e+00
1.603894352912902832e+00
-2.007926702499389648e+00
1.457330942153930664e+00
4.199963569641113281e+00
-1.994664669036865234e-01
-6.482313871383666992e-01
3.243970870971679688e-01
5.927598476409912109e-02
-4.032908678054809570e-01
3.520493507385253906e-01
1.127605915069580078e+00
4.471783638000488281e+00
-1.012110829353332520e+00
-4.923658370971679688e-01
9.017008543014526367e-01
-2.695974111557006836e-01
1.904137730598449707e+00
-5.285117626190185547e-01
6.737720370292663574e-01
4.301058769226074219e+00
2.879606485366821289e+00
-9.311532378196716309e-01
2.332882881164550781e+00
3.368100523948669434e-01
5.000000000000000000e+00
1.334081888198852539e-01
3.928933143615722656e+00
4.864443540573120117e-01
-3.110316991806030273e-01
-1.857995986938476562e-03
6.711387038230895996e-01
4.140575408935546875e+00
4.593126296997070312e+00
5.741858482360839844e-02
4.180941581726074219e-01
9.187572002410888672e-01
3.419490814208984375e+00
3.250838518142700195e-01
5.000000000000000000e+00
2.937403917312622070e-01
-4.131224155426025391e-01
1.139275550842285156e+00
3.051980733871459961e-01
6.599951386451721191e-01
-1.550473570823669434e+00
-1.207839846611022949e-01
3.080379962921142578e-01
7.476989030838012695e-01
4.543015003204345703e+00
-1.495077729225158691e+00
4.865633487701416016e+00
1.896676421165466309e+00
2.070951461791992188e-02
1.161471009254455566e-01
2.822148323059082031e+00
1.061021804809570312e+00
-1.835376024246215820e-01
2.676094055175781250e+00
4.610300064086914062e-02
-1.266671419143676758e-01
1.612498283386230469e+00
1.245866417884826660e+00
-1.638076305389404297e-01
1.507263541221618652e+00
-3.771476745605468750e-01
5.000000000000000000e+00
-4.241527318954467773e-01
