-1.802941441535949707e+00
4.783535957336425781e+00
1.779347777366638184e+00
-1.607792973518371582e-01
-5.491934418678283691e-01
1.644532084465026855e-01
1.293551921844482422e-02
1.560685873031616211e+00
-5.540370941162109375e-01
9.225820302963256836e-01
-4.068219661712646484e-02
4.466999769210815430e-01
-9.109803438186645508e-01
9.903085231781005859e-02
-6.023614406585693359e-01
3.259069919586181641e-01
-1.910616159439086914e-01
4.695098876953125000e+00
-7.515677809715270996e-01
4.383231163024902344e+00
5.608534812927246094e-02
1.190707683563232422e-01
1.046693801879882812e+00
1.602043628692626953e+00
6.673884391784667969e-01
2.578210353851318359e+00
3.692204475402832031e+00
3.963456630706787109e+00
-7.759838104248046875e-01
7.467774748802185059e-01
-4.404977560043334961e-01
2.003540992736816406e-01
1.145068168640136719e+00
1.109813809394836426e+00
1.427358627319335938e+00
1.799923300743103027e+00
-2.318259716033935547e+00
4.584351539611816406e+00
1.518289446830749512e-01
2.881532907485961914e-01
4.149007320404052734e+00
4.917188167572021484e+00
4.620784282684326172e+00
-2.197199583053588867e+00
-2.167348861694335938e-01
1.607727408409118652e-01
-1.599108338356018066e+00
8.129674792289733887e-01
-1.321880578994750977e+00
-1.933698654174804688e-01
2.121033668518066406e+00
-4.462685585021972656e-01
2.405987739562988281e+00
-6.850094795227050781e-01
6.520986557006835938e-02
1.488778591156005859e-01
2.777166604995727539e+00
-3.948015868663787842e-01
-9.891996383666992188e-01
3.922953128814697266e+00
-2.179207801818847656e-01
-1.607466936111450195e-01
1.874927878379821777e-01
8.968548774719238281e-01
-1.536677956581115723e+00
2.021758079528808594e+00
2.095014810562133789e+00
1.421467781066894531e+00
8.422985076904296875e-01
1.477293491363525391e+00
-4.678748250007629395e-01
-6.396493911743164062e-01
3.040764033794403076e-01
7.651758193969726562e-02
3.968019485473632812e+00
3.418598175048828125e-01
1.920394897460937500e-01
-1.650465965270996094e+00
-1.860761165618896484e+00
-1.251778244972229004e+00
5.000000000000000000e+00
2.972848892211914062e+00
1.382728815078735352e-01
-4.270451068878173828e-01
-1.172585487365722656e-01
6.478823423385620117e-01
2.598307132720947266e-01
-9.096928834915161133e-01
1.070978879928588867e+00
7.137097120285034180e-01
-3.902506828308105469e-02
-1.631896018981933594e+00
-1.172491908073425293e+00
4.305600643157958984e+00
3.453600406646728516e-01
-2.957673072814941406e-01
4.729706764221191406e+00
1.063455581665039062e+00
2.110974788665771484e+00
-9.537609815597534180e-01
-1.278020858764648438e+00
3.706604003906250000e+00
-1.054291129112243652e-01
-2.495667934417724609e-01
1.676111221313476562e-01
2.212998390197753906e+00
-8.391554355621337891e-01
2.472363710403442383e+00
1.211632251739501953e+00
-3.988744616508483887e-01
4.812337398529052734e+00
8.080775737762451172e-01
-1.935567140579223633e+00
-1.930913925170898438e-01
3.710882663726806641e-01
1.221557617187500000e+00
-6.639235019683837891e-01
-1.620535850524902344e+00
4.672356843948364258e-01
-2.561646699905395508e-01
7.282755970954895020e-01
5.000000000000000000e+00
1.520476579666137695e+00
8.980313539505004883e-01
1.494099855422973633e+00
3.558232784271240234e-01
-2.082200050354003906e-01
1.969956278800964355e+00
9.717525839805603027e-01
1.437469840049743652e+00
-1.129119277000427246e+00
1.453193306922912598e+00
-5.084218978881835938e-01
1.938579797744750977e+00
1.176697969436645508e+00
-3.897821903228759766e-01
-3.107863426208496094e+00
-2.554883718490600586e+00
1.880018711090087891e-01
-2.366081953048706055e+00
4.094532489776611328e+00
-1.916383504867553711e-01
-4.043064117431640625e-01
-3.353241086006164551e-01
5.000000000000000000e+00
-9.631266593933105469e-01
1.709300518035888672e+00
4.355434179306030273e-01
1.091346025466918945e+00
3.728636503219604492e-01
-6.057530641555786133e-01
5.263419747352600098e-01
5.220888853073120117e-01
4.237291336059570312e+00
1.072526216506958008e+00
-6.344777345657348633e-02
3.861916661262512207e-01
-1.854968070983886719e-01
4.004359245300292969e+00
-8.158335685729980469e-01
-4.471380710601806641e-01
-1.128415584564208984e+00
4.199211001396179199e-01
-1.517294645309448242e-01
4.653644084930419922e+00
1.714086532592773438e+00
-2.385710477828979492e+00
2.629058361053466797e+00
1.114634156227111816e+00
2.837027311325073242e-01
4.219725131988525391e-01
-1.128305673599243164e+00
-1.004655957221984863e+00
3.332400321960449219e-01
8.048117160797119141e-01
4.574594020843505859e+00
3.263947963714599609e+00
4.084854125976562500e-01
-7.897300720214843750e-01
4.488041877746582031e+00
2.373268604278564453e-01
2.070142626762390137e-01
3.162978410720825195e+00
-6.484764814376831055e-01
1.319562196731567383e-01
4.665323257446289062e+00
-1.551253795623779297e-01
-1.249559402465820312e+00
9.951379895210266113e-01
-1.394131064414978027e+00
7.065838575363159180e-02
-8.592647314071655273e-01
6.395903825759887695e-01
-9.903318881988525391e-01
-3.118361711502075195e+00
-5.745083093643188477e-02
5.000000000000000000e+00
2.317268848419189453e+00
-9.684091806411743164e-01
-4.740560054779052734e-02
4.142066538333892822e-01
1.654502868652343750e+00
2.924050569534301758e+00
3.267662525177001953e+00
4.781521797180175781e+00
1.024941682815551758e+00
1.029506802558898926e+00
3.644146919250488281e+00
-1.587141752243041992e-01
-4.477894604206085205e-01
4.130636215209960938e+00
5.057523250579833984e-01
2.214960575103759766e+00
-4.374837875366210938e-02
1.278186559677124023e+00
-1.198248863220214844e-01
-2.247421741485595703e-01
-6.700385808944702148e-01
1.199831485748291016e+00
1.742115736007690430e+00
-6.435337066650390625e-01
3.800015449523925781e-01
-1.313647270202636719e+00
7.101740837097167969e-01
6.505878567695617676e-01
4.642538547515869141e+00
1.418619155883789062e-01
-4.150750637054443359e-01
-4.912488460540771484e-01
2.820421159267425537e-01
1.883159160614013672e+00
4.682868957519531250e+00
6.733531355857849121e-01
1.301142930984497070e+00
-6.314820051193237305e-01
4.152214050292968750e+00
4.099116325378417969e+00
5.000000000000000000e+00
-5.858063697814941406e-02
-8.185214996337890625e-01
1.042389273643493652e-01
1.421455621719360352e+00
4.152941703796386719e-01
-6.771260499954223633e-02
5.170806050300598145e-01
1.165259361267089844e+00
5.000000000000000000e+00
2.399833440780639648e+00
1.684595346450805664e-01
9.426482915878295898e-01
2.965749740600585938e+00
-1.523649096488952637e-01
7.447652220726013184e-01
1.842327117919921875e+00
5.915936231613159180e-01
-1.601455569267272949e+00
-1.593822360038757324e+00
1.866261959075927734e+00
-1.021090507507324219e+00
9.829834699630737305e-01
-7.946157455444335938e-01
3.523942828178405762e-01
3.337373256683349609e+00
-2.677416801452636719e-01
1.315005540847778320e+00
4.189968109130859375e-02
1.149778127670288086e+00
4.109956741333007812e+00
-1.960387825965881348e-01
1.892527341842651367e-01
-2.718867063522338867e-01
-1.686184406280517578e-01
2.670848608016967773e+00
1.240930318832397461e+00
-1.806722044944763184e+00
6.722410321235656738e-01
5.000000000000000000e+00
1.439360737800598145e+00
4.761958122253417969e+00
-2.656292915344238281e-01
7.900444865226745605e-01
3.371906995773315430e+00
2.348149776458740234e+00
2.196621656417846680e+00
4.601418972015380859e-01
2.356034040451049805e+00
1.489027976989746094e+00
2.224071979522705078e+00
-2.591771602630615234e+00
1.469527125358581543e+00
-2.210393905639648438e+00
4.908521175384521484e+00
-5.383544921875000000e+00
-8.004801273345947266e-01
5.000000000000000000e+00
-2.207915782928466797e-01
-9.955730438232421875e-01
-3.756858110427856445e-01
2.744087457656860352e+00
5.000000000000000000e+00
-5.699449777603149414e-01
-8.948228359222412109e-01
-1.723160505294799805e+00
1.452555418014526367e+00
1.535813927650451660e+00
4.221028327941894531e+00
5.306285619735717773e-01
1.359872817993164062e-01
4.495977878570556641e+00
-1.210560798645019531e-01
2.546246290206909180e+00
-8.021222352981567383e-01
-7.459306716918945312e-02
5.000000000000000000e+00
1.066503226757049561e-01
4.443743228912353516e+00
1.102590560913085938e-02
-4.150112867355346680e-01
7.647101283073425293e-01
1.276880502700805664e-01
2.104189395904541016e+00
5.000000000000000000e+00
-1.528400421142578125e+00
1.743296146392822266e+00
3.039726734161376953e+00
2.727840662002563477e+00
-7.163703441619873047e-02
-1.171423912048339844e+00
-5.172132253646850586e-01
3.059360980987548828e-01
5.288469791412353516e-01
6.415817737579345703e-01
-7.043361663818359375e-02
1.190598726272583008e+00
2.659998416900634766e+00
5.989485979080200195e-01
2.951636314392089844e-01
1.739206552505493164e+00
1.353240013122558594e-02
-1.109267473220825195e-01
-5.687723159790039062e-01
-2.590966224670410156e-02
6.404392719268798828e-01
-1.418462991714477539e-01
5.401467084884643555e-01
-1.217219233512878418e-02
1.802412748336791992e+00
-5.387721061706542969e-01
4.262070655822753906e-01
-1.102454423904418945e+00
7.990202903747558594e-01
-9.462263584136962891e-01
-3.170067071914672852e-01
4.899032115936279297e+00
5.000000000000000000e+00
4.486427605152130127e-01
-1.132346153259277344e+00
4.594087600708007812e+00
-1.649192810058593750e+00
1.263436794281005859e+00
-2.294476032257080078e-01
-7.483065128326416016e-01
-7.658379673957824707e-01
-9.389212727546691895e-01
3.927828669548034668e-01
2.923763990402221680e-01
4.451531887054443359e+00
4.180984497070312500e-01
1.074843049049377441e+00
3.140334486961364746e-01
-1.479297876358032227e+00
4.236648559570312500e+00
1.510255336761474609e+00
-1.390731334686279297e-01
-4.751752853393554688e+00
-7.743283510208129883e-01
1.770069599151611328e-01
-2.515308380126953125e+00
5.254149436950683594e-02
-6.774866580963134766e-02
3.525550365447998047e-01
4.049276351928710938e+00
-5.379039049148559570e-02
1.861546993255615234e+00
3.118140459060668945e+00
2.959114611148834229e-01
-5.126592516899108887e-01
2.074318528175354004e-01
7.773209810256958008e-01
-2.207942724227905273e+00
5.235521197319030762e-01
3.536509275436401367e+00
-2.361771166324615479e-01
3.580539226531982422e-01
5.000000000000000000e+00
-1.092804670333862305e-01
2.494134426116943359e+00
9.936920404434204102e-01
1.416449546813964844e-01
8.248815536499023438e-01
8.829233646392822266e-01
8.476989269256591797e-01
3.586420774459838867e+00
2.936448097229003906e+00
-1.759111523628234863e+00
4.628369331359863281e+00
4.428622245788574219e+00
1.434046745300292969e+00
-5.384568572044372559e-01
1.061460018157958984e+00
2.259146690368652344e+00
-1.156249523162841797e+00
-2.476166009902954102e+00
-4.851645827293395996e-01
-2.392483949661254883e-01
-5.501695275306701660e-01
6.149482727050781250e-02
-3.322023153305053711e-02
5.990152359008789062e-01
-5.599009990692138672e-01
-9.214789867401123047e-01
5.000000000000000000e+00
-8.452379703521728516e-02
6.870472431182861328e-02
4.457011818885803223e-01
9.018230438232421875e-02
-1.624123930931091309e+00
-8.984130620956420898e-01
-3.243175745010375977e-01
-2.823156118392944336e-01
4.888319969177246094e-02
3.978746891021728516e+00
4.575143814086914062e+00
-3.322280168533325195e+00
-2.610331773757934570e-01
-3.823093771934509277e-01
-1.845582723617553711e-01
2.489709377288818359e+00
-8.002102375030517578e-03
-1.847553253173828125e-01
2.296042442321777344e-01
-1.327823162078857422e+00
-6.156289577484130859e-02
-5.665518045425415039e-01
9.129983186721801758e-01
3.420355319976806641e-01
-2.939994335174560547e-01
3.763865947723388672e+00
4.785388469696044922e+00
1.554515838623046875e+00
3.827599525451660156e+00
5.958824157714843750e-01
-5.606288909912109375e-01
4.002075791358947754e-01
3.942827224731445312e+00
-5.032034516334533691e-01
-1.261513352394104004e+00
1.611803770065307617e-01
3.317582607269287109e-02
-1.673110127449035645e-01
1.462986469268798828e-01
2.067283868789672852e+00
1.191087245941162109e+00
-9.419101476669311523e-01
2.073569297790527344e-01
-1.529746055603027344e-01
2.305323600769042969e+00
1.005265235900878906e+00
2.693309783935546875e-01
2.698923110961914062e+00
5.000000000000000000e+00
-2.903640270233154297e-01
4.872216224670410156e+00
4.045491218566894531e-01
4.104593276977539062e+00
4.776530861854553223e-01
-2.297506332397460938e-01
1.012565851211547852e+00
-3.203493058681488037e-01
-1.538277864456176758e-01
6.065970659255981445e-01
-1.640499711036682129e+00
2.127742767333984375e-02
5.979498028755187988e-01
2.481117486953735352e+00
3.862570285797119141e+00
2.329597473144531250e+00
5.433470606803894043e-01
3.367288827896118164e+00
-1.553889274597167969e+00
1.447105407714843750e-01
-9.525325298309326172e-01
-1.338901519775390625e-01
-9.134253263473510742e-01
3.499609231948852539e-01
3.148838281631469727e-01
3.263413429260253906e+00
-2.153325080871582031e-01
4.274875640869140625e+00
3.843226909637451172e+00
1.346814751625061035e+00
4.590718746185302734e-01
1.998243331909179688e-01
2.167500495910644531e+00
-1.286251544952392578e+00
8.036110997200012207e-01
9.958946704864501953e-01
1.684907674789428711e-01
-3.959340751171112061e-01
-1.737029433250427246e+00
5.036450028419494629e-01
3.568823337554931641e-01
2.617988109588623047e+00
1.142007708549499512e-01
4.014132499694824219e+00
1.759994029998779297e-01
1.735107898712158203e-01
-2.785176038742065430e-01
-2.447836399078369141e-01
-1.364100694656372070e+00
-1.514026045799255371e+00
2.509527683258056641e+00
9.417796134948730469e-01
2.561556339263916016e+00
4.509221553802490234e+00
5.000000000000000000e+00
1.324949502944946289e+00
-1.790527582168579102e+00
-2.820972800254821777e-01
5.000000000000000000e+00
-8.554844856262207031e-01
1.475197076797485352e+00
5.206465721130371094e-02
4.110401868820190430e-01
1.591625511646270752e-01
3.366350650787353516e+00
-1.385977268218994141e+00
6.820348501205444336e-01
1.371459484100341797e+00
2.990137338638305664e-01
6.484229564666748047e-01
4.006035804748535156e+00
4.911103248596191406e-01
1.714344978332519531e+00
2.070325374603271484e+00
5.070459842681884766e-01
2.109270095825195312e+00
1.771309018135070801e+00
2.635622024536132812e+00
9.220602512359619141e-01
3.439240455627441406e-01
4.655863046646118164e-01
5.000000000000000000e+00
4.772772789001464844e-01
-1.385930061340332031e+00
3.160958290100097656e-01
1.201828241348266602e+00
1.318288326263427734e+00
8.139312267303466797e-01
-5.364623069763183594e-01
3.102602958679199219e-01
-1.410643577575683594e+00
1.847383975982666016e-01
1.703254222869873047e+00
-7.293027639389038086e-02
1.425059795379638672e+00
7.613852024078369141e-01
2.192379236221313477e-01
1.181653022766113281e+00
5.644811391830444336e-01
5.688494443893432617e-01
4.288620948791503906e+00
9.930792450904846191e-01
1.407730102539062500e+00
1.669091939926147461e+00
-5.501320362091064453e-01
4.012985229492187500e-01
1.155171990394592285e+00
-2.106058835983276367e+00
-4.421212673187255859e-01
-9.371638298034667969e-02
2.592499971389770508e+00
-2.472902536392211914e-01
3.814816474914550781e-02
6.270135641098022461e-01
3.549568653106689453e+00
3.456714630126953125e+00
-5.306816101074218750e-02
4.203180789947509766e+00
1.980544090270996094e+00
5.000000000000000000e+00
-9.094279408454895020e-01
9.177613258361816406e-02
-9.426556527614593506e-02
-6.495094299316406250e-02
-5.058150291442871094e-01
2.222204446792602539e+00
-4.421294927597045898e-01
1.716260910034179688e-01
1.682432174682617188e+00
-1.320547580718994141e+00
-4.231233596801757812e-01
6.260436177253723145e-01
5.202791690826416016e-01
1.497801542282104492e-01
6.133440732955932617e-01
2.996057271957397461e-01
-1.700908541679382324e-01
-1.614422917366027832e+00
6.358036994934082031e-01
1.110249280929565430e+00
1.390290856361389160e-01
4.978847503662109375e+00
-4.204143285751342773e-01
-9.018468856811523438e-01
3.500161767005920410e-01
2.910020649433135986e-01
5.112847089767456055e-01
7.289139032363891602e-01
4.362338542938232422e+00
-7.050220966339111328e-01
3.965168476104736328e+00
2.041108369827270508e+00
4.582244157791137695e-01
-4.775881767272949219e-03
4.767654418945312500e+00
4.078664779663085938e-01
1.526858687400817871e+00
2.746325969696044922e+00
1.641574621200561523e+00
1.251966476440429688e+00
-4.180717468261718750e-02
-8.959455490112304688e-01
-3.362936377525329590e-01
-1.113544344902038574e+00
2.381579160690307617e+00
2.463788986206054688e+00
-9.146547317504882812e-02
3.308663606643676758e+00
-4.456042051315307617e-01
1.049733400344848633e+00
-2.686004638671875000e-01
-1.860048770904541016e-01
-2.819681167602539062e-02
3.719721794128417969e+00
1.414608955383300781e-01
-4.561471939086914062e-02
4.048199653625488281e+00
-2.422943115234375000e-01
1.249104857444763184e+00
-1.591591358184814453e+00
-1.254784464836120605e+00
2.777665853500366211e-02
4.350797653198242188e+00
-1.844683766365051270e+00
-1.707715988159179688e-01
2.672971487045288086e-01
-5.369694828987121582e-01
2.041605710983276367e-01
5.000000000000000000e+00
1.199531555175781250e-01
5.437824726104736328e-01
5.000000000000000000e+00
1.105867505073547363e+00
-1.311289787292480469e+00
-2.430420398712158203e+00
3.079951286315917969e+00
2.393652677536010742e+00
-5.558259487152099609e-01
2.427087306976318359e+00
3.654680252075195312e-01
1.165661811828613281e+00
1.966403841972351074e+00
-8.981425166130065918e-01
2.352637529373168945e+00
2.348822116851806641e+00
5.660015344619750977e-01
1.843126416206359863e+00
-7.704148292541503906e-01
-4.270434379577636719e-01
5.000000000000000000e+00
-1.357116818428039551e+00
-1.001616239547729492e+00
1.732949614524841309e+00
-1.528735160827636719e-01
-1.853905439376831055e+00
5.000000000000000000e+00
4.684451580047607422e+00
4.915220737457275391e+00
-1.044927000999450684e+00
-1.567824840545654297e+00
-5.111088156700134277e-01
2.103164672851562500e+00
4.470523834228515625e+00
1.676760673522949219e+00
4.429172515869140625e+00
3.516602516174316406e-02
9.347875714302062988e-01
1.042119741439819336e+00
-7.874320745468139648e-01
4.210289478302001953e+00
4.366816520690917969e+00
5.531051158905029297e-01
1.039177417755126953e+00
6.597105264663696289e-01
-3.255081176757812500e-01
4.788998961448669434e-01
-1.038942694664001465e+00
6.831812858581542969e-01
1.506261825561523438e+00
-2.112247943878173828e+00
2.579486131668090820e+00
-8.430210351943969727e-01
4.456424713134765625e-02
1.066798686981201172e+00
8.655308485031127930e-01
6.101526021957397461e-01
8.493239283561706543e-01
-4.741191864013671875e-02
-1.014640569686889648e+00
9.009968042373657227e-01
3.559090614318847656e+00
8.686894178390502930e-02
5.000000000000000000e+00
-2.335123538970947266e+00
-1.112745046615600586e+00
3.483541727066040039e+00
-4.523110389709472656e-01
-5.401420593261718750e-01
6.193832159042358398e-01
-5.423959493637084961e-01
-1.132395267486572266e-01
5.000000000000000000e+00
4.714431762695312500e-01
1.256258487701416016e-01
2.570334911346435547e+00
-8.596708774566650391e-01
2.500369548797607422e-01
-4.438157081604003906e-01
-4.818301200866699219e-01
-1.255005598068237305e-03
2.600960969924926758e+00
3.992497920989990234e+00
7.403825521469116211e-01
2.941471934318542480e-01
2.670652627944946289e+00
2.918266057968139648e-01
3.632059097290039062e-01
6.839334964752197266e-02
-1.750808954238891602e+00
2.563248872756958008e+00
8.480207920074462891e-01
1.233001708984375000e+00
4.159211635589599609e+00
4.758961677551269531e+00
3.768760681152343750e+00
-2.822850942611694336e-01
1.971900701522827148e+00
7.504492998123168945e-01
-5.499645471572875977e-01
1.255246162414550781e+00
-2.490629553794860840e-01
1.236495137214660645e+00
-1.187038421630859375e-01
1.302965879440307617e-01
-1.099429607391357422e+00
1.869164705276489258e+00
2.239881157875061035e-01
-2.553282976150512695e-01
3.377145767211914062e+00
-5.491125583648681641e-02
1.281602382659912109e+00
-4.995698928833007812e-01
-9.003305435180664062e-02
2.592038631439208984e+00
-3.791289329528808594e-01
-5.811340808868408203e-01
1.866019487380981445e+00
4.497287750244140625e+00
2.936540842056274414e-01
4.027910232543945312e+00
-1.369331002235412598e+00
5.000000000000000000e+00
-2.622357606887817383e-01
6.841859817504882812e-01
-2.781572341918945312e-01
-8.204197883605957031e-01
-3.229743242263793945e-02
8.180182576179504395e-01
3.257118165493011475e-01
-1.728746891021728516e-01
-1.803550243377685547e+00
-1.596690416336059570e+00
-1.711640357971191406e-01
-1.089450359344482422e+00
1.974575996398925781e+00
-1.047034263610839844e-01
1.173975825309753418e+00
5.103383064270019531e-01
-2.049968719482421875e+00
3.301201343536376953e+00
-8.763263225555419922e-01
1.815778255462646484e+00
4.032769203186035156e+00
-5.514169335365295410e-01
-9.535591602325439453e-01
1.460915803909301758e-01
4.061472415924072266e-02
-2.435678243637084961e-01
-1.062543988227844238e+00
5.674816966056823730e-01
2.013191461563110352e+00
-2.935744524002075195e-01
2.921977043151855469e-01
4.065177917480468750e+00
9.373317956924438477e-01
-9.809712171554565430e-01
1.199575185775756836e+00
7.636970877647399902e-01
7.122978568077087402e-02
-4.878022670745849609e-01
-7.707451581954956055e-01
5.000000000000000000e+00
7.016251683235168457e-01
6.026480197906494141e-01
-1.027752399444580078e+00
5.000000000000000000e+00
-3.331679105758666992e-01
-9.755398035049438477e-01
4.458991289138793945e-01
-9.631061553955078125e-02
1.833660602569580078e+00
4.698124885559082031e+00
1.122759103775024414e+00
4.208888053894042969e+00
1.143056988716125488e+00
-3.004494309425354004e-01
8.989547491073608398e-01
-1.050372123718261719e-01
6.633932590484619141e-01
3.021353483200073242e-01
-4.536788463592529297e-01
-2.542811155319213867e+00
3.164563179016113281e-01
4.381455779075622559e-01
-1.623662948608398438e+00
-2.021116256713867188e+00
3.983602285385131836e+00
-1.525113582611083984e-01
2.692059278488159180e-01
-1.121281266212463379e+00
-1.938462257385253906e-01
-7.809087038040161133e-01
-2.790923118591308594e-01
1.459328770637512207e+00
7.760986089706420898e-01
-1.814671754837036133e-01
-2.111682415008544922e+00
2.856056690216064453e-01
3.526091575622558594e-01
-6.042981147766113281e-02
-3.403425812721252441e-01
5.469866991043090820e-01
1.986451625823974609e+00
4.902098178863525391e+00
-3.326822519302368164e-01
1.386681437492370605e+00
8.306346535682678223e-01
1.897858142852783203e+00
1.496450603008270264e-01
-1.589932203292846680e+00
3.848961830139160156e+00
7.024323940277099609e-01
1.880615949630737305e-01
1.849100351333618164e+00
4.950703382492065430e-01
5.000000000000000000e+00
1.488341808319091797e+00
1.151732802391052246e+00
4.510466456413269043e-01
6.309347152709960938e-01
6.754994988441467285e-01
2.328995466232299805e+00
1.860364198684692383e+00
6.600345373153686523e-01
-3.665785789489746094e-01
-7.377927303314208984e-01
-3.009737133979797363e-01
1.571721076965332031e+00
3.291420221328735352e+00
-1.575314998626708984e-01
-1.619618237018585205e-01
1.273546338081359863e+00
2.764279365539550781e+00
3.426011085510253906e+00
-3.650994300842285156e-01
-5.577659606933593750e-02
4.431356191635131836e-01
6.980732083320617676e-01
2.441374301910400391e+00
7.265832424163818359e-01
1.456327438354492188e+00
-1.187283039093017578e+00
1.241102457046508789e+00
1.702706813812255859e-01
1.015696763992309570e+00
4.326522827148437500e+00
-1.137983798980712891e-01
-1.200069904327392578e+00
-1.545688748359680176e+00
