-1.416188955307006836e+00
-3.024520277976989746e-01
-2.937499880790710449e-01
-1.701954841613769531e+00
-4.069768190383911133e-01
-8.817449808120727539e-01
-1.244857311248779297e+00
4.568880796432495117e-01
1.678305149078369141e+00
-6.753150224685668945e-01
-1.475115656852722168e+00
1.875806450843811035e-01
-8.563630580902099609e-01
4.427424669265747070e-01
4.499745368957519531e-02
-7.582411766052246094e-01
7.008096575736999512e-01
-1.975368142127990723e+00
-7.013604640960693359e-01
-1.278823137283325195e+00
-1.157947063446044922e+00
-5.846416950225830078e-01
-1.345412254333496094e+00
7.211225032806396484e-01
-2.122974395751953125e-01
6.094840764999389648e-01
-8.844863176345825195e-01
3.551362752914428711e-01
3.385775089263916016e-01
5.621344447135925293e-01
4.067724943161010742e-01
-8.186899423599243164e-01
-4.597058296203613281e-01
-3.441494703292846680e-02
-8.980071544647216797e-02
-3.117514848709106445e-01
-8.516788482666015625e-02
-1.327107548713684082e+00
1.597941994667053223e+00
6.666707992553710938e-02
-3.096101880073547363e-01
3.776597976684570312e-02
1.566737055778503418e+00
7.858304977416992188e-01
5.315665006637573242e-01
2.555512189865112305e-01
-4.644770026206970215e-01
-5.335066318511962891e-01
-9.989427328109741211e-01
-5.530049800872802734e-01
-9.685478210449218750e-01
-1.615628004074096680e-01
-1.231328487396240234e+00
-4.363274574279785156e-01
-1.502413272857666016e+00
7.944869995117187500e-01
-1.126125097274780273e+00
-5.317964553833007812e-01
2.220197916030883789e-01
1.212655067443847656e+00
-1.928095102310180664e+00
-1.487376213073730469e+00
-3.977779150009155273e-01
6.022915840148925781e-01
-1.085600852966308594e+00
-2.613985300064086914e+00
5.155634880065917969e-01
-1.425736248493194580e-01
-7.477101683616638184e-02
-4.215334653854370117e-01
-8.353887796401977539e-01
-3.107222318649291992e-01
-5.346560478210449219e-01
-7.375890016555786133e-01
-1.124194979667663574e+00
1.282588243484497070e-01
8.317579030990600586e-01
-2.736357688903808594e+00
3.996253609657287598e-01
1.494661331176757812e+00
-1.109777688980102539e+00
-8.010120391845703125e-01
-1.179195165634155273e+00
-4.435833692550659180e-01
-6.193002462387084961e-01
-6.970944404602050781e-01
-1.772453308105468750e+00
-9.673732519149780273e-02
-1.798347473144531250e+00
-1.024436950683593750e+00
-7.156536579132080078e-01
-3.163913488388061523e-01
2.340030670166015625e-02
-2.110174655914306641e+00
8.711875081062316895e-01
-1.369776844978332520e+00
-1.305232048034667969e-01
4.625225067138671875e-02
1.274981498718261719e-01
1.178725481033325195e+00
-7.995096445083618164e-01
-1.438261985778808594e+00
-2.760564088821411133e-01
-3.240524530410766602e-01
-1.438999176025390625e-01
-6.593751907348632812e-01
-3.303871154785156250e-01
-8.892608880996704102e-01
-3.418994545936584473e-01
2.144287824630737305e-01
-5.586673021316528320e-01
-8.292486071586608887e-01
-2.744688510894775391e+00
-1.150686740875244141e+00
9.350907206535339355e-01
-1.954714059829711914e+00
-5.231457948684692383e-01
-8.040928840637207031e-02
-1.400259733200073242e-01
1.087006330490112305e+00
-6.179947257041931152e-01
1.187572360038757324e+00
-6.318467855453491211e-01
-5.039167404174804688e-01
-7.505254745483398438e-01
-6.113284826278686523e-01
-3.966505527496337891e-01
-8.474349379539489746e-01
-3.992750644683837891e-01
3.122310638427734375e-01
-2.007099390029907227e+00
-2.122802019119262695e+00
2.653021812438964844e-01
-8.064442873001098633e-01
-1.565623283386230469e-02
-6.415573358535766602e-01
-9.890919923782348633e-02
-1.018558859825134277e+00
-1.864565610885620117e-01
-1.629498481750488281e+00
-1.044563531875610352e+00
3.602315187454223633e-01
-2.429057598114013672e+00
6.262967586517333984e-01
-1.145285069942474365e-01
-1.505905151367187500e+00
-1.301381587982177734e-01
-2.955521583557128906e+00
-3.150574207305908203e+00
-4.504943490028381348e-01
6.396440267562866211e-01
7.001836299896240234e-01
-6.639001965522766113e-01
-2.960367202758789062e-01
5.919144153594970703e-01
-6.780300140380859375e-01
-3.004312813282012939e-01
1.381708383560180664e-01
-2.136607170104980469e-01
-5.432032346725463867e-01
1.512520790100097656e+00
-1.220949172973632812e+00
2.596054673194885254e-01
-7.121077775955200195e-01
-3.688578605651855469e-01
-2.447530031204223633e-01
-6.967947483062744141e-01
5.562127232551574707e-01
-1.519949197769165039e+00
-6.119029521942138672e-01
-4.341814517974853516e-01
-1.402952432632446289e+00
-5.565633773803710938e-01
-3.508692264556884766e+00
-5.942845344543457031e-02
-1.076333284378051758e+00
-9.772194623947143555e-01
-6.318120956420898438e-01
-4.978013038635253906e-02
-6.860551834106445312e-01
-3.044226408004760742e+00
-2.704519748687744141e+00
-5.582086443901062012e-01
-1.828622579574584961e+00
-2.819854617118835449e-01
-7.302224040031433105e-01
-2.496023654937744141e+00
-2.601434707641601562e+00
9.050800204277038574e-01
-2.837408781051635742e-01
-4.240477085113525391e-01
-1.145477652549743652e+00
-6.342077851295471191e-01
-1.618316292762756348e+00
4.712059497833251953e-01
1.421843171119689941e+00
-6.298321485519409180e-01
1.441469192504882812e-01
-5.088274478912353516e-01
-1.134158134460449219e+00
-2.178622484207153320e+00
-3.271358013153076172e-01
-1.748917818069458008e+00
3.489160537719726562e-01
-1.448684573173522949e+00
-2.956700325012207031e-01
-1.397036790847778320e+00
-1.440890073776245117e+00
7.874702215194702148e-01
-3.797282576560974121e-01
8.056342601776123047e-02
4.196195602416992188e-01
-5.659362077713012695e-01
-1.071929931640625000e-01
-1.716541171073913574e+00
1.490534067153930664e+00
-2.453564405441284180e-01
3.775118887424468994e-01
-1.724885344505310059e+00
-9.221780300140380859e-01
-2.381508588790893555e+00
-1.922022223472595215e+00
-1.001072168350219727e+00
-4.378658533096313477e-01
-2.211658716201782227e+00
-6.380130052566528320e-01
-2.485619783401489258e-01
-7.628111839294433594e-01
8.199977874755859375e-01
-1.046563386917114258e+00
-2.037402391433715820e+00
2.319649457931518555e-01
-9.142547845840454102e-01
-3.224228620529174805e-01
2.082595348358154297e+00
-9.325451850891113281e-01
-7.550867795944213867e-01
2.623454332351684570e-01
-1.028812646865844727e+00
-1.913264095783233643e-01
-5.760882496833801270e-01
5.479322671890258789e-01
7.900071144104003906e-01
-5.601127147674560547e-01
5.331875681877136230e-01
-5.555779933929443359e-01
5.025702714920043945e-02
-1.596243679523468018e-01
4.917147755622863770e-01
-7.641727924346923828e-01
-3.601192235946655273e-01
8.539581298828125000e-01
-2.285027503967285156e+00
1.234805583953857422e-01
-1.503615975379943848e+00
1.270838379859924316e-01
-9.042191505432128906e-02
-1.601356506347656250e+00
-6.976962089538574219e-03
-1.285569667816162109e+00
-6.634771823883056641e-02
1.554534316062927246e+00
5.610066652297973633e-02
-8.229858875274658203e-01
-1.991770267486572266e-01
5.931213498115539551e-01
-2.002190828323364258e+00
6.850829124450683594e-01
5.965954065322875977e-01
1.935463547706604004e-01
1.112172603607177734e+00
1.503574728965759277e+00
-6.442580223083496094e-01
5.467224121093750000e-02
1.197980642318725586e+00
-4.218578338623046875e-03
-2.466833293437957764e-01
-7.266409993171691895e-01
4.369101524353027344e-01
-2.195253372192382812e-01
-3.008574247360229492e-01
-1.052370071411132812e+00
3.719798088073730469e+00
-7.171216011047363281e-01
1.331623792648315430e-01
-3.005086779594421387e-01
6.242561340332031250e-02
6.231896877288818359e-01
-2.515100240707397461e+00
-1.419830322265625000e-02
4.809825420379638672e-01
-2.646614313125610352e-01
-1.636126041412353516e+00
2.748466730117797852e-01
3.056347370147705078e-03
-3.512442111968994141e-01
5.451381206512451172e-02
-1.841917634010314941e+00
2.601660490036010742e-01
5.913152694702148438e-01
5.130269527435302734e-01
7.738171815872192383e-01
-2.622026205062866211e-01
3.975566327571868896e-01
-1.744461297988891602e+00
3.980946540832519531e-01
4.319269061088562012e-01
-1.828217983245849609e+00
8.794724941253662109e-01
-2.618990540504455566e-01
5.064666271209716797e-01
-4.560682296752929688e+00
6.093988418579101562e-01
5.584831833839416504e-01
-4.326563477516174316e-01
-1.455959200859069824e+00
-5.537506341934204102e-01
-1.862446665763854980e+00
4.637721776962280273e-01
-4.558578729629516602e-01
-8.737915754318237305e-01
-1.216631054878234863e+00
-4.719747900962829590e-01
-1.868200302124023438e-01
-2.394239306449890137e-01
-7.257951498031616211e-01
-1.985447049140930176e+00
8.466390371322631836e-01
1.257720589637756348e-01
-1.066351532936096191e+00
2.735544443130493164e-01
-1.371197700500488281e-01
1.024034023284912109e-01
4.028039276599884033e-01
-2.449560165405273438e-02
-9.816919565200805664e-01
-1.538890242576599121e+00
1.504633069038391113e+00
1.171290397644042969e+00
-1.170946598052978516e+00
-1.976829767227172852e-02
4.652843475341796875e-01
1.091828107833862305e+00
-3.405922651290893555e-01
-3.549838066101074219e-01
-3.950846195220947266e-02
8.029803037643432617e-01
7.187964916229248047e-01
1.911045312881469727e-01
-1.049756526947021484e+00
-9.426579475402832031e-01
-9.386413097381591797e-01
-6.860041618347167969e-01
1.619629859924316406e+00
-1.025650978088378906e+00
2.823636531829833984e-01
-3.236290693283081055e+00
3.180257081985473633e-01
-1.586564779281616211e+00
-1.012528896331787109e+00
-1.095605254173278809e+00
-1.427206516265869141e+00
-8.229103088378906250e-01
-5.713138580322265625e-01
-3.933726549148559570e-01
6.872328519821166992e-01
5.567027330398559570e-01
-2.759187459945678711e+00
-4.717397093772888184e-01
-1.859529018402099609e+00
-4.501565098762512207e-01
-1.268843412399291992e+00
-1.865211725234985352e-01
3.860933780670166016e-01
-8.112561702728271484e-01
-3.642704486846923828e-01
-1.596680402755737305e+00
-1.169066429138183594e+00
-1.200766563415527344e+00
-6.143137216567993164e-01
-8.116763830184936523e-01
-5.661020755767822266e+00
1.403222084045410156e-01
-4.014222621917724609e-01
-4.226794242858886719e-01
1.612198352813720703e-01
-6.567498445510864258e-01
1.080030918121337891e+00
-3.322808742523193359e-01
-1.238008260726928711e+00
-3.455647230148315430e-01
-4.240852594375610352e-02
-2.872821688652038574e-01
-7.799674272537231445e-01
-1.226431608200073242e+00
-8.022649288177490234e-01
-1.509262800216674805e+00
-9.349685907363891602e-01
1.100584268569946289e-01
-2.314285516738891602e+00
-1.076864480972290039e+00
1.265155076980590820e-01
-6.099271774291992188e-01
-9.996148943901062012e-01
-2.115267753601074219e+00
-2.116947174072265625e-01
-1.441506385803222656e+00
-2.236991167068481445e+00
-6.785193681716918945e-01
-1.482792496681213379e-01
-1.305025339126586914e+00
4.549010992050170898e-01
-2.696210384368896484e+00
-4.941626191139221191e-01
-1.173563122749328613e+00
-2.479592859745025635e-01
-1.942739933729171753e-01
1.633561849594116211e+00
3.035918474197387695e-01
-3.143762350082397461e-01
-1.516584157943725586e-01
-3.752064704895019531e-02
1.165883541107177734e+00
-1.048350334167480469e+00
-5.116013884544372559e-01
-2.575122833251953125e+00
-8.729084730148315430e-01
1.239367127418518066e-01
-6.580878496170043945e-01
-1.969189882278442383e+00
1.419043540954589844e-01
-4.665765762329101562e-01
-1.039440751075744629e+00
-2.955880165100097656e-01
4.683018922805786133e-01
-4.114042520523071289e-01
-1.429531335830688477e+00
1.062906146049499512e+00
-3.335019350051879883e-01
3.308168053627014160e-02
-9.169762134552001953e-01
-1.796724200248718262e+00
-5.664995908737182617e-01
-7.143676280975341797e-02
-7.392194867134094238e-01
-1.449617624282836914e+00
-1.614353060722351074e-02
-6.273037195205688477e-01
-1.243105888366699219e+00
-1.821443438529968262e+00
4.502132236957550049e-01
1.230216503143310547e+00
-3.910350799560546875e-01
-1.794384717941284180e-01
-4.988195896148681641e-01
-1.019488930702209473e+00
-5.925338268280029297e-01
-6.407124996185302734e-01
3.845427036285400391e-01
4.723074436187744141e-01
1.641787588596343994e-01
8.356046676635742188e-02
1.812775135040283203e-01
-8.131529092788696289e-01
3.688757419586181641e-01
-1.657655715942382812e+00
4.875767230987548828e-02
5.598747730255126953e-01
-2.472299933433532715e-01
5.002538561820983887e-01
-2.923137664794921875e+00
-3.561550855636596680e+00
5.917252302169799805e-01
-1.762857198715209961e+00
-3.897259235382080078e-01
-1.290911555290222168e+00
8.007785081863403320e-01
6.065752506256103516e-01
-2.093527793884277344e+00
-7.562007904052734375e-01
-8.631336688995361328e-02
-3.564357757568359375e-02
-1.560124278068542480e+00
1.663924217224121094e+00
-5.196397900581359863e-01
5.686119794845581055e-01
-2.364014387130737305e-01
-3.129272460937500000e-01
-2.192542791366577148e+00
-6.215717792510986328e-01
5.883940458297729492e-01
3.034631609916687012e-01
1.013191342353820801e+00
-5.397298336029052734e-01
-1.536675930023193359e+00
-3.797551691532135010e-01
7.720574140548706055e-01
-5.238728523254394531e-01
-5.223709344863891602e-01
9.677977561950683594e-01
-5.754552841186523438e+00
-4.026097059249877930e-01
-2.901250123977661133e-01
-2.216761112213134766e-01
-5.186276435852050781e-01
6.086283326148986816e-01
8.706209659576416016e-01
-1.034273266792297363e+00
3.335189819335937500e-02
-5.734765529632568359e-02
-3.740266799926757812e+00
-8.113104104995727539e-01
-4.265828132629394531e+00
-1.093158721923828125e+00
2.603602409362792969e-01
3.717300891876220703e-01
-1.201423168182373047e+00
9.421823024749755859e-01
-3.330503940582275391e+00
-3.174877166748046875e-01
-4.225879311561584473e-01
7.492904663085937500e-01
-3.232190608978271484e-01
-9.811820983886718750e-01
-2.227292060852050781e+00
-9.206708669662475586e-01
9.642984271049499512e-01
-3.950046300888061523e-01
-4.334361553192138672e-01
6.439236998558044434e-01
-1.903833627700805664e+00
3.856595754623413086e-01
-2.018676280975341797e+00
3.617489337921142578e-01
5.830621719360351562e-01
5.988717079162597656e-03
5.190247297286987305e-01
-1.105842113494873047e+00
5.364272594451904297e-01
-5.115248560905456543e-01
-9.419378638267517090e-01
4.549094438552856445e-01
7.725197076797485352e-01
-1.132236838340759277e+00
4.730034470558166504e-01
-3.706597089767456055e-01
8.895609378814697266e-01
-1.369584798812866211e+00
-2.982069492340087891e+00
-1.833013296127319336e+00
2.811634540557861328e-01
-1.815354347229003906e+00
-1.261532545089721680e+00
-2.229065299034118652e-01
-1.994802951812744141e-01
-1.786957979202270508e+00
-1.749094724655151367e+00
-1.793152391910552979e-01
1.086858987808227539e+00
-7.044228911399841309e-01
-2.715466022491455078e-01
-3.176051974296569824e-01
-2.025137901306152344e+00
-1.368424773216247559e+00
2.447077631950378418e-01
-1.983588337898254395e+00
-8.432621359825134277e-01
1.641905307769775391e-01
7.234748601913452148e-01
-7.220361232757568359e-01
-8.640525341033935547e-01
-1.740237951278686523e+00
-7.290971279144287109e-01
1.015478372573852539e-02
-7.039582729339599609e-02
-1.779146194458007812e-01
-9.692274332046508789e-01
-1.759268641471862793e-01
-1.781064987182617188e+00
-1.340473175048828125e+00
-1.999493122100830078e+00
5.649423599243164062e-01
-1.771595835685729980e+00
4.621934890747070312e-02
-3.191373586654663086e+00
1.440874040126800537e-01
4.262267649173736572e-01
6.443126201629638672e-01
1.206775188446044922e+00
4.442933797836303711e-01
1.721875667572021484e-01
-1.099382400512695312e+00
1.272453069686889648e-01
-2.507287979125976562e+00
4.145666360855102539e-01
1.995244026184082031e-01
8.577697277069091797e-01
-1.009867668151855469e+00
-5.452178716659545898e-01
-8.416291475296020508e-01
2.591981887817382812e-01
-3.669995069503784180e-01
-4.767425537109375000e+00
-7.052922248840332031e-02
7.562468051910400391e-01
6.167241930961608887e-01
-9.358551502227783203e-01
1.450239896774291992e+00
-4.013409614562988281e-01
-1.709102988243103027e+00
-1.136527776718139648e+00
7.473416924476623535e-01
4.344809055328369141e-01
-6.487565040588378906e-01
5.679422616958618164e-02
-2.306208372116088867e+00
-1.597289681434631348e+00
-3.036041736602783203e+00
-4.556975960731506348e-01
3.148539066314697266e-01
-1.459085106849670410e+00
-5.653896331787109375e-01
5.702778100967407227e-01
-6.730508804321289062e-02
-1.101529896259307861e-01
9.370093345642089844e-01
-1.149869322776794434e+00
-1.737811565399169922e-01
-6.465409994125366211e-01
-1.184337139129638672e+00
-1.085529327392578125e+00
-2.666042804718017578e+00
-5.903786420822143555e-01
-2.382770776748657227e+00
-1.718733549118041992e+00
8.427774906158447266e-02
-3.567027449607849121e-01
-2.059783935546875000e+00
4.360935688018798828e-01
-1.930770277976989746e-01
-5.248665809631347656e-02
-6.243242025375366211e-01
4.153909683227539062e-01
2.019923329353332520e-01
-7.513298988342285156e-01
9.599900245666503906e-02
1.022401094436645508e+00
-1.118984222412109375e+00
4.732338190078735352e-01
6.661931276321411133e-01
1.185802221298217773e+00
5.619217753410339355e-01
-3.135551214218139648e-01
-2.138222217559814453e+00
-2.808707356452941895e-01
-2.243555188179016113e-01
-1.635945320129394531e+00
8.225877285003662109e-01
-3.610326051712036133e-01
-9.282248020172119141e-01
-1.043567061424255371e+00
1.044288873672485352e+00
-9.027132987976074219e-01
9.312355518341064453e-02
-7.101469039916992188e-01
1.105583906173706055e-01
7.465561032295227051e-01
-2.566271543502807617e+00
-2.645587921142578125e-01
-1.000271797180175781e+00
3.238339424133300781e-01
2.113890051841735840e-01
-1.510226607322692871e+00
8.681249618530273438e-02
-1.129824399948120117e+00
3.679821491241455078e-01
-2.905369997024536133e-01
-1.781946063041687012e+00
-4.834651947021484375e-03
-1.584164381027221680e+00
-9.641146659851074219e-01
1.085360288619995117e+00
-1.529184818267822266e+00
-8.357205390930175781e-01
2.064693689346313477e+00
8.154559135437011719e-02
3.128435611724853516e-01
-2.313066720962524414e-01
1.130127906799316406e-02
6.681158542633056641e-01
-9.061641693115234375e-01
-3.177360534667968750e+00
-1.250948905944824219e-01
3.719615936279296875e-01
-6.288009285926818848e-01
1.080620884895324707e+00
4.267547130584716797e-01
-5.415397882461547852e-02
3.241567611694335938e-01
6.712174415588378906e-02
2.040536403656005859e-01
-6.968880891799926758e-01
7.367857694625854492e-01
-9.097285270690917969e-01
-1.778174400329589844e+00
4.731379747390747070e-01
-2.412270307540893555e+00
-7.536883354187011719e-01
-1.864233732223510742e+00
-6.908237934112548828e-02
1.242284893989562988e+00
-1.853555917739868164e+00
5.305185914039611816e-01
-4.883003830909729004e-01
-1.079188227653503418e+00
-1.052771329879760742e+00
-6.321821212768554688e-01
1.940047740936279297e-02
-1.756775856018066406e+00
-1.714588522911071777e+00
-2.122199296951293945e+00
-1.623636484146118164e-01
-1.069344401359558105e+00
-1.666501760482788086e+00
2.130118370056152344e+00
1.838220357894897461e-01
-2.405481815338134766e+00
-2.323026418685913086e+00
-4.519964218139648438e+00
-4.635261535644531250e+00
4.170724153518676758e-01
-1.130492448806762695e+00
1.724433898925781250e-02
1.850922584533691406e+00
4.327272176742553711e-01
-1.167956113815307617e+00
-9.609023928642272949e-01
8.965470790863037109e-01
-1.251968741416931152e-01
-5.740160942077636719e-01
1.039464950561523438e+00
-1.291099309921264648e+00
-5.485194921493530273e-01
1.442614197731018066e-01
-4.145791530609130859e-01
-1.374557018280029297e+00
-2.473528385162353516e-01
-6.506794691085815430e-01
-1.734816074371337891e+00
-5.122882127761840820e-01
-7.735171318054199219e-01
-1.440397739410400391e+00
-7.781198024749755859e-01
-7.972141504287719727e-01
1.655173778533935547e+00
3.160769939422607422e-01
3.629755973815917969e-02
2.210135459899902344e+00
-2.304974794387817383e+00
-2.439413070678710938e-01
7.532855272293090820e-01
1.258421540260314941e-01
-5.732216835021972656e-01
9.657166004180908203e-01
2.371537685394287109e-02
-1.254020214080810547e+00
-9.139144420623779297e-01
6.545000076293945312e-01
-9.736073017120361328e-01
-4.236174821853637695e-01
-3.733525276184082031e-01
1.333210468292236328e+00
-5.753365755081176758e-01
1.867399215698242188e-01
-4.831535816192626953e-01
-1.605379104614257812e+00
3.421199321746826172e-01
-3.352266550064086914e+00
-3.508682012557983398e+00
-1.334939479827880859e+00
-5.289296507835388184e-01
-7.712891697883605957e-02
-4.044413566589355469e-02
-4.312283992767333984e+00
-3.873777389526367188e-01
4.116082191467285156e-02
7.251136302947998047e-01
-1.192996501922607422e-01
-1.594964265823364258e+00
-6.259465217590332031e-01
7.221343517303466797e-01
-2.873376607894897461e-01
-6.273233890533447266e-02
-4.103976488113403320e-01
-8.449676036834716797e-01
-1.100526332855224609e+00
-7.609759569168090820e-01
-2.630468130111694336e+00
-1.923382282257080078e-02
-1.169259667396545410e+00
3.046950697898864746e-01
1.667350769042968750e+00
8.259629011154174805e-01
-1.118953227996826172e-01
-1.125624179840087891e+00
7.401927709579467773e-01
-1.317675828933715820e+00
-1.421788692474365234e+00
-3.010779619216918945e-02
1.109841346740722656e+00
5.928941965103149414e-01
-7.824376821517944336e-01
-3.200615644454956055e+00
-1.192309260368347168e+00
-4.645874500274658203e-01
9.692051410675048828e-01
-1.063259363174438477e+00
1.347578763961791992e-01
-1.238637089729309082e+00
-3.373987674713134766e-01
2.426499128341674805e-01
-2.686883211135864258e-01
-9.588804841041564941e-01
-1.688163280487060547e-01
-2.120169878005981445e+00
-2.637547492980957031e+00
3.781427145004272461e-01
-7.414221763610839844e-03
-5.762189626693725586e-01
-1.747917175292968750e+00
-9.969420433044433594e-01
9.204747080802917480e-01
-7.051740288734436035e-01
-8.728217482566833496e-01
-1.074330329895019531e+00
-1.099372625350952148e+00
-2.204926013946533203e+00
-5.569844245910644531e-01
-5.877165794372558594e-01
3.314270973205566406e-01
-1.054338693618774414e+00
-2.875841856002807617e+00
-1.033074498176574707e+00
-8.439879417419433594e-01
-8.775048851966857910e-01
2.119846343994140625e-01
-1.455445766448974609e+00
-5.941839218139648438e-01
-7.317973375320434570e-01
1.783431768417358398e-01
2.529644966125488281e-02
-1.818566322326660156e-01
-1.580744862556457520e+00
-9.072632789611816406e-01
-1.209259033203125000e-03
-6.648933887481689453e-02
-1.656718254089355469e-01
-1.337777614593505859e+00
-2.518650054931640625e+00
-5.910229682922363281e-02
-8.028888702392578125e-02
-2.481473684310913086e+00
-1.821959495544433594e+00
-7.578217983245849609e-02
-7.039439678192138672e-02
-7.652416229248046875e-01
-1.785165309906005859e+00
-1.169328689575195312e+00
-2.244473695755004883e-01
1.655043363571166992e-01
2.973646521568298340e-01
-2.656136751174926758e-01
-2.846245765686035156e-01
5.374439954757690430e-01
-1.149115920066833496e+00
1.137894392013549805e-01
-3.819676637649536133e-01
3.410952091217041016e-01
-1.364024877548217773e+00
-2.413267612457275391e+00
5.236799716949462891e-01
1.161014795303344727e+00
-5.999394655227661133e-01
-2.923120856285095215e-01
-2.529570341110229492e+00
-1.504642963409423828e-01
-8.261675834655761719e-01
-1.526554822921752930e-01
-2.736186981201171875e-02
2.391645014286041260e-01
-4.913529157638549805e-01
1.083463191986083984e+00
-2.476212501525878906e+00
-3.813816905021667480e-01
-1.956353187561035156e-01
1.023619055747985840e+00
4.307429790496826172e-01
-4.101402759552001953e-01
1.847697496414184570e-01
-1.026144981384277344e+00
1.766184568405151367e-01
-1.009716391563415527e+00
8.625541925430297852e-01
-4.662988185882568359e-01
-5.729531645774841309e-01
-4.773086905479431152e-01
6.985196471214294434e-01
-1.406043052673339844e+00
-6.307653188705444336e-01
7.998195290565490723e-01
