4.757017612457275391e+00
-2.380700111389160156e-01
-1.161608695983886719e-01
-2.481368780136108398e-01
4.536195755004882812e+00
5.098450183868408203e-01
3.643502712249755859e+00
1.248450756072998047e+00
1.151818752288818359e+00
-3.713709712028503418e-01
-2.997572422027587891e-01
-4.396627545356750488e-01
-2.036634385585784912e-01
2.450452566146850586e+00
6.690597534179687500e-02
-2.542234420776367188e+00
3.611350059509277344e-01
2.345534563064575195e-01
9.714989066123962402e-01
2.867664098739624023e-01
4.878385543823242188e+00
1.418430685997009277e+00
5.590853691101074219e-01
-2.170683741569519043e-01
-7.756404876708984375e-01
-5.012444853782653809e-01
-2.790154457092285156e+00
1.527141332626342773e-01
4.993068575859069824e-01
4.122236967086791992e-01
4.894258975982666016e+00
2.233531475067138672e-01
1.248284220695495605e+00
7.616726160049438477e-01
-1.530100822448730469e+00
8.131337165832519531e-02
4.120480537414550781e+00
1.341542720794677734e+00
-2.319002151489257812e-01
5.000877380371093750e-01
2.451151311397552490e-01
4.322678565979003906e+00
-4.078747034072875977e-01
1.780292391777038574e-01
-3.203828334808349609e-01
-7.812702655792236328e-01
9.358490705490112305e-01
4.384139060974121094e+00
4.116484165191650391e+00
4.474191069602966309e-01
2.887306928634643555e+00
1.007828354835510254e+00
-1.211673140525817871e+00
-4.134241342544555664e-01
4.709683895111083984e+00
3.128506183624267578e+00
1.831668019294738770e+00
-1.103834867477416992e+00
1.296095252037048340e-01
-8.943368196487426758e-01
1.037279129028320312e+00
3.856273651123046875e+00
1.741583824157714844e+00
-2.328583002090454102e+00
1.875672698020935059e+00
8.603231906890869141e-01
1.643648445606231689e-01
1.614744067192077637e+00
4.062546491622924805e-01
-1.628458261489868164e+00
-1.016408562660217285e+00
9.636409282684326172e-01
4.632222652435302734e-01
5.000000000000000000e+00
-1.267539262771606445e+00
5.218384265899658203e-01
-9.596071243286132812e-01
-1.103026628494262695e+00
1.497925281524658203e+00
1.056868076324462891e+00
1.430859923362731934e+00
1.067057013511657715e+00
7.863190770149230957e-01
-3.687900304794311523e-01
2.229812741279602051e-01
1.946369886398315430e+00
5.903993844985961914e-01
-5.970194339752197266e-01
6.249196529388427734e-01
-3.645443916320800781e-01
3.505433797836303711e+00
-4.312430024147033691e-01
-2.619410991668701172e+00
2.285412251949310303e-01
-2.512216567993164062e-01
-1.046854138374328613e+00
5.294758677482604980e-01
2.203500270843505859e-01
-9.196472167968750000e-01
7.545800209045410156e-01
-5.754602551460266113e-01
8.834195137023925781e-02
5.000000000000000000e+00
6.053427457809448242e-01
3.804241895675659180e+00
7.404839992523193359e-01
7.893194556236267090e-01
-1.622974872589111328e-01
4.767580926418304443e-01
7.868194580078125000e-02
-1.455867290496826172e-01
1.627723574638366699e-01
3.122473001480102539e+00
-1.369000673294067383e+00
1.134990811347961426e+00
-2.974619269371032715e-01
5.619585514068603516e-02
-1.026025056838989258e+00
1.718957185745239258e+00
-6.242763996124267578e-01
1.649403572082519531e+00
1.738444566726684570e-01
-8.431364893913269043e-01
1.286954402923583984e+00
9.479154348373413086e-01
7.724165320396423340e-01
5.153180360794067383e-01
1.088136792182922363e+00
1.117736935615539551e+00
5.159121751785278320e-01
9.566118121147155762e-01
1.579803228378295898e-01
3.897641301155090332e-01
-1.836150884628295898e-01
1.545583486557006836e+00
5.000000000000000000e+00
1.596053242683410645e-01
-3.862847685813903809e-01
1.856216430664062500e+00
-6.332900524139404297e-01
1.431975364685058594e+00
1.887751579284667969e+00
-6.854865550994873047e-01
1.615690112113952637e+00
2.063196420669555664e+00
-4.349017143249511719e-01
2.904967665672302246e-01
4.747666835784912109e+00
3.978533983230590820e+00
5.000000000000000000e+00
5.124515295028686523e-01
-1.150467753410339355e+00
9.421408176422119141e-03
2.729304313659667969e+00
-2.131054401397705078e+00
8.276954889297485352e-01
-7.766118645668029785e-01
2.378550767898559570e-01
2.177119016647338867e+00
-8.413444757461547852e-01
2.465200424194335938e-02
-4.921602606773376465e-01
4.303525447845458984e+00
2.342057228088378906e+00
8.352994918823242188e-01
-4.101331233978271484e-01
9.128864407539367676e-01
-1.295091152191162109e+00
7.948040962219238281e-02
-1.344271898269653320e-01
-1.626220941543579102e-01
-2.332022786140441895e-01
1.216761350631713867e+00
4.042969703674316406e+00
-2.350661754608154297e-01
-1.423899650573730469e+00
4.206204414367675781e-01
4.962801933288574219e-03
2.966018199920654297e+00
1.214880347251892090e+00
5.000000000000000000e+00
-5.250536799430847168e-01
2.200200080871582031e+00
-6.997491717338562012e-01
6.820023655891418457e-01
2.198014736175537109e+00
-4.853724241256713867e-01
-9.487748146057128906e-02
4.163312911987304688e-02
-1.006871700286865234e+00
-1.915456175804138184e+00
1.224188804626464844e-01
-4.862020492553710938e+00
3.782137334346771240e-01
2.900135517120361328e-02
-4.299871921539306641e-01
-6.433653831481933594e-02
-9.005248546600341797e-02
-3.132158517837524414e-01
-1.113407731056213379e+00
-4.923151135444641113e-01
-5.507730484008789062e+00
-2.609705924987792969e+00
-1.814608573913574219e-01
-7.452734708786010742e-01
5.000000000000000000e+00
4.094643592834472656e-01
5.000000000000000000e+00
-1.815402507781982422e-01
3.521421194076538086e+00
1.990235805511474609e+00
-6.229829788208007812e-02
-4.404388666152954102e-01
4.780647754669189453e-01
4.661803245544433594e-01
2.460863590240478516e-01
-1.983590126037597656e-01
-1.031543016433715820e-01
-6.171169877052307129e-01
5.450534820556640625e-02
2.336055278778076172e+00
1.236590385437011719e+00
6.470627784729003906e-01
9.243175387382507324e-01
1.757068634033203125e-01
2.016566276550292969e+00
-5.045862197875976562e-01
3.515598773956298828e-01
2.416481733322143555e+00
1.402402162551879883e+00
3.010018587112426758e+00
2.279983758926391602e+00
4.453279018402099609e+00
2.928294181823730469e+00
1.303598284721374512e+00
-4.425196647644042969e-01
-1.244480967521667480e+00
-6.644368171691894531e-03
-1.141458749771118164e-01
-4.703031778335571289e-01
1.367584168910980225e-01
3.624849319458007812e+00
-4.793990254402160645e-01
9.429004788398742676e-01
4.864520072937011719e+00
-2.021137237548828125e+00
-8.659630417823791504e-01
6.079778671264648438e-01
-1.199790716171264648e+00
-1.314428091049194336e+00
-3.285729885101318359e-02
1.065804004669189453e+00
-1.277174949645996094e-01
4.864915370941162109e+00
6.339970231056213379e-01
-2.270386219024658203e-01
-3.102993071079254150e-01
6.904193162918090820e-01
-1.704287528991699219e-01
-1.689168453216552734e+00
-2.090754270553588867e+00
9.788691997528076172e-02
-6.061315536499023438e-01
-4.247779250144958496e-01
-1.666213274002075195e+00
5.256502628326416016e-01
4.033205986022949219e+00
-3.914833068847656250e-03
4.278546810150146484e+00
5.000000000000000000e+00
-1.049614191055297852e+00
-2.346519231796264648e-01
1.091024875640869141e-01
4.682399034500122070e-01
1.175106167793273926e+00
5.000000000000000000e+00
-1.519839286804199219e+00
1.410948038101196289e+00
1.093172073364257812e+00
2.766169548034667969e+00
1.092970252037048340e+00
4.484125137329101562e+00
3.257482945919036865e-01
1.078855991363525391e-02
1.476867198944091797e-01
4.394299983978271484e-01
4.222499370574951172e+00
4.902038097381591797e+00
2.565715312957763672e-01
3.343014121055603027e-01
-1.296298742294311523e+00
-2.057595849037170410e-01
1.461336970329284668e+00
5.000000000000000000e+00
1.046056509017944336e+00
5.000000000000000000e+00
2.751000523567199707e-01
4.972770690917968750e+00
6.025028228759765625e-02
1.322485446929931641e+00
-3.366869390010833740e-01
4.216811180114746094e+00
-1.817361593246459961e+00
1.099924921989440918e+00
-1.746811866760253906e-01
9.282665252685546875e-01
3.905215740203857422e+00
3.458072543144226074e-01
4.098205566406250000e-01
1.020465135574340820e+00
1.651182532310485840e+00
3.429462909698486328e+00
1.238088607788085938e+00
8.969604969024658203e-02
-1.540446281433105469e-02
-6.448703408241271973e-01
5.000000000000000000e+00
1.669172167778015137e+00
3.471862077713012695e+00
1.731673598289489746e+00
-1.517529845237731934e+00
8.003410100936889648e-01
2.064343452453613281e+00
1.138759613037109375e+00
2.864674925804138184e-01
2.410450220108032227e+00
-1.447511315345764160e-01
1.236703395843505859e+00
-5.502821207046508789e-01
1.090332746505737305e+00
-1.068498134613037109e+00
-9.944221973419189453e-01
5.280607938766479492e-01
-2.212688922882080078e-01
-9.896056652069091797e-01
2.324266195297241211e+00
2.371238470077514648e-01
2.186993837356567383e+00
-1.796504855155944824e-02
-1.003892064094543457e+00
4.098865985870361328e-01
3.889767169952392578e+00
2.806777954101562500e+00
-8.473966121673583984e-01
5.087631940841674805e-01
-2.630370855331420898e-01
1.227240443229675293e+00
-8.022478818893432617e-01
2.439851284027099609e+00
8.502995967864990234e-02
1.081086397171020508e-01
1.763458490371704102e+00
-2.144800424575805664e-01
2.885061264038085938e+00
4.429811835289001465e-01
-5.835583209991455078e-01
2.359200716018676758e-01
5.000000000000000000e+00
7.443920969963073730e-01
1.832013607025146484e+00
4.754111289978027344e+00
4.029069423675537109e+00
4.237491607666015625e+00
2.161139011383056641e+00
-4.590004682540893555e-02
5.000000000000000000e+00
6.369848251342773438e-01
-2.310851097106933594e+00
-1.289452314376831055e-01
5.564618110656738281e-02
1.155246257781982422e+00
1.627101898193359375e+00
-6.777012348175048828e-01
7.485800981521606445e-02
-3.572765588760375977e-01
-1.896971225738525391e+00
-1.250694990158081055e-01
-4.658364057540893555e-01
-1.455878496170043945e+00
-1.180038452148437500e-01
1.366664886474609375e+00
1.950940608978271484e+00
1.903205394744873047e+00
2.592108249664306641e+00
5.000000000000000000e+00
4.615263938903808594e+00
-6.005059480667114258e-01
2.377097606658935547e-01
1.588135123252868652e+00
-5.993790626525878906e-01
5.955135822296142578e-01
-1.212223410606384277e+00
-1.688256978988647461e+00
-8.358976840972900391e-01
-1.921749711036682129e+00
9.674668312072753906e-01
2.695409059524536133e+00
-1.141927003860473633e+00
-5.854489803314208984e-01
1.486390829086303711e-01
9.248815178871154785e-01
4.083383083343505859e+00
1.194293975830078125e+00
9.695786833763122559e-01
1.201384902000427246e+00
-1.208960056304931641e+00
-5.880401134490966797e-01
-2.055155038833618164e-01
-2.178474664688110352e-01
7.330789566040039062e-01
2.670900821685791016e-01
3.519258499145507812e-01
7.105728387832641602e-01
4.637769222259521484e+00
3.900068759918212891e+00
-9.008044004440307617e-01
2.862456321716308594e+00
-3.956938982009887695e-01
5.844965577125549316e-01
1.478756904602050781e+00
-3.473711609840393066e-01
-1.116147041320800781e-01
2.048843860626220703e+00
-2.500265836715698242e-01
4.630610346794128418e-01
4.636287689208984375e-03
5.000000000000000000e+00
3.348647356033325195e-01
4.112017154693603516e-02
4.719516038894653320e-01
5.000000000000000000e+00
5.000000000000000000e+00
4.132895469665527344e-01
1.769134759902954102e+00
2.286182045936584473e-01
-6.376810073852539062e-01
4.066046237945556641e+00
1.167656540870666504e+00
1.899594545364379883e+00
-3.108248949050903320e+00
7.739269733428955078e-01
5.000000000000000000e+00
-6.662766337394714355e-01
3.096293807029724121e-01
4.166751861572265625e+00
2.950716018676757812e-02
-3.613123893737792969e-01
1.206512331962585449e+00
-8.234359025955200195e-01
5.439634919166564941e-01
-1.440640807151794434e+00
1.154445648193359375e+00
5.000000000000000000e+00
-3.748581647872924805e+00
-6.511763334274291992e-01
-4.983732104301452637e-01
1.160332083702087402e+00
3.855005264282226562e+00
5.885090231895446777e-01
2.829133272171020508e-01
-4.033626317977905273e-01
3.319926023483276367e+00
1.171116948127746582e+00
-3.926655054092407227e-01
-4.659092426300048828e-02
7.592158913612365723e-01
-1.429764032363891602e-01
1.516706466674804688e+00
-8.850370049476623535e-01
1.011712789535522461e+00
-1.826894283294677734e-02
-6.269221305847167969e-01
-3.568013906478881836e-01
2.791065216064453125e+00
-7.010481357574462891e-01
-1.314371824264526367e-01
4.402697086334228516e-01
4.165621280670166016e+00
4.057963371276855469e+00
6.173124909400939941e-01
-1.605083346366882324e+00
1.939842104911804199e-01
-2.174403190612792969e+00
-4.821227788925170898e-01
2.427408695220947266e+00
2.138115406036376953e+00
-1.055000066757202148e+00
1.364944815635681152e+00
4.746261835098266602e-01
-1.439602375030517578e-01
2.230535149574279785e-01
9.409081935882568359e-02
1.627935647964477539e+00
3.970314860343933105e-01
-8.085870742797851562e-02
5.838320255279541016e-01
3.259115219116210938e+00
4.728308022022247314e-01
-1.702348470687866211e+00
2.791042327880859375e+00
-1.445742249488830566e-01
-1.674203872680664062e+00
-1.447164416313171387e+00
-2.401479482650756836e-01
9.150946736335754395e-01
4.616572856903076172e+00
-1.738759279251098633e-01
2.562988996505737305e-01
7.699507474899291992e-01
8.242692947387695312e-01
1.255665898323059082e+00
3.732532262802124023e-02
-1.513845324516296387e+00
1.173452138900756836e-01
4.351702690124511719e+00
-5.539644956588745117e-01
-1.127667784690856934e+00
5.611324310302734375e-02
4.636404812335968018e-01
1.445242166519165039e+00
2.844562530517578125e+00
2.025113821029663086e+00
-1.505113601684570312e+00
4.871533870697021484e+00
-1.087424755096435547e-01
-2.718589305877685547e-01
-3.038505315780639648e-01
-1.140830516815185547e+00
1.810623884201049805e+00
3.126370906829833984e-01
-1.876742362976074219e+00
4.399369239807128906e+00
1.151217222213745117e+00
5.141328573226928711e-01
2.855122566223144531e+00
-1.669497966766357422e+00
6.596614122390747070e-01
2.074706554412841797e-01
3.876166343688964844e-01
-1.148296236991882324e+00
1.398113250732421875e+00
9.760677814483642578e-02
7.166584730148315430e-01
-1.213060617446899414e+00
-5.325720310211181641e-01
8.146214485168457031e-01
5.000000000000000000e+00
4.063604354858398438e+00
-6.633176803588867188e-01
-1.096307992935180664e+00
-2.567654848098754883e-02
8.583250045776367188e-01
3.259812593460083008e-01
-8.188235759735107422e-02
5.000000000000000000e+00
5.000000000000000000e+00
1.084934353828430176e+00
-8.452640175819396973e-01
-6.782328486442565918e-01
6.894725561141967773e-02
-1.958087682723999023e-01
-1.741282939910888672e+00
-2.477215528488159180e-01
2.288057804107666016e-01
-1.600431680679321289e+00
3.360415697097778320e+00
4.037626743316650391e+00
-3.695044517517089844e-01
3.352227210998535156e-01
-1.205308437347412109e+00
-1.806453466415405273e-01
-8.266187906265258789e-01
-7.388702630996704102e-01
1.545491218566894531e-01
-1.007226347923278809e+00
-9.564824104309082031e-01
-1.788005828857421875e-01
1.844481468200683594e+00
2.276083946228027344e+00
1.512658238410949707e+00
-2.908082008361816406e-01
2.613120079040527344e-01
4.506256103515625000e+00
1.500511169433593750e-01
3.022882461547851562e+00
6.271894574165344238e-01
-3.104093074798583984e+00
1.709780335426330566e+00
2.855591535568237305e+00
-3.179854393005371094e+00
-5.061761140823364258e-01
-6.528822183609008789e-01
1.425549745559692383e+00
-3.991057872772216797e-01
4.924559593200683594e-02
1.557239294052124023e-01
-5.684539079666137695e-01
3.530179262161254883e-01
-7.349501252174377441e-01
5.000000000000000000e+00
2.278960227966308594e+00
4.521997451782226562e+00
6.492307186126708984e-01
7.018037438392639160e-01
7.584612369537353516e-01
-3.230696916580200195e-01
3.833796977996826172e-01
-3.017361402511596680e+00
-1.458143591880798340e-01
-4.071816205978393555e-01
2.288417816162109375e-01
1.643687844276428223e+00
-2.498821616172790527e-01
1.075507164001464844e+00
2.583817005157470703e+00
-1.115650415420532227e+00
-9.272084236145019531e-01
2.444298028945922852e+00
6.108092069625854492e-01
1.003349781036376953e+00
1.643839597702026367e+00
9.382736682891845703e-02
1.258667945861816406e+00
3.498645067214965820e+00
5.670099258422851562e-01
-1.569205045700073242e+00
4.702946841716766357e-01
1.430608749389648438e+00
4.377784729003906250e+00
2.206355333328247070e-01
-8.603698611259460449e-01
-7.265201807022094727e-01
-1.016122102737426758e-02
1.236488819122314453e-01
-7.836793661117553711e-01
-3.440904617309570312e-02
1.159217119216918945e+00
1.477932691574096680e+00
3.439590930938720703e+00
-1.017920970916748047e+00
-1.519773244857788086e+00
4.666337013244628906e+00
-1.664223670959472656e-01
-9.554184675216674805e-01
3.756997585296630859e-01
4.551108360290527344e+00
4.942169785499572754e-01
9.176732301712036133e-01
-2.300900697708129883e+00
3.652541041374206543e-01
2.483808994293212891e-02
4.674208164215087891e+00
-5.639206171035766602e-01
-4.497705698013305664e-01
4.503177642822265625e+00
1.867558956146240234e-01
8.665299415588378906e-02
-1.507799625396728516e-01
-5.973067283630371094e-01
-1.027996301651000977e+00
1.192135572433471680e+00
-1.654630899429321289e-01
-2.997789978981018066e-01
1.919382810592651367e-01
3.317587375640869141e-01
7.028701901435852051e-01
1.040474653244018555e+00
-1.614320278167724609e+00
-1.006967067718505859e+00
9.700771570205688477e-01
-2.981075048446655273e-01
2.072817087173461914e-01
4.674454927444458008e-01
5.000000000000000000e+00
7.173835635185241699e-01
2.032343149185180664e-01
-9.174890518188476562e-01
4.501685142517089844e+00
8.737547993659973145e-01
-4.032101631164550781e-01
-8.856526613235473633e-01
-3.851977586746215820e-01
1.666529536247253418e+00
-1.795995831489562988e-01
-2.060193538665771484e+00
5.000000000000000000e+00
4.417634010314941406e-01
-2.565162777900695801e-01
-5.203347206115722656e-01
3.868886470794677734e+00
-3.968548774719238281e-01
2.199929714202880859e+00
2.739416360855102539e-01
1.989585161209106445e+00
5.000000000000000000e+00
8.799576759338378906e-02
3.947600364685058594e+00
7.501252889633178711e-01
2.182489871978759766e+00
1.118827104568481445e+00
1.827917098999023438e-01
9.644058942794799805e-01
6.219588518142700195e-01
-9.692343473434448242e-01
2.961728334426879883e+00
1.479873061180114746e-01
4.993102550506591797e-01
5.365670919418334961e-01
1.407415866851806641e+00
2.731987953186035156e+00
4.683176040649414062e+00
8.381879329681396484e-01
1.742927551269531250e+00
4.510262489318847656e+00
-1.516673088073730469e+00
2.018833637237548828e+00
6.761634349822998047e-01
-2.782267332077026367e-02
4.439334869384765625e+00
-1.154577016830444336e+00
-1.094323396682739258e-01
6.241109371185302734e-01
1.150262594223022461e+00
7.946885824203491211e-01
-1.390341520309448242e+00
-3.388890027999877930e-01
-8.337881565093994141e-01
1.054722666740417480e+00
2.201535701751708984e+00
1.021348953247070312e+00
8.711736202239990234e-01
1.098635077476501465e+00
3.713207244873046875e-01
2.430138111114501953e+00
2.118867635726928711e+00
2.634121179580688477e-01
4.868349552154541016e+00
7.685828208923339844e-02
1.798253417015075684e+00
-2.475464344024658203e-01
-4.651532173156738281e-01
-1.317547798156738281e+00
2.028412818908691406e+00
2.382937669754028320e-01
2.069530487060546875e+00
3.494036197662353516e-02
-4.198809862136840820e-01
1.133425951004028320e+00
-3.240302801132202148e-01
-8.180010914802551270e-01
1.807053685188293457e-01
4.046807289123535156e-01
1.874092459678649902e+00
4.433339834213256836e-01
-1.013964772224426270e+00
-8.252513408660888672e-02
2.331819772720336914e+00
6.051005125045776367e-01
3.841128826141357422e+00
3.456464409828186035e-01
1.316010713577270508e+00
3.005317449569702148e-01
-6.226515769958496094e-02
-1.347330808639526367e-01
3.572500944137573242e-01
2.953664958477020264e-01
-4.064779281616210938e-01
3.882246494293212891e+00
1.347725152969360352e+00
-1.274308800697326660e+00
9.549801945686340332e-01
3.923822641372680664e-01
3.081207990646362305e+00
1.826832294464111328e-01
-3.898916244506835938e-01
1.082654714584350586e+00
1.068312525749206543e+00
5.000000000000000000e+00
4.067026376724243164e-01
-4.925191402435302734e-02
-4.487919807434082031e-02
2.599724769592285156e+00
-4.755965769290924072e-01
2.070585966110229492e+00
2.139552116394042969e+00
-9.540385603904724121e-01
-1.408418893814086914e+00
4.954781532287597656e+00
-1.533066034317016602e+00
-3.877239227294921875e-01
3.259217739105224609e-02
1.085173726081848145e+00
-2.347427845001220703e+00
3.978864192962646484e+00
3.680615663528442383e+00
3.892249584197998047e+00
-2.345118999481201172e+00
-4.485690593719482422e-02
4.225087642669677734e+00
-8.205831050872802734e-03
-2.855856716632843018e-02
3.413887739181518555e+00
-6.995439529418945312e-01
1.476454257965087891e+00
3.675732612609863281e-01
-2.794179916381835938e-01
-3.937259912490844727e-01
8.123545646667480469e-01
3.024421930313110352e-01
1.330968737602233887e+00
-5.890944600105285645e-01
2.280173301696777344e+00
6.519330739974975586e-01
2.454676151275634766e+00
2.403352260589599609e+00
3.736465454101562500e+00
1.460169792175292969e+00
-3.533036708831787109e-01
5.839002132415771484e-02
-1.920011758804321289e+00
3.997532367706298828e+00
5.000000000000000000e+00
4.306083917617797852e-01
6.639863252639770508e-01
-7.325744628906250000e-02
9.854459762573242188e-02
6.543771028518676758e-01
2.998911142349243164e+00
2.209808826446533203e-01
1.857097148895263672e-01
2.626800298690795898e+00
4.548869132995605469e-01
-4.362418174743652344e+00
6.940720081329345703e-01
-1.059923887252807617e+00
-1.585760116577148438e-01
3.265380859375000000e-01
4.631395339965820312e+00
-1.683754444122314453e+00
4.710334539413452148e-01
-1.936753034591674805e+00
1.511228561401367188e+00
-2.465534210205078125e-01
-7.806835770606994629e-01
9.204227924346923828e-01
-7.862660288810729980e-01
5.474376678466796875e-02
2.529205322265625000e+00
1.332764387130737305e+00
6.491225957870483398e-01
1.580452203750610352e+00
6.828761100769042969e-01
5.915166735649108887e-01
-3.651124238967895508e-01
1.056549072265625000e+00
1.723199129104614258e+00
-2.473899841308593750e+00
1.838029384613037109e+00
5.125277042388916016e-01
5.422425270080566406e-01
-8.849016427993774414e-01
-5.847816467285156250e-01
4.745278358459472656e-01
-8.731288909912109375e-01
-3.983247280120849609e-02
-2.631878852844238281e-02
-3.774533271789550781e-01
3.248453140258789062e-02
-1.203865051269531250e+00
5.000000000000000000e+00
4.485455513000488281e+00
6.467324495315551758e-01
-7.099096775054931641e-01
4.583829879760742188e+00
-7.325888872146606445e-01
-3.930898904800415039e-01
-1.395383238792419434e+00
-1.113077998161315918e-02
7.516944408416748047e-02
1.020042181015014648e+00
-1.359179735183715820e+00
7.541770935058593750e-01
-2.160204648971557617e+00
-1.064762830734252930e+00
1.668077707290649414e-01
-2.825944423675537109e-01
-1.713258326053619385e-01
-1.711852550506591797e-01
2.035382270812988281e+00
-4.485027790069580078e-01
4.346494197845458984e+00
1.671286344528198242e+00
-1.177363991737365723e+00
-1.020223855972290039e+00
-3.368383646011352539e-01
2.411725521087646484e+00
2.953650474548339844e+00
4.809553623199462891e-01
1.457383394241333008e+00
3.056467294692993164e+00
-4.604645967483520508e-01
1.920337080955505371e-01
1.030505895614624023e+00
2.452613353729248047e+00
6.171585321426391602e-01
5.976672172546386719e-01
-7.489858865737915039e-01
6.668321490287780762e-01
4.685540676116943359e+00
3.471183300018310547e+00
