-1.472506284713745117e+00
-6.677511930465698242e-01
1.172423362731933594e-02
-3.518518209457397461e-01
5.422132015228271484e-01
1.022494196891784668e+00
4.194287061691284180e-01
-4.240524768829345703e-01
8.775315284729003906e-01
-1.131741166114807129e+00
-6.234610080718994141e-01
4.250432848930358887e-01
-1.352424621582031250e-01
9.246420860290527344e-02
-6.394461393356323242e-01
-6.164588928222656250e-01
-1.264752984046936035e+00
-6.999874711036682129e-01
1.744022607803344727e+00
-1.610425233840942383e+00
-1.515088319778442383e+00
-1.280393242835998535e+00
8.301508426666259766e-01
-4.664611816406250000e-01
-2.906733274459838867e+00
4.457534551620483398e-01
-1.484809994697570801e+00
-2.116663455963134766e+00
-1.082382917404174805e+00
1.097863316535949707e+00
-1.270205020904541016e+00
5.203795433044433594e-01
-9.504692554473876953e-01
-2.167626857757568359e+00
-1.108563542366027832e-01
-3.363287210464477539e+00
4.079633951187133789e-01
-4.009164571762084961e-01
6.373915672302246094e-01
-5.437703132629394531e-01
3.900978565216064453e-01
-3.687366247177124023e-01
-4.672658443450927734e-02
-1.131879687309265137e-01
2.034735679626464844e-01
-8.250287771224975586e-01
-1.585918188095092773e+00
-3.586750030517578125e-01
8.089768886566162109e-02
-5.879377126693725586e-01
2.238745689392089844e-01
-2.817482948303222656e+00
-3.570875167846679688e+00
-1.210130214691162109e+00
-1.625337958335876465e+00
-1.051224946975708008e+00
2.430068016052246094e+00
-1.415647506713867188e+00
2.238111495971679688e-01
-1.006873726844787598e+00
-1.168859601020812988e+00
-3.553301692008972168e-01
-7.046031951904296875e-01
-1.315522909164428711e+00
-1.703575015068054199e+00
-1.467282295227050781e+00
-2.909059524536132812e+00
-7.829058170318603516e-02
-6.103789806365966797e-02
1.138489842414855957e-01
-3.888205289840698242e-01
5.489510297775268555e-01
-1.103579282760620117e+00
7.035368680953979492e-02
-2.427490949630737305e-01
-2.169494152069091797e+00
3.788366913795471191e-01
-8.244426250457763672e-01
7.132761478424072266e-01
8.584339618682861328e-01
-1.237003087997436523e+00
-1.250468969345092773e+00
-1.611473798751831055e+00
-4.840856790542602539e-01
4.980170726776123047e-02
-3.144399642944335938e+00
6.460329294204711914e-01
-1.165360212326049805e-01
8.696563839912414551e-01
-1.540049910545349121e+00
3.867965340614318848e-01
2.450700998306274414e-01
-1.325227737426757812e+00
-6.815335750579833984e-01
-1.592484712600708008e-01
8.234573602676391602e-01
-3.833742141723632812e-01
-1.758041858673095703e+00
-4.269629716873168945e-02
-1.286817193031311035e+00
5.885040760040283203e-01
-1.505241394042968750e-01
-7.988655567169189453e-01
-4.713515639305114746e-01
-2.627513408660888672e+00
8.407687544822692871e-01
-1.864604473114013672e+00
1.359699010848999023e+00
-4.089395999908447266e-01
-1.851634621620178223e+00
-1.494844198226928711e+00
-3.625047206878662109e-02
-1.277586698532104492e+00
-1.479124784469604492e+00
4.956078529357910156e-02
7.321512699127197266e-02
-1.411188960075378418e+00
-1.234406590461730957e+00
-1.873569011688232422e+00
-1.680145502090454102e+00
1.666939377784729004e+00
9.190529584884643555e-01
-2.491641044616699219e-02
-1.332055330276489258e-01
-1.201215624809265137e+00
-1.169133663177490234e+00
-2.261572360992431641e+00
5.481970310211181641e-01
-2.949240207672119141e-01
2.138876914978027344e-02
-1.656813025474548340e+00
-1.086327075958251953e+00
9.168089032173156738e-01
-2.102345228195190430e-03
-8.620479106903076172e-01
-1.679920792579650879e+00
2.671607136726379395e-01
4.009668827056884766e-01
2.669149637222290039e-02
9.224582910537719727e-01
3.563925027847290039e-01
-8.987991809844970703e-01
-1.957899093627929688e+00
-1.607807040214538574e+00
-1.605970740318298340e+00
-1.507065892219543457e-01
-1.324965953826904297e-01
-7.997725009918212891e-01
-3.623499870300292969e-01
1.369393467903137207e-01
-4.210967063903808594e+00
1.218127131462097168e+00
-8.163542747497558594e-01
-3.243526935577392578e+00
-9.387304782867431641e-01
-2.990186214447021484e+00
5.509394407272338867e-01
2.110954046249389648e+00
-1.339466094970703125e+00
1.404082775115966797e-02
-7.512463331222534180e-01
-7.129004001617431641e-01
1.574712872505187988e+00
-1.013543248176574707e+00
9.234037995338439941e-02
-1.812938928604125977e+00
5.903717279434204102e-01
8.684840202331542969e-01
-3.569384813308715820e-01
-7.307779788970947266e-01
-1.124436855316162109e-01
-7.686315774917602539e-01
-5.291793346405029297e-01
-8.802444934844970703e-01
8.916747570037841797e-01
-7.237762212753295898e-02
-1.625093221664428711e+00
-5.992794036865234375e-01
-1.214888930320739746e+00
-3.560779094696044922e-01
-1.436369657516479492e+00
-9.629482030868530273e-01
9.260652065277099609e-01
2.194395065307617188e+00
4.070383310317993164e-01
-2.548329830169677734e-01
-9.214457273483276367e-01
-3.138548135757446289e-01
-6.736907958984375000e-01
3.050513267517089844e-01
-8.508088588714599609e-01
-8.780754804611206055e-01
7.656321525573730469e-01
5.169233083724975586e-01
3.146855831146240234e-01
-4.506349563598632812e-01
-1.170505762100219727e+00
-1.398770809173583984e-01
-1.295773625373840332e+00
4.251465797424316406e-01
-1.334254980087280273e+00
1.971065998077392578e-03
5.552539825439453125e-01
-2.447742223739624023e-01
-1.340653419494628906e+00
-9.145938754081726074e-01
-1.300149917602539062e+00
-1.534627318382263184e+00
6.734445691108703613e-01
2.792055606842041016e-01
-7.368576526641845703e-02
1.553041696548461914e+00
-3.176243305206298828e+00
-1.103628396987915039e+00
-2.368222773075103760e-01
-5.619947910308837891e-01
-1.314883947372436523e+00
-8.092406988143920898e-01
-7.101510763168334961e-01
7.902147769927978516e-01
-1.890199661254882812e+00
-1.007702350616455078e+00
-1.733178973197937012e+00
-1.273479461669921875e-01
-5.246586799621582031e+00
7.679997682571411133e-01
-1.153125047683715820e+00
-5.638207197189331055e-01
-9.772064089775085449e-01
3.476068973541259766e-01
1.553858280181884766e+00
1.873372673988342285e+00
2.004063129425048828e-01
-4.307868480682373047e-01
3.750692009925842285e-01
5.667393207550048828e-01
-8.080637454986572266e-02
1.133745312690734863e+00
1.230032563209533691e+00
-1.464595079421997070e+00
5.227239131927490234e-01
1.611821949481964111e-01
-9.071471691131591797e-01
1.700317740440368652e+00
2.352867126464843750e-01
-2.787106037139892578e-01
-3.578252792358398438e-01
-7.525358200073242188e-01
-2.373439073562622070e-01
5.749772787094116211e-01
-3.327038884162902832e-01
3.672603666782379150e-01
-1.034460902214050293e+00
-2.233643531799316406e-01
-2.334970712661743164e+00
-2.418751716613769531e-01
-5.626401901245117188e-01
-1.189821481704711914e+00
-1.718789935111999512e+00
-2.445832967758178711e+00
-3.457644581794738770e-01
6.194269657135009766e-02
-1.298012375831604004e+00
1.443202495574951172e-01
5.834461450576782227e-01
-2.244357109069824219e+00
-3.424105167388916016e+00
-1.361427068710327148e+00
2.773613929748535156e-01
-1.301485419273376465e+00
-4.296121597290039062e-01
-6.191915273666381836e-02
-1.084965467453002930e+00
4.655599594116210938e-03
-6.953192949295043945e-01
-5.116815567016601562e-01
2.585190534591674805e-02
-1.072015762329101562e-01
-1.621240735054016113e+00
-6.646775007247924805e-01
-1.261988401412963867e+00
1.991474628448486328e-02
3.889060020446777344e-02
-1.154223442077636719e+00
-1.830248117446899414e+00
-1.877254247665405273e+00
3.856517076492309570e-01
-2.191352605819702148e+00
-5.034217834472656250e-01
2.538078427314758301e-01
-1.243738412857055664e+00
9.940087199211120605e-01
-3.222332477569580078e+00
-1.218570232391357422e+00
7.331325411796569824e-01
-4.161186218261718750e-01
-8.188036680221557617e-01
6.971653699874877930e-01
-4.446263313293457031e-01
-3.006999492645263672e-01
-1.624714255332946777e+00
6.447601318359375000e-01
2.928591668605804443e-01
7.309685945510864258e-01
-1.294562816619873047e+00
-1.319408178329467773e+00
1.508748531341552734e-02
-5.898303985595703125e-01
-2.533410549163818359e+00
5.297307968139648438e-01
-9.667040109634399414e-01
2.035809755325317383e-01
-4.198338985443115234e-01
-1.434608221054077148e+00
-1.313053131103515625e+00
-2.323856353759765625e-01
-7.187862992286682129e-01
-2.074728012084960938e-01
1.414955139160156250e+00
1.500879883766174316e+00
-1.422098040580749512e+00
-1.248361587524414062e+00
3.416056632995605469e-01
1.539927124977111816e-01
-1.468221306800842285e+00
-1.033828735351562500e+00
2.343950271606445312e-01
-7.839245796203613281e-01
-2.875509262084960938e+00
-4.147542715072631836e-01
8.973693847656250000e-02
-5.460369586944580078e-02
-4.501761794090270996e-01
-3.502388000488281250e-01
-1.009774446487426758e+00
-6.154294013977050781e-01
6.344048976898193359e-01
-2.128095030784606934e-01
-9.190185070037841797e-01
1.220269918441772461e+00
-2.761740684509277344e-01
1.577579975128173828e+00
-1.231442689895629883e-01
-7.585500478744506836e-01
1.705859303474426270e-01
1.090795993804931641e-01
1.468912601470947266e+00
1.169759750366210938e+00
-3.366696834564208984e-02
-2.116875886917114258e+00
-6.836197376251220703e-01
-2.588439464569091797e+00
3.282917737960815430e-01
-2.197138071060180664e-01
-6.125442981719970703e-01
1.394271373748779297e+00
9.737183451652526855e-01
4.816498160362243652e-01
2.340233325958251953e-02
-1.508673429489135742e-01
-7.088767290115356445e-01
-1.682507395744323730e-01
-6.934571266174316406e-02
-9.506018161773681641e-01
-2.770186901092529297e+00
3.241165280342102051e-01
3.641534149646759033e-01
-2.906892299652099609e-01
-1.762785911560058594e-01
4.727957248687744141e-01
-4.869845509529113770e-01
-1.007880806922912598e+00
-3.506497144699096680e-01
-5.408253192901611328e+00
-1.207163333892822266e+00
3.663587570190429688e-01
-2.037887573242187500e-01
-5.275738239288330078e-01
1.064759016036987305e+00
-1.165186166763305664e-01
-7.017338275909423828e-01
-4.117912054061889648e-02
-1.435854434967041016e-01
2.044469118118286133e-01
-1.348719596862792969e-01
-1.813464164733886719e-01
-5.195001363754272461e-01
-6.215916872024536133e-01
-6.656008958816528320e-01
-3.740018606185913086e-01
-4.909117221832275391e-01
-1.606202721595764160e-01
-8.764262199401855469e-01
-6.659760475158691406e-01
-1.599533677101135254e+00
9.458813667297363281e-01
-4.438214302062988281e-01
-6.364970207214355469e-01
-7.013334035873413086e-01
-5.053491592407226562e-01
-1.865267753601074219e-02
-5.464141368865966797e-01
-3.758227825164794922e-01
5.981448888778686523e-01
-8.855141401290893555e-01
1.352479457855224609e-01
-1.410295367240905762e-01
-1.038172721862792969e+00
1.938343048095703125e-02
5.322692394256591797e-01
-3.767373561859130859e-01
-2.379271388053894043e-01
-9.993146061897277832e-01
-1.096441745758056641e-01
-7.272381782531738281e-01
-3.351123332977294922e-01
-1.859350204467773438e+00
-7.450308799743652344e-01
1.066869616508483887e+00
-2.024335861206054688e-01
-3.091692924499511719e-01
-4.950761795043945312e-03
-1.078040361404418945e+00
-1.910308599472045898e-01
7.007293105125427246e-01
-8.165364265441894531e-01
5.339909791946411133e-01
-2.090349197387695312e-01
5.856466293334960938e-02
8.663901686668395996e-01
-3.154453635215759277e-01
-1.189310550689697266e+00
-4.380357265472412109e-01
7.261744141578674316e-01
6.349354982376098633e-01
-3.640232086181640625e-01
-2.792142868041992188e+00
1.026277780532836914e+00
-1.309773921966552734e+00
-1.286964893341064453e+00
4.309962987899780273e-01
4.693841934204101562e-02
6.210533380508422852e-01
-2.140831947326660156e-01
-2.774195671081542969e-01
1.087267756462097168e+00
3.502655029296875000e-02
-1.716209292411804199e+00
-8.675886988639831543e-01
-4.439550638198852539e-01
1.152235507965087891e+00
-2.333469390869140625e-01
-1.996054887771606445e+00
-1.558593511581420898e-01
-1.560614109039306641e+00
9.850481152534484863e-02
-6.571573019027709961e-01
-1.637495756149291992e-01
-1.821635484695434570e+00
-4.412913322448730469e-01
2.689546823501586914e+00
-6.602351665496826172e-01
-2.879610061645507812e-01
-8.551308512687683105e-02
-2.088899850845336914e+00
-1.043109178543090820e+00
-6.456788778305053711e-01
-4.672557115554809570e-01
3.414115905761718750e-01
-6.809303164482116699e-02
-4.336510896682739258e-01
-8.135509490966796875e-02
-1.104171872138977051e+00
-1.210815906524658203e+00
-1.033711433410644531e+00
-8.070881962776184082e-01
-1.621007919311523438e+00
-5.060340166091918945e-01
-2.721563577651977539e-01
-9.300773143768310547e-01
-4.695686101913452148e-01
-6.421709060668945312e-01
2.156610488891601562e-01
1.934812068939208984e-01
-1.111173033714294434e+00
5.088315010070800781e-01
6.251676082611083984e-01
9.663466215133666992e-01
-5.329811573028564453e-01
5.056868791580200195e-01
-9.615421295166015625e-03
1.224976897239685059e+00
-1.206610560417175293e+00
-7.757267951965332031e-01
-1.152614355087280273e+00
-2.655427932739257812e+00
-2.247837066650390625e+00
6.941332817077636719e-01
-1.952838897705078125e+00
-8.256103992462158203e-01
-1.647007465362548828e-02
-1.736893892288208008e+00
4.454195499420166016e-01
-6.446276903152465820e-01
-4.873742461204528809e-01
-9.366844296455383301e-01
-1.169606804847717285e+00
-2.222914218902587891e+00
-7.772529125213623047e-02
-3.544380664825439453e-01
-6.625827550888061523e-01
-1.035026311874389648e+00
-4.776386618614196777e-01
-9.527077674865722656e-01
1.381123065948486328e-01
-4.184684753417968750e-01
-4.265039861202239990e-01
-7.097789049148559570e-01
-2.450571060180664062e-01
-1.768875718116760254e+00
5.790172815322875977e-01
-5.034666657447814941e-01
-2.580507993698120117e+00
-2.285599470138549805e+00
-3.133727073669433594e+00
-2.557575702667236328e-03
1.348407268524169922e-01
-9.580171108245849609e-01
1.465224027633666992e+00
-8.548386096954345703e-01
-1.804725050926208496e+00
-7.283645272254943848e-01
1.740742325782775879e-01
9.395098686218261719e-02
2.946722507476806641e-02
-3.410153388977050781e+00
-6.057400703430175781e-01
3.653343915939331055e-01
3.764899373054504395e-01
-5.459895730018615723e-01
-6.292046308517456055e-01
4.288973212242126465e-01
-9.938578009605407715e-01
-2.343810796737670898e+00
3.564797639846801758e-01
-1.174869298934936523e+00
4.029343128204345703e-01
5.757793188095092773e-01
2.869373559951782227e-01
-3.799195289611816406e-01
-6.314353942871093750e-01
7.328598499298095703e-01
-3.889166712760925293e-01
-1.416082143783569336e+00
1.408623456954956055e-01
-8.243217468261718750e-01
-9.134662151336669922e-01
-1.984211683273315430e+00
1.762018203735351562e-01
5.949617624282836914e-01
1.154739499092102051e+00
3.798059225082397461e-01
-1.017388343811035156e+00
-1.748291850090026855e+00
-2.543124198913574219e+00
-1.612923622131347656e+00
1.313504576683044434e-01
-1.990839242935180664e+00
-1.268234968185424805e+00
-1.020421504974365234e+00
-9.749501943588256836e-01
-6.353753805160522461e-01
-6.352922916412353516e-01
4.911118745803833008e-01
-1.114557981491088867e-01
3.269262313842773438e-01
-6.384757757186889648e-01
-1.757670044898986816e-01
1.199301481246948242e+00
-1.070098638534545898e+00
-1.686148285865783691e+00
-4.425115585327148438e-01
-3.670930862426757812e-01
-1.692713379859924316e+00
3.658791780471801758e-01
-5.339754819869995117e-01
5.737776756286621094e-01
6.302804350852966309e-01
-5.945596694946289062e-01
1.279194712638854980e+00
7.743542194366455078e-01
7.879471778869628906e-02
1.136036634445190430e+00
-1.751366853713989258e-01
-3.113265931606292725e-01
-1.969709038734436035e+00
-2.497516274452209473e-01
3.836903572082519531e-01
-3.856461048126220703e+00
1.742959022521972656e-03
2.222519159317016602e+00
2.585819959640502930e-01
-8.396997451782226562e-01
-1.506398916244506836e+00
-1.056116819381713867e+00
-1.250020980834960938e+00
-1.651636481285095215e+00
-1.165367126464843750e+00
2.330248355865478516e+00
-3.017498016357421875e+00
2.005819082260131836e-01
-3.176915645599365234e-02
2.532491683959960938e-01
-1.136289119720458984e+00
3.756575882434844971e-01
-7.080010175704956055e-01
-7.973814010620117188e-02
-5.327272415161132812e-01
5.036921501159667969e-01
-3.788558244705200195e-01
-9.441790580749511719e-01
-1.402485370635986328e-01
-2.390667200088500977e-01
1.638321876525878906e-01
1.149106979370117188e+00
-2.507952451705932617e-01
-1.319736838340759277e-01
-1.821779012680053711e+00
-5.667671561241149902e-01
-1.006615400314331055e+00
-8.662725687026977539e-01
-2.584624290466308594e-02
-4.580351710319519043e-01
-4.388751983642578125e-01
-2.160433530807495117e-01
-1.751130104064941406e+00
-4.041121006011962891e-01
-2.149451732635498047e+00
-9.250018596649169922e-01
-1.555021405220031738e+00
-1.920818448066711426e+00
4.079740047454833984e-01
-9.228861927986145020e-01
-3.232653141021728516e-01
3.443887233734130859e-01
-9.423847198486328125e-01
-8.493457436561584473e-01
-4.381839036941528320e-01
-2.942191362380981445e-01
-6.202554702758789062e-02
-1.382103443145751953e+00
-1.991023063659667969e+00
-2.274856567382812500e-01
-8.078237175941467285e-01
-9.681910276412963867e-01
3.556345701217651367e-01
2.625942230224609375e-01
8.156702518463134766e-01
-1.822049140930175781e+00
9.202573299407958984e-01
8.100867271423339844e-02
1.914296150207519531e-01
-2.581132888793945312e+00
-4.854236841201782227e-01
-1.304096579551696777e-01
-6.415730714797973633e-01
-3.721574544906616211e-01
5.000798702239990234e-01
5.003861188888549805e-01
7.018237709999084473e-01
5.855011940002441406e-02
-5.874558687210083008e-01
-8.323912620544433594e-01
8.415174484252929688e-02
-9.456367492675781250e-01
-8.276438713073730469e-02
7.740750312805175781e-01
-1.827789068222045898e+00
-4.513478279113769531e-02
-1.858232021331787109e-01
9.676219224929809570e-01
-1.435837984085083008e+00
-1.407583713531494141e+00
2.875351905822753906e-01
-9.669479727745056152e-01
-4.451347589492797852e-01
-1.538809537887573242e-01
9.204208850860595703e-01
2.671207785606384277e-01
2.577940225601196289e-01
-3.205609321594238281e-01
4.372102022171020508e-02
-6.013307571411132812e-01
-6.924682855606079102e-01
-6.361259222030639648e-01
9.861631393432617188e-01
-4.454724788665771484e-01
-6.577147841453552246e-01
-8.051018714904785156e-01
-8.212649822235107422e-01
-9.606635570526123047e-01
2.589104771614074707e-01
-4.586796760559082031e-01
1.178549170494079590e+00
-6.398670673370361328e-01
-3.536117076873779297e-01
-1.617795705795288086e+00
-9.734086990356445312e-01
-1.747682094573974609e-01
1.277919530868530273e+00
4.041621685028076172e-01
7.686178684234619141e-01
-1.575004339218139648e+00
9.401336908340454102e-01
-3.351987600326538086e-01
4.166314601898193359e-01
-7.331346273422241211e-01
8.433402180671691895e-01
-2.134565353393554688e+00
-2.175509929656982422e-01
-8.250355720520019531e-02
1.708997488021850586e-01
-3.312811851501464844e-01
2.733258008956909180e-01
-2.409493923187255859e-01
-1.566162824630737305e+00
-1.417737245559692383e+00
-3.061428308486938477e+00
-4.308104515075683594e-02
-2.658864259719848633e-01
-7.905216217041015625e-01
-1.156649351119995117e+00
-3.285960555076599121e-01
1.161202549934387207e+00
-4.894835948944091797e-01
-7.440090179443359375e-02
-1.264405965805053711e+00
-1.761547327041625977e-01
-1.002565622329711914e+00
4.485594034194946289e-01
4.468455314636230469e-01
-6.133908033370971680e-01
1.730281114578247070e-01
1.112569212913513184e+00
7.380447387695312500e-01
-6.215561628341674805e-01
3.173618912696838379e-01
-7.269477844238281250e-01
-2.925132751464843750e+00
-1.454430103302001953e+00
-8.357119560241699219e-02
-2.062020540237426758e+00
-3.987538218498229980e-01
1.082938313484191895e-01
1.535467863082885742e+00
8.908826112747192383e-01
-2.087073326110839844e+00
-2.897293567657470703e-01
-1.767133474349975586e-01
-1.947280406951904297e+00
-6.606904268264770508e-01
-4.092335700988769531e-01
-1.093887090682983398e+00
8.140087127685546875e-03
-4.696072340011596680e-01
-9.968388080596923828e-01
-7.317115068435668945e-01
7.800799608230590820e-01
-1.596887350082397461e+00
-7.339382171630859375e-02
-7.916429042816162109e-01
-2.587233543395996094e+00
1.333039522171020508e+00
2.430437564849853516e+00
-3.041999340057373047e-01
-1.682803392410278320e+00
4.468370676040649414e-01
-1.625905036926269531e-01
-1.142201423645019531e+00
-1.261761188507080078e+00
-1.256943941116333008e+00
-1.098604649305343628e-01
-1.182635545730590820e+00
-1.851516962051391602e-01
6.574873924255371094e-01
-5.909600257873535156e-01
-1.080777645111083984e-01
-9.947228431701660156e-01
4.040448665618896484e-01
-9.459500312805175781e-01
4.352108240127563477e-01
-1.899044513702392578e+00
-1.196419715881347656e+00
-5.689387917518615723e-01
-1.712413430213928223e-01
-7.141422033309936523e-01
-1.652161598205566406e+00
-3.720611333847045898e-01
1.066831350326538086e-01
9.419238567352294922e-01
-2.525877952575683594e-02
-8.622360229492187500e-02
-6.754763126373291016e-01
-4.511032104492187500e-01
1.577168226242065430e+00
-9.570997357368469238e-01
-1.985906004905700684e+00
-1.728768944740295410e+00
4.023348093032836914e-01
-1.263613224029541016e+00
3.307338953018188477e-01
-7.331617474555969238e-01
9.360348582267761230e-01
-8.697979450225830078e-01
-1.122740268707275391e+00
-3.427559137344360352e+00
-1.284309983253479004e+00
3.407363295555114746e-01
-2.642222642898559570e-01
-1.035393595695495605e+00
3.162680864334106445e-01
-1.859507679939270020e+00
-2.135177373886108398e+00
-3.246722519397735596e-01
-6.299593448638916016e-01
-8.923444747924804688e-01
-7.745202779769897461e-01
-2.922651469707489014e-01
-1.111701726913452148e+00
-6.465785503387451172e-01
-1.122440934181213379e+00
8.364132642745971680e-01
-2.360273599624633789e+00
-1.411504864692687988e+00
-5.083379745483398438e-01
-7.972161769866943359e-01
6.105614900588989258e-01
-2.327595710754394531e+00
-2.501991987228393555e-01
-5.598096847534179688e-01
-7.416825294494628906e-01
-4.937589168548583984e-01
1.434844732284545898e-01
-1.156763076782226562e+00
5.792855024337768555e-01
-3.475971817970275879e-01
2.832375764846801758e-01
-7.495537996292114258e-01
-6.814603805541992188e-01
2.823659181594848633e-01
-2.188920974731445312e-02
1.298665642738342285e+00
-5.032768845558166504e-01
-3.932261466979980469e-01
-3.435743093490600586e+00
-1.716921091079711914e+00
-8.511486053466796875e-01
-8.371345400810241699e-01
-1.486186981201171875e+00
-4.655694961547851562e-01
-4.849923849105834961e-01
-5.780839323997497559e-01
-8.842628002166748047e-01
-8.318721055984497070e-01
-1.789567589759826660e+00
2.566037178039550781e-01
-1.167464613914489746e+00
3.056876659393310547e-01
-5.931439399719238281e-01
4.308546781539916992e-01
-5.341601371765136719e-01
-1.858175754547119141e+00
-8.346529006958007812e-01
-3.009846210479736328e-01
5.218667984008789062e-01
4.867696762084960938e-01
6.613703966140747070e-01
1.254866719245910645e-01
-3.305801868438720703e+00
-6.494404077529907227e-01
1.437077164649963379e+00
-1.038869023323059082e-01
-1.168432354927062988e+00
-3.418521881103515625e-01
-3.546421527862548828e-01
-1.255700826644897461e+00
3.902251124382019043e-01
-1.538225173950195312e+00
-3.175077199935913086e+00
-6.992328166961669922e-02
-1.552904486656188965e+00
-9.433757066726684570e-01
-1.176768541336059570e+00
-3.093253374099731445e-01
-1.313563466072082520e+00
7.937413454055786133e-01
-1.216283082962036133e+00
6.741969585418701172e-01
-1.282202243804931641e+00
-5.426889657974243164e-01
-1.513624191284179688e-01
-2.161483764648437500e-01
-1.331500291824340820e+00
-5.726668834686279297e-01
-1.145425558090209961e+00
-3.848557472229003906e-01
1.377904534339904785e+00
1.236152052879333496e+00
-6.921575069427490234e-01
-1.086807847023010254e+00
