1.489375829696655273e-01
-1.518037319183349609e-01
-1.143151640892028809e+00
2.271281242370605469e+00
3.124552965164184570e+00
4.846771717071533203e+00
-9.749190807342529297e-01
-1.624110102653503418e+00
1.996276378631591797e-01
2.442765712738037109e+00
2.254747152328491211e-01
-1.238575100898742676e+00
-3.183088302612304688e-01
-1.649584650993347168e+00
-7.440856695175170898e-01
5.000000000000000000e+00
-1.326090812683105469e+00
-7.969071865081787109e-01
-8.790777921676635742e-01
4.680271148681640625e+00
2.544505357742309570e+00
1.849848031997680664e-01
6.759109497070312500e-01
1.899918317794799805e+00
-4.405744075775146484e-01
5.000000000000000000e+00
5.081571340560913086e-01
2.068714618682861328e+00
-3.263743519783020020e-01
1.430134534835815430e+00
-4.251906871795654297e-01
1.649436593055725098e+00
5.000000000000000000e+00
-8.421883583068847656e-01
7.009965181350708008e-02
8.512369394302368164e-01
8.453629612922668457e-01
2.588250637054443359e-01
-2.271281480789184570e-01
-2.277894020080566406e-01
-2.336116552352905273e+00
-8.263509273529052734e-01
4.784485101699829102e-01
2.889999151229858398e-01
5.095771551132202148e-01
-1.683765649795532227e-01
-1.016816496849060059e+00
8.339461088180541992e-01
2.888157844543457031e+00
-4.326493144035339355e-01
1.450796961784362793e+00
-4.896498918533325195e-01
-1.118898630142211914e+00
4.444097876548767090e-01
-4.019556045532226562e-01
-1.198111653327941895e+00
3.768494725227355957e-02
2.485052347183227539e+00
-2.037398099899291992e+00
4.873281478881835938e+00
7.780588865280151367e-01
-1.089057087898254395e+00
-9.387915134429931641e-01
-6.223012208938598633e-01
4.818347454071044922e+00
2.862063050270080566e-01
2.210897207260131836e-01
-6.390173435211181641e-01
-3.320634365081787109e-02
-1.459014654159545898e+00
4.416911602020263672e-01
1.080465674400329590e+00
-6.439031362533569336e-01
-1.156924962997436523e+00
3.762117624282836914e-01
-1.357280373573303223e+00
1.174480438232421875e+00
-2.434951305389404297e+00
-1.693270683288574219e+00
-4.833784699440002441e-01
4.531366825103759766e-01
-1.092332839965820312e+00
-2.846413254737854004e-01
2.176551818847656250e+00
3.846912622451782227e+00
1.359094381332397461e-01
-1.183230519294738770e+00
-5.290157794952392578e-01
6.131111383438110352e-01
8.446478843688964844e-02
-1.348391652107238770e+00
2.668017864227294922e+00
1.346186399459838867e+00
1.265355587005615234e+00
2.469727516174316406e+00
-1.152486801147460938e-01
-5.560508966445922852e-01
-6.160902976989746094e-02
8.127092123031616211e-01
-7.242680788040161133e-01
4.692948341369628906e+00
4.707427024841308594e+00
2.968043684959411621e-01
1.680569767951965332e+00
-3.929784297943115234e-01
-1.325944662094116211e+00
3.351535797119140625e-01
-1.026481032371520996e+00
2.955318689346313477e-01
9.323167800903320312e-02
1.800572872161865234e-02
3.480501413345336914e+00
3.320970773696899414e+00
4.567893505096435547e+00
2.758820056915283203e-01
4.326064884662628174e-01
2.229959487915039062e+00
2.787199974060058594e+00
2.214938402175903320e-02
-5.509197711944580078e-03
2.676596641540527344e-01
-1.926474571228027344e-01
3.473226308822631836e+00
4.163802146911621094e+00
-1.033851385116577148e+00
8.618129491806030273e-01
5.000000000000000000e+00
9.786368608474731445e-01
5.000000000000000000e+00
4.454907417297363281e+00
-2.772811055183410645e-01
4.584118843078613281e+00
3.362831115722656250e+00
-3.657341003417968750e-03
4.215969562530517578e+00
7.332766056060791016e-02
4.714627265930175781e+00
5.413928031921386719e-01
-7.433891296386718750e-03
4.144412040710449219e+00
3.835752010345458984e-01
8.195502758026123047e-01
7.187148332595825195e-01
-2.274171113967895508e-01
1.369684219360351562e+00
3.571472167968750000e+00
3.928038120269775391e+00
-1.798586845397949219e+00
-9.423480033874511719e-01
5.000000000000000000e+00
6.163077354431152344e-01
2.226507186889648438e+00
3.992255926132202148e-01
3.100204467773437500e-02
5.418445467948913574e-01
4.854548454284667969e+00
1.242779493331909180e+00
1.448166131973266602e+00
-5.779896974563598633e-01
-1.419043540954589844e-01
-7.570660114288330078e-01
9.160681962966918945e-01
-1.795127987861633301e+00
-1.551729440689086914e-02
-6.285398602485656738e-01
-9.204804897308349609e-02
-1.213281631469726562e+00
-3.716230392456054688e-03
5.000000000000000000e+00
2.537449359893798828e+00
6.153793334960937500e-01
1.371327042579650879e+00
1.008402347564697266e+00
2.673865556716918945e-01
1.516561985015869141e+00
-1.279957294464111328e-01
1.842079162597656250e+00
8.794361352920532227e-01
-3.364467024803161621e-01
-4.129505157470703125e-01
3.351737976074218750e+00
-2.636246681213378906e-01
-5.769430398941040039e-01
5.413019657135009766e-01
-2.445081919431686401e-01
2.562619924545288086e+00
-1.973782777786254883e-01
3.663563728332519531e+00
8.661072254180908203e-01
-5.239953994750976562e-01
-4.968013763427734375e-01
5.000000000000000000e+00
1.310838460922241211e-01
7.109980583190917969e-01
-2.156448364257812500e-01
-7.973110675811767578e-01
-2.315240621566772461e+00
-9.930827617645263672e-01
3.166285037994384766e+00
1.464259624481201172e+00
-2.590988278388977051e-01
9.849677085876464844e-01
2.217419147491455078e-01
2.421878576278686523e-01
-1.956533074378967285e+00
1.278892755508422852e+00
2.238157749176025391e+00
9.745149612426757812e-01
-7.576036453247070312e-02
-5.885080099105834961e-01
-3.356248140335083008e-01
1.097304821014404297e+00
1.352338790893554688e-01
2.245004653930664062e+00
-4.367461204528808594e-01
-2.528513431549072266e+00
8.322480320930480957e-01
3.434721946716308594e+00
2.209579229354858398e+00
-5.944561958312988281e-01
1.361277103424072266e-01
4.107000350952148438e+00
3.951813459396362305e+00
8.581851124763488770e-01
3.522619247436523438e+00
9.870291948318481445e-01
-1.949756860733032227e+00
2.839426517486572266e+00
1.122574329376220703e+00
6.059254407882690430e-01
2.162781476974487305e+00
-3.137547969818115234e+00
2.414906501770019531e+00
2.123537540435791016e+00
1.148357629776000977e+00
6.979529857635498047e-01
4.582338333129882812e+00
9.469936490058898926e-01
1.222874164581298828e+00
1.933701992034912109e+00
6.874811649322509766e-01
7.332252264022827148e-01
9.165301918983459473e-01
-8.496477603912353516e-01
1.176786184310913086e+00
7.487108707427978516e-01
4.212707281112670898e-01
8.091880679130554199e-01
3.481974601745605469e-01
-4.508355855941772461e-01
-5.085146427154541016e-02
1.342305898666381836e+00
-5.950828790664672852e-01
2.046471357345581055e+00
5.097096562385559082e-01
5.788398385047912598e-01
9.762440919876098633e-01
2.145720958709716797e+00
-2.019262909889221191e-01
-1.829605817794799805e+00
-4.174016714096069336e-01
4.545668601989746094e+00
-4.017870724201202393e-01
1.650153756141662598e+00
-2.124493122100830078e-01
6.572464704513549805e-01
1.795533299446105957e+00
4.369527101516723633e-01
4.879159629344940186e-01
-1.886641979217529297e-01
-2.683215141296386719e-01
1.268654346466064453e+00
-7.418799996376037598e-01
6.884461641311645508e-01
-8.948922157287597656e-02
-1.789101958274841309e+00
4.124945640563964844e+00
4.603177309036254883e-01
2.652360200881958008e-01
4.676583290100097656e+00
5.607989430427551270e-01
1.066540718078613281e+00
-8.881855010986328125e-02
2.419781684875488281e-01
2.868388891220092773e+00
5.493281483650207520e-01
-4.558624029159545898e-01
-1.587207317352294922e-01
-1.373171806335449219e-01
-9.502373933792114258e-01
-1.888428449630737305e+00
-5.355234146118164062e-01
4.192408561706542969e+00
-1.237914562225341797e-01
4.026400566101074219e+00
6.637405157089233398e-01
-1.479816317558288574e+00
7.482820153236389160e-01
5.000000000000000000e+00
-2.292701005935668945e-01
4.014776706695556641e+00
3.301128387451171875e+00
-9.375528097152709961e-01
-3.535336256027221680e-01
-2.680268287658691406e-01
8.935352563858032227e-01
3.358969688415527344e-01
-6.778583526611328125e-01
-1.887902736663818359e+00
5.000000000000000000e+00
-2.649374604225158691e-01
1.691742300987243652e+00
-1.073940396308898926e+00
-9.951591491699218750e-04
2.787143707275390625e+00
-8.015201687812805176e-01
5.850570201873779297e-01
1.375567913055419922e-02
3.368912935256958008e-01
7.252980470657348633e-01
-1.926702976226806641e+00
1.159425377845764160e+00
6.924235820770263672e-02
6.590651273727416992e-01
-2.423936367034912109e+00
2.086589574813842773e+00
4.270228862762451172e+00
-6.581195592880249023e-01
4.044183492660522461e-01
7.692031860351562500e-01
7.794256210327148438e-01
4.662717819213867188e+00
1.258462667465209961e+00
1.026224970817565918e+00
1.514989137649536133e+00
-2.045034170150756836e-01
1.873804092407226562e+00
1.105577707290649414e+00
-5.171942114830017090e-01
-3.449848890304565430e-01
4.177687168121337891e-01
-8.292186260223388672e-01
-5.079969167709350586e-01
1.131606101989746094e-01
8.149099349975585938e-02
2.364197731018066406e+00
4.475615024566650391e-01
-9.196431636810302734e-01
3.123997449874877930e-01
-5.415959358215332031e-01
1.552790880203247070e+00
3.639846444129943848e-01
5.609960556030273438e-01
2.616810560226440430e+00
-7.516127824783325195e-01
-2.566900253295898438e+00
-3.448011875152587891e-01
9.233279228210449219e-01
-1.572816848754882812e+00
-3.078465461730957031e-01
-3.984311223030090332e-01
-2.088618278503417969e-02
2.687269687652587891e+00
-1.176756501197814941e+00
4.599474072456359863e-01
5.000000000000000000e+00
2.377361297607421875e+00
-1.352664709091186523e+00
4.193425178527832031e+00
2.151354312896728516e+00
6.298649311065673828e-01
1.120738744735717773e+00
-7.707305550575256348e-01
1.690795421600341797e+00
7.759510278701782227e-01
-3.985297679901123047e-02
-8.988739252090454102e-01
9.787273406982421875e-02
-5.025294303894042969e+00
3.743419885635375977e+00
-5.311480164527893066e-01
2.887028217315673828e+00
2.418599128723144531e-01
2.579436779022216797e+00
1.517247319221496582e+00
-1.575534939765930176e-01
2.030639648437500000e-01
6.473665237426757812e-01
2.495611429214477539e+00
2.343070507049560547e-02
-1.920100450515747070e+00
5.564269423484802246e-01
1.490050077438354492e+00
-3.463268280029296875e-02
3.253597497940063477e+00
5.923638343811035156e-01
3.150324583053588867e+00
-1.048524856567382812e+00
2.083211541175842285e-01
2.130749225616455078e+00
1.776506304740905762e+00
5.000000000000000000e+00
-1.011887311935424805e+00
4.213156104087829590e-01
6.404146552085876465e-01
2.890710592269897461e+00
6.317503452301025391e-01
6.398075819015502930e-01
4.763898849487304688e+00
-1.766610145568847656e-02
2.423973679542541504e-01
7.010509967803955078e-01
2.860237360000610352e+00
2.577306747436523438e+00
-8.282167315483093262e-01
-2.980220556259155273e+00
4.787315726280212402e-01
-1.352398633956909180e+00
1.688001632690429688e+00
1.138466358184814453e+00
2.743802070617675781e-01
4.139055609703063965e-01
9.510235786437988281e-01
4.998223781585693359e-01
-2.811476588249206543e-01
-6.887318491935729980e-01
1.094350218772888184e-01
-2.247049212455749512e-01
4.916592121124267578e+00
-1.148931622505187988e+00
-1.187014818191528320e+00
3.793473243713378906e-01
2.744762897491455078e-01
-1.528743505477905273e+00
7.615861892700195312e-01
-1.321163177490234375e-01
6.867662072181701660e-01
3.478484153747558594e-01
1.308040618896484375e-01
-9.235982894897460938e-01
5.081191658973693848e-01
3.666692972183227539e-01
1.775883316993713379e+00
-4.918584823608398438e-01
-3.231472969055175781e-01
1.160309314727783203e-01
-2.728707790374755859e-01
-7.021734714508056641e-01
8.273168802261352539e-01
5.000000000000000000e+00
7.225531339645385742e-01
2.372292995452880859e+00
5.009171366691589355e-01
4.418863296508789062e+00
4.447021484375000000e-01
-3.957717418670654297e-01
-4.253571510314941406e+00
8.557434678077697754e-01
-1.966376304626464844e-01
5.950174331665039062e-01
1.228028178215026855e+00
4.937203407287597656e+00
5.681156516075134277e-01
4.346836566925048828e+00
2.400591373443603516e-01
8.911126852035522461e-02
-1.131853461265563965e+00
2.440505504608154297e+00
-5.373924970626831055e-01
5.000000000000000000e+00
1.154730319976806641e+00
-7.184646129608154297e-01
1.080481767654418945e+00
1.919140219688415527e-01
4.274539947509765625e-01
-4.285858869552612305e-01
-3.021927475929260254e-01
7.540903091430664062e-01
-8.789978027343750000e-01
1.286383271217346191e+00
-1.850766777992248535e+00
2.662760913372039795e-01
4.178010940551757812e+00
4.795283079147338867e-01
-3.862845897674560547e-02
-1.193260073661804199e+00
4.575430393218994141e+00
-1.823363065719604492e+00
-1.511411070823669434e-01
2.137772560119628906e+00
3.756786584854125977e-01
4.621824026107788086e-01
1.559297442436218262e-01
6.239453554153442383e-01
-3.626949787139892578e+00
5.000000000000000000e+00
5.590962171554565430e-01
5.860615968704223633e-01
7.334034442901611328e-01
4.508453369140625000e+00
-5.968214273452758789e-01
-7.539577484130859375e-01
2.308641910552978516e+00
5.709525942802429199e-01
2.015703678131103516e+00
-1.489463329315185547e+00
6.328523159027099609e-01
3.206847310066223145e-01
-9.138568639755249023e-01
-1.142778635025024414e+00
1.052953004837036133e+00
6.417789459228515625e-01
-5.505168437957763672e-01
2.157227039337158203e+00
2.393882751464843750e+00
-1.280084490776062012e+00
1.722596406936645508e+00
-4.353941679000854492e-01
3.082880735397338867e+00
-1.438380241394042969e+00
-9.893567562103271484e-01
1.129290342330932617e+00
-3.809133768081665039e-01
-1.221905946731567383e-01
8.491894006729125977e-01
2.595010280609130859e+00
8.420805931091308594e-01
3.362035751342773438e-02
4.861295223236083984e-01
1.492852687835693359e+00
-2.410832643508911133e-01
2.792819499969482422e+00
3.162472248077392578e-01
9.090256690979003906e-02
3.796952366828918457e-01
-1.675591468811035156e-01
-9.635365009307861328e-01
-1.294021844863891602e+00
4.170759201049804688e+00
-3.643841743469238281e-01
4.656316041946411133e-01
1.082544803619384766e+00
1.283928155899047852e+00
2.539293766021728516e-01
7.335885763168334961e-01
5.000000000000000000e+00
-4.403407573699951172e-01
-2.754641056060791016e+00
-6.573073863983154297e-01
8.132046461105346680e-02
1.748529434204101562e+00
5.000000000000000000e+00
-3.214960098266601562e-01
-1.700114250183105469e+00
2.414327561855316162e-01
2.041349411010742188e-01
1.605292081832885742e+00
-1.353645324707031250e-02
-6.595320701599121094e-01
2.094049453735351562e-01
4.446434974670410156e-02
-8.533043861389160156e-01
5.165270566940307617e-01
-6.357413530349731445e-02
5.505124330520629883e-01
3.082231283187866211e-01
-1.317409992218017578e+00
-2.116717100143432617e-01
8.538620471954345703e-01
2.705979347229003906e-02
2.108820199966430664e+00
9.432981610298156738e-01
-1.290555953979492188e+00
4.208499908447265625e+00
2.841411590576171875e+00
1.462593317031860352e+00
5.482788681983947754e-01
-1.373302340507507324e-01
-2.048552989959716797e+00
-2.023392200469970703e+00
1.161925792694091797e+00
-8.615076541900634766e-02
5.000000000000000000e+00
-4.607667922973632812e-01
1.362452507019042969e+00
-1.544228792190551758e+00
2.028079986572265625e+00
4.794741153717041016e+00
5.000000000000000000e+00
-8.620235919952392578e-01
5.080926418304443359e-02
1.714454889297485352e-01
-7.106535434722900391e-01
6.970276832580566406e-01
5.566392540931701660e-01
3.363622903823852539e+00
1.090071201324462891e+00
-3.342251777648925781e-01
-5.938161611557006836e-01
-2.119896173477172852e+00
3.710035562515258789e+00
-5.094370841979980469e-01
8.037030696868896484e-02
-6.211197376251220703e-02
3.685659170150756836e-02
4.206021308898925781e+00
4.288864135742187500e-02
1.656534671783447266e-01
2.566884756088256836e-01
1.731972336769104004e+00
-2.279958724975585938e-01
1.415319085121154785e+00
1.103493928909301758e+00
3.713041543960571289e-02
7.262599468231201172e-01
-1.134214401245117188e-01
8.388857245445251465e-01
-3.786157369613647461e-01
5.000000000000000000e+00
8.066468834877014160e-01
6.029787063598632812e-01
3.878697752952575684e-01
2.838972806930541992e-01
1.075521111488342285e-01
4.060670852661132812e+00
-1.891906499862670898e+00
4.480097293853759766e+00
-8.833444714546203613e-01
-2.016542911529541016e+00
-1.513348579406738281e+00
3.105130195617675781e-01
-5.078555345535278320e-01
5.095851421356201172e-02
1.299476623535156250e-01
8.345897793769836426e-01
-3.679999589920043945e+00
1.521665811538696289e+00
2.265347719192504883e+00
2.190721988677978516e+00
9.994282722473144531e-01
3.317742347717285156e+00
4.464093208312988281e+00
1.107889413833618164e-01
-9.246289730072021484e-02
1.479855537414550781e+00
3.588488698005676270e-01
2.422809004783630371e-01
-5.530736446380615234e-01
9.634719491004943848e-01
4.591273307800292969e+00
1.671519756317138672e+00
-3.990211486816406250e-01
5.000000000000000000e+00
2.576401233673095703e-01
3.443726301193237305e-01
2.589638233184814453e-01
1.893014013767242432e-01
-1.432928562164306641e+00
3.409287929534912109e-01
2.094276666641235352e+00
9.086182713508605957e-01
-5.299921035766601562e-01
3.882772445678710938e+00
1.995466351509094238e+00
-1.109246850013732910e+00
2.415035367012023926e-01
4.000750780105590820e-01
1.079173326492309570e+00
2.996072769165039062e-01
-5.049558877944946289e-01
-2.829945087432861328e-01
-5.118291378021240234e-01
5.000000000000000000e+00
4.807387351989746094e+00
4.308046340942382812e+00
2.594408988952636719e-01
-1.821926236152648926e-01
1.044150590896606445e+00
-9.653679132461547852e-01
-8.427113294601440430e-02
1.537277936935424805e+00
-1.899303436279296875e+00
-1.169288992881774902e+00
2.625700473785400391e+00
1.139827966690063477e-01
8.018966913223266602e-01
5.000000000000000000e+00
2.818682670593261719e+00
-1.257072687149047852e+00
8.657079935073852539e-01
-8.402738571166992188e-01
4.298807144165039062e+00
2.295193433761596680e+00
3.376150429248809814e-01
3.841512203216552734e+00
-7.337503433227539062e-01
-1.637356638908386230e+00
-1.598955631256103516e+00
6.760135293006896973e-01
4.097942113876342773e-01
-2.025547027587890625e-01
8.515987992286682129e-01
1.379367709159851074e-01
5.958200693130493164e-01
1.314662575721740723e+00
1.094105243682861328e-01
1.892943859100341797e+00
1.800608634948730469e+00
4.715799331665039062e+00
1.222994565963745117e+00
8.588194847106933594e-02
-3.864326000213623047e+00
5.078188776969909668e-01
7.235774397850036621e-01
-8.220599889755249023e-01
1.322273015975952148e-01
4.423944950103759766e+00
-2.390897274017333984e-02
-1.754096508026123047e+00
4.690825939178466797e-02
-4.963636398315429688e-01
4.791266322135925293e-01
-7.383481860160827637e-01
-2.245576858520507812e+00
7.814913988113403320e-01
-1.846683144569396973e+00
5.000000000000000000e+00
1.076667666435241699e+00
-6.754782199859619141e-01
1.552358865737915039e-01
4.061292648315429688e+00
-3.900778293609619141e-01
-1.413175702095031738e+00
3.278797149658203125e+00
2.688823342323303223e-01
-1.040485978126525879e+00
-2.176512956619262695e+00
5.000000000000000000e+00
-3.845229148864746094e-01
5.712413787841796875e-02
2.397956848144531250e-01
1.510467529296875000e+00
-9.416671991348266602e-01
3.943353891372680664e-01
-1.399058103561401367e+00
3.570003509521484375e-01
2.286961078643798828e-01
5.000000000000000000e+00
1.221832990646362305e+00
2.093414306640625000e+00
1.898910403251647949e-01
1.102640986442565918e+00
5.000000000000000000e+00
2.666527032852172852e-01
-5.673466920852661133e-01
4.599242210388183594e-01
-3.081583976745605469e-02
-2.396494448184967041e-01
-3.742504715919494629e-01
-2.248233556747436523e-01
5.000000000000000000e+00
-8.818746209144592285e-01
1.463457465171813965e+00
5.997085571289062500e-02
4.694173038005828857e-01
5.000000000000000000e+00
1.625011682510375977e+00
-5.076909065246582031e-01
3.852730989456176758e-02
-3.378788828849792480e-01
1.427544474601745605e+00
4.248671531677246094e-01
1.665460824966430664e+00
-1.163325309753417969e-01
1.161526918411254883e+00
2.079759836196899414e+00
2.680132865905761719e+00
-1.972585439682006836e+00
1.609947681427001953e-01
3.759857416152954102e-01
3.892841637134552002e-01
-1.218555569648742676e+00
8.967169523239135742e-01
2.431734323501586914e+00
-7.859587669372558594e-03
6.191021800041198730e-01
4.337359905242919922e+00
-5.935478210449218750e-01
3.175599575042724609e-01
5.440006256103515625e-01
1.594934344291687012e+00
-6.741160154342651367e-02
5.000000000000000000e+00
9.539992809295654297e-01
-2.961192131042480469e-01
6.861664652824401855e-01
-4.988207817077636719e-01
2.452780485153198242e+00
-7.367479801177978516e-02
3.499408721923828125e+00
-7.508896589279174805e-01
1.540920615196228027e+00
1.876346826553344727e+00
-8.929834365844726562e-01
2.023121118545532227e-01
3.550496578216552734e+00
-1.038754820823669434e+00
2.545853376388549805e+00
-1.150804162025451660e+00
5.000000000000000000e+00
6.507084369659423828e-01
-8.318166732788085938e-01
1.699279546737670898e-01
6.819081306457519531e-02
8.741486072540283203e-02
1.380573987960815430e+00
1.953732490539550781e+00
-9.929413795471191406e-01
-3.928921222686767578e-01
-7.282305955886840820e-01
8.335956335067749023e-01
-6.520746946334838867e-01
7.616422176361083984e-01
9.658029079437255859e-01
3.287059783935546875e+00
-9.712107181549072266e-01
2.049647569656372070e-01
-2.907526493072509766e-01
6.629331111907958984e-01
3.348077774047851562e+00
5.000000000000000000e+00
-6.543827652931213379e-01
-5.222613811492919922e-01
4.481145739555358887e-01
1.992851495742797852e-01
7.717654109001159668e-01
9.392570853233337402e-01
-8.305411338806152344e-01
1.467971801757812500e-01
3.851387739181518555e+00
7.014447450637817383e-01
1.042085886001586914e+00
-9.245538711547851562e-02
-7.865509986877441406e-01
-7.508208751678466797e-01
9.705770611763000488e-01
-2.129168510437011719e-01
-7.540272474288940430e-01
2.040022611618041992e-01
6.745049953460693359e-01
-3.552102446556091309e-01
4.377609729766845703e+00
2.592927455902099609e+00
4.807441234588623047e+00
-1.258578181266784668e+00
1.223333477973937988e+00
4.967218399047851562e+00
1.692030429840087891e+00
1.264004588127136230e+00
-8.294074535369873047e-01
1.372898101806640625e+00
1.227432012557983398e+00
1.253280639648437500e+00
-3.465937614440917969e+00
5.288566350936889648e-01
-2.795392274856567383e-01
-5.557090044021606445e-01
3.405798912048339844e+00
4.228106975555419922e+00
3.945732712745666504e-01
9.602606892585754395e-01
-1.853036761283874512e+00
-7.845954895019531250e-01
2.358186244964599609e+00
-1.082153558731079102e+00
-8.105680942535400391e-01
7.048242092132568359e-01
-2.593063116073608398e-01
6.165939569473266602e-01
1.655858159065246582e+00
-2.600729465484619141e-02
1.772183179855346680e-01
4.646539688110351562e+00
2.762332558631896973e-01
-6.335561275482177734e-01
8.127150535583496094e-01
-5.373090505599975586e-02
2.348664402961730957e-01
1.894059896469116211e+00
-2.532833814620971680e-02
3.717356681823730469e+00
7.631811499595642090e-01
1.579503893852233887e+00
3.969474554061889648e+00
1.521955490112304688e+00
4.698093891143798828e+00
-8.693249821662902832e-01
1.283289074897766113e+00
4.754993915557861328e+00
-9.611716270446777344e-01
-3.196270465850830078e-01
1.360551834106445312e+00
1.699277162551879883e+00
1.523689985275268555e+00
1.970700621604919434e+00
-2.019413113594055176e-01
1.376463174819946289e-01
4.345492839813232422e+00
1.174812078475952148e+00
3.870286941528320312e+00
