-1.552229166030883789e+00
-6.040465235710144043e-01
-7.668893337249755859e-01
7.672492265701293945e-01
-2.829558134078979492e+00
-9.266710281372070312e-02
-5.123801827430725098e-01
3.502964973449707031e-02
2.629184126853942871e-01
-1.391111612319946289e-01
-1.496330499649047852e+00
4.060980975627899170e-01
-8.274470567703247070e-01
-9.089353084564208984e-01
-3.843626379966735840e-01
-1.402684926986694336e+00
-4.014420509338378906e+00
1.139762401580810547e-01
7.649023532867431641e-01
-1.283355712890625000e+00
-2.025244951248168945e+00
-1.629424095153808594e-01
-3.094131350517272949e-01
-3.812717199325561523e-01
-1.416396498680114746e+00
-1.028964400291442871e+00
5.585739612579345703e-01
-1.527885437011718750e+00
-3.435516953468322754e-01
-1.457132101058959961e+00
-1.326917648315429688e+00
4.301964044570922852e-01
4.338665604591369629e-01
5.251146554946899414e-01
-1.047337174415588379e+00
-2.484144926071166992e+00
-2.784782052040100098e-01
-2.087609291076660156e+00
-1.060192823410034180e+00
6.514037251472473145e-01
3.383625149726867676e-01
3.783290386199951172e-01
-1.550536155700683594e+00
-1.261668205261230469e-01
-9.944841861724853516e-01
-1.661093115806579590e+00
2.058318853378295898e-01
-1.996986269950866699e+00
-6.618812084197998047e-01
-5.720518827438354492e-01
-9.208869934082031250e-01
-7.405164241790771484e-01
-3.042802333831787109e+00
-5.165672302246093750e-01
-6.904829144477844238e-01
-6.453045606613159180e-01
-1.189807057380676270e+00
-4.747084379196166992e-01
6.973360776901245117e-01
-9.379639625549316406e-01
4.660460054874420166e-01
-8.406361341476440430e-01
-1.967555761337280273e+00
9.168386459350585938e-03
-1.208010554313659668e+00
-1.267727375030517578e+00
-4.913700819015502930e-01
2.337784767150878906e-01
-5.615375041961669922e-01
-9.902524948120117188e-02
-2.315625429153442383e+00
-2.619881629943847656e+00
1.544697761535644531e+00
-1.173111677169799805e+00
-1.599000692367553711e-01
-7.205039262771606445e-02
6.722030639648437500e-01
-2.296328067779541016e+00
4.071977138519287109e-01
-1.269927024841308594e-01
4.410184621810913086e-01
-8.723332881927490234e-01
-1.711935400962829590e+00
5.307955741882324219e-01
-5.428305864334106445e-01
-5.359671115875244141e-01
2.423293590545654297e-01
-1.907112002372741699e+00
6.123039722442626953e-01
1.517872810363769531e-01
-4.830908775329589844e-01
-1.155728101730346680e-01
-2.597277164459228516e-01
1.903481483459472656e-01
-1.368336915969848633e+00
-3.461856842041015625e-01
-2.306326866149902344e+00
-1.393054723739624023e+00
-4.536385536193847656e-01
-4.252471923828125000e-01
1.038124561309814453e-01
-1.354676485061645508e+00
-2.682186365127563477e+00
-1.625216007232666016e-01
-1.922308444976806641e+00
5.344867706298828125e-02
-3.008878231048583984e-01
-1.444010019302368164e+00
7.326792478561401367e-01
-6.019229888916015625e-01
-5.593609213829040527e-01
-5.090670585632324219e-01
1.559650897979736328e-02
-1.793023347854614258e+00
5.160891413688659668e-01
-1.149096012115478516e+00
7.470730543136596680e-01
3.206121921539306641e-01
-1.122131705284118652e+00
-7.788660526275634766e-01
-6.842988133430480957e-01
-4.708237051963806152e-01
-1.733416557312011719e+00
-1.025244474411010742e+00
-1.643630981445312500e+00
-2.388830900192260742e+00
-5.648112297058105469e-01
1.575096964836120605e+00
3.260746002197265625e-01
-9.920754432678222656e-01
-4.174785614013671875e-01
-6.707558155059814453e+00
-1.343628406524658203e+00
6.190871000289916992e-01
-1.905722618103027344e-01
-4.321748018264770508e-01
-7.982611656188964844e-01
-4.978752732276916504e-01
-1.135534763336181641e+00
3.925359249114990234e-01
5.640736818313598633e-01
1.816184520721435547e-01
-3.082135915756225586e-01
-8.072030544281005859e-01
-1.846779346466064453e+00
-4.916252136230468750e+00
9.286069869995117188e-02
-5.044710636138916016e-02
-2.160208225250244141e-01
-6.570930480957031250e-01
-3.851385116577148438e-01
-1.067195177078247070e+00
-4.082006514072418213e-01
-1.358809232711791992e+00
3.209437131881713867e-01
-1.649858951568603516e+00
-2.408180713653564453e+00
6.333258152008056641e-01
1.006783723831176758e+00
-1.229327082633972168e+00
-6.671404838562011719e-02
-3.656538248062133789e+00
-1.356768131256103516e+00
-3.488821983337402344e-01
1.501847982406616211e+00
2.417733669281005859e-01
-7.540452480316162109e-01
8.556612730026245117e-01
-8.558034896850585938e-02
-1.028840780258178711e+00
-3.326625108718872070e+00
-1.256536245346069336e-01
-1.172878503799438477e+00
-1.058231234550476074e+00
3.160687685012817383e-01
3.066174983978271484e-01
3.010278940200805664e-01
-1.575568914413452148e+00
5.407381057739257812e-02
-3.226347863674163818e-01
-2.526769161224365234e+00
1.220350503921508789e+00
3.829009532928466797e-01
1.122865676879882812e+00
-1.251478910446166992e+00
-2.771627664566040039e+00
-4.070357084274291992e-01
7.352513670921325684e-01
-2.121536016464233398e+00
-1.061266541481018066e+00
3.460838794708251953e-01
-2.332094311714172363e-01
3.600032329559326172e-01
-4.114946126937866211e-01
8.195555210113525391e-02
5.269170999526977539e-01
7.362654209136962891e-01
-1.018092781305313110e-01
9.094257354736328125e-01
-7.654855847358703613e-01
4.324547052383422852e-01
1.429721117019653320e+00
4.885228872299194336e-01
-7.650322914123535156e-01
-3.270897865295410156e-01
-1.408389210700988770e+00
4.007408618927001953e-01
-3.415656387805938721e-01
-9.120476245880126953e-02
-7.643491625785827637e-01
1.125654935836791992e+00
-8.540968596935272217e-02
5.336080789566040039e-01
-1.645959854125976562e+00
-9.907007217407226562e-02
-1.016695737838745117e+00
-6.551041603088378906e-01
-2.314261674880981445e+00
-6.811092495918273926e-01
-2.295328617095947266e+00
-9.436799883842468262e-01
-5.453179478645324707e-01
-1.069950103759765625e+00
-9.347935318946838379e-01
3.209280967712402344e-01
5.051670074462890625e-01
-3.997898101806640625e-01
-1.612458348274230957e+00
7.346482276916503906e-01
-1.300295591354370117e+00
-6.358139514923095703e-01
-9.601235389709472656e-02
-4.327166080474853516e-02
-1.818403482437133789e+00
-9.664271473884582520e-01
9.776198863983154297e-01
-2.533506155014038086e-01
-4.781861305236816406e-01
-5.382608175277709961e-01
-1.702359199523925781e+00
-8.384124040603637695e-01
3.447234630584716797e-02
-1.415011882781982422e-01
-7.521529197692871094e-01
-6.378954648971557617e-01
1.999163627624511719e-02
-6.131097674369812012e-01
2.524924874305725098e-01
-1.287479162216186523e+00
6.078201532363891602e-01
-1.776133775711059570e+00
2.689191102981567383e-01
2.134101390838623047e-01
-1.600599288940429688e-01
-7.659295797348022461e-01
2.033504009246826172e+00
3.735582828521728516e-01
-6.879950761795043945e-01
4.862926006317138672e-01
-2.827141284942626953e-01
9.858254194259643555e-01
-1.797119021415710449e+00
-7.546548843383789062e-01
-1.164727926254272461e+00
-4.259324073791503906e-02
6.096292734146118164e-01
5.917509794235229492e-01
-8.146556019783020020e-01
1.755020618438720703e-01
-5.623281002044677734e-02
-5.756227970123291016e-01
-1.003097891807556152e-01
-2.159111261367797852e+00
3.080483973026275635e-01
3.091154098510742188e-01
-3.602041602134704590e-01
2.733708620071411133e-01
-1.178801059722900391e-01
-2.335229873657226562e+00
-4.648189544677734375e-01
1.983082294464111328e-02
-1.686233282089233398e-01
4.265023469924926758e-01
3.219982087612152100e-01
-9.255234003067016602e-01
-1.271635293960571289e-01
-8.294131755828857422e-01
3.815172910690307617e-01
-9.111770391464233398e-01
-1.008888483047485352e-01
7.500694990158081055e-01
-8.260745406150817871e-01
6.436248421669006348e-01
4.728878736495971680e-01
5.260162353515625000e-01
-7.367128133773803711e-01
-1.184751033782958984e+00
-6.394097805023193359e-01
-1.296567559242248535e+00
3.750628232955932617e-01
-5.687849521636962891e-01
-1.673225164413452148e+00
2.298657894134521484e-01
4.361703395843505859e-01
-1.106553077697753906e-01
9.017961025238037109e-01
-1.100965738296508789e+00
8.619970679283142090e-01
-2.977990508079528809e-01
7.491021156311035156e-01
1.187825918197631836e+00
-6.981337070465087891e-02
-1.540850162506103516e+00
-9.684851765632629395e-01
-8.451511859893798828e-01
5.243586301803588867e-01
-4.068162441253662109e-01
-7.452490329742431641e-01
-5.533909797668457031e-01
-9.934014081954956055e-02
-7.678473591804504395e-01
-2.712130546569824219e-01
5.389018058776855469e-01
-2.934049367904663086e-01
1.498775482177734375e-01
3.628177642822265625e-01
-1.685230731964111328e-01
5.384705662727355957e-01
-6.202437877655029297e-01
-9.596439003944396973e-01
-3.548215627670288086e-01
-2.303188800811767578e+00
-8.252331018447875977e-01
1.440475702285766602e+00
-9.410769939422607422e-01
-5.779505968093872070e-01
4.320554733276367188e-01
-2.805926322937011719e+00
-8.427603244781494141e-01
-7.959644794464111328e-01
-7.967091798782348633e-01
-2.332644462585449219e-01
9.416341185569763184e-01
-2.727404832839965820e-01
-1.083763599395751953e+00
2.548919916152954102e-01
-1.355750322341918945e+00
-1.500939607620239258e+00
-1.478090643882751465e+00
-1.013071417808532715e+00
5.172000527381896973e-01
5.450487136840820312e-02
-1.130814552307128906e+00
-6.243494153022766113e-02
-5.893859863281250000e-01
-3.723258972167968750e-01
-9.190701246261596680e-01
-1.614472150802612305e+00
9.719014167785644531e-01
2.787847518920898438e-01
-4.347844123840332031e-01
-2.342062473297119141e+00
6.090320348739624023e-01
-2.546658515930175781e-01
-7.090795040130615234e-01
-1.589506387710571289e+00
-1.085718512535095215e+00
3.483176827430725098e-01
-5.411220788955688477e-01
-5.073508024215698242e-01
2.492439746856689453e-01
6.027143001556396484e-01
-6.439109444618225098e-01
-1.518858671188354492e+00
-2.519759416580200195e+00
-4.202329158782958984e+00
-1.225573420524597168e-01
-1.135887026786804199e+00
-4.263853430747985840e-01
-1.276935577392578125e+00
-2.924620866775512695e+00
-3.238205432891845703e+00
-1.317124724388122559e+00
-6.394256353378295898e-01
-4.619764089584350586e-01
7.607519626617431641e-01
-6.621907949447631836e-01
-5.136560201644897461e-01
-2.444267272949218750e-03
-6.528421044349670410e-01
-7.118586301803588867e-01
-4.107265472412109375e-01
-7.761673927307128906e-01
1.711876392364501953e-01
-3.952810168266296387e-01
2.660775184631347656e-02
4.273110628128051758e-02
2.930253148078918457e-01
-4.800228476524353027e-01
-2.002378940582275391e+00
-3.700067043304443359e+00
1.315983772277832031e+00
6.628934741020202637e-01
1.336729526519775391e+00
-7.264387607574462891e-02
1.625191450119018555e+00
5.700526237487792969e-01
2.331564426422119141e-01
-1.156089544296264648e+00
-3.625094890594482422e+00
2.971351146697998047e-02
-2.901654839515686035e-01
-4.715011119842529297e-01
-8.972667455673217773e-01
1.615273952484130859e-02
8.905174732208251953e-01
6.416002511978149414e-01
-9.797321557998657227e-01
1.582382917404174805e-01
5.221139192581176758e-01
-2.010921478271484375e+00
-2.558517456054687500e+00
1.026542186737060547e-01
5.670448541641235352e-01
3.714501857757568359e-02
-1.889963150024414062e-01
-8.227024078369140625e-01
-7.500950694084167480e-01
3.695338964462280273e-01
-3.805745840072631836e-01
1.311284005641937256e-01
3.829836845397949219e-02
1.615874767303466797e-01
1.486147761344909668e+00
-8.347476720809936523e-01
-2.218172550201416016e-01
-1.829917550086975098e+00
1.622939109802246094e-02
-7.986422777175903320e-01
-7.438664436340332031e-01
-9.776830673217773438e-01
-1.307551503181457520e+00
-1.577100753784179688e-01
3.044449687004089355e-01
2.359489202499389648e-01
6.958106756210327148e-01
-7.542419433593750000e-02
5.696053504943847656e-01
-4.784502387046813965e-01
-8.222962021827697754e-01
-1.357754349708557129e+00
2.909190654754638672e-01
-5.872957110404968262e-01
-7.008234977722167969e+00
-2.535298347473144531e+00
-2.474709033966064453e+00
-1.252058625221252441e+00
-1.452491283416748047e-01
-1.454540014266967773e+00
1.847491264343261719e-01
-2.019034624099731445e-01
-3.585963249206542969e-01
-1.146155476570129395e+00
2.107993364334106445e-01
-1.742976903915405273e-01
-5.383386611938476562e-01
-1.960968971252441406e-02
-4.702632427215576172e-01
-2.773344039916992188e+00
-8.319991827011108398e-01
-7.533389329910278320e-02
-1.537933349609375000e-01
-9.451584815979003906e-01
-8.769531250000000000e-01
-3.683310747146606445e-01
4.379177093505859375e-02
4.664459228515625000e-01
-7.219061851501464844e-01
3.556165695190429688e-01
-4.714555740356445312e+00
-3.930078744888305664e-01
-4.318137168884277344e-01
-2.208266019821166992e+00
-7.867103815078735352e-01
7.945375442504882812e-01
6.481441259384155273e-01
2.419248819351196289e-01
-1.182042360305786133e+00
2.231323719024658203e-02
-9.821823835372924805e-01
-2.948802709579467773e-02
4.305075407028198242e-01
-2.879850625991821289e+00
9.346995353698730469e-01
9.552009701728820801e-01
-9.613428115844726562e-01
-1.906452298164367676e+00
2.367089509963989258e+00
-7.957357168197631836e-01
-8.841106891632080078e-01
7.725191712379455566e-01
-1.309462547302246094e+00
9.746575355529785156e-02
-3.029834032058715820e-01
-1.042118072509765625e-01
-9.835364222526550293e-01
-1.785278320312500000e-03
-1.896585226058959961e+00
-7.513349056243896484e-01
4.397015571594238281e-01
8.682847023010253906e-02
-1.169627904891967773e-01
-4.233438372611999512e-01
-2.745022773742675781e-01
-5.422981977462768555e-01
5.229626297950744629e-01
-4.912964105606079102e-01
-2.347826957702636719e-03
7.642160058021545410e-01
-4.902241826057434082e-01
-1.366436123847961426e+00
1.291573405265808105e+00
9.764456748962402344e-01
-5.099470615386962891e-01
-6.669499874114990234e-01
-1.843671321868896484e+00
-4.177639484405517578e-01
2.492402791976928711e-01
-4.417537450790405273e-01
5.096382498741149902e-01
-9.104377031326293945e-01
-2.253382444381713867e+00
9.753942489624023438e-03
-1.157396316528320312e+00
9.589139223098754883e-01
-1.501810908317565918e+00
1.128564476966857910e-01
-4.215507507324218750e-01
8.048141002655029297e-01
1.716781854629516602e-01
-9.773193597793579102e-01
-3.936613202095031738e-01
-2.416911363601684570e+00
-1.259820461273193359e-01
-1.188528537750244141e-02
9.807986021041870117e-02
-8.081763386726379395e-01
-9.225287437438964844e-01
-2.042811512947082520e-01
-9.345395565032958984e-01
2.693977355957031250e+00
2.300185561180114746e-01
-9.680612087249755859e-01
-3.396663665771484375e-01
1.331086039543151855e+00
-1.311133742332458496e+00
-5.812520980834960938e-01
2.348515987396240234e-01
-1.979259848594665527e-01
-8.815839886665344238e-01
-8.298711776733398438e-01
-1.056541323661804199e+00
-5.628081560134887695e-01
-8.566037416458129883e-01
2.843299508094787598e-01
9.521603584289550781e-02
1.452329754829406738e-01
-1.576933383941650391e+00
5.684220790863037109e-02
6.400560140609741211e-01
-8.606802821159362793e-01
8.367623090744018555e-01
5.717642307281494141e-01
-1.015329360961914062e-02
-7.258932590484619141e-01
3.281533718109130859e-02
-1.787332057952880859e+00
6.624392271041870117e-01
-5.572874546051025391e-01
-3.491675853729248047e-02
-4.942706823348999023e-01
-4.621702432632446289e-01
-5.745007991790771484e-01
-2.775675058364868164e-02
1.058296322822570801e+00
5.727355480194091797e-01
-1.855609893798828125e+00
-8.518297672271728516e-01
-1.953361034393310547e+00
-8.835960626602172852e-01
-1.405971050262451172e-01
-2.621812820434570312e-01
-1.715723037719726562e+00
2.926479578018188477e-01
3.011243343353271484e-01
-8.014869689941406250e-02
-5.607088804244995117e-01
-1.632244825363159180e+00
3.540782928466796875e-01
-6.192661523818969727e-01
-1.384915113449096680e-01
-1.667742729187011719e-01
-2.559136867523193359e+00
-1.665002584457397461e+00
-3.022021055221557617e-01
-1.463408470153808594e+00
-8.004546165466308594e-03
-1.250974297523498535e+00
-1.938391327857971191e-01
1.752121448516845703e-01
-2.683856487274169922e+00
-1.330186367034912109e+00
1.301285624504089355e-01
-1.739396691322326660e+00
-2.963976860046386719e-01
-8.587143421173095703e-01
5.444971323013305664e-01
-9.003120660781860352e-01
-2.097874879837036133e-01
-1.855708003044128418e+00
-7.762252688407897949e-01
-6.572501659393310547e-01
-9.659944176673889160e-01
-8.082033395767211914e-01
-2.139231204986572266e+00
-5.028271675109863281e-01
-3.673627972602844238e-01
5.238316655158996582e-01
-3.220806717872619629e-01
-8.797245025634765625e-01
-3.306499719619750977e-01
-1.742506146430969238e+00
-8.999650478363037109e-01
-7.836383581161499023e-01
7.447087764739990234e-01
2.035001516342163086e-01
5.510389804840087891e-01
-8.126472830772399902e-01
-2.744950354099273682e-01
-1.078445315361022949e+00
-9.558324813842773438e-01
1.205396652221679688e-01
-2.072633504867553711e-01
-1.878382921218872070e+00
-1.243452072143554688e+00
-2.901736497879028320e+00
-6.743506789207458496e-01
-8.763046264648437500e-01
-3.114728927612304688e-01
-1.273763060569763184e+00
-1.103532910346984863e-01
1.112850189208984375e+00
8.774078488349914551e-01
-1.067736148834228516e-01
-1.825255155563354492e+00
-1.589660167694091797e+00
-2.214589357376098633e+00
-1.694946646690368652e+00
3.420259952545166016e-01
1.057510852813720703e+00
1.134108304977416992e-01
-7.736014127731323242e-01
3.458182811737060547e-01
-1.423880457878112793e+00
-1.777242422103881836e-01
-1.767764210700988770e+00
-6.552326679229736328e-01
-1.230809688568115234e+00
-5.567584037780761719e+00
-1.223282217979431152e+00
-2.723687171936035156e+00
-4.225435256958007812e-01
-4.711389541625976562e-02
6.517672538757324219e-01
5.375877618789672852e-01
-2.116441726684570312e+00
8.911192417144775391e-01
-1.285421133041381836e+00
1.858406066894531250e-01
3.582463264465332031e-01
-1.271039247512817383e+00
-1.829797029495239258e-01
2.565971136093139648e+00
-6.928873658180236816e-01
-3.293703794479370117e-01
-3.781636953353881836e-01
-3.169012069702148438e-02
-6.641170978546142578e-01
-1.104857921600341797e-01
-8.289152383804321289e-01
-6.288703680038452148e-01
-3.596891164779663086e-01
1.988927125930786133e-01
-3.068738460540771484e+00
-7.064745426177978516e-01
3.398442268371582031e-01
-3.006657361984252930e-01
-8.098955154418945312e-01
-1.574484109878540039e-01
-2.710876464843750000e-01
-8.829813003540039062e-01
-8.685946464538574219e-03
3.986494541168212891e-01
-1.287956595420837402e+00
2.094449400901794434e-01
-1.477894783020019531e-01
3.837703466415405273e-01
1.950685977935791016e-01
-6.036291122436523438e-01
3.799152374267578125e-01
-2.112733721733093262e-01
-8.352918624877929688e-01
5.946774482727050781e-01
7.201073765754699707e-01
-1.249779224395751953e+00
-2.223658561706542969e-02
-6.314491033554077148e-01
1.383607983589172363e-01
1.092123746871948242e+00
-1.432778477668762207e+00
-7.034844160079956055e-01
-1.606085658073425293e+00
8.629457950592041016e-01
-8.477087020874023438e-01
-6.856646537780761719e-01
-3.093844950199127197e-01
-3.376352071762084961e+00
9.822858572006225586e-01
3.137713670730590820e-01
-1.536291003227233887e+00
-8.082497715950012207e-01
-7.064890861511230469e-01
-2.285562992095947266e+00
-7.377114295959472656e-01
-4.468114376068115234e-01
1.741899847984313965e-01
6.947205066680908203e-01
-8.775389194488525391e-02
-1.243762850761413574e+00
-2.637558579444885254e-01
2.292037010192871094e-03
-6.774330139160156250e-01
9.668292999267578125e-01
-1.770686864852905273e+00
-1.185974121093750000e+00
4.543263912200927734e-01
-6.345670223236083984e-01
-4.497084617614746094e-01
-3.213858902454376221e-01
6.063479185104370117e-02
1.597131013870239258e+00
3.607599735260009766e-01
-7.553855180740356445e-01
-8.354198932647705078e-02
-1.933908581733703613e+00
1.166087150573730469e+00
2.920609712600708008e-01
3.393959999084472656e-01
-9.694727659225463867e-01
6.814498901367187500e-01
2.606675624847412109e-01
-2.405650377273559570e+00
-9.140524864196777344e-01
-2.276534080505371094e+00
-7.185196280479431152e-01
-8.142597675323486328e-01
-5.725972652435302734e-01
1.644905924797058105e+00
-4.749333858489990234e-01
-1.105731487274169922e+00
1.805244922637939453e+00
1.726322174072265625e-01
1.268954873085021973e-01
-9.810132980346679688e-01
-7.169315814971923828e-01
-3.732182979583740234e-01
-1.986474871635437012e+00
-1.118517875671386719e+00
5.343221426010131836e-01
1.216053962707519531e-03
5.658701658248901367e-01
1.031718254089355469e-01
-4.490879774093627930e-01
-1.968719959259033203e-01
-6.740235090255737305e-01
-1.381003260612487793e+00
-4.458962678909301758e-01
9.335309267044067383e-01
1.588057756423950195e+00
-2.599765300750732422e+00
-6.009950041770935059e-01
1.079528629779815674e-01
1.187665820121765137e+00
-2.015506029129028320e+00
3.891196250915527344e-01
-7.913948297500610352e-01
4.081701040267944336e-01
-2.248382568359375000e-02
-7.650887966156005859e-01
-4.603459835052490234e-01
-1.246699094772338867e+00
-1.651586592197418213e-01
9.824208021163940430e-01
-3.630093336105346680e-01
-1.082990884780883789e+00
-7.714915275573730469e-02
3.252012729644775391e-01
4.235192537307739258e-01
-5.006098747253417969e-01
-2.389081478118896484e+00
-2.068178653717041016e-01
-1.526684761047363281e+00
-3.202993869781494141e-01
1.085537791252136230e+00
-1.108039379119873047e+00
8.770954608917236328e-01
-9.264926314353942871e-01
-1.178197383880615234e+00
-3.860375642776489258e+00
-1.267508387565612793e+00
-1.617777943611145020e-01
9.186300039291381836e-01
9.818931818008422852e-01
3.484137058258056641e-01
-1.998652815818786621e+00
8.146333694458007812e-02
-7.875465154647827148e-01
-6.902788877487182617e-01
-1.584037780761718750e+00
-6.748616695404052734e-02
-2.274087429046630859e+00
8.592517375946044922e-01
8.527771234512329102e-01
1.726696491241455078e+00
4.612872004508972168e-01
4.256356060504913330e-01
-3.330167531967163086e+00
5.894607901573181152e-01
-1.305606603622436523e+00
-2.683365345001220703e-01
-1.496403217315673828e+00
8.572229146957397461e-01
-4.580216407775878906e-01
2.464526891708374023e-01
2.373112440109252930e-01
-3.315653204917907715e-01
1.410621047019958496e+00
2.768784761428833008e-01
6.199168562889099121e-01
4.417788982391357422e-02
-2.590036392211914062e-02
-1.201295256614685059e-01
-2.953588962554931641e-02
-2.649317979812622070e+00
9.750926494598388672e-02
-8.745263218879699707e-01
-1.124455928802490234e-01
1.988061904907226562e+00
2.197873592376708984e-02
-2.555900812149047852e-01
-3.074783086776733398e-01
-3.068328142166137695e+00
-3.679931163787841797e-02
1.348365545272827148e-01
-4.571671783924102783e-01
-2.594149708747863770e-01
-4.528093338012695312e-01
-2.165655136108398438e+00
-1.832641005516052246e+00
8.099530935287475586e-01
-6.112013459205627441e-01
1.584279537200927734e-02
4.984475970268249512e-01
-8.645942211151123047e-01
-2.520377039909362793e-01
-8.973357677459716797e-01
-2.627749443054199219e+00
-1.542267084121704102e+00
-7.311599254608154297e-01
-1.162134051322937012e+00
1.049080133438110352e+00
2.635115385055541992e-01
-7.976683378219604492e-01
-1.512863636016845703e+00
-2.479832649230957031e+00
-1.710910081863403320e+00
1.711017131805419922e+00
1.083538055419921875e+00
-1.868939399719238281e+00
7.612552642822265625e-01
-9.971342086791992188e-01
-1.293540000915527344e-01
-1.009727835655212402e+00
-1.419294595718383789e+00
-2.368379592895507812e+00
-4.308423995971679688e-01
2.178044319152832031e-01
-2.065138816833496094e+00
6.240463256835937500e-02
9.020221233367919922e-02
-8.672499656677246094e-02
-6.899346709251403809e-01
-6.050227880477905273e-01
2.290678620338439941e-01
-1.868846178054809570e+00
-4.779671430587768555e-01
-4.287736415863037109e-01
-1.080474853515625000e+00
-9.514229297637939453e-01
2.739100456237792969e-01
