2.548854947090148926e-01
-1.246637105941772461e+00
-1.194713234901428223e+00
-7.883064746856689453e-01
-3.681518733501434326e-01
-1.264501094818115234e+00
7.339417934417724609e-02
-1.251098155975341797e+00
-6.657977104187011719e-01
-2.117396831512451172e+00
-6.759774684906005859e-01
2.050951719284057617e-01
-1.530079126358032227e+00
-7.766587734222412109e-01
4.725708961486816406e-01
7.497067451477050781e-01
7.765901088714599609e-02
-5.706008672714233398e-01
-1.554713845252990723e+00
-2.496480941772460938e-02
-6.774795055389404297e-01
1.535473942756652832e+00
1.122918605804443359e+00
-1.144889116287231445e+00
-2.208951711654663086e-01
-6.807172298431396484e-01
3.790820837020874023e-01
-2.706072092056274414e+00
-1.110460996627807617e+00
-3.739731311798095703e-01
-7.309653162956237793e-01
1.345242857933044434e-01
5.961760282516479492e-01
-4.377751350402832031e-01
-1.340275049209594727e+00
-6.040061116218566895e-01
-2.961658000946044922e+00
2.610753774642944336e-01
-9.821941256523132324e-01
-8.139667510986328125e-01
-3.462980985641479492e-01
-6.695392727851867676e-01
-2.617578506469726562e+00
-1.050690412521362305e+00
-1.581256747245788574e+00
-1.313339471817016602e+00
-2.873737812042236328e+00
1.880196332931518555e-01
-9.337681531906127930e-01
-1.160550951957702637e+00
-2.023292779922485352e+00
-7.645673751831054688e-01
6.522274017333984375e-02
-1.325174450874328613e+00
-4.291135311126708984e+00
-8.295278549194335938e-01
-3.781040906906127930e-01
-4.767341017723083496e-01
-6.681220531463623047e-01
1.424178600311279297e+00
-6.890305280685424805e-01
-6.813807487487792969e-01
-1.524097919464111328e-01
-1.180945754051208496e+00
-1.413106918334960938e+00
-1.023390531539916992e+00
-4.606581926345825195e-01
-2.746691703796386719e-01
-1.089162468910217285e+00
-6.560296535491943359e+00
-1.654253959655761719e+00
-1.622463464736938477e+00
-7.073789834976196289e-01
1.003626823425292969e+00
-1.926145553588867188e+00
-3.679358959197998047e-02
-1.024056077003479004e-01
-1.238870024681091309e-01
-1.916873455047607422e-01
-1.454893469810485840e+00
-4.196527004241943359e-01
-6.931973695755004883e-01
-2.710651159286499023e+00
-1.151434898376464844e+00
-1.526819467544555664e-01
-1.033488869667053223e+00
6.837183237075805664e-01
-1.879595041275024414e+00
1.162846326828002930e+00
-7.626591324806213379e-01
-3.333446979522705078e-01
1.414514482021331787e-01
-1.635866165161132812e-01
1.397655963897705078e+00
-1.260512590408325195e+00
2.810944318771362305e-01
2.122430324554443359e+00
-1.072831630706787109e+00
-1.311606884002685547e+00
2.097393274307250977e-01
-1.587780594825744629e+00
-2.083484530448913574e-01
-3.921959400177001953e-01
-1.483578681945800781e-01
-3.463016152381896973e-01
-1.399231672286987305e+00
-1.259503364562988281e-01
2.283958196640014648e-01
-1.372331500053405762e+00
-5.622427463531494141e-01
-1.451588988304138184e+00
-1.219585180282592773e+00
-5.057394504547119141e-02
-1.336174011230468750e+00
-7.698074579238891602e-01
9.019279479980468750e-02
-9.080690145492553711e-02
6.708370447158813477e-01
-5.615525245666503906e-01
-1.961810588836669922e-01
-2.069809436798095703e+00
-1.814229607582092285e+00
-4.971680641174316406e-01
-2.845350503921508789e-01
-1.599760770797729492e+00
-4.869688749313354492e-01
-7.927341461181640625e-01
-3.196023702621459961e-01
4.289848506450653076e-01
-1.214703559875488281e+00
6.113380193710327148e-01
7.631373405456542969e-02
2.145217657089233398e-01
-1.906168580055236816e+00
6.397193670272827148e-01
-7.519963979721069336e-01
1.315585970878601074e-01
-5.793052911758422852e-01
-1.177020192146301270e+00
-8.473026752471923828e-02
-7.181559801101684570e-01
-1.642107725143432617e+00
6.358448266983032227e-01
-1.911711454391479492e+00
1.055789828300476074e+00
-1.205197572708129883e-01
-1.231197953224182129e+00
2.871006727218627930e-01
-1.651013135910034180e+00
-2.133495807647705078e+00
-4.291132688522338867e-01
-8.805971145629882812e-01
-1.935784816741943359e-01
7.301625013351440430e-01
-6.870083808898925781e-01
-7.656621932983398438e-01
-2.720631599426269531e+00
-1.147308111190795898e+00
-1.495658040046691895e+00
-3.339495658874511719e-01
-1.592502713203430176e+00
-2.086901664733886719e-02
-1.988318443298339844e+00
-1.450187206268310547e+00
1.743514090776443481e-01
1.707098007202148438e+00
-1.331714034080505371e+00
-2.311721324920654297e+00
-6.373254060745239258e-01
3.724348545074462891e-01
-4.141757488250732422e-01
9.295296669006347656e-02
-4.932856559753417969e-02
-3.476245403289794922e-01
-1.168826341629028320e+00
9.742808341979980469e-02
-9.494045972824096680e-01
-4.349648952484130859e-02
-9.211025238037109375e-01
-7.464057207107543945e-01
-8.785182237625122070e-01
-8.296501636505126953e-01
3.385192155838012695e-01
1.980451345443725586e-01
-7.537202239036560059e-01
2.355496287345886230e-01
1.077288389205932617e-01
-1.275404810905456543e+00
7.275887727737426758e-01
-5.863122940063476562e-01
-3.019753694534301758e+00
4.772984981536865234e-02
4.523017406463623047e-01
7.787559032440185547e-01
1.458227634429931641e-04
-2.338375091552734375e+00
-6.861789226531982422e-01
-1.092320680618286133e-01
-2.054666996002197266e+00
-3.861189842224121094e+00
-1.161780953407287598e+00
2.087590694427490234e-01
-8.782534599304199219e-01
5.336121320724487305e-01
7.076281309127807617e-02
1.446695327758789062e-01
-7.649190902709960938e+00
-1.140432000160217285e+00
3.893016874790191650e-01
-6.803944110870361328e-01
-1.314796209335327148e+00
1.328428983688354492e-01
-8.424751758575439453e-01
-7.154673337936401367e-01
-1.289852380752563477e+00
-5.990035533905029297e-01
-1.339935064315795898e+00
-5.328746438026428223e-01
-1.192243933677673340e+00
6.690290570259094238e-01
-1.854092478752136230e+00
1.335259914398193359e+00
-1.962097883224487305e-01
1.439049839973449707e-01
6.238317489624023438e-01
-3.247115612030029297e-01
-4.560939669609069824e-01
-3.203997135162353516e+00
6.840926408767700195e-01
7.003527879714965820e-01
-5.123075246810913086e-01
-5.417241454124450684e-01
-6.912982463836669922e-01
1.426677107810974121e-01
5.177440643310546875e-01
-7.650740146636962891e-01
-6.920362114906311035e-01
-2.407354593276977539e+00
-4.733915328979492188e-01
8.066601753234863281e-01
-6.306132078170776367e-01
5.751289129257202148e-01
-1.775726556777954102e+00
-2.376916408538818359e-01
-1.285676717758178711e+00
-1.911324262619018555e-01
8.377432823181152344e-02
1.109654068946838379e+00
1.205275058746337891e-01
-1.460259437561035156e+00
-2.736061215400695801e-01
3.205236196517944336e-01
-1.579495072364807129e-01
1.149094700813293457e-01
9.835094809532165527e-01
-8.193153142929077148e-01
-7.508498430252075195e-01
7.930501699447631836e-01
-9.462153911590576172e-01
-3.380045890808105469e-01
3.316020071506500244e-01
1.113133668899536133e+00
-3.181225538253784180e+00
3.990873098373413086e-01
-8.030105829238891602e-01
-2.777519702911376953e+00
-4.111641645431518555e-01
1.075414419174194336e-01
9.532707929611206055e-01
9.983032941818237305e-02
-1.688794493675231934e+00
5.960979461669921875e-01
-2.352823019027709961e-01
1.148034334182739258e+00
-4.844238758087158203e-01
-3.663097620010375977e-01
-4.109184741973876953e-01
-1.752440929412841797e-01
-2.399989604949951172e+00
9.841892719268798828e-01
9.311884641647338867e-02
-5.180691480636596680e-01
1.106439828872680664e-01
2.893656492233276367e-01
1.048199892044067383e+00
1.069688796997070312e-02
4.895604848861694336e-01
-1.347118854522705078e+00
-5.018711090087890625e-03
1.039314150810241699e+00
2.903747558593750000e-02
-1.180217146873474121e+00
-2.222077846527099609e+00
-1.776755571365356445e+00
6.858322024345397949e-01
2.985891103744506836e-01
4.786868095397949219e-01
-1.753798723220825195e-01
2.147368788719177246e-01
5.621610879898071289e-01
-3.857924938201904297e-01
-3.112111091613769531e-01
4.054510593414306641e-01
-1.595662593841552734e+00
4.980885982513427734e-01
-9.396641254425048828e-01
-3.807895779609680176e-01
2.879090309143066406e-01
-5.103170871734619141e-02
2.640669345855712891e-01
-7.959561347961425781e-01
2.501878738403320312e-01
-1.509694457054138184e-01
1.187135696411132812e+00
-1.513250589370727539e+00
-8.596451282501220703e-01
4.397432208061218262e-01
1.284986734390258789e-02
-4.618622064590454102e-01
-1.888647079467773438e+00
-3.308642506599426270e-01
-7.319966554641723633e-01
-1.074229478836059570e+00
2.468548417091369629e-01
-8.283323049545288086e-01
-9.747869968414306641e-01
-3.794495463371276855e-01
8.333973884582519531e-01
-5.504548549652099609e-02
-3.795091629028320312e+00
1.926464140415191650e-01
4.303935170173645020e-02
4.429987668991088867e-01
6.851781606674194336e-01
1.339733600616455078e-02
-8.940575718879699707e-01
-1.206036090850830078e+00
-2.603512525558471680e+00
-2.357161045074462891e-01
1.047183990478515625e+00
3.624966144561767578e-01
-2.797055244445800781e-02
-9.632067680358886719e-01
-1.153952479362487793e-01
-5.985605716705322266e-02
-9.003785252571105957e-01
-1.380675554275512695e+00
-1.363474607467651367e+00
8.004839420318603516e-01
5.156840085983276367e-01
-2.890391349792480469e-01
2.848374843597412109e-01
2.420095205307006836e-01
-3.798663616180419922e-02
-2.536922454833984375e+00
-2.012124061584472656e-01
-5.472987890243530273e-01
-1.085065603256225586e-01
-9.354193210601806641e-01
-7.807564735412597656e-02
-1.020494699478149414e-01
-1.450092077255249023e+00
2.881451547145843506e-01
-3.901685476303100586e-01
-7.268625497817993164e-01
1.755412817001342773e-01
-1.040178060531616211e+00
-9.505473375320434570e-01
-2.943778038024902344e-01
9.368388652801513672e-01
1.697121262550354004e-01
-2.297490239143371582e-01
-1.022781133651733398e-01
-2.604777097702026367e+00
-8.724251389503479004e-01
-3.615532398223876953e+00
-9.494395256042480469e-01
-2.208912372589111328e-01
-5.000854730606079102e-01
7.215774059295654297e-02
-1.275608658790588379e+00
1.394978523254394531e+00
-4.605412483215332031e-01
-1.602518081665039062e+00
5.808863043785095215e-01
-4.792473316192626953e-01
4.502534866333007812e-04
4.845696687698364258e-01
-3.250706195831298828e-01
-2.587872028350830078e+00
-1.933127641677856445e+00
1.077629327774047852e-01
-1.258844852447509766e+00
-1.820166826248168945e+00
-1.240403413772583008e+00
-1.712276339530944824e-01
5.691003799438476562e-01
1.950669288635253906e-01
1.040295600891113281e+00
-1.024681568145751953e+00
-4.783265590667724609e-01
-7.827836275100708008e-01
-7.896478176116943359e-01
7.683801054954528809e-01
7.339051961898803711e-01
-8.092541694641113281e-01
-1.012617945671081543e+00
2.165933847427368164e-01
-1.622860670089721680e+00
-2.036858081817626953e+00
3.775100708007812500e-01
-2.225721836090087891e+00
-5.989899635314941406e-01
-1.029258966445922852e+00
-1.068268775939941406e+00
4.842315912246704102e-01
-8.286585807800292969e-01
-5.043306350708007812e-01
2.355952262878417969e-01
-5.110740661621093750e-01
5.168149471282958984e-01
5.289502143859863281e-01
-5.180416107177734375e-01
-1.909363269805908203e-01
-9.961504936218261719e-01
-3.247873783111572266e+00
-9.178018569946289062e-01
-3.692828416824340820e-01
6.026471257209777832e-01
3.115825653076171875e-01
-1.023030877113342285e+00
1.343529224395751953e+00
9.917199611663818359e-02
-1.753548860549926758e+00
3.201895952224731445e-01
-2.652728796005249023e+00
-5.774025917053222656e-01
3.272774219512939453e-01
-2.278112173080444336e-01
-7.303850650787353516e-01
-3.690226078033447266e-01
-8.238753676414489746e-01
4.327555894851684570e-01
-1.762959837913513184e+00
-8.066033124923706055e-01
-1.462794065475463867e+00
1.388381719589233398e-01
-3.201993703842163086e-01
-1.521084904670715332e-01
-3.190547227859497070e-02
-1.088078737258911133e+00
6.132030487060546875e-02
-1.025110363960266113e+00
-2.955137014389038086e+00
-2.036748886108398438e+00
1.070530652999877930e+00
-7.292543649673461914e-01
-4.636908173561096191e-01
-1.312730431556701660e+00
-2.617087662220001221e-01
7.857513427734375000e-01
-1.201290607452392578e+00
-6.014995574951171875e-01
-7.369008064270019531e-01
-4.323713779449462891e-01
-9.540354013442993164e-01
1.073152184486389160e+00
-9.893755316734313965e-01
2.084948420524597168e-01
-3.432250022888183594e-01
-3.702765703201293945e-01
-2.236341476440429688e+00
-2.081240415573120117e-01
-4.315866231918334961e-01
-7.497749328613281250e-01
-1.156210899353027344e-03
-8.990911245346069336e-01
-1.689376831054687500e-01
-1.021505355834960938e+00
9.139657020568847656e-01
1.056485891342163086e+00
-2.451107501983642578e+00
-2.750879526138305664e-01
-1.553371548652648926e-01
-2.300711870193481445e-01
-7.528929710388183594e-01
-7.563016414642333984e-01
7.816348075866699219e-01
-7.700479030609130859e-01
1.610708236694335938e-02
-3.664919137954711914e-01
-1.790709733963012695e+00
-3.620682954788208008e-01
-2.674218416213989258e-01
-1.538108110427856445e+00
1.460491418838500977e-01
8.471412658691406250e-01
1.675685346126556396e-01
-4.384679794311523438e-01
4.121486544609069824e-01
-5.744875073432922363e-01
-1.713922023773193359e+00
-1.689347028732299805e-01
-3.253123283386230469e+00
-1.647509217262268066e+00
6.827837228775024414e-02
-3.464359045028686523e+00
3.078746795654296875e-01
-4.248178601264953613e-01
-7.261000871658325195e-01
-1.519838333129882812e+00
-6.948845386505126953e-01
-1.370112895965576172e+00
-1.264379739761352539e+00
5.057479739189147949e-01
-5.196604728698730469e-01
-7.322365045547485352e-01
-5.595629215240478516e-01
-4.178886413574218750e-01
-3.771349191665649414e-01
-1.105868577957153320e+00
-1.250290632247924805e+00
1.240925788879394531e-01
-6.989207267761230469e-01
-9.315006136894226074e-01
4.456795454025268555e-01
-2.405159473419189453e-01
8.337481021881103516e-01
-1.722302913665771484e+00
-4.015820026397705078e-01
-1.198226332664489746e+00
-7.321671247482299805e-01
-3.620455265045166016e-01
-1.278481602668762207e+00
5.339236259460449219e-01
-1.353811979293823242e+00
-2.630511283874511719e+00
-1.375727057456970215e+00
-9.897674918174743652e-01
-9.396482706069946289e-01
2.838184833526611328e-01
-2.104184150695800781e+00
-1.119641304016113281e+00
-2.530594468116760254e-01
-4.420370757579803467e-01
2.312216758728027344e-01
-8.270192146301269531e-01
-9.669525623321533203e-01
-9.115345478057861328e-01
-2.422692775726318359e+00
6.978283524513244629e-01
-2.864339351654052734e-01
4.925606250762939453e-01
-2.420052766799926758e+00
-1.842127323150634766e+00
3.896282911300659180e-01
4.640084505081176758e-02
6.743568181991577148e-02
2.332518100738525391e-01
-2.063286781311035156e+00
-1.325155019760131836e+00
1.916861534118652344e+00
-1.040091514587402344e+00
-1.336989045143127441e+00
1.165967702865600586e+00
-9.313157796859741211e-01
6.469199061393737793e-01
9.913006424903869629e-01
-8.620735406875610352e-01
-4.954698681831359863e-01
3.780385255813598633e-01
-2.396475791931152344e+00
-2.515192031860351562e-01
-1.165353536605834961e+00
-1.512306094169616699e+00
-1.235221147537231445e+00
-8.227106332778930664e-01
-7.845913767814636230e-01
-4.741154909133911133e-01
-6.375620365142822266e-01
-2.234241962432861328e-01
-1.452418923377990723e+00
-1.141535520553588867e+00
-1.324839234352111816e+00
8.376145362854003906e-02
-9.327278137207031250e-01
-1.529642701148986816e+00
6.210083961486816406e-01
-3.403867483139038086e-01
-2.375940799713134766e+00
1.661454439163208008e-01
-2.112890481948852539e+00
2.904815673828125000e-01
-1.984953761100769043e+00
-8.011943101882934570e-01
9.408993721008300781e-01
-7.686367034912109375e-01
1.397031843662261963e-01
-4.845242500305175781e-01
-8.921560049057006836e-01
-9.932475686073303223e-01
-2.370307445526123047e-01
-2.886251688003540039e+00
-1.045783519744873047e+00
-1.443478107452392578e+00
7.015615701675415039e-03
-1.388648509979248047e+00
-1.724843978881835938e-01
6.941633224487304688e-01
-6.210873126983642578e-01
-3.615224361419677734e+00
-6.759927868843078613e-01
-7.763302326202392578e-01
-8.763818740844726562e-01
4.887497425079345703e-01
-1.471309661865234375e+00
-2.934416055679321289e+00
-1.698082089424133301e+00
-5.601758956909179688e-01
8.153393268585205078e-01
2.592469453811645508e-01
5.310158729553222656e-01
-5.745898485183715820e-01
-3.928899765014648438e-02
1.884161472320556641e+00
-1.900408267974853516e+00
-5.863690376281738281e-01
-5.827492475509643555e-01
7.462230324745178223e-02
1.669910550117492676e-01
4.819700717926025391e-01
-8.210078477859497070e-01
-3.453689336776733398e+00
-2.239475011825561523e+00
-4.430522918701171875e-01
-6.802718639373779297e-01
-7.547681331634521484e-01
-4.380621910095214844e-01
-1.076305627822875977e+00
-1.083526611328125000e-01
-1.393674492835998535e+00
-2.681664228439331055e-01
-2.422382831573486328e+00
3.751693964004516602e+00
9.464111328125000000e-01
-2.206470727920532227e+00
-3.022633790969848633e-01
-1.122296452522277832e+00
-8.989101648330688477e-01
2.255046367645263672e-01
1.244404435157775879e+00
1.214722037315368652e+00
3.344944715499877930e-01
-4.042470455169677734e-01
-4.910172224044799805e-01
5.997967720031738281e-02
-4.868531227111816406e-02
-2.506915092468261719e+00
-1.640636086463928223e+00
-5.984292626380920410e-01
-1.025949239730834961e+00
-2.920900583267211914e-01
-3.988790512084960938e-01
-4.887156486511230469e-01
2.391189336776733398e-02
9.038692712783813477e-02
-8.987379074096679688e-01
-4.254913330078125000e-01
-5.775194168090820312e-01
-3.374313712120056152e-01
-2.157307147979736328e+00
3.474556207656860352e-01
4.953730106353759766e-02
4.950516819953918457e-01
-1.810520410537719727e+00
9.590628147125244141e-01
-8.679424524307250977e-01
1.603066027164459229e-01
6.206699013710021973e-01
-1.290702819824218750e-01
2.970790863037109375e-02
-5.828368663787841797e-02
-1.220854997634887695e+00
-1.370299220085144043e+00
-4.256963729858398438e-02
-2.228180646896362305e+00
3.838342428207397461e-01
6.544179320335388184e-01
-7.439386844635009766e-02
-3.570899367332458496e-02
-1.770214676856994629e+00
-1.423509120941162109e-01
-2.841385364532470703e+00
-2.081892490386962891e-01
5.966892242431640625e-01
4.453903436660766602e-01
-1.001922845840454102e+00
-7.309575080871582031e-01
-4.763264656066894531e-01
-7.184703350067138672e-01
-1.411270976066589355e+00
4.776800870895385742e-01
1.265164494514465332e+00
-8.362373709678649902e-01
-1.683895587921142578e-01
7.207292914390563965e-01
-1.036896228790283203e+00
4.404207468032836914e-01
-3.398170471191406250e-01
-1.846409082412719727e+00
-1.267176866531372070e+00
-2.979927062988281250e-01
-6.417944431304931641e-01
-7.091752290725708008e-01
-1.115587234497070312e+00
5.029830932617187500e-01
-7.665035724639892578e-01
-7.291970252990722656e-01
-5.764458179473876953e-01
1.059068918228149414e+00
-5.052885413169860840e-01
-1.480592012405395508e+00
3.718253374099731445e-01
-1.916246414184570312e-01
-7.020487785339355469e-01
-8.847892284393310547e-02
4.824538230895996094e-01
-2.646765232086181641e+00
-5.338515043258666992e-01
-2.790102481842041016e+00
-1.659473657608032227e+00
1.834608316421508789e-01
-8.430849313735961914e-01
4.042803049087524414e-01
1.642668247222900391e-01
-2.225373029708862305e+00
5.007234215736389160e-02
-1.850817084312438965e+00
4.674226045608520508e-01
-1.795843839645385742e+00
-5.644375681877136230e-01
-6.763421297073364258e-01
-1.789453983306884766e+00
5.099929571151733398e-01
-1.895371317863464355e+00
-8.230675458908081055e-01
3.714318871498107910e-01
4.996871948242187500e-02
-4.622349739074707031e-01
-8.840945363044738770e-01
-3.530300855636596680e-01
-6.392781734466552734e-01
-1.000694036483764648e+00
-1.928997993469238281e+00
6.695100069046020508e-01
-1.207309842109680176e+00
5.238861441612243652e-01
-3.876944780349731445e-01
5.094106197357177734e-01
1.173924446105957031e+00
-1.643197655677795410e+00
1.256729245185852051e+00
-2.084245681762695312e-01
-2.708088159561157227e-01
-1.414172649383544922e+00
1.124807238578796387e+00
5.572595596313476562e-01
-4.889566898345947266e-01
-2.154145002365112305e+00
-2.589181900024414062e+00
-5.620118379592895508e-01
-1.024139642715454102e+00
7.998691797256469727e-01
3.404185771942138672e-01
-1.516588926315307617e-01
-2.354014396667480469e+00
-3.121895790100097656e-01
-4.828443527221679688e-01
-4.280239343643188477e-01
-1.102152109146118164e+00
-1.924054622650146484e-01
-5.526020526885986328e-01
-2.251250982284545898e+00
-6.496180295944213867e-01
8.855211734771728516e-02
-8.450460433959960938e-01
-1.625213623046875000e+00
-8.024172782897949219e-01
-8.062516450881958008e-01
5.494081974029541016e-01
-1.002032995223999023e+00
1.298521041870117188e+00
-9.391897916793823242e-01
9.989085197448730469e-01
-2.063332557678222656e+00
1.409717559814453125e+00
-4.410272836685180664e-01
-3.261510848999023438e+00
-1.274593591690063477e+00
-3.360271453857421875e-01
-2.399604320526123047e-01
-1.524477720260620117e+00
-5.353517532348632812e-01
-6.963460445404052734e-01
2.100656032562255859e-01
9.875625371932983398e-02
-1.560874700546264648e+00
-9.664925336837768555e-01
-6.015489101409912109e-01
-8.386173248291015625e-01
-3.665878772735595703e-01
-6.950592994689941406e-01
1.225061178207397461e+00
8.563643693923950195e-01
-8.665931224822998047e-02
-5.946030616760253906e-01
1.439725399017333984e+00
9.397980570793151855e-01
-1.366295814514160156e-01
-1.711828947067260742e+00
-1.728680133819580078e+00
-1.399582147598266602e+00
-1.410730361938476562e+00
-2.287422418594360352e-01
-2.273495674133300781e+00
-8.851273655891418457e-01
-2.606432437896728516e-01
-2.626049995422363281e+00
1.202044486999511719e-01
8.582956194877624512e-01
-1.451651930809020996e+00
-7.883136272430419922e-01
-1.123855829238891602e+00
-3.648540973663330078e-01
-1.729339957237243652e-01
9.363442659378051758e-02
1.248097419738769531e-02
6.511546373367309570e-01
-3.069556355476379395e-01
-3.225366473197937012e-01
-6.765534877777099609e-01
2.830522060394287109e-01
-4.011079788208007812e+00
3.951156735420227051e-01
-8.056684732437133789e-01
4.288372397422790527e-01
1.198289871215820312e+00
7.078923583030700684e-01
-6.991784572601318359e-01
-1.196963071823120117e+00
-1.125141620635986328e+00
-2.352954387664794922e+00
4.854893684387207031e-02
1.154848933219909668e+00
-2.214506626129150391e+00
-3.672385215759277344e-01
-4.370549917221069336e-01
-3.276853561401367188e-01
-1.175951004028320312e+00
-6.486344337463378906e-02
2.638541460037231445e-01
-2.040504217147827148e+00
-1.009598970413208008e-01
4.990602731704711914e-01
-1.353411316871643066e+00
-3.471306562423706055e-01
-1.707798123359680176e+00
-1.794716835021972656e+00
-5.674857497215270996e-01
2.018128633499145508e-01
-2.165803432464599609e+00
-6.347754001617431641e-01
2.293518781661987305e-01
-3.694580197334289551e-01
-2.517763376235961914e-01
-3.175666332244873047e+00
-4.340570569038391113e-01
1.609289646148681641e-01
1.719648480415344238e+00
4.205465912818908691e-01
3.945437073707580566e-02
-1.718420386314392090e+00
-2.359735965728759766e-01
-2.392680048942565918e-01
-1.761244535446166992e-01
1.970571875572204590e+00
-1.602973699569702148e+00
1.069896697998046875e+00
2.203083634376525879e-01
-8.179736137390136719e-01
-2.706801891326904297e-02
4.413765072822570801e-01
1.911141872406005859e-01
-4.304831027984619141e-01
7.928374409675598145e-01
-2.444938421249389648e-01
5.189114809036254883e-01
2.682796120643615723e-01
-4.366784989833831787e-01
-3.155071735382080078e-01
-2.709543228149414062e+00
1.115734100341796875e+00
8.016434907913208008e-01
3.028634786605834961e-01
-1.085199952125549316e+00
-3.981552124023437500e-01
-3.160730600357055664e-01
7.753448486328125000e-01
1.021055221557617188e+00
-8.166291713714599609e-01
