3.163769245147705078e-01
2.635194063186645508e-01
-1.219296693801879883e+00
-1.510001420974731445e-01
1.337419867515563965e+00
-1.162203550338745117e+00
1.745547056198120117e-01
-7.048092484474182129e-01
-1.670223474502563477e-01
-1.209688782691955566e-01
-3.814669847488403320e-01
-6.372874975204467773e-01
4.487311840057373047e-02
-1.465922832489013672e+00
-7.451726198196411133e-01
-1.481412649154663086e+00
-2.309714555740356445e-01
-5.916356444358825684e-01
9.577373862266540527e-01
-1.131812691688537598e+00
-5.713305473327636719e-01
-3.150600910186767578e+00
-1.137247085571289062e-01
-3.177527189254760742e-01
-1.207001566886901855e+00
-1.794207811355590820e+00
-1.160705566406250000e+00
9.296627044677734375e-01
-2.077338933944702148e+00
-1.022255420684814453e-01
-7.351584434509277344e-01
1.208878993988037109e+00
-1.392098546028137207e+00
5.260933637619018555e-01
4.124748706817626953e-01
-8.449047803878784180e-02
2.230143547058105469e-01
5.295823812484741211e-01
-1.926416158676147461e-01
1.325343400239944458e-01
-1.308548569679260254e+00
-6.870949268341064453e-02
5.753505229949951172e-02
-8.661006689071655273e-01
-1.838994026184082031e-02
-1.430967569351196289e+00
5.883028507232666016e-01
-1.697458267211914062e+00
-1.452197670936584473e+00
-5.665057897567749023e-01
5.062537193298339844e-01
4.318841099739074707e-01
-4.698774814605712891e-01
-8.189435005187988281e-01
-3.088719844818115234e-01
-9.591740369796752930e-01
1.571991443634033203e+00
-6.138692498207092285e-01
-4.464438557624816895e-01
-1.464491128921508789e+00
-3.788572549819946289e+00
2.354807853698730469e-01
5.603193044662475586e-01
-4.592446088790893555e-01
-1.943272352218627930e-02
4.707287549972534180e-01
-1.249261379241943359e+00
-1.513518095016479492e+00
-1.280979156494140625e+00
9.290487170219421387e-01
-1.191232204437255859e+00
4.909789562225341797e-01
2.254036664962768555e-01
-1.466424584388732910e+00
-4.460250139236450195e-01
-1.127135753631591797e+00
-2.725894451141357422e-01
-9.739043712615966797e-01
4.053282737731933594e-01
4.096753597259521484e-01
-2.643467187881469727e-01
-4.218839406967163086e-01
4.727078676223754883e-01
-8.937784433364868164e-01
-1.436111927032470703e+00
3.635315895080566406e-01
-4.623007774353027344e-02
9.692758321762084961e-01
3.897919654846191406e-01
-3.568961620330810547e-01
-5.450193881988525391e-01
-1.760244369506835938e-03
-6.386988162994384766e-01
-2.546164393424987793e-01
-2.615256309509277344e+00
-2.594477534294128418e-01
-8.360342979431152344e-01
7.871431708335876465e-01
-7.632094621658325195e-01
2.067133188247680664e-01
-5.242563486099243164e-01
-5.252249240875244141e-01
-9.200353622436523438e-01
7.754493951797485352e-01
-1.162626147270202637e+00
-2.049189805984497070e-02
-5.350700616836547852e-01
-7.264626026153564453e-02
-4.562401175498962402e-01
4.763543605804443359e-01
8.196200728416442871e-01
-3.733663558959960938e-01
-4.784911870956420898e-01
6.920139193534851074e-01
-9.245823621749877930e-01
3.571171760559082031e-01
-1.373127698898315430e+00
9.309775829315185547e-01
-2.717609167098999023e+00
6.918240189552307129e-01
9.397468566894531250e-01
-1.522321462631225586e+00
6.381618976593017578e-02
-6.798866271972656250e+00
-5.493669509887695312e-01
-3.886957168579101562e-01
-1.549007773399353027e+00
-1.598167419433593750e+00
1.072460412979125977e-01
-9.188150763511657715e-01
-3.724203824996948242e+00
2.917599678039550781e-02
-3.280480504035949707e-01
-1.033177137374877930e+00
-2.549895644187927246e-01
-7.655525207519531250e-02
-9.769988059997558594e-01
-4.783987998962402344e-01
-3.447341680526733398e+00
-3.111638545989990234e+00
-4.229278564453125000e-01
-1.235445261001586914e+00
-4.017952680587768555e-01
-5.291588306427001953e-01
-1.380976200103759766e+00
3.244935274124145508e-01
-1.065394163131713867e+00
-5.516542196273803711e-01
-3.953719139099121094e-02
2.789311408996582031e-01
-1.389194965362548828e+00
-1.531265854835510254e+00
1.175455451011657715e-01
-5.593967437744140625e-01
-1.035228490829467773e+00
-5.294468402862548828e-01
-8.877482414245605469e-01
4.254943132400512695e-01
-6.330125331878662109e-01
2.423623204231262207e-02
2.104182720184326172e+00
-1.196398258209228516e+00
-2.162192821502685547e+00
-2.131699085235595703e+00
4.413382709026336670e-01
3.182667493820190430e-01
-1.524301528930664062e+00
-9.190536141395568848e-01
-2.600227355957031250e+00
4.982423782348632812e-02
-2.119991779327392578e-01
-6.692903041839599609e-01
-8.375421762466430664e-01
-3.761308193206787109e-01
7.136171460151672363e-01
1.683020591735839844e-02
-1.176000356674194336e+00
-6.070214509963989258e-01
4.131039381027221680e-01
-1.325026273727416992e+00
-9.313398003578186035e-01
2.214133739471435547e-01
-2.552275657653808594e-01
-1.171186327934265137e+00
3.735059499740600586e-01
1.042768239974975586e+00
-2.371498346328735352e-01
2.648150920867919922e+00
-8.059529066085815430e-01
-8.423864245414733887e-01
-7.851958274841308594e-02
4.679923951625823975e-01
-2.466883659362792969e-01
-1.454766988754272461e+00
-4.466986656188964844e-01
-1.451535582542419434e+00
-7.844740748405456543e-01
-7.541862130165100098e-02
-1.072313785552978516e-01
-1.747081875801086426e-01
-5.691683292388916016e-02
-1.402750015258789062e+00
-1.131194829940795898e+00
-4.948455095291137695e-01
-9.189176559448242188e-02
-1.028091907501220703e-01
6.888866424560546875e-02
5.836845636367797852e-01
-5.688284635543823242e-01
7.117443680763244629e-01
4.557311534881591797e-03
-1.810808062553405762e+00
-7.756549119949340820e-02
-4.535875320434570312e-01
-1.290838241577148438e+00
8.709506392478942871e-01
1.159698963165283203e+00
-8.530859351158142090e-01
-1.226058483123779297e+00
-1.975235939025878906e-01
2.120438814163208008e-01
7.716711759567260742e-01
-9.721318483352661133e-01
-4.666211605072021484e-01
-4.905372262001037598e-01
-5.826702117919921875e-01
6.374202966690063477e-01
8.659045696258544922e-01
-4.213652014732360840e-01
-5.215430259704589844e-02
-1.811753392219543457e+00
3.014652132987976074e-01
8.207682371139526367e-01
-4.974683523178100586e-01
-1.428515911102294922e+00
-5.356305241584777832e-01
-2.497611045837402344e-01
1.679861545562744141e-02
-1.691429853439331055e+00
-2.874379158020019531e-01
5.749869346618652344e-02
5.480536818504333496e-01
-7.629323005676269531e-01
-3.362126350402832031e-01
-1.406041383743286133e+00
9.879195690155029297e-02
-5.556919574737548828e-01
1.143402695655822754e+00
9.603912830352783203e-01
6.967839002609252930e-01
-5.440427064895629883e-01
-3.572050333023071289e-01
-1.894708871841430664e+00
-9.284764528274536133e-02
-2.238540887832641602e+00
-1.294009566307067871e+00
-2.207277417182922363e-01
-9.276866912841796875e-02
-3.109430074691772461e-01
-1.207699537277221680e+00
2.970495820045471191e-01
-4.844627380371093750e-01
-2.776523828506469727e-01
-9.847913384437561035e-01
-1.427042484283447266e-02
5.101548433303833008e-01
-9.362213611602783203e-01
-2.588390111923217773e+00
-2.116239070892333984e-02
2.726194858551025391e-01
-8.100938200950622559e-01
-4.234191179275512695e-01
-8.142039775848388672e-01
-9.150605797767639160e-01
-7.066791057586669922e-01
-2.394138574600219727e+00
-6.637486219406127930e-01
-4.344028949737548828e+00
-2.055834531784057617e+00
-6.948834061622619629e-01
3.703603744506835938e-01
5.770872831344604492e-01
1.571056842803955078e-01
-1.325716257095336914e+00
9.815877676010131836e-01
-2.503005981445312500e+00
4.603193998336791992e-01
-3.143827438354492188e+00
-2.162005305290222168e-01
1.087123870849609375e+00
9.458979368209838867e-01
-5.535511374473571777e-01
-1.509855866432189941e+00
-2.103307247161865234e-01
-1.004832983016967773e+00
-1.447268247604370117e+00
-7.148545980453491211e-01
-1.749540567398071289e+00
5.931244492530822754e-01
3.415228128433227539e-01
1.670234203338623047e-01
3.247106075286865234e-02
5.051484107971191406e-01
1.120432615280151367e-01
1.658050119876861572e-01
3.417134284973144531e-03
-2.368279218673706055e+00
-1.201927661895751953e-02
-9.590458869934082031e-01
3.904680907726287842e-01
-6.274400949478149414e-01
2.381930351257324219e-01
8.155941963195800781e-02
5.978125333786010742e-01
-2.692794084548950195e+00
-2.364292621612548828e+00
-3.282306671142578125e+00
-2.849561691284179688e+00
6.916878223419189453e-01
2.189321517944335938e-01
-9.385130405426025391e-01
-1.235930919647216797e+00
2.896893024444580078e-01
-4.910514354705810547e-01
-5.439929366111755371e-01
-6.335862874984741211e-01
-6.667965650558471680e-01
-8.328528404235839844e-01
-2.862104177474975586e-01
5.030866861343383789e-01
2.616713047027587891e-01
-1.405926585197448730e+00
-7.932264804840087891e-01
5.240354537963867188e-01
-2.702437043190002441e-01
-9.792459607124328613e-01
1.697763681411743164e+00
1.633876562118530273e+00
9.944246411323547363e-01
-2.530618906021118164e-01
-1.268670320510864258e+00
1.212804913520812988e-01
5.816862583160400391e-01
4.028010964393615723e-01
-4.552599191665649414e-01
-1.113650083541870117e+00
-5.572184324264526367e-01
-1.663384318351745605e+00
6.217623949050903320e-01
-8.509535789489746094e-01
-3.171394586563110352e+00
-3.943784236907958984e-01
-5.945229530334472656e-02
4.917638301849365234e-01
3.031288981437683105e-01
-9.143026471138000488e-01
-7.425475120544433594e-01
-3.613644838333129883e-01
-9.426131248474121094e-01
-7.684931755065917969e-01
-1.567179918289184570e+00
-2.903771400451660156e-02
-7.019519805908203125e-03
8.084757328033447266e-01
-6.005918979644775391e-01
-4.240934848785400391e-01
9.016240239143371582e-01
7.569888830184936523e-01
4.598829746246337891e-01
-1.283567428588867188e+00
-7.074301242828369141e-01
-2.585402011871337891e+00
7.567527890205383301e-01
-2.691694021224975586e+00
-8.257615566253662109e-01
-9.683551788330078125e-01
-2.926117777824401855e-01
-7.992402315139770508e-01
-3.636634349822998047e-02
3.336551189422607422e-01
-1.520113945007324219e+00
-7.569805979728698730e-01
2.833149433135986328e-01
-9.394936561584472656e-01
6.459242105484008789e-02
1.209847211837768555e+00
-7.224719524383544922e-01
-2.951500415802001953e-01
4.845892190933227539e-01
-9.206453561782836914e-01
-2.159545183181762695e+00
-2.637056350708007812e+00
-7.924087047576904297e-01
8.204228281974792480e-01
-4.197531938552856445e-02
-1.415448188781738281e-01
-4.484039545059204102e-01
1.159894466400146484e+00
1.252497911453247070e+00
9.184291362762451172e-01
4.109158515930175781e-01
6.092953085899353027e-01
-1.379608511924743652e+00
-1.249761581420898438e-01
1.959631443023681641e-01
-1.407592773437500000e+00
2.329970598220825195e-01
-5.740994215011596680e-01
-2.085039615631103516e+00
-3.044296503067016602e-01
-2.946637868881225586e+00
5.609179735183715820e-01
-3.353743553161621094e-01
-1.093171596527099609e+00
-4.981831312179565430e-01
-1.889106273651123047e+00
-5.933940410614013672e-02
2.489510774612426758e-01
7.320401668548583984e-01
-3.975453376770019531e-01
7.860295772552490234e-01
2.961733043193817139e-01
-1.141827106475830078e+00
-1.604059696197509766e+00
3.076090812683105469e-01
6.507607698440551758e-01
9.384026527404785156e-01
-1.326408743858337402e+00
3.686118125915527344e-02
-2.541530847549438477e+00
6.438181400299072266e-01
-7.999975681304931641e-01
-8.757185339927673340e-01
-2.645929098129272461e+00
2.087789773941040039e-01
3.634257316589355469e-01
7.254242897033691406e-02
9.232261180877685547e-01
1.389693021774291992e+00
-1.837761402130126953e+00
5.191559195518493652e-01
-7.545936107635498047e-01
-3.109778404235839844e+00
4.663556218147277832e-01
5.511798858642578125e-01
-1.644060492515563965e+00
-6.097503304481506348e-01
-5.758190155029296875e-01
-5.264939069747924805e-01
-2.107163429260253906e+00
-9.106775522232055664e-01
6.660981178283691406e-01
-2.159186601638793945e-01
-3.797285556793212891e-01
-9.947631359100341797e-01
2.639560699462890625e-01
-2.809400558471679688e+00
-2.670794725418090820e-01
2.039787292480468750e+00
-1.001633286476135254e+00
-1.385303497314453125e+00
-3.066813945770263672e-01
4.447070956230163574e-01
-1.852678060531616211e-01
1.631747484207153320e+00
-1.027460336685180664e+00
-2.556709051132202148e-01
-5.986511707305908203e-02
-6.735515594482421875e-02
-1.069208383560180664e+00
-1.587030053138732910e+00
-1.128187298774719238e+00
2.377871036529541016e+00
-1.797897815704345703e-01
6.340771913528442383e-01
-3.361619472503662109e+00
-8.688501119613647461e-01
1.555455923080444336e-01
1.651425957679748535e-01
-5.810965895652770996e-01
2.033082246780395508e-01
-7.473206520080566406e-02
-6.275466084480285645e-01
-2.425704002380371094e-01
-9.649385213851928711e-01
3.256291151046752930e-01
-1.113557577133178711e+00
-1.200945615768432617e+00
-7.159512042999267578e-01
6.233798265457153320e-01
-2.367272138595581055e+00
-8.720237016677856445e-01
1.307958364486694336e-01
-1.646058320999145508e+00
4.246900081634521484e-01
1.570547819137573242e-01
-5.349762439727783203e-01
-7.618535757064819336e-01
5.247880220413208008e-01
-3.891002655029296875e+00
-1.711374521255493164e+00
-1.466802477836608887e+00
2.493563175201416016e+00
-5.495858192443847656e-01
5.722687244415283203e-01
4.129239916801452637e-01
-8.654432296752929688e-01
-1.244863510131835938e+00
-1.185300946235656738e+00
-8.486037254333496094e-01
-1.430844068527221680e+00
8.897459506988525391e-02
-5.107045173645019531e-01
2.405841350555419922e-01
-6.275126934051513672e-01
-1.298154950141906738e+00
6.617040634155273438e-01
3.796091675758361816e-01
-6.033109426498413086e-01
-1.043053627014160156e+00
9.043340682983398438e-01
-4.384784698486328125e-01
-2.346528053283691406e+00
-1.276774406433105469e-01
-1.927857398986816406e-01
1.151837229728698730e+00
-1.600623130798339844e-01
-1.850337028503417969e+00
-7.371989488601684570e-01
-2.037139534950256348e-01
-8.637189865112304688e-02
3.165273368358612061e-01
3.129301667213439941e-01
7.758373022079467773e-01
-6.321794986724853516e-01
9.325670003890991211e-01
-5.129003524780273438e-02
4.619516432285308838e-01
-8.684492111206054688e-01
-2.945470809936523438e+00
3.041716814041137695e-01
1.299902439117431641e+00
-7.020686864852905273e-01
2.605069875717163086e-01
-3.850295543670654297e-01
3.493980169296264648e-01
1.086190342903137207e+00
1.041076421737670898e+00
-1.483982086181640625e+00
-6.435246467590332031e-01
-4.763042926788330078e-02
-2.175973892211914062e+00
-7.241239547729492188e-01
2.905107736587524414e-01
-3.522577285766601562e-01
-3.587027788162231445e-01
-1.019844055175781250e+00
-7.011061906814575195e-01
-4.773472547531127930e-01
8.183421492576599121e-01
7.180192470550537109e-01
-1.597978115081787109e+00
-1.374112844467163086e+00
-1.253983616828918457e+00
-1.889224052429199219e-01
-1.046432614326477051e+00
-1.251651167869567871e+00
-8.689208030700683594e-01
-1.310898184776306152e+00
-2.238032341003417969e+00
-3.883870840072631836e-01
-3.467078208923339844e-01
-4.416108131408691406e-01
-6.844305992126464844e-02
-8.510820865631103516e-01
-4.980673491954803467e-01
9.072675108909606934e-01
2.441217899322509766e-01
1.822495698928833008e+00
-1.710624694824218750e-01
2.908487319946289062e-01
-6.262907981872558594e-01
1.061471104621887207e-01
-1.538947820663452148e+00
-1.161628961563110352e-01
1.049083471298217773e+00
-2.802134454250335693e-01
6.811690330505371094e-02
-6.038450002670288086e-01
5.372945070266723633e-01
-6.537504196166992188e-01
-4.316673278808593750e-01
5.188677310943603516e-01
-1.382045745849609375e-01
-6.834262609481811523e-01
3.396750092506408691e-01
1.934900283813476562e-01
-7.747620344161987305e-01
-8.009004592895507812e-02
1.101439595222473145e-01
-2.094007730484008789e+00
-3.615230321884155273e-01
-4.729605913162231445e-01
-1.216848134994506836e+00
3.612822890281677246e-01
-4.021239280700683594e-01
1.380522012710571289e+00
3.730472922325134277e-01
-2.184616327285766602e-01
-5.025486946105957031e-01
-2.307859182357788086e+00
3.665876388549804688e-02
8.686824440956115723e-01
-1.760268211364746094e-01
-2.437636852264404297e+00
3.770737648010253906e-01
7.214188575744628906e-03
-5.655064582824707031e-01
2.399194240570068359e-01
2.831012010574340820e-02
5.036178827285766602e-01
3.486536145210266113e-01
2.576166391372680664e-01
-1.998070240020751953e+00
-8.589274883270263672e-01
-1.698237776756286621e+00
-7.931916713714599609e-01
-1.911382675170898438e-01
3.991371989250183105e-01
-1.675404191017150879e+00
-6.423217058181762695e-02
2.935878038406372070e-01
-1.790864706039428711e+00
2.366433143615722656e-01
-1.815334081649780273e+00
6.401414275169372559e-01
-3.702558279037475586e-01
3.532412052154541016e-01
4.797148704528808594e-01
1.445500850677490234e-01
-9.417116641998291016e-02
8.894801139831542969e-04
-7.503623962402343750e-01
-2.431710720062255859e+00
9.788137674331665039e-02
1.779237747192382812e+00
-2.640414237976074219e-01
8.859900236129760742e-01
-5.526220798492431641e-02
-6.492815017700195312e-01
-9.763528108596801758e-01
-2.058108329772949219e+00
-5.064209699630737305e-01
-5.401481389999389648e-01
-1.488840579986572266e-01
3.483349084854125977e-01
-1.092102766036987305e+00
-1.491971969604492188e+00
-1.553227663040161133e+00
1.216775774955749512e-01
-3.533436059951782227e+00
-8.628895282745361328e-01
-7.723832130432128906e-02
2.685637474060058594e-01
-1.375539898872375488e-01
1.507970094680786133e-01
-5.309097766876220703e-01
-1.613351106643676758e+00
-6.774643659591674805e-01
-2.644187450408935547e+00
-1.292052030563354492e+00
-8.397616147994995117e-01
-1.125934958457946777e+00
-1.978371143341064453e+00
-2.633657455444335938e-01
3.973304033279418945e-01
-1.481049060821533203e-01
-5.518221259117126465e-01
-1.051312685012817383e+00
-5.966043472290039062e-02
-5.043771266937255859e-01
-1.727607250213623047e-01
5.326807498931884766e-01
-8.987593650817871094e-01
3.118314146995544434e-01
-1.752253770828247070e-01
-2.671700000762939453e+00
5.108544230461120605e-01
3.302162408828735352e+00
-1.267160773277282715e-01
-1.002913355827331543e+00
-1.285486340522766113e+00
-2.217477083206176758e+00
-1.342808961868286133e+00
7.030371427536010742e-01
-3.030157089233398438e+00
3.584675788879394531e-01
8.963016271591186523e-01
-1.895172595977783203e-01
-7.183110713958740234e-01
-7.240387201309204102e-01
-3.542441725730895996e-01
-7.799260616302490234e-01
-4.613300561904907227e-01
7.193219065666198730e-01
1.285314559936523438e-02
-4.053899049758911133e-01
1.922753751277923584e-01
-7.831212282180786133e-01
-4.146658182144165039e-01
-5.368894338607788086e-01
-4.257599115371704102e-01
7.630665898323059082e-01
-1.522018671035766602e+00
-5.884711742401123047e-01
9.704157710075378418e-01
-1.192258596420288086e-01
-6.793969869613647461e-01
7.435868978500366211e-01
-1.804488182067871094e+00
5.676662921905517578e-01
-2.110686302185058594e-01
-4.152509868144989014e-01
-6.677311658859252930e-02
-6.121877431869506836e-01
-1.219492673873901367e+00
2.732429504394531250e-01
-5.438398718833923340e-01
-1.700239539146423340e+00
-7.177750468254089355e-01
-1.497030258178710938e+00
-8.891164064407348633e-01
-2.824036836624145508e+00
5.918632149696350098e-01
-6.674501895904541016e-01
-2.017200708389282227e+00
1.137405037879943848e+00
-1.018656134605407715e+00
-8.746029138565063477e-01
-4.326521158218383789e-01
-5.086325407028198242e-01
4.129459857940673828e-01
-6.359815597534179688e-03
-1.162601351737976074e+00
-8.269231915473937988e-01
-4.554318189620971680e-01
-1.328651905059814453e+00
-8.576483726501464844e-01
1.697745323181152344e-01
3.214278221130371094e-01
-1.091475009918212891e+00
-1.000093936920166016e+00
-1.977836608886718750e+00
3.092426657676696777e-01
-1.059828519821166992e+00
-1.465959548950195312e+00
-1.645697593688964844e+00
-7.250620126724243164e-01
-9.950148463249206543e-01
-2.671284675598144531e-01
-1.020358920097351074e+00
-1.582157611846923828e+00
-1.496921777725219727e+00
-6.002962589263916016e-01
-1.607478260993957520e-01
-1.079248666763305664e+00
-1.463611245155334473e+00
7.659648656845092773e-01
-2.834418416023254395e-01
-1.577744007110595703e+00
-1.784825682640075684e+00
5.105268955230712891e-01
2.804132699966430664e-01
-2.403900861740112305e+00
-1.064232110977172852e+00
-3.115103244781494141e-01
3.270554542541503906e-02
-3.793107271194458008e-01
-1.168834328651428223e+00
-7.958855628967285156e-01
7.765862345695495605e-01
-2.245892047882080078e+00
5.843025445938110352e-01
-1.649273872375488281e+00
4.804649353027343750e-01
-1.192296266555786133e+00
-5.288964509963989258e-01
-1.418892741203308105e-01
-1.065283179283142090e+00
-5.421276092529296875e-01
-1.288850307464599609e-01
-5.931668281555175781e-01
1.920902132987976074e-01
-1.089801192283630371e-01
-3.810683488845825195e-01
3.976310491561889648e-01
1.023753881454467773e+00
-2.864226698875427246e-01
-9.651988744735717773e-01
-2.349482059478759766e+00
8.236317634582519531e-01
-1.798616886138916016e+00
3.244423866271972656e-01
-1.392782807350158691e+00
-9.354547262191772461e-01
-1.236447572708129883e+00
-7.798743247985839844e-02
-3.063249588012695312e-01
2.359861135482788086e-01
1.238152027130126953e+00
2.926766872406005859e-03
-6.040350198745727539e-01
-2.531119346618652344e+00
2.632699012756347656e-01
-2.313959598541259766e-01
3.850903511047363281e-01
4.746189117431640625e-01
-1.741970896720886230e+00
-2.334208011627197266e+00
9.606671333312988281e-02
-1.028707027435302734e-01
7.734906673431396484e-01
-2.108213186264038086e+00
1.320059299468994141e-01
-2.447870969772338867e-01
-1.184198379516601562e+00
3.996187448501586914e-01
-5.118854045867919922e-01
8.037227392196655273e-01
-1.026011943817138672e+00
9.737247228622436523e-01
-2.827764987945556641e+00
8.743107318878173828e-02
-2.392073154449462891e+00
2.204629182815551758e-01
-6.787805557250976562e-01
5.013821125030517578e-01
-7.520351409912109375e-01
-1.857923507690429688e+00
-3.223127841949462891e+00
-6.943068504333496094e-01
-9.683696031570434570e-01
-2.274588346481323242e-01
-1.469561457633972168e-01
8.879861831665039062e-01
1.450766563415527344e+00
-2.696775197982788086e-01
2.138700485229492188e+00
-1.397482395172119141e+00
-2.668436527252197266e+00
-1.493707537651062012e+00
-5.715949535369873047e-01
-5.291419029235839844e-01
7.380640506744384766e-02
-1.115748882293701172e+00
-5.988878011703491211e-01
3.761609792709350586e-01
-5.456814765930175781e-01
-5.345886945724487305e-01
3.251147270202636719e-01
4.016287326812744141e-01
6.345226764678955078e-01
-9.807443618774414062e-01
-5.619230270385742188e-01
3.729724884033203125e-01
-1.344115734100341797e-01
5.121462345123291016e-01
-2.540907859802246094e-01
2.196229100227355957e-01
1.092232465744018555e-01
8.013904094696044922e-03
-2.451223134994506836e-01
-3.050062656402587891e+00
1.895059347152709961e-01
-5.323429703712463379e-01
6.367586851119995117e-01
-7.126717567443847656e-01
7.247147560119628906e-01
1.423843383789062500e+00
-5.666707754135131836e-01
-1.920227408409118652e+00
-1.057129502296447754e+00
-9.866358041763305664e-01
1.234985589981079102e-01
-2.053080081939697266e+00
-9.432935714721679688e-02
-1.113861560821533203e+00
-1.275621652603149414e-01
4.028457701206207275e-01
-6.079676151275634766e-01
-3.252345025539398193e-01
-8.311893939971923828e-01
-2.282438576221466064e-01
-8.632127046585083008e-01
6.968450546264648438e-02
6.408178210258483887e-01
-5.512205362319946289e-01
-1.555510997772216797e+00
6.370642185211181641e-01
-5.294697284698486328e-01
-4.390174150466918945e-02
-4.655781745910644531e+00
1.557837724685668945e-01
-6.762463450431823730e-01
-3.649225234985351562e-01
-1.377858996391296387e+00
-2.152922153472900391e-01
-1.312100291252136230e-01
-4.683064222335815430e-01
6.862605810165405273e-01
