-8.343805074691772461e-01
-2.303204059600830078e+00
-9.177558422088623047e-01
-6.907020807266235352e-01
-1.490052938461303711e+00
-2.045353651046752930e+00
-8.335347175598144531e-01
-6.267237663269042969e-02
1.695088148117065430e+00
4.355918169021606445e-01
-1.365740418434143066e+00
1.655617952346801758e-01
-3.463380038738250732e-01
-8.543941974639892578e-01
-5.113306641578674316e-01
-2.676240205764770508e-01
-4.943097233772277832e-01
9.613721370697021484e-01
2.230507135391235352e-02
-5.283133983612060547e-01
-5.316263437271118164e-01
-1.552478194236755371e+00
2.825894653797149658e-01
-1.832576751708984375e+00
1.396978259086608887e+00
-5.343236923217773438e-01
-2.662323713302612305e-01
-1.916012883186340332e+00
4.601265192031860352e-01
-3.677719831466674805e-02
2.101998329162597656e-01
-8.708174228668212891e-01
3.769682645797729492e-01
-1.314973831176757812e-02
-4.538335204124450684e-01
3.598107099533081055e-01
-5.516390800476074219e-01
-1.008948683738708496e+00
9.031844139099121094e-02
-1.067630052566528320e-01
-1.179584145545959473e+00
6.267101764678955078e-01
-9.043073058128356934e-01
9.446350336074829102e-01
-3.394921302795410156e+00
-9.720275402069091797e-01
-4.210633039474487305e-02
-2.602804899215698242e-01
-6.755082607269287109e-01
-1.722992658615112305e-01
-2.396421432495117188e+00
-5.857406854629516602e-01
-5.813043117523193359e-01
8.276109695434570312e-01
-1.477221012115478516e+00
-9.531093835830688477e-01
6.721754670143127441e-01
-3.848438858985900879e-01
4.507710933685302734e-01
-2.777199029922485352e+00
-2.007997035980224609e-01
-8.898827433586120605e-02
1.194462299346923828e+00
-1.556709766387939453e+00
9.886300563812255859e-01
3.111199140548706055e-01
1.075999498367309570e+00
3.960833549499511719e-01
-3.798898696899414062e+00
1.516303420066833496e+00
1.088516235351562500e+00
-8.675123453140258789e-01
-7.088327407836914062e-02
-5.871656537055969238e-01
-8.987603187561035156e-01
8.838653564453125000e-02
-2.187927961349487305e-01
-7.248909473419189453e-01
-4.281333684921264648e-01
-1.723950505256652832e+00
-2.685713052749633789e+00
-6.757974624633789062e-01
7.362387180328369141e-01
-1.097057342529296875e+00
-1.285971164703369141e+00
2.024186849594116211e-01
-9.598187208175659180e-01
-1.709875941276550293e+00
-4.440945386886596680e-01
-2.432550907135009766e+00
-2.122293412685394287e-01
4.696543216705322266e-01
-2.126868963241577148e-01
-1.220951557159423828e+00
-6.863297224044799805e-01
-1.949191987514495850e-01
-1.566125154495239258e-01
-1.703477859497070312e+00
-2.788176298141479492e+00
1.359127163887023926e-01
-2.270694971084594727e-01
1.757633090019226074e-01
7.190692424774169922e-02
-1.259674787521362305e+00
2.517260313034057617e-01
-1.611883163452148438e+00
-9.881650209426879883e-01
-5.400791168212890625e-01
-2.855871677398681641e+00
-1.567467808723449707e+00
4.413789510726928711e-01
-5.110457539558410645e-01
2.649926900863647461e+00
-1.587642431259155273e-01
3.443452119827270508e-01
-3.051843643188476562e-01
-1.233246922492980957e+00
-2.453311085700988770e-01
-1.645394563674926758e+00
-3.386990427970886230e-01
-1.467257857322692871e+00
-1.174314022064208984e-01
7.788186073303222656e-01
-1.759538650512695312e-01
-1.071051955223083496e+00
-3.025233745574951172e-01
2.053811550140380859e-01
-6.225473880767822266e-01
-9.602576494216918945e-02
-8.422063589096069336e-01
-2.335635423660278320e-01
-1.648594856262207031e+00
-2.527649402618408203e-01
6.544303894042968750e-02
-3.531594276428222656e+00
-8.438718318939208984e-02
-6.549247503280639648e-01
-4.058650732040405273e-01
-4.201028347015380859e-01
1.207008242607116699e+00
-1.140485763549804688e+00
-2.505231857299804688e+00
-1.874869585037231445e+00
-1.275763988494873047e+00
1.696713864803314209e-01
-6.837606430053710938e-03
-3.896141052246093750e-01
-3.138628482818603516e+00
-4.714028835296630859e-01
-8.087050914764404297e-01
-1.251180052757263184e+00
-5.970906019210815430e-01
6.621232032775878906e-01
5.970307588577270508e-01
-2.003128528594970703e-01
9.152947664260864258e-01
-6.702470779418945312e-02
-5.934789180755615234e-01
-1.651760339736938477e-01
-2.519826889038085938e-01
-6.208004951477050781e-01
-2.033353805541992188e+00
4.036992788314819336e-01
5.638692378997802734e-01
-3.709925889968872070e+00
-1.313087105751037598e+00
1.655281782150268555e-01
2.066177129745483398e-01
-2.020268917083740234e+00
7.191196084022521973e-02
-9.647831916809082031e-01
-5.727834701538085938e-01
-3.572854995727539062e-01
3.990036547183990479e-01
6.636074185371398926e-01
6.630620360374450684e-01
-1.166176080703735352e+00
8.358208537101745605e-01
1.064503788948059082e+00
-1.890389323234558105e-01
9.617662429809570312e-01
-3.144611716270446777e-01
-5.891343355178833008e-01
2.325682878494262695e+00
3.949224948883056641e-02
-8.181736469268798828e-01
-1.277930259704589844e+00
-1.919944763183593750e+00
-1.099885940551757812e+00
-8.728244900703430176e-01
-9.249734878540039062e-01
6.187901496887207031e-01
-2.374397993087768555e+00
-1.469451427459716797e+00
6.909220218658447266e-01
-9.444339275360107422e-01
-1.103857517242431641e+00
8.395795822143554688e-01
-1.963474035263061523e+00
-1.281223297119140625e-01
-7.457997798919677734e-01
4.178160429000854492e-01
-7.165888547897338867e-01
-8.973922729492187500e-01
-9.584048986434936523e-01
1.396467685699462891e+00
-1.014395475387573242e+00
-7.975031137466430664e-01
-3.315138816833496094e-01
-4.407944679260253906e-01
-9.389801621437072754e-01
-9.888616204261779785e-02
-1.147710680961608887e+00
-8.872615098953247070e-01
2.613639831542968750e-02
-5.442464828491210938e+00
1.361594200134277344e-01
1.528536677360534668e+00
5.381882190704345703e-02
-3.726677298545837402e-01
-1.153142929077148438e+00
-6.351089477539062500e-01
-2.473938465118408203e+00
-2.705467939376831055e-01
-3.746705055236816406e-01
4.917482137680053711e-01
9.539043903350830078e-02
-1.613285064697265625e+00
1.520120501518249512e+00
-8.053740262985229492e-01
-1.031336069107055664e+00
-4.501122474670410156e+00
-2.269872188568115234e+00
-8.989310264587402344e-01
-2.063419818878173828e+00
8.208105564117431641e-01
3.133802413940429688e-01
3.618853092193603516e-01
-3.120197653770446777e-01
-1.190533638000488281e-01
6.551668643951416016e-01
5.642173886299133301e-01
-6.554210186004638672e-02
-3.034563064575195312e+00
-1.318644523620605469e+00
-6.666263341903686523e-01
6.215960979461669922e-01
-9.793600440025329590e-01
-5.019510984420776367e-01
-1.577176928520202637e+00
-3.308340013027191162e-01
-2.263792276382446289e+00
-1.678344011306762695e-01
4.493236541748046875e-03
-1.028609991073608398e+00
-1.059578895568847656e+00
-3.407123088836669922e-01
-7.565802931785583496e-01
-1.487873077392578125e+00
-4.630753993988037109e+00
1.878129839897155762e-01
1.051685810089111328e-01
-8.450391292572021484e-01
-1.729044675827026367e+00
-1.454979181289672852e-01
-1.956641197204589844e+00
-1.892499923706054688e-01
-1.639478445053100586e+00
-3.457460403442382812e-01
-1.098609447479248047e+00
-1.334771156311035156e+00
5.066981315612792969e-01
-8.662608861923217773e-01
5.803776979446411133e-01
-7.702738046646118164e-01
-1.698563575744628906e+00
-5.934878587722778320e-01
-1.122325181961059570e+00
-2.241830348968505859e+00
3.556090593338012695e-01
-3.905886411666870117e-01
-3.972295522689819336e-01
-1.350181579589843750e+00
-3.887335062026977539e-01
-6.044328212738037109e-01
-7.155237197875976562e-01
1.035744905471801758e+00
-6.427038908004760742e-01
-5.188224315643310547e-01
-4.658865928649902344e-01
-9.090806245803833008e-01
6.643726825714111328e-01
-5.074001550674438477e-01
-1.702769279479980469e+00
3.728804588317871094e-01
-6.264511346817016602e-01
-1.531263351440429688e+00
3.183155059814453125e-01
-3.099435567855834961e-01
-9.863138198852539062e-02
-3.946282863616943359e-01
-2.001680374145507812e+00
1.580427885055541992e-01
-1.123300552368164062e+00
-3.400288820266723633e+00
-2.395651578903198242e+00
-2.935724735260009766e+00
-8.643457889556884766e-01
6.582670211791992188e-01
-4.156558513641357422e-01
-3.271068334579467773e-01
-1.563360929489135742e+00
-2.863483428955078125e-01
-3.167121410369873047e-01
1.111016869544982910e+00
1.903361380100250244e-01
-2.933902144432067871e-01
1.145690083503723145e+00
-1.170079350471496582e+00
4.004821777343750000e-01
-1.574946522712707520e+00
2.686636447906494141e-01
-7.950544357299804688e-01
2.157653570175170898e-01
2.133011817932128906e-01
1.200587272644042969e+00
-2.211884498596191406e+00
-9.908676147460937500e-02
-3.705042600631713867e+00
-9.434205293655395508e-02
-2.944323539733886719e+00
-7.021549940109252930e-01
2.932308316230773926e-01
2.224470376968383789e-01
-2.557309865951538086e-01
-7.708334922790527344e-02
8.439622521400451660e-01
-8.559696078300476074e-01
-2.278350591659545898e-01
4.207293987274169922e-01
-1.004562497138977051e+00
-3.582832813262939453e-01
1.968353033065795898e+00
2.555078268051147461e-01
-2.727813720703125000e+00
-4.270348548889160156e-01
-5.710338950157165527e-01
-2.799250125885009766e+00
5.542519092559814453e-01
-2.516609668731689453e+00
-1.115128755569458008e+00
1.849786043167114258e-01
-1.706391453742980957e+00
-7.115430831909179688e-01
-7.803654670715332031e-02
-1.474933266639709473e+00
-5.748059749603271484e-01
-3.507293701171875000e+00
9.590710401535034180e-01
5.750064849853515625e-01
9.449875354766845703e-02
-2.862524509429931641e+00
6.744014024734497070e-01
2.334110736846923828e-01
-1.925294876098632812e+00
-1.973850727081298828e-01
-6.705753326416015625e+00
2.354896068572998047e-01
2.265480041503906250e+00
1.539677381515502930e+00
-5.309355258941650391e-01
-2.529245615005493164e-02
-1.914519071578979492e+00
1.021914184093475342e-01
-7.202962040901184082e-01
-2.614001631736755371e-01
-5.703877925872802734e+00
-1.133781313896179199e+00
2.996475696563720703e-01
-4.038788080215454102e-01
-8.260917663574218750e-02
-1.099556326866149902e+00
4.106680750846862793e-01
6.764219999313354492e-01
-1.164333343505859375e+00
-9.268202185630798340e-01
-1.334576845169067383e+00
-4.140019416809082031e-01
-1.358451843261718750e+00
-1.222676873207092285e+00
-4.825650453567504883e-01
-7.481479644775390625e-02
-3.351839780807495117e-01
-1.683656930923461914e+00
6.261968016624450684e-01
-8.526405692100524902e-01
-6.856164932250976562e-01
-1.141065657138824463e-01
-2.190600395202636719e+00
2.910856008529663086e-01
-2.872850656509399414e+00
-8.120104074478149414e-01
-1.512539863586425781e+00
-7.854224443435668945e-01
6.671420335769653320e-01
-2.676439285278320312e-02
-1.374923706054687500e+00
4.576146602630615234e-01
-2.178102970123291016e+00
9.359357357025146484e-01
-5.447701215744018555e-01
1.047152042388916016e+00
8.773577213287353516e-02
-2.212411403656005859e+00
1.746817231178283691e+00
2.073490619659423828e-02
6.627967357635498047e-01
-2.997628450393676758e-01
1.867258548736572266e-01
2.331963539123535156e+00
4.154735803604125977e-02
-1.195710778236389160e+00
-1.260236263275146484e+00
9.920853376388549805e-01
-3.929119110107421875e-01
-2.278757095336914062e+00
-1.074126005172729492e+00
-4.615775346755981445e-01
-1.069816589355468750e+00
2.445697784423828125e-01
-3.834115266799926758e-01
-3.776323795318603516e-02
3.989589214324951172e-02
-2.551690578460693359e+00
-1.286456346511840820e+00
-2.189459800720214844e-01
6.465221047401428223e-01
7.123991250991821289e-01
-1.567373156547546387e+00
-1.355055093765258789e+00
1.961057186126708984e-01
-1.418696880340576172e+00
-1.339306473731994629e+00
-1.033306360244750977e+00
-7.448984384536743164e-01
-2.011748552322387695e-01
-6.065440177917480469e-01
-1.220542192459106445e+00
-3.390082120895385742e-01
-1.458491921424865723e+00
4.888104200363159180e-01
5.785298347473144531e-01
-2.419441938400268555e-01
1.307930469512939453e+00
-1.137991786003112793e+00
-1.208372116088867188e+00
8.767222166061401367e-01
-1.252034425735473633e+00
-1.617431402206420898e+00
1.209349632263183594e-01
-2.642516493797302246e-01
-1.029091596603393555e+00
-8.959674835205078125e-01
-1.430605292320251465e+00
-1.115167379379272461e+00
-2.852960824966430664e-01
-1.020068526268005371e+00
-3.057652115821838379e-01
-1.385006904602050781e+00
-4.431996345520019531e-01
-9.995855093002319336e-01
-1.924795150756835938e+00
9.459531307220458984e-02
-4.773467183113098145e-01
3.561930656433105469e-01
-1.578239202499389648e-01
-1.791184425354003906e+00
-3.744335174560546875e-01
-8.913183212280273438e-02
-1.435094475746154785e-01
-8.418664932250976562e-01
-1.725212812423706055e+00
1.152009606361389160e+00
6.310769319534301758e-01
4.570386409759521484e-01
-2.535201311111450195e-01
2.880144119262695312e-01
-1.018968820571899414e-01
-1.469475746154785156e+00
4.435484409332275391e-01
-1.933258295059204102e+00
3.955754041671752930e-01
4.995425939559936523e-01
2.521887421607971191e-01
-1.011476993560791016e+00
-7.716525793075561523e-01
4.315075874328613281e-01
-3.397450447082519531e-01
-8.088581562042236328e-01
-1.239034891128540039e+00
-1.947051763534545898e+00
7.999007105827331543e-01
-4.127233624458312988e-01
1.893258094787597656e-01
-2.733733654022216797e-01
-7.201590538024902344e-01
-2.894639968872070312e-01
-6.433475017547607422e-01
6.494579315185546875e-01
-4.635109901428222656e-01
-5.603705644607543945e-01
-2.360193729400634766e-01
4.795975685119628906e-01
-1.331334829330444336e+00
-1.249492764472961426e+00
-2.351246833801269531e+00
1.620721817016601562e-02
-1.383450388908386230e+00
1.262276649475097656e+00
1.185388207435607910e+00
-1.836992740631103516e+00
-2.318415164947509766e+00
-3.476096391677856445e-01
2.984141349792480469e+00
-3.933218717575073242e-01
-1.682367086410522461e+00
8.703017234802246094e-01
8.438872098922729492e-01
3.192645311355590820e-01
-4.490935802459716797e-02
-2.281366109848022461e+00
-2.559125423431396484e-02
-1.106458663940429688e+00
2.094032287597656250e+00
-1.756243228912353516e+00
-7.298083305358886719e-01
-7.494020462036132812e-01
-4.768396615982055664e-01
-9.716943502426147461e-01
-1.252336263656616211e+00
-2.994065284729003906e-01
8.415220975875854492e-01
8.193287849426269531e-01
-5.848204493522644043e-01
-8.168774843215942383e-01
-1.628606915473937988e+00
2.068145275115966797e-01
-8.108446598052978516e-01
2.373626232147216797e-01
-4.761021733283996582e-01
3.003523349761962891e-01
-3.116856217384338379e-01
5.981810092926025391e-01
1.647315025329589844e-01
-1.199324131011962891e-01
7.384884357452392578e-02
-9.063094854354858398e-01
4.122909903526306152e-01
-1.022726297378540039e+00
1.959681510925292969e-02
-8.046265244483947754e-01
-3.776098012924194336e+00
-8.277546167373657227e-01
7.233987450599670410e-01
-1.150448679924011230e+00
-1.851653337478637695e+00
1.865280866622924805e-01
-8.135168552398681641e-01
3.662545680999755859e-01
-1.336139917373657227e+00
-3.449578285217285156e-01
4.970300197601318359e-02
-2.780320644378662109e-01
3.656338453292846680e-01
-1.118697166442871094e+00
-5.602474212646484375e-01
-6.929336786270141602e-01
-4.145830869674682617e-01
-7.974073886871337891e-01
-1.561609029769897461e+00
-3.662023544311523438e-01
-2.448306083679199219e-01
-1.692533493041992188e-02
-8.283849954605102539e-01
-6.490685939788818359e-01
8.865412473678588867e-01
-4.124243259429931641e-01
1.512029647827148438e+00
-5.878118276596069336e-01
-1.148316860198974609e-01
-1.543205738067626953e+00
-1.244901895523071289e+00
-9.858433008193969727e-01
2.034152746200561523e-01
-1.052064180374145508e+00
1.262915134429931641e-02
-3.673162460327148438e-01
1.065341114997863770e+00
-8.375211358070373535e-01
9.426751136779785156e-01
-1.301529526710510254e+00
8.621634244918823242e-01
-2.735532522201538086e-01
1.154326677322387695e+00
9.544217586517333984e-02
3.649153411388397217e-01
6.225241422653198242e-01
1.876637458801269531e+00
1.304326415061950684e+00
-1.486325263977050781e-02
-6.954497098922729492e-01
5.645933747291564941e-01
-1.437917947769165039e-01
-1.078206300735473633e-01
-5.244976282119750977e-01
-2.323627471923828125e-02
-1.029271721839904785e+00
7.787305116653442383e-01
-9.729005098342895508e-01
-1.841736316680908203e+00
7.446941733360290527e-01
-4.977881908416748047e-01
-2.966431975364685059e-01
-5.863070487976074219e-01
1.451755881309509277e+00
-1.181020975112915039e+00
8.079416751861572266e-01
3.176890611648559570e-01
-2.821407318115234375e-01
-2.663016796112060547e+00
-1.047751069068908691e+00
-6.537132263183593750e-01
-3.476148366928100586e+00
-1.308947801589965820e+00
-1.204046845436096191e+00
-1.068145275115966797e+00
-2.486455440521240234e+00
-3.092315196990966797e+00
-6.872893571853637695e-01
1.124716997146606445e-01
5.616732835769653320e-01
2.369606494903564453e-01
2.925154268741607666e-01
9.329943656921386719e-01
-1.108877420425415039e+00
-4.205280542373657227e-01
-2.062666416168212891e-01
-2.717819213867187500e+00
-1.173737049102783203e+00
-2.467796325683593750e+00
-5.610711574554443359e-01
-1.475340604782104492e+00
1.061581492424011230e+00
-5.641569495201110840e-01
3.001037240028381348e-01
-2.445173263549804688e-02
3.162742853164672852e-01
2.659392356872558594e-02
-7.530679702758789062e-01
3.117347359657287598e-01
-8.491203784942626953e-01
1.177549362182617188e-03
1.874065399169921875e-02
-4.876531362533569336e-01
-2.828178405761718750e+00
4.191857576370239258e-01
-1.597728967666625977e+00
-7.287756204605102539e-01
3.089722990989685059e-01
-2.259287834167480469e-01
8.941799998283386230e-01
2.213060855865478516e-01
-1.469739794731140137e+00
-1.230263710021972656e-02
-6.797163486480712891e-01
7.375410795211791992e-01
-1.678784251213073730e+00
-7.382860779762268066e-01
3.142360448837280273e-01
-2.934453248977661133e+00
-5.284799337387084961e-01
-1.910637617111206055e-01
-1.074134945869445801e+00
-1.038882970809936523e+00
5.424833297729492188e-01
6.525132656097412109e-01
-3.617798805236816406e+00
-5.351457595825195312e-01
-5.974662303924560547e-02
1.410617589950561523e+00
-5.251413583755493164e-01
7.798175811767578125e-01
-1.626310348510742188e-01
-1.850764393806457520e+00
-1.949992656707763672e+00
-1.221255540847778320e+00
-4.895992279052734375e-01
7.721539735794067383e-01
-1.244644284248352051e+00
-2.459170818328857422e-01
-2.778156399726867676e-01
4.338594675064086914e-01
6.972900629043579102e-01
1.581438779830932617e-01
5.420827865600585938e-02
-3.852871060371398926e-01
-1.110518217086791992e+00
5.720083713531494141e-01
-4.162873029708862305e-01
-1.211552977561950684e+00
9.816848039627075195e-01
-1.846573591232299805e+00
4.992666244506835938e-01
-9.889267683029174805e-01
-6.800996661186218262e-01
9.775624275207519531e-01
7.195746898651123047e-01
-8.100944757461547852e-02
-7.734457254409790039e-01
-9.327297210693359375e-01
-1.106023788452148438e-01
-1.125860214233398438e-01
-6.103434562683105469e-01
5.078916549682617188e-01
8.115553855895996094e-02
4.214138984680175781e-01
-8.006013631820678711e-01
1.060926914215087891e-02
-3.010495901107788086e-01
8.639304637908935547e-01
-5.603076219558715820e-01
-2.673463106155395508e+00
-2.054188251495361328e-01
-3.873679637908935547e-01
-5.705890655517578125e-01
3.206905722618103027e-02
-7.376424074172973633e-01
-1.548376321792602539e+00
-2.184534311294555664e+00
-5.619232654571533203e-01
-1.658706784248352051e+00
4.098411798477172852e-01
5.948323011398315430e-01
-1.050268650054931641e+00
-1.416606068611145020e+00
-1.465299010276794434e+00
-9.929447174072265625e-01
-6.302627325057983398e-01
-1.282413721084594727e+00
-4.681668877601623535e-01
-8.337608575820922852e-01
-1.273020505905151367e-01
1.522967815399169922e-01
1.357676982879638672e-01
-1.055105566978454590e+00
-1.137700319290161133e+00
3.179535865783691406e-01
-5.471420288085937500e-01
-1.396427035331726074e+00
-1.296488285064697266e+00
-2.642430067062377930e-01
-3.961689472198486328e-01
-7.806205749511718750e-01
-1.249455809593200684e+00
-1.251072883605957031e-01
1.481459379196166992e+00
-2.109170436859130859e+00
4.649745225906372070e-01
7.479752302169799805e-01
-1.191348075866699219e+00
1.325721740722656250e-01
-7.509884834289550781e-01
-1.321167230606079102e+00
1.843626499176025391e-01
-9.400840997695922852e-01
-1.821343421936035156e+00
-1.198878288269042969e-01
-2.087929248809814453e-01
-1.507923603057861328e-01
-6.423642635345458984e-01
1.245918273925781250e-01
-9.339969158172607422e-01
-1.351603388786315918e+00
9.978890419006347656e-01
1.323157548904418945e-01
6.519610881805419922e-01
2.419760227203369141e-01
-8.367463946342468262e-01
-9.871659278869628906e-01
-2.103946685791015625e+00
-2.697089910507202148e-01
-1.576302051544189453e+00
5.457676649093627930e-01
-3.918880224227905273e-01
-5.023302078247070312e+00
-3.741507530212402344e-01
-1.760204434394836426e-01
-1.746186494827270508e+00
-1.431363344192504883e+00
-5.010573863983154297e-01
-1.342553853988647461e+00
4.483022093772888184e-01
-9.534077644348144531e-01
-7.240912914276123047e-01
-1.253710031509399414e+00
-2.692701220512390137e-01
4.748630523681640625e-01
5.366461277008056641e-01
-5.660361051559448242e-01
-1.807218074798583984e+00
6.739243268966674805e-01
1.363821029663085938e-01
1.113860130310058594e+00
2.529731988906860352e-01
-2.202618122100830078e-02
-3.226895332336425781e-01
-2.700266838073730469e-01
1.978542804718017578e-01
2.354145050048828125e-02
-1.269646406173706055e+00
-7.769581079483032227e-01
7.803399562835693359e-01
-4.300475120544433594e-03
-2.101745843887329102e+00
6.740093231201171875e-03
-1.505737423896789551e+00
3.012537956237792969e-03
-1.753101348876953125e-01
6.078850030899047852e-01
-1.387232899665832520e+00
3.730392456054687500e-02
-2.235131263732910156e-01
7.723522186279296875e-01
-2.002230644226074219e+00
2.598252296447753906e-01
2.419161796569824219e-02
-2.697980999946594238e-01
6.548955440521240234e-01
-5.991557836532592773e-01
-5.715249776840209961e-01
6.443601846694946289e-01
-1.491849780082702637e+00
1.106663703918457031e+00
-2.457954883575439453e-01
-1.998191118240356445e+00
6.590948104858398438e-01
-9.325293898582458496e-01
-4.616401195526123047e-01
-1.546418428421020508e+00
-3.676037192344665527e-01
-1.153453588485717773e-01
-7.279827594757080078e-01
4.169911146163940430e-01
8.988985419273376465e-01
-4.276090264320373535e-01
1.696182489395141602e-01
3.181025385856628418e-02
1.089253067970275879e+00
-5.762389898300170898e-01
-1.051251053810119629e+00
-1.232916951179504395e+00
-8.409975767135620117e-01
-3.816336393356323242e-01
-2.079639911651611328e+00
-4.121725559234619141e-01
-9.791733026504516602e-01
-4.460120201110839844e-01
4.993814229965209961e-01
3.454505801200866699e-01
-5.016987323760986328e-01
-4.250787496566772461e-01
1.112553238868713379e+00
5.387067794799804688e-04
-4.559139311313629150e-01
-9.353258609771728516e-01
-1.069789409637451172e+00
3.100253343582153320e-01
-4.637476921081542969e+00
-2.092912912368774414e+00
7.138044834136962891e-01
-1.468750476837158203e+00
-1.105771183967590332e+00
-8.405206203460693359e-01
-1.853179216384887695e+00
-2.002236127853393555e+00
-2.217669486999511719e-01
4.049378633499145508e-01
1.614529967308044434e+00
-2.372789978981018066e-01
9.838027954101562500e-01
-2.388646006584167480e-01
1.353847980499267578e-02
-2.832490205764770508e+00
-1.274097204208374023e+00
4.889931678771972656e-01
-4.045314788818359375e-01
-4.727241992950439453e-01
-4.815812110900878906e-01
-1.286139726638793945e+00
-1.213947415351867676e+00
-9.748706817626953125e-01
-8.036303520202636719e-02
4.761559963226318359e-01
-2.369382858276367188e+00
2.040402293205261230e-01
7.357577085494995117e-01
1.150662541389465332e+00
2.691000699996948242e-01
-3.630053997039794922e-01
2.297360897064208984e-01
