-1.296415925025939941e+00
7.287352085113525391e-01
2.029470682144165039e+00
2.226195931434631348e-01
3.677725791931152344e-01
-1.137153625488281250e+00
-2.499752044677734375e-01
3.786959648132324219e+00
-1.312737941741943359e+00
-1.483911156654357910e+00
1.264958739280700684e+00
3.159660577774047852e+00
-2.015197277069091797e-02
5.000000000000000000e+00
5.691250562667846680e-01
4.298436641693115234e+00
2.061897516250610352e-01
-2.406382560729980469e-02
1.103333234786987305e+00
-8.541074991226196289e-01
-1.019280195236206055e+00
-1.395200014114379883e+00
5.145967006683349609e-01
5.666030645370483398e-01
2.365046501159667969e+00
2.652597427368164062e-02
-3.117331266403198242e-01
6.458327174186706543e-01
1.391582727432250977e+00
-3.723143339157104492e-01
1.254003286361694336e+00
-2.228342592716217041e-01
8.294403553009033203e-02
-1.551760435104370117e-01
4.176015377044677734e+00
2.102334499359130859e-01
6.619095802307128906e-01
-3.523519039154052734e-01
8.989843726158142090e-01
1.377629280090332031e+00
-2.402083396911621094e+00
5.603157877922058105e-01
2.944123744964599609e-02
-1.144571304321289062e+00
-1.190601229667663574e+00
5.013324022293090820e-01
2.202264308929443359e+00
1.530683636665344238e+00
-6.538084506988525391e+00
8.625079989433288574e-01
9.528484344482421875e-01
6.338226795196533203e-02
1.567072868347167969e+00
2.182532548904418945e-01
-1.009811758995056152e-01
-7.698064446449279785e-01
1.377224087715148926e+00
1.681230783462524414e+00
-1.159180402755737305e+00
2.449204921722412109e-01
1.939969778060913086e+00
-6.128567457199096680e-01
3.027447223663330078e+00
2.006201505661010742e+00
6.369779109954833984e-01
-4.944549798965454102e-01
-7.051533460617065430e-02
2.457953929901123047e+00
3.541311025619506836e-01
1.946563005447387695e+00
-4.820454120635986328e-01
-1.036705613136291504e+00
2.813594341278076172e+00
1.674737691879272461e+00
1.500747799873352051e+00
5.590776205062866211e-01
3.714984893798828125e+00
5.000000000000000000e+00
2.269780635833740234e-01
-1.627820730209350586e-02
7.027227282524108887e-01
1.215804815292358398e-01
7.222557067871093750e-02
-7.044097185134887695e-01
2.975991249084472656e+00
1.229713559150695801e+00
-4.753528594970703125e+00
-6.810024380683898926e-01
-3.281772136688232422e-02
1.012028455734252930e+00
3.063446283340454102e-01
1.842787146568298340e+00
2.150278329849243164e+00
3.250434398651123047e-01
4.424532651901245117e-01
7.067644596099853516e-01
6.316586136817932129e-01
-1.421977400779724121e+00
1.030087232589721680e+00
-5.767762660980224609e-01
-1.253334283828735352e+00
1.026364803314208984e+00
4.846902847290039062e+00
1.378940105438232422e+00
2.129523754119873047e+00
3.505246639251708984e-01
1.256774663925170898e-01
6.924316287040710449e-01
-6.410551071166992188e-02
3.811661720275878906e+00
1.023542165756225586e+00
2.907961606979370117e-02
1.021971940994262695e+00
4.419619560241699219e+00
1.025696039199829102e+00
-2.269974946975708008e-01
5.000000000000000000e+00
-6.994472742080688477e-01
7.179778218269348145e-01
-6.031459569931030273e-01
3.777580261230468750e-01
7.860146164894104004e-01
3.793308734893798828e-01
1.600719451904296875e+00
4.410900115966796875e+00
7.722615003585815430e-01
6.305279135704040527e-01
1.866951584815979004e-01
-3.866165876388549805e-01
2.134199380874633789e+00
6.310079693794250488e-01
6.901831626892089844e-01
1.722492575645446777e+00
2.250995635986328125e+00
4.817863106727600098e-01
-1.635125398635864258e+00
5.144467353820800781e-01
-7.307024002075195312e-01
1.242267966270446777e+00
6.182656288146972656e-01
-9.024316072463989258e-02
1.690897107124328613e+00
4.908565044403076172e+00
3.894012272357940674e-01
5.789149999618530273e-01
1.148550987243652344e+00
4.011776447296142578e+00
1.777782440185546875e-01
6.476546525955200195e-01
-9.481353759765625000e-01
-1.647205948829650879e-01
4.282758712768554688e+00
6.004023551940917969e-02
5.000000000000000000e+00
2.088215589523315430e+00
6.692836284637451172e-01
2.129493474960327148e+00
1.765131831169128418e+00
3.148485660552978516e+00
-5.596872568130493164e-01
1.014178872108459473e+00
-1.807564496994018555e-01
4.936432838439941406e+00
-1.028076410293579102e+00
7.255126237869262695e-01
7.916283607482910156e-01
-6.365408897399902344e-01
-3.547108173370361328e-01
-1.091797113418579102e+00
-7.725454568862915039e-01
-3.306180238723754883e-01
1.004870653152465820e+00
-1.340295314788818359e+00
-2.208761692047119141e+00
3.990783095359802246e-01
-2.070602178573608398e-01
-1.142060458660125732e-01
3.520220279693603516e+00
1.310508966445922852e+00
6.971035003662109375e-01
4.524849891662597656e+00
1.878110051155090332e+00
-5.580186843872070312e-04
-5.588103532791137695e-01
9.570195674896240234e-01
-2.359207868576049805e-01
1.061523199081420898e+00
-1.143521547317504883e+00
-5.595760345458984375e-01
9.991521835327148438e-01
2.938047409057617188e+00
7.366111278533935547e-01
4.152364730834960938e-01
7.994312644004821777e-01
2.120201885700225830e-01
4.283144474029541016e+00
-1.415488481521606445e+00
4.485117435455322266e+00
-9.694278240203857422e-01
-9.310535788536071777e-01
8.206791281700134277e-01
4.041153907775878906e+00
5.134574770927429199e-01
3.826548457145690918e-01
-7.771337032318115234e-02
-2.415854215621948242e+00
1.092318058013916016e+00
8.067415952682495117e-01
8.211777210235595703e-01
1.262117147445678711e+00
-4.309440851211547852e-01
1.971127152442932129e+00
2.039068222045898438e+00
-1.986784934997558594e-01
-2.419411540031433105e-01
-1.072837114334106445e+00
-1.453725099563598633e-01
3.127847313880920410e-01
-1.570506095886230469e-01
-4.443966150283813477e-01
7.553990483283996582e-01
-3.362147808074951172e-01
3.610252618789672852e+00
1.000333547592163086e+00
-9.098134040832519531e-01
-2.667638063430786133e+00
4.336062431335449219e+00
5.811219215393066406e-01
3.533161640167236328e+00
-2.008378505706787109e-02
1.949581861495971680e+00
-1.911010503768920898e+00
6.991788148880004883e-01
2.757880687713623047e+00
3.898738145828247070e+00
3.988321781158447266e+00
-5.216765403747558594e-02
5.177488327026367188e-01
-1.891431808471679688e-01
-4.420651197433471680e-01
-1.561555862426757812e-01
-1.076133966445922852e+00
-1.288474678993225098e+00
3.559307754039764404e-01
1.234626054763793945e+00
-4.393720626831054688e-01
-4.710415005683898926e-01
5.000000000000000000e+00
-9.922255277633666992e-01
-1.950460672378540039e+00
5.000000000000000000e+00
2.622490882873535156e+00
9.621213674545288086e-01
-1.355040073394775391e-02
-5.012535452842712402e-01
6.149206161499023438e-01
-1.013468384742736816e+00
-1.265930175781250000e+00
6.798830032348632812e-01
3.448830842971801758e-01
2.614030838012695312e+00
4.101399421691894531e+00
5.768952369689941406e-01
-4.047296047210693359e-01
2.089529335498809814e-01
4.738355875015258789e-01
2.492051601409912109e+00
4.402254104614257812e+00
8.533569574356079102e-01
2.893700599670410156e-01
-1.209649085998535156e+00
8.010144233703613281e-01
1.385067462921142578e+00
4.022172927856445312e+00
3.484742641448974609e-01
3.354274749755859375e+00
2.597307920455932617e+00
5.000000000000000000e+00
9.162327051162719727e-01
-4.575244188308715820e-01
1.788078904151916504e+00
9.562546610832214355e-01
-4.894545078277587891e-01
-7.689321041107177734e-02
-1.341647505760192871e-01
-8.971302509307861328e-01
2.104546725749969482e-01
-1.280774593353271484e+00
-1.215602159500122070e+00
1.311431884765625000e+00
-8.199483156204223633e-01
4.584926605224609375e+00
2.065264463424682617e+00
3.583662509918212891e-01
4.188359737396240234e+00
5.345868468284606934e-01
-7.371747493743896484e-01
-4.723814725875854492e-01
3.228125572204589844e-01
-1.936477422714233398e-01
-3.875654339790344238e-01
-3.779723048210144043e-01
4.322469711303710938e+00
4.538470745086669922e+00
6.477931141853332520e-02
8.689565658569335938e-01
4.189795017242431641e+00
5.000000000000000000e+00
1.103044033050537109e+00
4.135944366455078125e+00
2.197471618652343750e+00
-9.058158397674560547e-01
-1.512228012084960938e+00
3.235908508300781250e+00
-4.014723896980285645e-01
4.658205509185791016e-01
6.077331304550170898e-02
3.471076965332031250e+00
1.889677762985229492e+00
1.307644605636596680e+00
-8.481919765472412109e-01
1.378427743911743164e-01
3.775296211242675781e+00
3.907918691635131836e+00
8.329581022262573242e-01
1.249348759651184082e+00
1.473299741744995117e+00
-7.840275764465332031e-03
2.740932464599609375e+00
-3.793738484382629395e-01
-2.976745367050170898e-02
-6.218602180480957031e+00
-2.353261947631835938e+00
1.994330883026123047e-01
1.085910558700561523e+00
1.595892906188964844e-01
9.123432636260986328e-02
1.588070988655090332e-01
-4.732017517089843750e-01
-2.340113162994384766e+00
1.016770958900451660e+00
-1.259972810745239258e+00
-5.570988655090332031e-01
3.411641120910644531e-01
1.118750214576721191e+00
-1.597981214523315430e+00
3.960808515548706055e-01
-1.407563567161560059e+00
-8.922136425971984863e-01
-4.939135015010833740e-01
1.236050128936767578e-01
4.394074916839599609e+00
5.249704122543334961e-01
-5.800131559371948242e-01
3.076934814453125000e-01
6.459410190582275391e-01
7.276984453201293945e-01
-6.236615180969238281e-01
2.064812183380126953e+00
-1.606404781341552734e-01
3.682924270629882812e+00
7.014360427856445312e-01
-8.538812994956970215e-01
-2.019381523132324219e-01
-2.331014871597290039e-01
3.935617923736572266e+00
-1.011646389961242676e+00
4.089385032653808594e+00
1.267125129699707031e+00
1.059307932853698730e+00
1.230810046195983887e+00
1.253221750259399414e+00
2.613399028778076172e-01
-8.830829858779907227e-01
4.945853710174560547e+00
3.339335918426513672e+00
-5.685105919837951660e-01
3.306487798690795898e-01
9.187955856323242188e-01
-4.610596895217895508e-01
1.809911727905273438e-01
-1.275562047958374023e-01
7.682049870491027832e-01
2.856231927871704102e-01
5.817940235137939453e-01
6.191167235374450684e-01
4.348896026611328125e+00
4.862003326416015625e+00
2.290155887603759766e-01
2.751665115356445312e+00
-4.167065620422363281e-01
-1.734616279602050781e+00
4.310850143432617188e+00
2.285809040069580078e+00
-1.383491992950439453e+00
4.657925367355346680e-01
8.742725849151611328e-02
1.048241853713989258e+00
-1.673927903175354004e-01
9.154881834983825684e-01
3.158493041992187500e-01
2.196674346923828125e-01
4.709087371826171875e+00
8.432328701019287109e-01
1.000689506530761719e+00
1.021747589111328125e-01
1.839870572090148926e+00
4.601796150207519531e+00
9.024729728698730469e-01
3.837396621704101562e+00
1.661939620971679688e-01
7.583842873573303223e-01
5.000000000000000000e+00
1.520874738693237305e+00
-1.429864168167114258e+00
1.524204015731811523e-02
-1.713877916336059570e-01
-2.832968235015869141e-01
-8.060469627380371094e-01
4.162915706634521484e+00
-1.758182764053344727e+00
1.511749029159545898e+00
-2.288722991943359375e-02
-2.855873107910156250e-02
-3.316329717636108398e-01
-1.043665170669555664e+00
1.104621887207031250e+00
-3.185169696807861328e-01
-6.373845338821411133e-01
1.683123946189880371e+00
5.622955560684204102e-01
5.576673746109008789e-01
5.045894384384155273e-01
1.356616258621215820e+00
-8.629626035690307617e-01
-9.421432018280029297e-02
-1.026367545127868652e+00
-1.442714929580688477e-01
5.166386961936950684e-01
-1.299355745315551758e+00
1.338916778564453125e+00
4.588427543640136719e+00
1.717939376831054688e-01
1.051545500755310059e+00
2.954324960708618164e+00
3.902419805526733398e-01
5.000000000000000000e+00
-2.371013164520263672e-01
-2.450847625732421875e-01
2.521861791610717773e-01
3.008931159973144531e+00
5.000000000000000000e+00
1.514065265655517578e-01
3.995452165603637695e+00
-3.742387890815734863e-02
8.985483646392822266e-01
9.257801771163940430e-01
1.532082676887512207e+00
7.752442359924316406e-01
-1.040562391281127930e+00
3.370317935943603516e+00
-1.529784202575683594e-01
2.829219102859497070e+00
-1.190793514251708984e-01
-9.543669223785400391e-02
5.281735658645629883e-01
5.862690210342407227e-01
9.948192834854125977e-01
-1.073093891143798828e+00
3.399255037307739258e+00
-1.235672235488891602e+00
4.039191246032714844e+00
2.170276165008544922e+00
7.683402299880981445e-01
5.933207273483276367e-01
-1.199607729911804199e+00
4.485039710998535156e-01
-7.579939365386962891e-01
2.451675415039062500e+00
-1.671664714813232422e-01
-3.280389308929443359e-02
-2.415604591369628906e-01
4.858493804931640625e-01
1.029943346977233887e+00
2.955492138862609863e-01
-1.667355656623840332e+00
1.288074731826782227e+00
2.985244750976562500e+00
2.068147182464599609e+00
-6.129343509674072266e-01
3.371862173080444336e+00
8.143517971038818359e-01
4.799328804016113281e+00
-4.691731929779052734e-02
2.516427993774414062e+00
5.988170504570007324e-01
-3.005496859550476074e-01
3.908406257629394531e+00
-5.453277111053466797e+00
-2.085672855377197266e+00
4.139137268066406250e+00
2.329736709594726562e+00
1.435870885848999023e+00
1.047923803329467773e+00
7.576904892921447754e-01
6.245878338813781738e-01
-1.057888865470886230e-01
-1.531806707382202148e+00
-6.735427379608154297e-01
1.936457753181457520e-01
2.097312450408935547e+00
-2.010169506072998047e+00
-5.545179843902587891e-01
1.496098518371582031e+00
1.519666552543640137e+00
-4.501005411148071289e-01
5.146595239639282227e-01
1.549096107482910156e+00
8.547050952911376953e-01
-5.408676862716674805e-01
-5.465569496154785156e-01
1.302913427352905273e+00
-3.744415044784545898e-01
-1.220937013626098633e+00
-8.404368162155151367e-01
9.441052079200744629e-01
2.578523397445678711e+00
4.937881946563720703e+00
-8.565570116043090820e-01
4.902156352996826172e+00
-6.851731538772583008e-01
8.065259456634521484e-02
2.187588214874267578e-01
5.000000000000000000e+00
1.587234735488891602e+00
-2.365005016326904297e-02
-1.094235181808471680e-01
-8.089743852615356445e-01
-1.592123508453369141e-01
5.675681829452514648e-01
3.775203227996826172e-01
1.578810095787048340e+00
5.000000000000000000e+00
5.752897262573242188e-02
4.132155418395996094e+00
3.304421901702880859e-01
2.604716300964355469e+00
-6.836454272270202637e-01
-3.044060468673706055e-01
-1.015441417694091797e-01
2.069622993469238281e+00
-2.137496948242187500e+00
3.963518142700195312e-01
4.327566146850585938e+00
5.923438072204589844e-01
-8.627939224243164062e-02
4.910684823989868164e-01
-1.611027002334594727e+00
5.000000000000000000e+00
1.645882964134216309e+00
-1.199724674224853516e-01
-6.341772079467773438e-01
5.000000000000000000e+00
1.652610301971435547e-02
-1.369313716888427734e+00
1.288620710372924805e+00
-3.342439532279968262e-01
-7.112522125244140625e-01
-4.390167236328125000e+00
1.509194374084472656e+00
-2.021689891815185547e+00
6.472170352935791016e-02
-1.515006542205810547e+00
4.899791479110717773e-01
-1.484128236770629883e-01
9.856753349304199219e-01
-4.496605396270751953e-01
4.281022548675537109e-01
-9.449241757392883301e-01
3.612545013427734375e+00
4.764349937438964844e+00
1.392324566841125488e+00
7.465463280677795410e-01
-1.272710561752319336e+00
-3.584120273590087891e-01
4.122886657714843750e-01
-6.963409185409545898e-01
9.633951187133789062e-01
-4.609378576278686523e-01
-4.688636302947998047e+00
-1.230276823043823242e+00
6.020242571830749512e-01
2.501340866088867188e+00
5.562736988067626953e-01
3.818053722381591797e+00
3.054183483123779297e+00
-7.510843276977539062e-01
5.000000000000000000e+00
5.000000000000000000e+00
1.816046237945556641e-02
-4.706727266311645508e-01
-2.298618555068969727e-01
-1.260451674461364746e+00
7.061988115310668945e-02
-2.902858257293701172e-01
1.955300450325012207e+00
-6.082187891006469727e-01
1.595848560333251953e+00
-2.141107082366943359e+00
8.069967031478881836e-01
-1.651999711990356445e+00
-5.739569664001464844e-01
6.959162950515747070e-01
1.555287837982177734e+00
-2.092360973358154297e+00
-7.980312108993530273e-01
1.787180185317993164e+00
4.059409141540527344e+00
-4.295173883438110352e-01
4.438756108283996582e-01
4.798408508300781250e+00
5.542009472846984863e-01
-9.203302264213562012e-01
1.222371816635131836e+00
5.000000000000000000e+00
-9.363526105880737305e-02
6.093112230300903320e-01
-4.169071912765502930e-01
-2.924901247024536133e-02
1.813120603561401367e+00
4.206804275512695312e+00
1.349303722381591797e-01
-2.047072649002075195e-01
1.623915433883666992e+00
-2.386379241943359375e-01
2.589740753173828125e-01
2.075536966323852539e+00
2.103951215744018555e+00
9.997473955154418945e-01
-1.562478661537170410e+00
1.249544620513916016e-01
-9.941965341567993164e-01
5.000000000000000000e+00
5.000000000000000000e+00
-2.415955066680908203e-01
-1.327755928039550781e+00
2.421131134033203125e-01
-2.402020692825317383e-01
4.392724037170410156e-01
4.743170261383056641e+00
2.083107471466064453e+00
2.154978275299072266e+00
2.467944622039794922e+00
-9.842125177383422852e-01
5.627614259719848633e-01
-1.682574033737182617e+00
-1.997508764266967773e+00
2.341631054878234863e-01
6.565508842468261719e-01
-4.281013011932373047e-01
1.063946485519409180e+00
7.921361923217773438e-01
-1.451521396636962891e+00
3.219557046890258789e+00
-1.333258986473083496e+00
1.439065694808959961e+00
5.732214450836181641e-02
1.480889320373535156e-02
1.117561101913452148e+00
1.276957035064697266e+00
-7.836174964904785156e-02
-8.276605606079101562e-01
-4.991924762725830078e-01
1.034634113311767578e-01
2.250305652618408203e+00
6.282461881637573242e-01
-3.527029752731323242e-01
4.187568426132202148e-01
5.000000000000000000e+00
-7.470794916152954102e-01
6.804845929145812988e-01
-2.016639947891235352e+00
-9.274252653121948242e-01
-8.879214525222778320e-01
-1.945208072662353516e+00
-4.219245910644531250e-02
-8.146923780441284180e-01
-1.394500494003295898e+00
-1.731559991836547852e+00
2.089617848396301270e-01
1.179913282394409180e+00
9.854619503021240234e-01
4.481262683868408203e+00
7.456507682800292969e-01
-1.044956922531127930e+00
4.167105853557586670e-01
1.383908033370971680e+00
5.000000000000000000e+00
1.428800106048583984e+00
4.687723517417907715e-01
1.743364334106445312e-02
3.773645162582397461e+00
-8.549857139587402344e-01
1.482266783714294434e-01
-7.212412357330322266e-02
-2.859553098678588867e-01
6.700781583786010742e-01
-4.099381566047668457e-01
3.942022323608398438e+00
2.041556835174560547e-01
1.016333460807800293e+00
1.657827138900756836e+00
6.125477552413940430e-01
1.317119717597961426e+00
4.380665302276611328e+00
-2.320577144622802734e+00
-1.502979993820190430e-01
4.236489295959472656e+00
4.301848888397216797e+00
-1.755534052848815918e+00
-1.174754500389099121e-01
6.951332092285156250e-03
-4.488904476165771484e-01
6.503249406814575195e-01
-1.155881881713867188e+00
1.710093617439270020e+00
-4.905581474304199219e-01
1.006908416748046875e+00
-9.585076570510864258e-01
-2.989743947982788086e-01
1.077628612518310547e+00
1.018136501312255859e+00
2.298320531845092773e-01
9.600135087966918945e-01
1.405345082283020020e+00
-8.389828205108642578e-01
4.681601524353027344e+00
2.701644301414489746e-01
3.582295894622802734e+00
4.840013027191162109e+00
2.491063356399536133e+00
3.467093706130981445e-01
-1.916821956634521484e+00
4.626896381378173828e+00
1.660244762897491455e-01
-8.405399322509765625e-02
1.738862991333007812e-01
9.814314842224121094e-01
-1.293037176132202148e+00
5.000000000000000000e+00
3.240736961364746094e+00
9.309165477752685547e-01
3.169375658035278320e-02
-2.036852836608886719e+00
5.852081179618835449e-01
-1.144871711730957031e-01
-1.003158450126647949e+00
-9.441214799880981445e-01
2.763915538787841797e+00
1.170489788055419922e+00
-1.455485701560974121e+00
-9.041658639907836914e-01
6.778764724731445312e-01
-6.835983991622924805e-01
-1.832963466644287109e+00
1.321149945259094238e+00
1.135535955429077148e+00
-5.051922798156738281e-02
1.483257770538330078e+00
-1.757897138595581055e-01
6.866198778152465820e-01
5.708615183830261230e-01
3.114057064056396484e+00
4.471858739852905273e-01
4.853713035583496094e+00
-1.579087495803833008e+00
8.746977448463439941e-01
-3.954440951347351074e-01
4.692887783050537109e+00
1.064697742462158203e+00
6.223094463348388672e-02
-7.563146352767944336e-01
2.036029338836669922e+00
3.794864416122436523e-01
4.644016265869140625e+00
-1.685833930969238281e-02
-1.703835725784301758e-01
5.406653881072998047e-02
4.633878231048583984e+00
6.494405865669250488e-02
-6.000474095344543457e-01
2.574088573455810547e-01
7.970651388168334961e-01
3.489279031753540039e+00
-5.170637965202331543e-01
8.628681898117065430e-01
2.252838611602783203e+00
2.693817615509033203e-01
6.364513635635375977e-01
-1.297531127929687500e-01
1.873622298240661621e+00
-1.635838389396667480e+00
-1.714838624000549316e+00
1.014565706253051758e+00
1.728902339935302734e+00
8.826936036348342896e-02
6.216872930526733398e-01
-8.124449253082275391e-01
5.000000000000000000e+00
1.163892030715942383e+00
5.000000000000000000e+00
1.817872047424316406e+00
-7.175525426864624023e-01
-1.280872821807861328e+00
2.730691432952880859e-01
-3.938406705856323242e-01
-4.551365375518798828e-01
-9.720646739006042480e-01
-3.473312854766845703e-01
3.553182125091552734e+00
8.930957317352294922e-02
-1.582735538482666016e+00
7.686238288879394531e-01
3.482818841934204102e+00
-8.411550521850585938e-02
6.726660728454589844e-01
1.358895063400268555e+00
9.432983994483947754e-01
4.126318931579589844e+00
1.025319933891296387e+00
1.472957432270050049e-01
-7.963204383850097656e-02
-3.815508782863616943e-01
-4.882158041000366211e-01
-5.921969413757324219e-01
3.907894611358642578e+00
4.214374065399169922e+00
5.000000000000000000e+00
-8.887904882431030273e-01
1.058833599090576172e+00
1.596373438835144043e+00
4.070244789123535156e+00
8.561486005783081055e-01
-3.872287273406982422e-02
1.142069578170776367e+00
9.980568885803222656e-01
2.666995525360107422e-01
-5.016227722167968750e+00
4.147010803222656250e+00
3.838092088699340820e-01
1.728585958480834961e-01
6.589595675468444824e-01
3.364180564880371094e+00
4.986663818359375000e+00
-6.520878076553344727e-01
3.903063535690307617e-01
-1.080408573150634766e+00
1.708410382270812988e-01
2.218750715255737305e-01
-7.131290435791015625e-02
6.653147935867309570e-02
1.100193262100219727e+00
-4.668602347373962402e-01
8.631695508956909180e-01
4.312245845794677734e-01
3.515207767486572266e-01
5.000000000000000000e+00
5.575708150863647461e-01
-1.084213256835937500e+00
-3.903653621673583984e-01
2.895578861236572266e+00
5.000000000000000000e+00
-5.328538417816162109e-01
-9.480911493301391602e-01
-2.631783485412597656e-01
-3.693054318428039551e-01
1.279128074645996094e+00
1.872619271278381348e+00
-2.226517200469970703e-01
-5.219340324401855469e-02
6.716974973678588867e-01
1.475724220275878906e+00
6.466567516326904297e-02
4.452289342880249023e-01
-1.440973997116088867e+00
1.892987847328186035e+00
-3.637409210205078125e-02
2.904267311096191406e+00
1.093033552169799805e+00
4.222929477691650391e+00
-1.882605314254760742e+00
5.000000000000000000e+00
-1.563173532485961914e-01
3.964812755584716797e-01
1.190156698226928711e+00
-2.009831666946411133e-01
2.221616744995117188e+00
1.846764564514160156e+00
1.871796131134033203e+00
2.285067558288574219e+00
-9.043737649917602539e-01
4.400774002075195312e+00
-1.795868873596191406e+00
3.128162622451782227e-01
2.335860252380371094e+00
1.076903700828552246e+00
-1.336547136306762695e+00
5.000000000000000000e+00
3.184655904769897461e+00
1.078790664672851562e+00
