2.679818868637084961e-01
1.862649917602539062e-01
-2.151938676834106445e-01
-6.481428146362304688e-01
9.921227097511291504e-01
1.868648529052734375e-01
2.697391748428344727e+00
-3.825879096984863281e-01
5.445268154144287109e-01
2.683237791061401367e-01
-7.273995876312255859e-01
7.274978160858154297e-01
-6.379914283752441406e-01
6.782008409500122070e-01
7.437860965728759766e-02
1.509393453598022461e-01
-2.438703536987304688e+00
-2.937136173248291016e+00
-4.223010540008544922e+00
1.232367634773254395e+00
-5.322451591491699219e-01
6.140567660331726074e-01
1.199783086776733398e-01
-3.132356405258178711e-01
9.115344882011413574e-01
-7.430489063262939453e-01
-1.028199195861816406e-01
7.867330312728881836e-01
2.336591482162475586e-01
5.799707770347595215e-01
7.789828777313232422e-01
-2.044252872467041016e+00
1.169526576995849609e-01
-2.599762678146362305e+00
3.344126939773559570e-01
-1.177899360656738281e+00
-1.701525449752807617e+00
1.395493268966674805e+00
-8.896408677101135254e-01
-1.042249441146850586e+00
1.078606367111206055e+00
-2.138340473175048828e-01
3.516328930854797363e-01
-5.128874778747558594e+00
-1.022576689720153809e+00
-7.973943948745727539e-01
-5.750530958175659180e-02
-3.261547565460205078e+00
-1.621675491333007812e+00
-2.169150114059448242e-02
-1.085771203041076660e+00
1.549995422363281250e+00
-5.919691920280456543e-01
-4.069009423255920410e-01
9.293210506439208984e-01
-9.383343458175659180e-01
-1.014874577522277832e+00
-4.345542192459106445e-01
3.736499547958374023e-01
5.864104628562927246e-01
-1.183843135833740234e+00
-1.861818075180053711e+00
-4.180198907852172852e-01
-8.346688747406005859e-02
-1.758050680160522461e+00
7.744164466857910156e-01
-6.607084274291992188e-01
1.505022048950195312e-01
-1.009414196014404297e-01
-2.800631523132324219e-01
2.329831123352050781e-01
-4.091958999633789062e-01
-3.330687284469604492e-01
-4.313707351684570312e-01
-4.207358360290527344e-01
-2.365778684616088867e+00
-6.868772506713867188e-01
-1.583073616027832031e+00
-1.216809034347534180e+00
8.955767154693603516e-01
-1.190034270286560059e+00
-9.969774484634399414e-01
-1.032097101211547852e+00
-8.056637048721313477e-01
4.652510285377502441e-01
9.072489738464355469e-01
1.151350975036621094e+00
-1.043208479881286621e+00
1.968843221664428711e+00
-9.500770568847656250e-01
4.307467937469482422e-01
-8.891665935516357422e-02
-9.151223897933959961e-01
7.901558279991149902e-02
-7.918915897607803345e-02
-7.435631752014160156e-01
-1.222558617591857910e-01
-1.315907239913940430e-01
-5.105303525924682617e-01
1.298952221870422363e+00
-3.202664852142333984e+00
-9.686166048049926758e-02
1.624439239501953125e+00
-3.964411020278930664e-01
5.553342103958129883e-01
8.163212537765502930e-01
8.738704919815063477e-01
-1.289379596710205078e+00
-1.271291971206665039e-01
-2.311593294143676758e-01
4.156718254089355469e-01
3.606840968132019043e-01
-6.426140069961547852e-01
7.276415228843688965e-01
-5.464067459106445312e-01
3.794934749603271484e-01
-5.318034887313842773e-01
4.874445199966430664e-01
6.448303461074829102e-01
-7.249832153320312500e-02
-2.915036678314208984e-01
-4.870321750640869141e-01
-2.620260715484619141e-01
-7.766284942626953125e-01
-1.891101360321044922e+00
1.469550132751464844e-01
-3.009388446807861328e-01
-6.796133518218994141e-02
-3.119877576828002930e+00
2.783060073852539062e-02
5.590772628784179688e-02
-6.532955765724182129e-01
1.355497837066650391e-01
-2.176979780197143555e-01
-1.630364656448364258e+00
-3.844668269157409668e-01
8.322880268096923828e-01
-5.232298970222473145e-01
-8.963581323623657227e-01
2.806392610073089600e-01
-9.476292133331298828e-01
-2.502934336662292480e-01
1.124591708183288574e+00
-6.419334411621093750e-01
2.210582494735717773e-01
-1.867959499359130859e-01
-7.683417797088623047e-01
-9.446564912796020508e-01
-3.119799494743347168e-01
-6.773030757904052734e-02
-7.084722518920898438e-01
-6.329591274261474609e-01
-6.955596804618835449e-01
-1.189457297325134277e+00
-1.552383661270141602e+00
5.836251378059387207e-01
-7.620600461959838867e-01
-5.133260488510131836e-01
3.946292400360107422e-01
-6.800565123558044434e-01
5.713005065917968750e-01
-1.672920227050781250e+00
8.786969184875488281e-01
6.757636070251464844e-01
-4.507109165191650391e+00
-1.634786128997802734e+00
-9.791431427001953125e-01
-6.621848344802856445e-01
-3.618380725383758545e-01
-2.112340927124023438e-01
8.023558259010314941e-01
-4.287317991256713867e-01
-7.211105823516845703e-01
-4.938912391662597656e-02
-1.822089314460754395e+00
-1.679328083992004395e-01
-2.133228063583374023e+00
-8.010129332542419434e-01
-3.445971906185150146e-01
-1.777656674385070801e-01
-2.874773025512695312e+00
-8.249856233596801758e-01
-3.897274136543273926e-01
9.826397895812988281e-02
-5.061766505241394043e-01
3.646215200424194336e-01
-1.149025440216064453e+00
-2.246489524841308594e-01
-2.017535448074340820e+00
-2.424283027648925781e-01
6.681042909622192383e-01
1.280589699745178223e-01
2.105699777603149414e-01
2.445352077484130859e-01
-2.554053068161010742e-01
3.409811854362487793e-01
-1.523784399032592773e+00
-1.213860511779785156e+00
-7.395942211151123047e-01
-5.560415983200073242e-01
-9.396035671234130859e-01
-4.813787937164306641e-01
5.630192756652832031e-01
-1.460732579231262207e+00
-1.972013711929321289e-01
1.166328549385070801e+00
-1.050796508789062500e+00
-8.998275995254516602e-01
-1.919107913970947266e+00
-4.341461658477783203e-01
-5.743373632431030273e-01
-3.188834428787231445e+00
7.514821290969848633e-01
-2.958642840385437012e-01
-2.585113048553466797e-01
-1.711477279663085938e+00
2.085309028625488281e-01
-1.175051450729370117e+00
-7.104473114013671875e-01
-1.304617166519165039e+00
-3.413916826248168945e+00
-2.949071407318115234e+00
1.240026593208312988e+00
-7.149032950401306152e-01
5.996956825256347656e-01
-1.115047693252563477e+00
1.239115118980407715e+00
5.910657644271850586e-01
2.189487218856811523e-01
1.355147123336791992e+00
6.564235687255859375e-01
5.565153360366821289e-01
9.393950700759887695e-01
6.116986274719238281e-02
-2.151261568069458008e-01
3.683385848999023438e-01
-1.035275340080261230e+00
8.641016483306884766e-02
-2.061006784439086914e+00
5.995887517929077148e-02
-1.431345224380493164e+00
-1.252494573593139648e+00
8.818187713623046875e-01
2.542901039123535156e-01
-6.530121564865112305e-01
-9.904551506042480469e-02
-2.927547693252563477e-02
-4.463902711868286133e-01
-1.008481979370117188e+00
2.646422147750854492e+00
4.479235410690307617e-02
-1.512310504913330078e+00
-2.523105144500732422e+00
-1.028306245803833008e+00
-1.032269239425659180e+00
-3.698261737823486328e+00
-1.781347393989562988e-01
5.776621103286743164e-01
6.522240638732910156e-01
4.189512729644775391e-01
-1.955338120460510254e+00
-1.024864435195922852e+00
-1.501550436019897461e+00
-3.636296391487121582e-01
-8.993270397186279297e-01
-4.942796707153320312e+00
-6.556375026702880859e-01
6.729435920715332031e-01
-2.137672901153564453e+00
-1.141791462898254395e+00
-2.435490131378173828e+00
2.224844694137573242e-01
-2.626936674118041992e+00
-3.608943223953247070e-01
3.360116481781005859e-01
1.201292276382446289e-01
2.517260313034057617e-01
-1.446036100387573242e+00
-1.037531733512878418e+00
-1.001749038696289062e+00
-4.255647659301757812e-01
2.451609969139099121e-01
-4.092568755149841309e-01
1.932251453399658203e-01
-1.226768016815185547e+00
-6.504490375518798828e-01
4.399960041046142578e-01
-1.153789281845092773e+00
3.237096667289733887e-01
-6.654133796691894531e-01
-5.601406097412109375e-03
4.207566976547241211e-01
6.793035268783569336e-01
1.849359035491943359e+00
-2.665905714035034180e+00
-7.833884954452514648e-01
-2.154369950294494629e-01
4.047453999519348145e-01
-6.782753467559814453e-01
-1.051623344421386719e+00
1.051436662673950195e+00
-1.219264864921569824e+00
-7.177231311798095703e-01
-7.055016756057739258e-01
-1.435913920402526855e+00
9.921445846557617188e-01
5.697090625762939453e-01
3.509591817855834961e-01
-1.261874794960021973e+00
-6.604465246200561523e-01
-6.905384063720703125e-01
-1.611187219619750977e+00
-1.786186933517456055e+00
3.816187381744384766e-01
9.964015483856201172e-01
1.229448914527893066e+00
4.766474366188049316e-01
-5.325897932052612305e-01
-6.316604614257812500e-01
-1.145806074142456055e+00
-7.344745993614196777e-01
-1.264841556549072266e-01
1.161967515945434570e-01
-3.222727775573730469e-01
-1.852829456329345703e-01
-9.524785280227661133e-01
8.594715595245361328e-02
-5.331527590751647949e-01
9.706103801727294922e-02
-2.456336975097656250e+00
-8.439972996711730957e-01
-1.237283229827880859e+00
-1.216498374938964844e+00
-9.735107421875000000e-03
-8.296031951904296875e-01
1.698193550109863281e+00
-2.288480997085571289e-01
5.496265888214111328e-01
6.453466415405273438e-01
-1.155744075775146484e+00
-1.196240305900573730e+00
6.516170501708984375e-02
-5.691514015197753906e-01
-7.488747239112854004e-01
-7.603653669357299805e-01
-4.446604728698730469e+00
-3.369760513305664062e-02
7.829061746597290039e-01
4.064769744873046875e-01
2.516813874244689941e-01
9.842281788587570190e-02
3.039655685424804688e-01
-6.991961598396301270e-01
-4.859204292297363281e-01
-6.247398853302001953e-01
-4.294556975364685059e-01
-1.551840424537658691e+00
6.152966022491455078e-01
-1.818957805633544922e+00
2.393901348114013672e-01
-4.103264331817626953e+00
-1.296022534370422363e+00
-3.001317262649536133e+00
2.746046781539916992e-01
8.718789815902709961e-01
-5.338895320892333984e-02
-6.660858392715454102e-01
-1.940143108367919922e+00
-4.694291353225708008e-01
3.869593143463134766e-01
-7.694584131240844727e-01
-4.632734060287475586e-01
1.948242485523223877e-01
-2.524676322937011719e-01
-1.032020092010498047e+00
-1.181104660034179688e+00
-8.379471302032470703e-02
-7.287676334381103516e-01
-1.864380598068237305e+00
3.536044955253601074e-01
-2.372884750366210938e-01
-3.620451092720031738e-01
-2.385469675064086914e-01
-3.807192444801330566e-01
8.233547210693359375e-03
7.542167901992797852e-01
-3.781397342681884766e-01
-6.110562086105346680e-01
1.285192370414733887e+00
-1.790814399719238281e-01
-2.494177818298339844e+00
-5.337383747100830078e-01
-1.884840726852416992e-01
7.097508907318115234e-01
5.905473232269287109e-02
-9.207695722579956055e-01
5.832401514053344727e-01
-7.790807485580444336e-01
-2.286713123321533203e-01
-6.794757843017578125e-01
-1.725392341613769531e+00
-6.087023019790649414e-01
7.201486825942993164e-01
-1.185362100601196289e+00
-1.902460098266601562e+00
-3.522667884826660156e-01
2.742481231689453125e-01
-7.267317771911621094e-01
2.531950473785400391e-01
-1.377495646476745605e+00
-6.709815263748168945e-01
-1.564443111419677734e-01
-3.582302331924438477e-01
-1.193920493125915527e+00
-1.137968778610229492e+00
3.849767446517944336e-01
-3.052484989166259766e-02
2.556049823760986328e-01
-6.594870686531066895e-01
-1.755040049552917480e+00
-1.569509387016296387e+00
-1.426647543907165527e+00
-1.735328912734985352e+00
-2.755460739135742188e-01
2.738186120986938477e-01
-9.880816936492919922e-02
-9.023706912994384766e-01
-5.050442218780517578e-01
8.080108165740966797e-01
1.705806255340576172e-01
-4.851107597351074219e-01
-1.920704007148742676e+00
-4.555089950561523438e+00
-4.475949108600616455e-01
8.010625839233398438e-01
-1.695761084556579590e+00
-2.873853743076324463e-01
-1.154330968856811523e+00
-7.014966011047363281e-02
3.825368881225585938e-01
-5.994892120361328125e-01
-1.168397188186645508e+00
6.450281143188476562e-01
2.242273092269897461e-01
1.987749338150024414e-01
5.044146776199340820e-01
9.942736625671386719e-01
5.527824759483337402e-01
-1.000524282455444336e+00
2.758528590202331543e-01
-7.939417362213134766e-01
1.175185680389404297e+00
-6.258733868598937988e-01
5.110638141632080078e-01
-1.440756082534790039e+00
-2.166406393051147461e+00
-5.211354494094848633e-01
8.407406806945800781e-01
-2.086018323898315430e-01
-1.784701347351074219e-01
-1.164058923721313477e+00
-1.935866117477416992e+00
1.440552592277526855e+00
1.459991931915283203e-02
-1.438306212425231934e+00
-9.000537395477294922e-01
1.098270416259765625e-01
2.437182664871215820e-01
-1.621130704879760742e+00
1.251735568046569824e+00
2.900334596633911133e-01
-3.647307157516479492e-01
-1.045239210128784180e+00
-1.133751392364501953e+00
-5.164873003959655762e-01
-6.599013805389404297e-01
-4.264640808105468750e-01
-8.679096698760986328e-01
-8.450440168380737305e-01
3.068685531616210938e-03
-1.292079210281372070e+00
-1.529539585113525391e+00
-2.757554054260253906e-01
-6.826683282852172852e-01
-1.655303359031677246e+00
3.323961496353149414e-01
-4.396677017211914062e-01
-2.676616907119750977e-01
-2.242320775985717773e-02
7.355439066886901855e-01
-1.677846908569335938e+00
-1.218345761299133301e+00
6.969552040100097656e-01
-3.745272159576416016e-01
4.331722259521484375e-01
-4.277253150939941406e-02
8.054023981094360352e-02
1.344151377677917480e+00
4.096722602844238281e-02
-7.917461395263671875e-01
7.561869621276855469e-01
-6.286550760269165039e-01
-1.272953391075134277e+00
2.883689165115356445e+00
-1.189044713973999023e-01
-1.399909973144531250e+00
-4.738953113555908203e-01
1.618814468383789062e-02
-8.059979677200317383e-01
-1.013465642929077148e+00
1.300974845886230469e+00
-1.884364604949951172e+00
6.137589216232299805e-01
1.027604222297668457e+00
3.068031072616577148e-01
-2.290636301040649414e-01
-1.054640650749206543e+00
3.770711421966552734e-01
-4.256770014762878418e-01
-1.709968209266662598e+00
3.917200565338134766e-01
-1.385749936103820801e+00
2.411160767078399658e-01
1.110732197761535645e+00
-8.421059846878051758e-01
3.080062866210937500e-01
-9.662766456604003906e-01
-1.324764132499694824e+00
2.808440923690795898e-01
-1.042693495750427246e+00
-8.946458101272583008e-01
9.148359298706054688e-03
1.000244617462158203e+00
-1.247176170349121094e+00
-2.202962636947631836e+00
3.925172686576843262e-01
-5.407111644744873047e-01
1.174551248550415039e-01
-2.963323354721069336e+00
-1.074747920036315918e+00
5.735229253768920898e-01
-1.925355195999145508e+00
-5.461949110031127930e-01
-2.374392986297607422e+00
-1.287448406219482422e-01
1.419487476348876953e+00
-6.569075584411621094e-01
-1.952196002006530762e+00
-2.276397705078125000e+00
-6.072339415550231934e-01
-5.992465019226074219e-01
-7.001801729202270508e-01
-1.076714396476745605e-01
-1.125379920005798340e+00
2.466066479682922363e-01
-2.060257792472839355e-01
-2.155067920684814453e-01
1.485347151756286621e-01
1.919913291931152344e-02
-1.373186707496643066e+00
-9.804450273513793945e-01
3.156390190124511719e-01
-5.705325603485107422e-01
-2.026583671569824219e+00
-1.029463410377502441e+00
-1.195922255516052246e+00
3.592264652252197266e-02
8.161157369613647461e-01
-4.581955671310424805e-01
-2.879456877708435059e-01
-2.293522953987121582e-01
1.128691792488098145e+00
-1.805228948593139648e+00
-4.657601416110992432e-01
-1.808240532875061035e+00
-1.822251319885253906e+00
4.533643722534179688e-01
5.917031764984130859e-01
9.495675563812255859e-01
-1.202920317649841309e+00
-5.602243542671203613e-02
-1.031812310218811035e+00
-5.573606491088867188e-02
-2.358996868133544922e-02
4.270400404930114746e-01
-1.028055310249328613e+00
-2.080122470855712891e+00
-1.648243784904479980e+00
-6.443512439727783203e-01
-4.571983814239501953e-01
-1.356507897377014160e+00
-1.995722293853759766e+00
-8.846857547760009766e-01
3.346800804138183594e-01
-6.720777750015258789e-01
1.067113041877746582e+00
-1.456974267959594727e+00
-6.869898438453674316e-01
2.599910497665405273e-01
-4.060554504394531250e-01
-5.001440644264221191e-01
-6.302620172500610352e-01
3.885316848754882812e-02
-1.249346494674682617e+00
1.331937313079833984e-01
-1.927195310592651367e+00
-9.292286038398742676e-01
-1.391830801963806152e+00
7.216295003890991211e-01
-9.874393939971923828e-01
-1.075364351272583008e-01
-6.271451711654663086e-02
-4.381287097930908203e-01
-6.956779956817626953e-02
-9.779706001281738281e-01
1.657862067222595215e+00
-3.095066547393798828e-02
-1.903745293617248535e+00
-5.420751571655273438e-01
5.628373622894287109e-01
7.381683588027954102e-01
-1.385758399963378906e+00
-1.141335964202880859e-01
7.342520952224731445e-01
-4.480466842651367188e-01
-1.293469071388244629e-01
4.136214256286621094e-01
-8.996639251708984375e-01
-1.231633782386779785e+00
-1.090314269065856934e+00
-4.497220516204833984e-01
7.855893373489379883e-01
-1.617492437362670898e+00
-1.187441468238830566e+00
6.066417694091796875e-02
-1.623238027095794678e-01
-3.242729663848876953e+00
-3.733237385749816895e-01
-1.247290372848510742e-01
1.628917455673217773e-01
-7.511977553367614746e-01
-1.246104836463928223e+00
7.313381433486938477e-01
-9.544304609298706055e-01
-4.364652037620544434e-01
-6.564354896545410156e-01
-2.456175088882446289e-01
-6.468749046325683594e-02
-3.896495699882507324e-02
-2.606025934219360352e-01
-1.442308783531188965e+00
-1.939477205276489258e+00
-1.840129375457763672e+00
-8.810721635818481445e-01
-9.846005439758300781e-01
8.389965295791625977e-01
8.918666839599609375e-02
-6.127266287803649902e-01
-4.554412364959716797e-01
-4.344334602355957031e-01
-1.231306791305541992e+00
-7.931327819824218750e-02
-4.942474365234375000e-01
3.307681083679199219e-01
4.513108730316162109e-01
-4.094719886779785156e-01
5.697109103202819824e-01
-3.191175460815429688e-01
-2.663980245590209961e+00
-2.725347280502319336e-01
8.343069553375244141e-01
1.768270134925842285e+00
-1.437265396118164062e+00
-1.668915390968322754e+00
5.091944336891174316e-01
-1.019316077232360840e+00
4.523659944534301758e-01
-3.084609508514404297e-01
6.047759056091308594e-01
-3.568205833435058594e-01
-3.332591056823730469e+00
-1.422258615493774414e+00
-1.840255975723266602e+00
-7.928836345672607422e-02
1.871628284454345703e+00
-2.624826431274414062e+00
4.925114214420318604e-01
6.222748756408691406e-02
-1.495254039764404297e-01
7.462574839591979980e-01
-8.781790733337402344e-01
-1.144290804862976074e+00
-6.432056427001953125e-03
7.309550046920776367e-01
-8.872145414352416992e-01
1.361809372901916504e-01
-7.330687046051025391e-01
-1.416982889175415039e+00
-7.516899108886718750e-01
-9.701292514801025391e-01
1.538610458374023438e-01
-7.229795455932617188e-01
-4.201570153236389160e-01
-7.616604566574096680e-01
4.122474193572998047e-01
-2.515275478363037109e-01
-2.767710685729980469e-01
-3.752414941787719727e+00
-8.887811899185180664e-01
3.183896541595458984e-01
7.680463790893554688e-02
-6.029319763183593750e-01
1.121675014495849609e+00
-4.345756769180297852e-01
1.819222450256347656e+00
-1.742620468139648438e+00
-6.504912376403808594e-01
-1.630859136581420898e+00
-4.301768839359283447e-01
3.547519445419311523e-02
-3.993375897407531738e-01
-1.323692917823791504e+00
-2.432813167572021484e+00
-4.309715032577514648e-01
1.703891158103942871e-01
-6.243543624877929688e-01
-1.870463013648986816e+00
-1.281228065490722656e-01
-2.945971488952636719e-01
5.132840871810913086e-01
-1.344368577003479004e+00
1.622009277343750000e-02
1.868723630905151367e-01
-2.210009694099426270e-01
-1.078733801841735840e+00
-1.726908683776855469e-01
-6.377027034759521484e-01
-1.699741363525390625e+00
2.805746793746948242e-01
2.428265810012817383e-01
-4.680109024047851562e-02
-7.918441295623779297e-02
-1.926336288452148438e-01
-1.128282666206359863e+00
-7.974539995193481445e-01
-3.180840492248535156e+00
1.856689453125000000e-01
1.103446364402770996e+00
-1.393265366554260254e+00
-2.083100318908691406e+00
-1.110380172729492188e+00
1.347337484359741211e+00
1.104025959968566895e+00
2.288130521774291992e-01
-4.550398588180541992e-01
-6.771373748779296875e-02
-8.360674381256103516e-01
-9.867033958435058594e-01
-1.456307172775268555e-01
-9.577876329421997070e-02
7.136672735214233398e-01
8.092511892318725586e-01
-3.023692607879638672e+00
-2.942597866058349609e-02
9.101963043212890625e-02
-3.554797172546386719e-02
-6.313446760177612305e-01
-6.704053282737731934e-01
5.435323715209960938e-02
-5.979243516921997070e-01
-1.507704734802246094e+00
-2.685822248458862305e-01
-1.559015989303588867e+00
-1.670001983642578125e+00
-3.178879022598266602e-01
9.148261547088623047e-01
-6.834077835083007812e-02
-3.758537769317626953e-02
-6.330140829086303711e-01
-6.107997894287109375e-01
-1.816626787185668945e-01
-3.463202714920043945e-02
-2.000015735626220703e+00
5.151581168174743652e-01
-3.090224266052246094e-01
-3.163328468799591064e-01
-1.138561964035034180e-01
-1.668324232101440430e+00
-9.789513349533081055e-01
-1.017063856124877930e+00
5.396354198455810547e-02
-7.842303514480590820e-01
-1.119698405265808105e+00
1.318148255348205566e+00
1.177209019660949707e-01
5.904815196990966797e-01
-6.891906261444091797e-01
-4.057152271270751953e-01
-5.747604370117187500e-02
-8.532572984695434570e-01
-3.082028865814208984e+00
1.565062999725341797e-01
-1.150779247283935547e+00
-1.115536689758300781e-02
-7.660021781921386719e-01
-2.938982248306274414e+00
-1.126996874809265137e+00
-3.625942468643188477e-01
1.668563485145568848e-02
1.590285301208496094e-01
-6.755921840667724609e-01
1.553566455841064453e-01
6.292648315429687500e-01
9.066295623779296875e-02
-5.972764492034912109e-01
-7.703537940979003906e-01
-1.387015581130981445e+00
-7.147769927978515625e-01
-3.271586894989013672e-01
-4.583828449249267578e-01
-2.581590890884399414e+00
-6.171526908874511719e-01
1.092665433883666992e+00
-2.751074552536010742e+00
2.475255727767944336e-01
8.364515304565429688e-01
5.158805847167968750e-02
4.599372148513793945e-01
-6.544103622436523438e-01
1.509140729904174805e-01
-3.912053704261779785e-01
2.611272335052490234e-01
4.886002540588378906e-01
-2.681260704994201660e-01
-1.489981412887573242e+00
-4.692611694335937500e-01
-9.680972099304199219e-01
9.975347518920898438e-01
1.968474090099334717e-01
-3.897368907928466797e-01
-1.007195234298706055e+00
3.925633430480957031e-02
1.316248774528503418e-01
-1.776983261108398438e+00
8.272616267204284668e-01
-1.223877191543579102e+00
5.286352634429931641e-01
1.667904853820800781e-01
-2.456323385238647461e+00
-7.687232494354248047e-01
-1.015921115875244141e+00
-1.674835681915283203e-01
-6.211950182914733887e-01
-3.447864055633544922e-01
-1.883595347404479980e+00
-9.044197797775268555e-01
-1.065898656845092773e+00
-6.095687150955200195e-01
-2.078938484191894531e-02
-9.222604036331176758e-01
5.743641257286071777e-01
-1.972762823104858398e+00
1.669808387756347656e+00
-2.900051474571228027e-01
-9.928011894226074219e-01
1.885972023010253906e-01
-1.873425245285034180e+00
9.771311283111572266e-02
-2.595143318176269531e-01
-1.019770145416259766e+00
5.620306134223937988e-01
-1.734726190567016602e+00
-9.445866346359252930e-01
-3.645298004150390625e+00
6.382215023040771484e-02
-9.203464984893798828e-01
2.206495046615600586e+00
1.101671099662780762e+00
1.332020759582519531e-02
7.148700952529907227e-01
-1.105191230773925781e+00
-1.090014934539794922e+00
-3.097023963928222656e-01
-6.280733942985534668e-01
-3.858234882354736328e-01
-1.518171131610870361e-01
2.297180891036987305e+00
-4.590935707092285156e-01
-3.206532955169677734e+00
-2.926104068756103516e-01
-4.247345328330993652e-01
-1.516092300415039062e+00
-7.196287512779235840e-01
-2.644827127456665039e+00
-1.369477808475494385e-01
1.161195278167724609e+00
-4.947888851165771484e-02
-1.338254213333129883e+00
2.680878639221191406e-01
6.358506679534912109e-01
-5.517790317535400391e-01
-1.130017280578613281e+00
-6.470944881439208984e-01
1.310187578201293945e-01
8.406393527984619141e-01
-1.782597661018371582e+00
-4.268313646316528320e-01
3.162444233894348145e-01
-2.186604142189025879e-01
-9.181118011474609375e-01
