9.412088990211486816e-01
-4.235904216766357422e-01
-2.839348316192626953e-01
-1.155530691146850586e+00
-3.288080096244812012e-01
2.324384689331054688e+00
-5.775980949401855469e-01
4.230641126632690430e-01
1.978181362152099609e+00
1.352555274963378906e+00
1.649782180786132812e+00
-9.214262962341308594e-01
1.192626118659973145e+00
-1.004980802536010742e-01
3.664516448974609375e+00
5.000000000000000000e+00
-1.060325503349304199e-01
1.119866132736206055e+00
1.555428504943847656e-01
-1.511909604072570801e+00
4.764178276062011719e+00
1.025589704513549805e-01
4.268154621124267578e+00
4.954112768173217773e-01
-1.419255375862121582e+00
6.460597515106201172e-01
1.020770072937011719e+00
4.613524436950683594e+00
2.296468973159790039e+00
2.225127220153808594e-01
2.135909080505371094e+00
-5.635886788368225098e-01
9.072744846343994141e-02
5.637222528457641602e-01
3.657358884811401367e+00
-1.737660169601440430e-01
-3.923683166503906250e-01
-2.153480052947998047e+00
4.787086486816406250e+00
-2.016249656677246094e+00
-1.213515520095825195e+00
-1.202905178070068359e-02
-2.772291421890258789e+00
7.461595535278320312e-01
2.713274955749511719e-01
-1.134668827056884766e+00
-9.048413038253784180e-01
3.246480822563171387e-01
1.219522356986999512e+00
-1.461158990859985352e+00
5.639776587486267090e-01
-1.105070590972900391e+00
7.341362237930297852e-01
3.272961378097534180e-01
-4.965543746948242188e-02
-1.799010038375854492e+00
-6.515458226203918457e-01
-2.215481996536254883e-01
8.746820688247680664e-02
8.463711738586425781e-01
-2.012937068939208984e-01
1.905389308929443359e+00
5.333097577095031738e-01
8.328905105590820312e-01
-1.582619547843933105e+00
1.251990556716918945e+00
-1.899905204772949219e-01
1.131911754608154297e+00
7.421476244926452637e-01
2.500116825103759766e-02
8.335208892822265625e-02
-4.987945556640625000e-01
6.767387390136718750e-01
8.389841318130493164e-01
5.000000000000000000e+00
7.071130871772766113e-01
1.242532253265380859e+00
-5.640133619308471680e-01
3.825258970260620117e+00
3.560933470726013184e-01
-4.229643344879150391e-01
1.394559144973754883e+00
5.165780186653137207e-01
-2.916477918624877930e-01
-2.952489852905273438e-01
1.604065179824829102e+00
1.124126911163330078e-01
5.239514112472534180e-01
-8.415905237197875977e-01
-3.857579231262207031e-01
-9.201151132583618164e-01
1.564416646957397461e+00
-3.562460184097290039e+00
9.554359912872314453e-01
6.738332509994506836e-01
-8.375978469848632812e-02
-1.329198479652404785e+00
1.108363628387451172e+00
-9.182426929473876953e-01
1.213629961013793945e+00
-6.253823041915893555e-01
-2.045193910598754883e-01
2.496752262115478516e+00
-1.956735551357269287e-01
1.694793820381164551e+00
-9.189196825027465820e-01
-1.335272789001464844e-01
4.894980430603027344e+00
-1.496249675750732422e+00
9.970752000808715820e-01
6.240516901016235352e-01
-1.583405256271362305e+00
4.885534286499023438e+00
3.445268869400024414e+00
-4.834303855895996094e-01
8.545337915420532227e-01
2.115081310272216797e+00
7.861553430557250977e-01
-8.644357919692993164e-01
4.677495002746582031e+00
-1.310353875160217285e-01
-1.453111171722412109e-01
2.709960460662841797e+00
4.945380210876464844e+00
4.855663776397705078e+00
7.417178153991699219e-02
1.892232298851013184e-01
6.175255775451660156e-01
1.566280961036682129e+00
2.770815849304199219e+00
-2.397155761718750000e-01
1.797316312789916992e+00
3.573425769805908203e+00
4.853457212448120117e-01
-1.370763778686523438e-01
2.947276234626770020e-01
-7.376694679260253906e-01
-4.286491870880126953e-02
1.938485860824584961e+00
1.970877170562744141e+00
4.173760414123535156e-01
2.042433023452758789e-01
3.689501285552978516e-01
6.291770935058593750e-02
2.407806515693664551e-01
1.633798956871032715e+00
-1.724402904510498047e-01
8.118137121200561523e-01
5.495269298553466797e-01
1.954722404479980469e-01
7.920563220977783203e-01
4.666751623153686523e-01
-7.964968681335449219e-02
-1.938966512680053711e-01
1.919430255889892578e+00
1.396023511886596680e+00
-1.281290531158447266e+00
1.221290826797485352e+00
-1.025337338447570801e+00
-2.188973665237426758e+00
7.227009534835815430e-01
5.000000000000000000e+00
-3.602015972137451172e-02
-9.079518318176269531e-01
5.543732643127441406e-02
-1.657592058181762695e-01
1.302518010139465332e+00
-9.104490876197814941e-01
4.638120174407958984e+00
5.796211957931518555e-01
3.834659099578857422e+00
1.342132329940795898e+00
-5.967972755432128906e+00
-5.056784152984619141e-01
-4.926506280899047852e-01
6.393536925315856934e-01
-3.128511905670166016e-01
-1.611907482147216797e+00
-8.168148994445800781e-02
3.518814563751220703e+00
-4.636283516883850098e-01
5.161393880844116211e-01
-2.143839836120605469e+00
4.430197477340698242e-01
8.298498392105102539e-01
5.659139156341552734e-01
4.465837478637695312e+00
-1.279823184013366699e+00
-2.491876125335693359e+00
-1.057903051376342773e+00
4.591876506805419922e+00
2.322845458984375000e-01
-2.902686595916748047e-01
2.497887611389160156e+00
-4.211004972457885742e-01
-6.487274169921875000e-01
1.101491808891296387e+00
-1.461157202720642090e-01
1.081084370613098145e+00
5.000000000000000000e+00
2.407465457916259766e+00
8.735219836235046387e-01
2.563293457031250000e+00
1.393067240715026855e+00
-4.599897861480712891e-01
8.742202520370483398e-01
-4.234015941619873047e-02
-2.291790485382080078e+00
5.382515192031860352e-01
1.436911344528198242e+00
1.169423580169677734e+00
-1.343930959701538086e+00
1.288284540176391602e+00
4.832481384277343750e+00
7.594823837280273438e-02
5.299753546714782715e-01
5.044281482696533203e-01
5.000000000000000000e+00
7.111871242523193359e-02
4.592565894126892090e-01
1.181942224502563477e+00
1.305242180824279785e-01
1.920480132102966309e+00
-1.214063405990600586e+00
-3.670629858970642090e-01
1.357148885726928711e+00
1.613702893257141113e+00
9.550343453884124756e-02
-1.314018964767456055e+00
7.480192184448242188e-01
1.187596797943115234e+00
3.900221586227416992e+00
-2.459700822830200195e+00
1.254366159439086914e+00
4.047750949859619141e+00
4.459920406341552734e+00
-4.944584369659423828e-01
1.315752148628234863e+00
5.000000000000000000e+00
-7.755975723266601562e-01
-1.193702697753906250e+00
-5.827255249023437500e-01
1.782598614692687988e+00
-2.846566438674926758e-01
4.411697387695312500e-03
-1.589459419250488281e+00
2.289627313613891602e+00
2.433140277862548828e-01
1.951502561569213867e-01
-1.607255339622497559e+00
-7.088172435760498047e-02
4.282824516296386719e+00
5.000000000000000000e+00
6.015264987945556641e-01
2.095236480236053467e-01
2.697204589843750000e+00
-1.553707599639892578e+00
1.682778954505920410e+00
5.974595546722412109e-01
1.373816251754760742e+00
-1.243106722831726074e-01
2.242871522903442383e-01
-1.279215097427368164e+00
-2.180171012878417969e-01
1.170556306838989258e+00
-5.500919818878173828e-01
2.075948119163513184e-01
1.125345349311828613e+00
1.528019666671752930e+00
1.818216323852539062e+00
1.817564249038696289e+00
3.865088462829589844e+00
1.730676889419555664e+00
-1.280493974685668945e+00
1.880514621734619141e-01
-9.490157663822174072e-02
-3.201556682586669922e+00
1.201143264770507812e-01
-1.672278523445129395e+00
3.312842845916748047e+00
1.593837976455688477e+00
1.392171978950500488e+00
1.864641189575195312e+00
-1.215291500091552734e+00
1.545379400253295898e+00
-2.286618947982788086e-01
-1.284593343734741211e-02
-1.263779401779174805e-01
9.710636734962463379e-01
-1.157741427421569824e+00
-4.359483718872070312e-01
4.779693603515625000e+00
6.040078401565551758e-01
-1.000000000000000000e+01
-4.731153845787048340e-01
-2.253910541534423828e+00
9.812289476394653320e-01
-2.601724863052368164e+00
4.970979690551757812e+00
1.501770973205566406e+00
7.138189077377319336e-01
-1.527440786361694336e+00
5.000000000000000000e+00
4.223773002624511719e+00
5.419676303863525391e-01
-7.136500477790832520e-01
2.358667850494384766e+00
5.000000000000000000e+00
4.571429252624511719e+00
1.185762405395507812e+00
8.702745437622070312e-01
5.000000000000000000e+00
1.066369414329528809e-01
-3.073215246200561523e+00
7.171035408973693848e-01
6.592015624046325684e-01
2.379077911376953125e+00
1.287207603454589844e+00
3.328369140625000000e+00
1.308816909790039062e+00
1.120487689971923828e+00
1.886650562286376953e+00
-1.667754650115966797e-01
1.607892513275146484e-01
1.869974851608276367e+00
1.897269487380981445e-01
-6.585437059402465820e-02
-1.153523921966552734e+00
-7.897877693176269531e-01
1.325132966041564941e+00
2.687294483184814453e-01
-1.067141056060791016e+00
-6.154747009277343750e-01
-2.591412067413330078e-01
-3.491163253784179688e-03
-9.066771268844604492e-01
1.022392988204956055e+00
3.444081544876098633e-01
-5.628716349601745605e-01
4.627209663391113281e+00
-9.048912525177001953e-01
5.906726121902465820e-01
2.821357488632202148e+00
-1.815099239349365234e+00
2.821093320846557617e+00
-6.446002721786499023e-01
7.561445236206054688e-03
4.804811477661132812e-01
2.304231166839599609e+00
5.366030931472778320e-01
5.000000000000000000e+00
-2.064270257949829102e+00
2.100349426269531250e+00
1.839091539382934570e+00
6.727530956268310547e-01
-6.687968969345092773e-01
2.222681045532226562e-02
4.441351413726806641e+00
1.828823685646057129e+00
1.922382116317749023e+00
3.337248563766479492e-01
5.209474563598632812e-01
-3.539347648620605469e-01
1.315076947212219238e+00
2.495606541633605957e-01
1.766233444213867188e-01
3.739281892776489258e+00
5.253705978393554688e-01
7.180148363113403320e-02
8.008878231048583984e-01
-7.825170755386352539e-01
5.115719437599182129e-01
-7.163878679275512695e-01
2.099836468696594238e-01
-1.323006749153137207e-01
1.344967007637023926e+00
4.968627989292144775e-01
1.508210897445678711e+00
4.076994895935058594e+00
9.233456850051879883e-02
-4.222222566604614258e-01
8.262034654617309570e-01
-6.284214258193969727e-01
2.891833305358886719e+00
2.482224702835083008e-01
-9.934218525886535645e-01
1.612064838409423828e-01
1.905409693717956543e-01
1.552321165800094604e-01
5.000000000000000000e+00
9.982422590255737305e-01
3.932942748069763184e-01
-2.782886326313018799e-01
3.565691113471984863e-01
-1.483878135681152344e+00
-2.276844739913940430e+00
-1.067712903022766113e+00
4.603766918182373047e+00
9.969029426574707031e-01
-5.985438823699951172e-01
1.000667095184326172e+00
-4.197195172309875488e-02
3.450867414474487305e+00
4.848858118057250977e-01
-9.810280799865722656e-01
2.616460323333740234e-01
1.659506678581237793e+00
-4.724305868148803711e-01
4.406906127929687500e+00
1.564729213714599609e-01
5.695370435714721680e-01
3.890484571456909180e-02
8.525028228759765625e-01
1.784751176834106445e+00
1.556715369224548340e+00
1.827996969223022461e+00
5.836861729621887207e-01
-4.842439293861389160e-01
-5.520871877670288086e-01
3.160945177078247070e-01
-1.183562278747558594e-01
2.598313331604003906e+00
5.652903318405151367e-01
-1.510205626487731934e+00
3.512528896331787109e+00
2.280100584030151367e-01
3.242478132247924805e+00
-2.906831502914428711e-01
-6.167853355407714844e+00
4.303340911865234375e+00
2.034658432006835938e+00
2.640053033828735352e-01
-4.297536611557006836e-01
-6.072214841842651367e-01
1.456954002380371094e+00
1.891153573989868164e+00
2.371853828430175781e+00
6.831979751586914062e-02
-5.517199039459228516e-01
1.733902931213378906e+00
-2.615559339523315430e+00
9.559737443923950195e-01
-1.925655126571655273e+00
-2.635597884654998779e-01
2.338886260986328125e-04
6.811757087707519531e-01
2.121992826461791992e+00
6.424420475959777832e-01
-5.359429121017456055e-01
2.435078620910644531e+00
5.000000000000000000e+00
5.000000000000000000e+00
3.899387121200561523e+00
5.000000000000000000e+00
-4.748649597167968750e-01
9.401577711105346680e-01
1.097248792648315430e+00
3.640246391296386719e-01
4.837163925170898438e+00
4.823297262191772461e-02
1.218042612075805664e+00
1.474966645240783691e+00
-7.308744192123413086e-01
-6.651647090911865234e-01
-1.080003976821899414e-01
6.808495521545410156e-02
-9.887572526931762695e-01
1.410531997680664062e-02
-2.259649038314819336e-01
-6.447017192840576172e-01
-2.672243118286132812e-01
-1.071223020553588867e-01
1.188640236854553223e+00
9.505701065063476562e-02
-8.849734663963317871e-01
-2.344143629074096680e+00
1.123598814010620117e+00
6.534528136253356934e-01
1.602113246917724609e-02
4.061480760574340820e-01
4.018002152442932129e-01
1.338724374771118164e+00
-8.880636096000671387e-01
9.038934111595153809e-01
6.898469924926757812e-01
-8.865590095520019531e-01
3.683969974517822266e-01
-6.751408576965332031e-01
-4.895614981651306152e-01
2.236745357513427734e-01
1.628903150558471680e+00
-2.515850067138671875e-01
2.196970224380493164e+00
-7.716443538665771484e-01
3.419662952423095703e+00
1.700078397989273071e-01
1.373082876205444336e+00
4.270912170410156250e+00
-3.709721565246582031e-02
5.344810485839843750e-01
-8.690886497497558594e-01
5.000000000000000000e+00
-1.811027526855468750e+00
-2.368333578109741211e+00
-1.620920896530151367e-01
-4.824858903884887695e-02
5.000000000000000000e+00
1.331747293472290039e+00
-1.836861133575439453e+00
4.308074116706848145e-01
3.241813182830810547e-02
2.129178762435913086e+00
-4.670069813728332520e-01
3.347325801849365234e+00
7.623338699340820312e-01
-2.365632057189941406e-01
5.056786537170410156e-02
3.503001332283020020e-01
1.840836286544799805e+00
2.615820884704589844e+00
5.000000000000000000e+00
4.497016906738281250e+00
5.000000000000000000e+00
7.450208663940429688e-01
4.673178672790527344e+00
5.000000000000000000e+00
-8.574843406677246094e-02
-3.794696331024169922e-01
2.725607872009277344e+00
1.136626005172729492e+00
3.597461223602294922e+00
-3.223149776458740234e-01
5.000000000000000000e+00
-3.536034822463989258e-01
4.565036296844482422e+00
-2.243951797485351562e+00
2.259072780609130859e+00
-7.297211885452270508e-01
-2.767740488052368164e-01
-2.767067551612854004e-01
1.379022955894470215e+00
1.006419181823730469e+00
2.684729099273681641e-01
4.294892311096191406e+00
1.900378465652465820e-01
-6.370087862014770508e-01
-8.025270700454711914e-01
7.840383052825927734e-01
3.102380752563476562e+00
-9.509295225143432617e-01
2.906609535217285156e+00
3.090333938598632812e-02
-1.925668716430664062e+00
9.234561920166015625e-01
-1.695393681526184082e+00
3.023359775543212891e+00
5.503463745117187500e-01
-5.949022769927978516e-01
-1.850035905838012695e+00
-3.337225914001464844e-01
1.199311852455139160e+00
-1.078283548355102539e+00
4.804408073425292969e+00
-5.712850093841552734e-01
7.976047992706298828e-01
-4.799791574478149414e-01
-5.304174423217773438e-01
-1.040747284889221191e+00
1.225965976715087891e+00
4.918397665023803711e-01
5.295082330703735352e-01
-5.714231491088867188e+00
3.626542687416076660e-01
1.105268001556396484e+00
-6.613988876342773438e-01
1.981038808822631836e+00
2.237380027770996094e+00
1.810775041580200195e+00
-2.520852088928222656e-01
1.008715867996215820e+00
-2.614283561706542969e-02
3.845615386962890625e-01
-3.025113821029663086e+00
2.099296569824218750e+00
-2.114825248718261719e+00
-7.264817953109741211e-01
-8.424518108367919922e-01
1.943249702453613281e+00
-7.799060344696044922e-01
-1.617121845483779907e-01
2.546482801437377930e+00
5.719270706176757812e-01
5.272405743598937988e-01
-4.355353355407714844e+00
-3.082561492919921875e+00
3.846595287322998047e-01
3.089886903762817383e-01
-7.206260561943054199e-01
1.198680162429809570e+00
4.895295500755310059e-01
-2.350981235504150391e-01
-1.630639076232910156e+00
1.978694200515747070e+00
-1.271060705184936523e+00
4.046443939208984375e+00
3.879903316497802734e+00
2.209371805191040039e+00
1.346416473388671875e-01
-1.539749979972839355e+00
4.719617366790771484e-01
3.216967582702636719e+00
1.869106888771057129e-01
1.436003446578979492e+00
9.226458072662353516e-01
1.361041784286499023e+00
5.774095058441162109e-01
7.389169931411743164e-02
3.828446865081787109e-01
5.558717250823974609e-01
-9.268162250518798828e-01
-1.145750999450683594e+00
-2.071014046669006348e-01
2.681310176849365234e-01
-4.162013530731201172e-01
6.881370544433593750e-01
-6.578336238861083984e+00
1.986206531524658203e+00
-5.781227350234985352e-02
-6.279484033584594727e-01
-1.587772369384765625e-02
2.741088867187500000e-01
1.716486215591430664e-01
2.903472781181335449e-01
-5.381991863250732422e-01
5.141363143920898438e-01
3.490056991577148438e-01
3.821992397308349609e+00
2.185150384902954102e-01
-6.063899397850036621e-01
-1.185313582420349121e+00
2.991058826446533203e-01
4.716788232326507568e-01
-9.850898385047912598e-02
-1.210731506347656250e+00
3.836689949035644531e+00
7.718568444252014160e-01
-5.677328109741210938e-01
-8.713383674621582031e-01
1.082472801208496094e-01
-7.551617622375488281e-01
1.982215404510498047e+00
-7.123266458511352539e-01
-1.345509290695190430e-02
-1.172016620635986328e+00
1.218367576599121094e+00
4.431457996368408203e+00
1.701489686965942383e-01
1.720427870750427246e+00
1.400520801544189453e+00
1.541257500648498535e-01
-1.719646692276000977e+00
2.695524692535400391e-01
-1.284807920455932617e-01
4.103940725326538086e-02
-6.955299377441406250e-01
1.148982048034667969e-01
4.776052474975585938e+00
8.652342557907104492e-01
-2.005037307739257812e+00
5.436661839485168457e-01
3.811377525329589844e+00
-5.266482830047607422e-01
1.065272688865661621e+00
4.119206905364990234e+00
-8.196712732315063477e-01
7.976326942443847656e-01
-2.720851898193359375e+00
1.105003356933593750e-01
6.598776578903198242e-01
4.541427612304687500e+00
3.667839765548706055e-01
2.620771825313568115e-01
4.960362911224365234e-01
6.626279354095458984e-01
3.842357635498046875e+00
4.492319107055664062e+00
-6.060814857482910156e-01
-2.894258499145507812e-01
1.918542981147766113e-01
1.101837992668151855e+00
3.873513221740722656e+00
5.653643012046813965e-01
6.339294314384460449e-01
-5.174702405929565430e-01
4.529701471328735352e-01
4.714234471321105957e-01
-1.889497637748718262e+00
4.905128479003906250e-01
2.755501866340637207e-01
5.000000000000000000e+00
-3.588587045669555664e-01
-7.446551322937011719e-01
-1.047380328178405762e+00
-1.104151010513305664e+00
1.488504409790039062e+00
-9.608821868896484375e-01
3.535207509994506836e-01
2.436652183532714844e+00
4.810809135437011719e+00
4.155324935913085938e+00
6.617867946624755859e-02
1.918740868568420410e-01
3.797339200973510742e-01
3.972869515419006348e-01
-6.641176939010620117e-01
-1.331096291542053223e+00
-1.530027389526367188e+00
-2.039878368377685547e+00
-2.703696727752685547e+00
1.901571869850158691e+00
1.610486388206481934e+00
-2.412511408329010010e-01
-6.158537864685058594e-01
1.352088451385498047e+00
-1.751650869846343994e-02
-9.552233219146728516e-01
7.811555862426757812e-01
5.000000000000000000e+00
-2.651941776275634766e-01
2.538435459136962891e-01
2.048346996307373047e-01
5.000000000000000000e+00
-4.806970357894897461e-01
2.761465311050415039e-02
4.040355682373046875e+00
-2.011810064315795898e+00
4.762341976165771484e-01
-4.833662033081054688e+00
-1.572810411453247070e-01
4.211706519126892090e-01
-1.920986175537109375e-01
2.531126141548156738e-01
1.475641012191772461e+00
2.072693347930908203e+00
9.520773887634277344e-01
1.000303506851196289e+00
2.127098798751831055e+00
2.554574012756347656e-01
9.944265484809875488e-01
-5.607223510742187500e-02
2.280431270599365234e+00
2.186337709426879883e-01
2.121054887771606445e+00
-5.818173885345458984e-01
-1.323518395423889160e+00
3.420276045799255371e-01
4.825006961822509766e+00
4.096031188964843750e-01
1.028894066810607910e+00
8.172023296356201172e-01
5.000000000000000000e+00
-4.345697164535522461e-02
2.376438140869140625e+00
-2.898343205451965332e-01
-2.743021011352539062e+00
5.000000000000000000e+00
-2.014257431030273438e+00
-4.226858615875244141e-01
5.844324827194213867e-02
4.757584929466247559e-01
-3.207372426986694336e-01
2.252799987792968750e+00
-3.242227435111999512e-01
-1.167839527130126953e+00
1.250653982162475586e+00
3.848444223403930664e+00
2.033258914947509766e+00
-3.465545177459716797e-01
4.698238968849182129e-01
-1.055001020431518555e-01
-1.258309841156005859e+00
6.146277785301208496e-01
8.415353298187255859e-02
-6.969288587570190430e-01
4.753305435180664062e+00
2.648010253906250000e-01
-6.871989965438842773e-01
-1.644547939300537109e+00
1.668942451477050781e+00
-1.293674349784851074e+00
-1.874902606010437012e+00
-1.892730474472045898e+00
-9.949390888214111328e-01
1.459927678108215332e+00
1.200796365737915039e+00
1.361310720443725586e+00
2.050044536590576172e-01
3.660315036773681641e+00
1.170220613479614258e+00
-8.270737528800964355e-01
1.187731981277465820e+00
3.373467028141021729e-01
-1.174261093139648438e+00
-5.484009981155395508e-01
-7.066881656646728516e-01
-1.803591847419738770e+00
1.081881523132324219e+00
5.516225099563598633e-01
5.000000000000000000e+00
1.251192450523376465e+00
-3.689611911773681641e+00
-1.141940712928771973e+00
-3.917844295501708984e-01
1.813783884048461914e+00
1.777515411376953125e-01
9.263950586318969727e-02
7.206547260284423828e-02
-8.718988895416259766e-01
1.409474611282348633e+00
-2.056655883789062500e-01
1.124190449714660645e+00
1.604361534118652344e+00
2.463861942291259766e+00
-1.910883188247680664e-02
1.210329890251159668e+00
-1.109178304672241211e+00
1.597664356231689453e-01
4.194048404693603516e+00
9.565080404281616211e-01
-9.719566702842712402e-01
-2.162552595138549805e+00
-1.503853797912597656e+00
1.080161333084106445e-01
-1.279856920242309570e+00
2.647234201431274414e+00
4.164198875427246094e+00
2.098904132843017578e+00
9.856389164924621582e-01
5.901161432266235352e-01
-6.267459392547607422e-01
4.462477207183837891e+00
4.044951915740966797e+00
1.871767044067382812e+00
6.842163205146789551e-01
4.852297782897949219e+00
1.344859600067138672e-02
-5.364727973937988281e-01
2.966461896896362305e+00
-1.840090751647949219e-02
-1.605225801467895508e+00
4.270615577697753906e-01
-2.304263114929199219e-01
5.000000000000000000e+00
-3.273417949676513672e-01
5.000000000000000000e+00
4.206293225288391113e-01
-2.761192798614501953e+00
5.319781303405761719e-01
-1.001316547393798828e+00
1.080077886581420898e+00
-4.959666728973388672e-02
9.387335777282714844e-01
-4.508361816406250000e-01
1.245671629905700684e+00
9.757006168365478516e-02
4.189902305603027344e+00
-1.478782892227172852e+00
-2.498867511749267578e-01
-6.057072877883911133e-01
-4.478811025619506836e-01
-1.443325519561767578e+00
-2.508652210235595703e-01
4.473321437835693359e-01
-2.913516044616699219e+00
-4.708441495895385742e-01
-2.479355335235595703e-01
1.099376678466796875e-01
3.833205699920654297e+00
-1.533053636550903320e+00
1.132568240165710449e+00
-2.236322402954101562e+00
1.842374920845031738e+00
1.759374260902404785e+00
2.655339837074279785e-01
3.918190002441406250e-01
2.360048294067382812e-01
7.547713518142700195e-01
3.878829956054687500e+00
4.958508014678955078e+00
4.832411766052246094e+00
-1.606136798858642578e+00
-8.680987358093261719e-02
1.315526962280273438e+00
-7.368996143341064453e-01
-1.922242641448974609e-01
-1.494183540344238281e-01
4.513941407203674316e-01
6.690511703491210938e-01
-3.155515193939208984e-01
1.539615392684936523e-01
1.405779600143432617e+00
-6.277618408203125000e-01
6.478144526481628418e-01
-1.172459602355957031e+00
7.559227347373962402e-01
3.723511695861816406e-01
-7.856656312942504883e-01
5.000000000000000000e+00
-8.477725982666015625e-01
1.121649026870727539e+00
