-6.633930802345275879e-01
4.536050260066986084e-01
-2.459248542785644531e+00
-9.361048340797424316e-01
1.681812047958374023e+00
1.152984261512756348e+00
1.776345133781433105e+00
-3.211728334426879883e-01
-3.125131130218505859e-01
1.624112725257873535e-01
1.881121873855590820e+00
-2.384781837463378906e-03
-1.006768941879272461e-01
1.431793451309204102e+00
5.499414801597595215e-01
4.360224008560180664e-01
-1.249066889286041260e-01
2.270686626434326172e+00
1.123830437660217285e+00
-1.850466012954711914e+00
5.124934911727905273e-01
5.496824383735656738e-01
-2.023258209228515625e+00
-1.870408058166503906e-01
-1.355928897857666016e+00
-7.682485580444335938e-01
1.072732686996459961e+00
-8.910702466964721680e-01
-3.502503633499145508e+00
6.859551072120666504e-01
1.359863281250000000e-01
1.298560142517089844e+00
-2.069449186325073242e+00
-1.535912156105041504e-01
9.649455547332763672e-02
-4.494425654411315918e-01
2.457439899444580078e-02
-2.705829143524169922e-01
6.862391233444213867e-01
3.487113714218139648e-01
-6.929234266281127930e-01
-1.637514948844909668e+00
9.636461734771728516e-02
-1.117193460464477539e+00
-4.678041636943817139e-01
2.935448884963989258e-01
-4.379727840423583984e-01
-2.740190625190734863e-01
-1.483299493789672852e+00
9.977402687072753906e-01
-2.800677776336669922e+00
9.611254930496215820e-02
4.869409799575805664e-01
-4.893987178802490234e-01
5.644721984863281250e-01
-1.207917332649230957e-01
-4.635542631149291992e-02
-4.606162607669830322e-01
2.149839401245117188e-01
-3.381859660148620605e-01
-1.253030300140380859e-01
6.960368156433105469e-01
3.519818186759948730e-01
-9.058127403259277344e-01
1.173031330108642578e-02
-3.481858372688293457e-01
-1.029406905174255371e+00
3.562486171722412109e-02
-1.026653051376342773e+00
4.436087608337402344e-02
-8.929266929626464844e-01
4.459857344627380371e-01
1.301424384117126465e+00
4.618944525718688965e-01
6.703938245773315430e-01
-1.869135141372680664e+00
2.956838011741638184e-01
-9.492161273956298828e-01
-6.554181575775146484e-01
-1.007511258125305176e+00
-1.520334482192993164e+00
-7.501268386840820312e-01
-2.469768524169921875e-01
9.936416149139404297e-02
-1.053213834762573242e+00
-7.774402499198913574e-01
-1.727975606918334961e-01
-9.586117267608642578e-01
-2.261610746383666992e+00
2.381644845008850098e-01
-3.554894447326660156e+00
-8.225671052932739258e-01
-1.286970138549804688e+00
1.190972805023193359e+00
-1.826100349426269531e-01
-8.130151629447937012e-01
-1.286211013793945312e-01
6.538103222846984863e-01
-6.131900548934936523e-01
-2.112845420837402344e+00
9.021115899085998535e-01
3.321269750595092773e-01
-6.792299747467041016e-01
-8.936734199523925781e-01
-5.632993578910827637e-01
-9.905686378479003906e-01
-9.107434749603271484e-01
-1.375318765640258789e+00
-9.263740181922912598e-01
9.777951240539550781e-02
-5.000783801078796387e-01
1.207685470581054688e-02
-1.575233936309814453e+00
-3.546333312988281250e-02
5.272853970527648926e-01
-9.460830688476562500e-02
-1.387926340103149414e-01
-6.569000482559204102e-01
4.543352127075195312e-02
5.961457490921020508e-01
-3.125250339508056641e-01
-1.456072449684143066e+00
-6.001155972480773926e-01
-8.573012351989746094e-01
-8.012425899505615234e-01
6.658931970596313477e-01
2.173811644315719604e-01
-6.185677051544189453e-01
-1.898926973342895508e+00
-2.288118600845336914e-01
9.891049861907958984e-01
9.060466289520263672e-02
5.806409120559692383e-01
-1.803360104560852051e+00
-3.474420309066772461e-01
-2.597200870513916016e-01
-6.271743178367614746e-01
1.792804598808288574e-01
-9.162166118621826172e-01
-6.983594298362731934e-01
6.317218542098999023e-01
-1.653607368469238281e+00
7.767342329025268555e-01
-4.402326345443725586e-01
-1.148291349411010742e+00
5.625456571578979492e-01
-7.218016386032104492e-01
-2.009549379348754883e+00
-5.749344825744628906e-03
-5.959430932998657227e-01
7.597537636756896973e-01
6.746884584426879883e-01
-5.837719440460205078e-01
-6.952849030494689941e-02
9.739542007446289062e-02
-1.367542028427124023e+00
-2.741576194763183594e+00
-4.737077355384826660e-01
-5.891711115837097168e-01
-5.058413743972778320e-01
-1.605245590209960938e+00
-5.130714178085327148e-01
-1.673761606216430664e-01
4.462492465972900391e-02
6.503885984420776367e-01
-8.006789684295654297e-01
-3.892086505889892578e+00
-8.983701467514038086e-01
-5.927095413208007812e-01
-2.157545089721679688e-01
2.761484384536743164e-01
5.819106101989746094e-01
1.800298988819122314e-01
-1.201839923858642578e+00
-8.202373981475830078e-01
1.339032173156738281e+00
-2.647212982177734375e+00
1.977348327636718750e-02
-1.289131164550781250e+00
-2.107468843460083008e+00
-9.320301413536071777e-01
8.557952642440795898e-01
1.972770690917968750e-01
-9.280805587768554688e-01
-2.236073970794677734e+00
2.064501523971557617e+00
1.166368722915649414e-01
-9.571082592010498047e-01
-7.097823619842529297e-01
-1.242602348327636719e+00
-1.239237785339355469e+00
-1.232640743255615234e+00
-4.483246207237243652e-01
-4.386225938796997070e-01
7.460145950317382812e-01
-1.945265173912048340e+00
8.389186859130859375e-01
-2.944668769836425781e+00
-8.085608482360839844e-02
-6.373367309570312500e-01
-7.650979757308959961e-01
1.958256959915161133e-02
-6.189516782760620117e-01
1.180318593978881836e+00
5.255341529846191406e-03
-1.682010173797607422e+00
-7.650913000106811523e-01
-1.358010292053222656e+00
-1.127777695655822754e+00
-1.514400362968444824e+00
3.205153942108154297e-01
-2.725686073303222656e+00
-1.013849377632141113e+00
-3.180605173110961914e-01
-1.774713754653930664e+00
-6.142798662185668945e-01
-1.989964842796325684e+00
2.916617393493652344e-01
-2.272729873657226562e-01
5.830880403518676758e-01
-8.767430782318115234e-01
-9.456216096878051758e-01
-1.299033999443054199e+00
-5.088171958923339844e-01
-5.172009468078613281e-01
4.274684190750122070e-01
8.567934036254882812e-01
-1.866869688034057617e+00
7.514226436614990234e-02
-3.335394382476806641e+00
-5.143859982490539551e-01
1.740511655807495117e-01
-1.402669310569763184e+00
-4.974537491798400879e-01
-1.007158160209655762e+00
-9.923228025436401367e-01
3.267908096313476562e-01
-8.715319633483886719e-02
2.592040300369262695e-01
8.909564018249511719e-01
-1.485040783882141113e+00
-1.998986005783081055e-01
-5.852308273315429688e-01
2.671057701110839844e+00
-7.711503505706787109e-01
-5.444763898849487305e-01
-3.234404921531677246e-01
-1.088178515434265137e+00
-1.864597558975219727e+00
-9.429395198822021484e-01
7.561629414558410645e-01
-8.123152256011962891e-01
-1.709221482276916504e+00
-3.566539287567138672e-01
-3.574895858764648438e-01
-8.557271957397460938e-01
-9.306746721267700195e-02
-6.870508193969726562e-03
1.130234003067016602e-01
7.893201112747192383e-01
-1.884887218475341797e-01
3.632093667984008789e-01
7.087945938110351562e-02
-3.532941937446594238e-01
2.846015095710754395e-01
-1.696385860443115234e+00
-1.015532255172729492e+00
-1.140772342681884766e+00
-7.802338600158691406e-01
7.952866554260253906e-01
-1.371971845626831055e+00
1.458678841590881348e-01
-1.709595322608947754e+00
-7.068942785263061523e-01
2.768635749816894531e-02
-1.608557581901550293e+00
-5.537188053131103516e-01
-5.092542171478271484e-01
5.601149797439575195e-01
4.467363357543945312e-01
-3.193738460540771484e-01
9.349922537803649902e-01
2.129631280899047852e+00
-8.401286602020263672e-01
3.193070888519287109e-01
4.517294764518737793e-01
-6.881389021873474121e-02
4.354277253150939941e-01
-2.057730197906494141e+00
-3.913784623146057129e-01
-1.981331110000610352e-01
-8.492077589035034180e-01
9.147527217864990234e-01
-2.451138496398925781e+00
-6.510367989540100098e-01
1.685966253280639648e-01
1.608090400695800781e-01
-1.713311076164245605e-01
3.833663463592529297e-02
1.280751228332519531e+00
-4.354791164398193359e+00
-4.404909908771514893e-01
4.138308763504028320e-01
-7.161263227462768555e-01
5.251891016960144043e-01
-3.479384660720825195e+00
-5.089693069458007812e-01
-6.608698368072509766e-01
5.406315922737121582e-01
1.244665503501892090e+00
2.590591907501220703e-01
-3.745493412017822266e+00
-2.290182709693908691e-01
-1.501477718353271484e+00
-9.767296314239501953e-01
6.113648414611816406e-03
1.408066749572753906e-01
9.422677755355834961e-02
-2.577257156372070312e-02
-2.373908042907714844e+00
-5.082980394363403320e-01
-5.525823235511779785e-01
-1.391666173934936523e+00
2.695143222808837891e-02
2.220157384872436523e+00
-6.868588924407958984e-02
-5.827989578247070312e-01
2.497944831848144531e-01
-1.492468476295471191e+00
6.547816991806030273e-01
-5.974596738815307617e-01
4.104798436164855957e-01
5.363172292709350586e-01
-1.307282686233520508e+00
-7.247229218482971191e-01
-1.263986587524414062e+00
-4.171774387359619141e-01
1.903827190399169922e-01
5.949915051460266113e-01
1.123755693435668945e+00
-4.152556657791137695e-01
-6.851363182067871094e-01
-9.500046968460083008e-01
8.962941169738769531e-02
-1.528794765472412109e-01
-2.691224575042724609e+00
-1.953263282775878906e-01
-4.272246360778808594e-02
-3.279247283935546875e-01
-5.448299646377563477e-01
4.785227775573730469e-01
-3.135696649551391602e+00
-3.729412555694580078e-01
-1.519983530044555664e+00
-8.067291378974914551e-01
-7.956728935241699219e-01
1.996001005172729492e-01
-1.547716856002807617e-01
-1.885516285896301270e+00
1.155145645141601562e+00
-2.512285709381103516e+00
-2.877911329269409180e-01
-2.045857906341552734e-02
-1.121574401855468750e+00
2.939367294311523438e-01
-1.243546605110168457e+00
7.044991254806518555e-01
-3.360351920127868652e-01
-1.571625232696533203e+00
-2.157706975936889648e+00
3.196823596954345703e-01
-1.142853975296020508e+00
3.785382211208343506e-01
-9.750341773033142090e-01
-2.648673057556152344e-01
-1.433844447135925293e+00
-6.059371232986450195e-01
-8.822548389434814453e-02
-1.894757747650146484e-01
2.030674934387207031e+00
4.051953554153442383e-01
-9.097026586532592773e-01
-7.532728910446166992e-01
-4.538255929946899414e-01
-1.596917629241943359e+00
-1.768848419189453125e+00
-2.208967208862304688e-01
-5.161044597625732422e-01
-1.275224685668945312e-01
-1.577029585838317871e+00
3.656356930732727051e-01
2.881854772567749023e-01
-9.302136898040771484e-01
4.494005441665649414e-01
-1.251735687255859375e+00
-1.011327028274536133e+00
-1.401088953018188477e+00
-1.119017601013183594e+00
5.070766210556030273e-01
-7.564470767974853516e-01
8.363592624664306641e-02
-8.593147993087768555e-01
2.533307075500488281e-01
8.256629705429077148e-01
-3.986769914627075195e-01
-2.061735868453979492e+00
8.356837034225463867e-01
-1.174762487411499023e+00
-9.660160541534423828e-02
-1.701503515243530273e+00
1.768163442611694336e-01
-4.214496612548828125e-01
-1.110781073570251465e+00
-2.040846586227416992e+00
-1.012237668037414551e-01
6.458567976951599121e-01
-2.051067829132080078e+00
-8.044803142547607422e-02
5.796498060226440430e-01
-1.111047267913818359e-01
-5.339283943176269531e-01
-7.273427248001098633e-01
9.381682872772216797e-01
-3.479667186737060547e+00
7.403625249862670898e-01
-1.665330529212951660e+00
-2.739276647567749023e+00
-1.593194007873535156e-01
9.217226505279541016e-02
-1.275132656097412109e+00
-9.287778139114379883e-01
5.783488750457763672e-01
-1.296654641628265381e-01
1.082658290863037109e+00
-8.573997020721435547e-01
-9.755067825317382812e-01
1.481366157531738281e-01
-3.084139823913574219e-01
2.533934116363525391e-01
-1.091961026191711426e+00
-1.352055668830871582e+00
-1.148426532745361328e-02
-1.984928250312805176e+00
-7.773287296295166016e-01
-1.734038591384887695e+00
1.131488680839538574e-01
-1.552664637565612793e+00
-1.294385671615600586e+00
-1.563550949096679688e+00
-1.584739685058593750e-01
-5.733743906021118164e-01
5.990878343582153320e-01
-6.504400968551635742e-01
-8.856606483459472656e-01
2.310379505157470703e+00
-2.576874732971191406e+00
9.827573895454406738e-01
4.814621806144714355e-02
7.602468132972717285e-01
-4.866828918457031250e-01
-6.429548263549804688e-01
2.979974746704101562e-01
-2.423057794570922852e+00
-3.074833154678344727e-01
1.991957426071166992e-01
-7.939124107360839844e-01
2.254421710968017578e-01
-5.452799797058105469e-02
-8.629119396209716797e-02
1.242534816265106201e-01
-3.084975481033325195e-01
-6.963515281677246094e-02
-1.160259008407592773e+00
-7.968280315399169922e-01
-6.960067152976989746e-01
2.163550853729248047e-01
-8.329643607139587402e-01
3.079366683959960938e-02
-3.010425567626953125e-01
4.705482125282287598e-01
-4.865722656250000000e-01
3.400087356567382812e-01
-5.737862586975097656e-01
-6.211292743682861328e-01
1.081449985504150391e-01
6.827773451805114746e-01
-4.245712459087371826e-01
-8.852651119232177734e-01
-1.427414894104003906e+00
-4.372620582580566406e-02
-2.409371852874755859e+00
4.838494062423706055e-01
7.835404872894287109e-01
-1.347240209579467773e-01
-8.017182350158691406e-03
-8.131664991378784180e-01
-3.925895214080810547e+00
3.536249697208404541e-01
-1.449382185935974121e+00
-1.805650949478149414e+00
4.796356260776519775e-01
1.806428074836730957e+00
-4.994869232177734375e-01
-1.769407987594604492e-01
-3.540779352188110352e-01
9.547626972198486328e-02
-8.590925931930541992e-01
-3.846660852432250977e-01
-2.338442206382751465e-01
-7.409949302673339844e-01
-6.277554512023925781e+00
1.076725423336029053e-01
-5.563473701477050781e-02
-2.069095611572265625e+00
4.470152258872985840e-01
-3.609784841537475586e-01
-1.056495428085327148e+00
-3.180123329162597656e+00
-8.026815652847290039e-01
-2.201108694076538086e+00
1.795006990432739258e+00
-2.510376930236816406e+00
4.534161686897277832e-01
-1.660048961639404297e-01
-5.506122112274169922e-02
-1.477706432342529297e-01
1.317136287689208984e-01
-1.911260247230529785e+00
-3.710250854492187500e+00
-9.660924673080444336e-01
-3.473312854766845703e-01
-1.751726865768432617e+00
-8.269662857055664062e-01
-4.826480150222778320e-01
-1.904576778411865234e+00
-1.315151453018188477e-01
3.322827816009521484e-01
-1.181111812591552734e+00
-2.775050163269042969e+00
-1.532081604003906250e+00
-1.894546270370483398e+00
-4.129800796508789062e-01
-4.685881733894348145e-01
-1.110171556472778320e+00
3.280968666076660156e-01
-1.083962202072143555e+00
-1.510185003280639648e-02
-3.934354782104492188e-01
-2.667994976043701172e+00
-1.317995071411132812e+00
-1.216977238655090332e+00
-9.094026088714599609e-01
3.458073139190673828e-01
7.698166370391845703e-01
-7.130450010299682617e-01
-1.399011611938476562e-01
-6.478543281555175781e-01
1.678347110748291016e+00
-2.760336399078369141e-01
-3.200838565826416016e-01
-8.026806116104125977e-01
-6.328999400138854980e-01
2.803747653961181641e-01
-5.778863430023193359e-01
7.628973722457885742e-01
-9.184941053390502930e-01
1.148687601089477539e+00
-6.883248090744018555e-01
-4.038897752761840820e-01
-1.585182189941406250e+00
5.357701778411865234e-01
-1.600415229797363281e+00
-6.014620065689086914e-01
1.264230728149414062e+00
-8.869058489799499512e-01
-5.652236938476562500e-02
-7.795605063438415527e-01
-1.377464056015014648e+00
-5.516605377197265625e-01
-2.812149524688720703e+00
-8.664497137069702148e-01
5.032289028167724609e-02
7.122663259506225586e-01
-8.299534320831298828e-01
2.608938217163085938e-01
-8.136926889419555664e-01
-2.898855209350585938e+00
2.540724277496337891e+00
-4.330024123191833496e-01
-3.344028890132904053e-01
-1.449264049530029297e+00
5.125262737274169922e-01
-2.643387913703918457e-01
6.079164743423461914e-01
2.245764732360839844e-01
-1.077794790267944336e+00
-1.717983484268188477e-01
-1.047153472900390625e+00
-3.225220441818237305e-01
-1.065420150756835938e+00
4.400405883789062500e-01
-6.960201263427734375e-01
-7.410581111907958984e-01
-7.237113714218139648e-01
3.564830720424652100e-01
4.898877143859863281e-01
-1.957574963569641113e+00
-1.098637819290161133e+00
-3.309481143951416016e-01
-2.888856410980224609e+00
-1.025043964385986328e+00
-1.528093099594116211e+00
-1.410862445831298828e+00
-5.695208311080932617e-01
5.324957370758056641e-01
-4.476140737533569336e-01
-2.708054780960083008e-01
1.775590419769287109e+00
-1.906883239746093750e+00
-5.951093435287475586e-01
-6.547696590423583984e-01
9.226068258285522461e-01
-2.713887929916381836e+00
3.439885377883911133e-01
1.583203434944152832e+00
5.344294309616088867e-01
-3.820956707000732422e+00
-5.033122301101684570e-01
-1.372838020324707031e-02
-6.209067106246948242e-01
-7.250009775161743164e-01
1.223645210266113281e-01
2.356364727020263672e-01
-1.401389122009277344e+00
-3.435542821884155273e+00
-1.205668568611145020e+00
-2.819401979446411133e+00
-2.696153640747070312e+00
-1.895364761352539062e+00
-1.281438589096069336e+00
-6.217079162597656250e-01
2.433243989944458008e-01
-2.398195266723632812e-01
-3.302004337310791016e-01
4.643348455429077148e-01
-8.081066608428955078e-01
-6.602810621261596680e-01
-4.873636960983276367e-01
2.016260623931884766e-01
-1.021589040756225586e-01
-5.150337219238281250e-01
-7.765092253684997559e-01
6.922239065170288086e-02
-3.409773111343383789e+00
2.082324028015136719e-01
-9.414896965026855469e-01
4.397901594638824463e-01
-5.906547307968139648e-01
9.440007805824279785e-01
-9.164587259292602539e-01
-5.382156372070312500e-02
3.311740159988403320e-01
-8.147417306900024414e-01
-4.503161907196044922e-01
-4.904453754425048828e-01
1.294001817703247070e+00
5.915542840957641602e-01
-1.642954230308532715e+00
-1.658030271530151367e+00
9.946863055229187012e-01
-1.121968030929565430e+00
-1.035881042480468750e+00
-2.630426406860351562e+00
-1.135907649993896484e+00
-4.263066053390502930e-01
-8.794106245040893555e-01
2.099177837371826172e-01
-1.384004712104797363e+00
-3.119986057281494141e-01
6.934219598770141602e-02
3.440523147583007812e-02
-1.505094408988952637e+00
8.657831549644470215e-01
-1.102507948875427246e+00
-1.222406744956970215e+00
-7.088730335235595703e-01
2.938624918460845947e-01
3.005646228790283203e+00
3.735744953155517578e-02
2.652251720428466797e-02
-1.078520059585571289e+00
-8.417960405349731445e-01
-6.237429976463317871e-01
-6.880942583084106445e-01
-6.978802680969238281e-01
-6.262719631195068359e-02
-1.629234433174133301e+00
-1.257317423820495605e+00
1.036429166793823242e+00
3.296730518341064453e-01
6.663218140602111816e-01
-3.237859010696411133e-01
-4.303009986877441406e+00
5.672259330749511719e-01
-1.004870891571044922e+00
-7.851700186729431152e-01
-1.423655748367309570e-01
-2.634451389312744141e-01
-5.435824394226074219e-02
1.867949962615966797e-01
-2.486098051071166992e+00
-5.923289656639099121e-01
-1.790322065353393555e-01
6.168594360351562500e-01
-2.129998445510864258e+00
2.961385250091552734e-02
9.228105545043945312e-01
-1.940421104431152344e+00
-6.205559968948364258e-01
-1.056056976318359375e+00
-2.359628677368164062e-01
-5.716202259063720703e-01
-4.024924278259277344e+00
1.032952547073364258e+00
-5.628609657287597656e-01
4.462016820907592773e-01
-5.742216110229492188e-01
1.402634382247924805e-01
1.746618270874023438e+00
-1.472945690155029297e+00
3.975965976715087891e-01
-1.324887752532958984e+00
-1.027481198310852051e+00
-7.550017833709716797e-01
-3.644515275955200195e-01
1.166683554649353027e+00
-4.926567077636718750e-01
-2.480287551879882812e+00
-1.796498298645019531e+00
-1.570470571517944336e+00
-7.580642700195312500e-01
3.704446554183959961e-01
1.325446367263793945e-01
-6.573034524917602539e-01
-2.045372009277343750e+00
-2.089955806732177734e+00
-3.113496303558349609e-01
-5.920288562774658203e-01
-1.027074813842773438e+00
-1.189843773841857910e+00
4.527626037597656250e-01
-3.244991302490234375e-01
-2.023342370986938477e+00
9.426677227020263672e-02
1.327899575233459473e+00
3.606517314910888672e-01
-1.763924360275268555e-01
-1.351003885269165039e+00
-5.171567201614379883e-01
-8.468351364135742188e-01
-2.338763475418090820e-01
-9.188687801361083984e-02
-7.015271186828613281e-01
-1.377170920372009277e+00
-1.770776510238647461e+00
1.193569660186767578e+00
-1.600825786590576172e-01
-1.796517968177795410e+00
-1.014513254165649414e+00
3.293517827987670898e-01
-1.969904899597167969e-01
1.608980894088745117e-01
7.143374681472778320e-01
1.951676607131958008e-01
8.428514003753662109e-02
-2.659945964813232422e+00
-2.054816484451293945e+00
-1.153900623321533203e-01
3.517866134643554688e-01
-8.384154438972473145e-01
-1.107380390167236328e+00
6.750416159629821777e-01
-1.817404270172119141e+00
2.716274857521057129e-01
-8.725082874298095703e-02
-3.337606191635131836e-01
-1.933219432830810547e-01
-3.652501106262207031e-02
1.075812339782714844e+00
-1.065160989761352539e+00
-1.528923511505126953e+00
1.357736587524414062e-01
-9.127317667007446289e-01
-1.078695297241210938e+00
-1.957536935806274414e+00
1.082940101623535156e+00
-1.124458789825439453e+00
3.164565563201904297e-02
-1.364106416702270508e+00
-2.798099517822265625e-01
-3.940806388854980469e-01
-8.034698367118835449e-01
-3.006601333618164062e-01
-1.063725709915161133e+00
3.681118488311767578e-01
4.741598367691040039e-01
4.409626126289367676e-03
-7.128142118453979492e-01
-2.020750284194946289e+00
3.819251060485839844e-02
-5.199154615402221680e-01
-5.657844543457031250e-01
-8.427056074142456055e-01
-1.152029991149902344e+00
2.494984865188598633e-01
-1.257567763328552246e+00
1.331738233566284180e-01
3.092045187950134277e-01
-4.527814388275146484e-01
-2.178257107734680176e-01
-1.265870094299316406e+00
-2.370759248733520508e-01
-1.029546976089477539e+00
-7.201169729232788086e-01
-1.702342033386230469e+00
-2.568329334259033203e+00
-6.706513166427612305e-01
-9.223966598510742188e-01
-5.904214382171630859e-01
-5.849635601043701172e-01
1.360469102859497070e+00
-1.045123100280761719e+00
-1.184355497360229492e+00
7.545195817947387695e-01
-6.261661052703857422e-01
-1.711565494537353516e+00
-1.270124077796936035e+00
1.384535431861877441e-01
-1.910627841949462891e+00
-2.869038581848144531e-01
3.727791905403137207e-01
-7.110893726348876953e-02
-2.396584510803222656e+00
-2.165597677230834961e-01
-6.863685846328735352e-01
-3.640604019165039062e-02
-1.782253980636596680e-01
2.303546667098999023e-02
-2.434090375900268555e-01
-1.290328383445739746e+00
7.464504241943359375e-02
2.346956729888916016e-02
1.024123430252075195e+00
4.331874847412109375e-02
-3.454877138137817383e-01
-9.728246927261352539e-02
-1.939065337181091309e+00
-1.328392982482910156e+00
2.608680725097656250e-01
9.902495145797729492e-02
1.007005453109741211e+00
-1.308212995529174805e+00
-1.833677530288696289e+00
5.945820808410644531e-01
-1.013245940208435059e+00
-1.933918237686157227e+00
8.520218133926391602e-01
1.642687171697616577e-01
2.894473671913146973e-01
-3.273845016956329346e-01
-2.326869249343872070e+00
3.138450384140014648e-01
-1.127300858497619629e+00
7.281777858734130859e-01
-2.539380788803100586e-01
-1.257395744323730469e+00
-2.565742492675781250e+00
-2.552988529205322266e-01
1.080869197845458984e+00
-1.315954923629760742e-01
-3.941969275474548340e-01
6.874062418937683105e-01
1.944950819015502930e-01
-1.934447884559631348e+00
1.302972435951232910e-01
-2.476877212524414062e+00
-7.009127140045166016e-01
2.648692131042480469e-01
-1.460945963859558105e+00
-3.257874250411987305e-01
-5.697937011718750000e-01
-1.458540916442871094e+00
-7.494597434997558594e-01
-5.483757257461547852e-01
-2.679540872573852539e+00
-4.799128770828247070e-01
-3.176953792572021484e-01
-3.795631885528564453e+00
-1.468593835830688477e+00
-1.807393312454223633e+00
1.958698630332946777e+00
1.911954879760742188e-01
-1.218082904815673828e+00
3.291462659835815430e-01
2.622911334037780762e-01
-4.701080918312072754e-01
8.633697032928466797e-02
-6.790947914123535156e-01
-2.185411453247070312e-01
-1.256675958633422852e+00
