4.979157447814941406e-02
-4.767518043518066406e-01
-1.161239027976989746e+00
-1.666101217269897461e-01
9.491742253303527832e-01
-1.023639202117919922e+00
-9.098787307739257812e-01
-6.222585439682006836e-01
-5.307242870330810547e-01
-4.596568048000335693e-01
-1.363239526748657227e+00
1.406226634979248047e+00
6.430265307426452637e-01
-1.051085829734802246e+00
1.721365451812744141e-01
-1.539962887763977051e+00
-5.511013269424438477e-01
-1.025089979171752930e+00
-1.250919461250305176e+00
-3.491283655166625977e-01
-1.243743062019348145e+00
-2.784640312194824219e+00
-6.515181541442871094e+00
-1.661699533462524414e+00
-1.006342530250549316e+00
-1.102426052093505859e+00
2.756717443466186523e+00
7.312833666801452637e-01
4.420194029808044434e-01
-7.987129688262939453e-01
5.583504438400268555e-01
-1.012654781341552734e+00
-1.605562448501586914e+00
-1.158760190010070801e+00
-8.935966491699218750e-01
-1.181045770645141602e+00
-1.087191343307495117e+00
2.746533155441284180e-01
-1.341343164443969727e+00
2.153424024581909180e-01
-1.979034304618835449e+00
-1.457544326782226562e+00
-2.567821025848388672e+00
-1.310019493103027344e-01
1.765995025634765625e-01
-1.369175195693969727e+00
-6.189171075820922852e-01
-2.289192199707031250e+00
-4.527747631072998047e-01
5.821083784103393555e-01
-4.675202369689941406e-01
-1.330903053283691406e+00
-4.726427793502807617e-01
-2.375669479370117188e-01
-1.127112984657287598e+00
-1.106274247169494629e+00
-5.088927149772644043e-01
-7.439996600151062012e-01
3.473919630050659180e-01
1.311241388320922852e+00
-9.077008962631225586e-01
-1.793266296386718750e+00
-1.737896203994750977e+00
-8.193860650062561035e-01
8.141524791717529297e-01
-5.024064779281616211e-01
-4.479544162750244141e-01
-4.785286188125610352e-01
-1.819410324096679688e-01
-7.889994978904724121e-01
-1.345214843750000000e+00
8.993083238601684570e-01
1.013547778129577637e-01
-1.050240039825439453e+00
-1.390457153320312500e-03
3.720523715019226074e-01
-1.561951756477355957e+00
2.377554774284362793e-02
-5.919621586799621582e-01
8.163452148437500000e-02
3.089253306388854980e-01
-2.783436298370361328e+00
-2.037705779075622559e-01
-5.390497446060180664e-01
2.497507095336914062e+00
8.015698790550231934e-01
-1.010146617889404297e+00
1.405796527862548828e+00
1.647644042968750000e-01
4.571293592453002930e-01
-8.769925832748413086e-01
-2.590588331222534180e-01
-1.582518577575683594e+00
4.410119056701660156e-01
2.233670949935913086e-01
-5.132991075515747070e-01
-4.234983921051025391e-01
7.448166608810424805e-01
-6.870460510253906250e-01
-4.612791538238525391e-01
5.760411024093627930e-01
6.989868879318237305e-01
1.256940364837646484e-01
4.259393215179443359e-01
-2.018277883529663086e+00
-2.679214000701904297e+00
-1.276475667953491211e+00
-7.641710042953491211e-01
-6.122505664825439453e-02
-1.297881126403808594e+00
1.153950929641723633e+00
9.008545875549316406e-01
6.285035610198974609e-01
1.606726765632629395e+00
-1.012110471725463867e+00
-1.416897773742675781e-02
-4.114526510238647461e-01
-8.484265208244323730e-02
-1.354362130165100098e+00
1.468454599380493164e-01
6.293344497680664062e-02
-1.109615325927734375e+00
3.436408042907714844e-01
5.979758501052856445e-01
5.348696708679199219e-01
3.809762001037597656e-02
-3.878996372222900391e-01
-2.662026882171630859e-02
-2.617925405502319336e-02
6.760936975479125977e-01
-1.753778576850891113e+00
-2.336614131927490234e-01
-5.591253042221069336e-01
-7.778822779655456543e-01
-5.695430040359497070e-01
6.437897086143493652e-01
-3.190823316574096680e+00
1.095686554908752441e+00
-1.911619782447814941e+00
8.098893761634826660e-01
-6.808074712753295898e-01
-3.913066387176513672e-01
7.376799583435058594e-01
-9.899355173110961914e-01
-1.614962935447692871e+00
-1.660048365592956543e-01
-8.475186824798583984e-01
-3.182973861694335938e-01
-1.034322738647460938e+00
-1.708478808403015137e+00
2.868673801422119141e-01
-7.533338069915771484e-01
-1.124088764190673828e-01
7.710337638854980469e-03
-1.628873348236083984e-01
-3.295315980911254883e+00
4.853271245956420898e-01
-6.670101881027221680e-01
1.837686300277709961e+00
-6.690230369567871094e-01
-7.736239433288574219e-01
-1.454008817672729492e-01
-1.812338829040527344e-02
-2.145298421382904053e-01
7.330069541931152344e-01
1.156640052795410156e+00
2.044249773025512695e+00
-6.646809577941894531e-01
-1.182888031005859375e+00
-2.313501834869384766e-01
3.628733158111572266e-01
-1.820535659790039062e-01
-1.388426542282104492e+00
-1.159843206405639648e-01
8.332461118698120117e-01
-1.176753520965576172e+00
8.410441875457763672e-02
-1.484151721000671387e+00
4.385596513748168945e-01
-5.265195369720458984e-01
2.218257188796997070e-01
-1.686939597129821777e-01
2.528440952301025391e-01
-2.226306200027465820e-01
-5.023126602172851562e-01
-2.115797996520996094e-02
-2.750338315963745117e-01
-6.665407419204711914e-01
6.941771507263183594e-02
-2.926070690155029297e-01
9.536206722259521484e-03
2.794212102890014648e-02
-1.114433765411376953e+00
-1.425950765609741211e+00
1.117919087409973145e+00
1.035859823226928711e+00
-4.902718067169189453e-01
-2.734290361404418945e-01
-4.656916856765747070e-01
-7.042781114578247070e-01
-1.070459604263305664e+00
9.610577821731567383e-01
-9.967621564865112305e-01
-3.184570074081420898e-01
2.603027820587158203e-01
-4.376527070999145508e-01
-6.887135505676269531e-01
-6.155836582183837891e-01
-1.717989444732666016e-01
5.567885637283325195e-01
5.046979188919067383e-01
-1.702025413513183594e+00
-1.148516893386840820e+00
-1.830145120620727539e+00
-1.904399871826171875e+00
-9.901387691497802734e-01
-2.005469560623168945e+00
-9.383976459503173828e-01
-7.580954432487487793e-01
-2.629950761795043945e+00
-1.662463545799255371e-01
1.645265817642211914e-01
1.750285029411315918e-01
-1.724225997924804688e+00
4.860444068908691406e-01
-6.306772232055664062e-01
1.877474188804626465e-01
1.248501062393188477e+00
-9.704654216766357422e-01
-1.009216427803039551e+00
-7.611777782440185547e-01
5.009557008743286133e-01
-1.958218455314636230e+00
-6.328041553497314453e-01
2.551605701446533203e-01
-4.662822484970092773e-01
-4.779249429702758789e-01
7.120569944381713867e-01
-1.939603090286254883e-01
6.217449903488159180e-01
-3.003280162811279297e-01
2.165326476097106934e-01
-1.570956468582153320e+00
-6.482696533203125000e-02
-5.006873607635498047e-01
-3.081618547439575195e-01
-1.698054194450378418e+00
-4.427388906478881836e-01
7.726268768310546875e-01
-2.215535640716552734e-01
-5.397897958755493164e-01
-1.393220663070678711e+00
-3.816509246826171875e+00
-1.860489130020141602e+00
-7.455422878265380859e-01
4.422149658203125000e-01
-1.246266961097717285e+00
3.008785247802734375e-01
-8.984750509262084961e-01
-3.202221155166625977e+00
7.718287706375122070e-01
-6.494754552841186523e-01
-5.157891511917114258e-01
4.612413644790649414e-01
-7.194850444793701172e-01
-3.701667785644531250e-01
-2.658871412277221680e-01
-8.685330152511596680e-01
-1.747375965118408203e+00
9.517526626586914062e-02
-3.312580585479736328e-01
7.677714824676513672e-01
-1.954145550727844238e+00
3.548278808593750000e-01
-8.266273140907287598e-01
1.919730901718139648e-01
-1.168220043182373047e+00
4.003047943115234375e-02
-1.434671282768249512e+00
9.528895020484924316e-01
-5.679507255554199219e-01
1.438612222671508789e+00
6.188400983810424805e-01
-2.057519912719726562e+00
-1.679900288581848145e-01
-1.188566923141479492e+00
-1.159685850143432617e+00
-3.560857772827148438e-01
-5.942571163177490234e-02
-2.309444189071655273e+00
5.968907475471496582e-01
-1.380921602249145508e-01
1.198005676269531250e-01
7.067491412162780762e-01
-9.783020019531250000e-01
1.525930166244506836e-01
-1.066128611564636230e+00
-6.377385854721069336e-01
-8.751053810119628906e-01
-6.419321298599243164e-01
-6.092119216918945312e-02
-1.761574745178222656e+00
5.507358312606811523e-01
8.344042301177978516e-01
-1.271772384643554688e+00
-3.431656360626220703e-01
-5.634424686431884766e-01
-2.861354351043701172e+00
4.436451196670532227e-02
4.291087388992309570e-01
-1.394055724143981934e+00
6.197677850723266602e-01
-2.017219543457031250e+00
-6.272664070129394531e-01
7.972872257232666016e-02
1.848722100257873535e-01
-4.414159059524536133e-02
3.745733499526977539e-01
-1.375539779663085938e+00
-1.339371204376220703e-01
3.188134431838989258e-01
-4.719993472099304199e-01
-8.535899519920349121e-01
-3.144265413284301758e-01
-5.450319051742553711e-01
6.073714494705200195e-01
-3.029426336288452148e-01
6.971027851104736328e-01
-9.321851730346679688e-01
2.544615507125854492e+00
-1.332655191421508789e+00
-7.086604833602905273e-01
5.610015392303466797e-01
-4.180335700511932373e-01
-1.886783003807067871e+00
-2.730745077133178711e-02
6.555920839309692383e-01
-2.324531316757202148e+00
-4.240796566009521484e-01
-5.003858804702758789e-01
-6.992768645286560059e-01
-8.389850854873657227e-01
-3.724823474884033203e+00
-3.834586739540100098e-01
-8.136022090911865234e-02
3.925122022628784180e-01
2.670339941978454590e-01
-1.004877090454101562e-01
-6.648929119110107422e-01
-1.622856616973876953e+00
-2.579511404037475586e-01
-1.450613737106323242e+00
-1.305060625076293945e+00
-1.224561214447021484e+00
-1.219799280166625977e+00
-1.911661386489868164e+00
-1.027964353561401367e+00
-5.565297007560729980e-01
-1.425231575965881348e+00
2.476392984390258789e-01
-7.215521335601806641e-01
-4.554680585861206055e-01
-2.183847188949584961e+00
4.192921817302703857e-01
9.345951676368713379e-02
-1.021943330764770508e+00
-3.183753490447998047e-01
-3.475762009620666504e-01
-6.842918395996093750e-01
-2.615783691406250000e+00
-1.192903518676757812e+00
-2.601963281631469727e-02
-8.867328763008117676e-01
-1.544062614440917969e+00
2.010577917098999023e-01
6.279094219207763672e-01
4.779384136199951172e-01
-7.710781097412109375e-01
-2.775902748107910156e-01
1.923098564147949219e-01
-4.627703428268432617e-01
-4.581875801086425781e-01
-1.995684027671813965e+00
-1.750303506851196289e-01
4.918982982635498047e-01
5.917773842811584473e-01
4.045170545578002930e-01
-5.381619334220886230e-01
-4.281232357025146484e-01
-9.515343904495239258e-01
-2.920210957527160645e-01
3.458936214447021484e-01
-1.801658391952514648e+00
-6.504201889038085938e-01
-5.351607799530029297e-01
6.234781742095947266e-01
6.783630847930908203e-01
-1.799350380897521973e-01
-6.195880174636840820e-01
6.416593790054321289e-01
2.531342506408691406e-01
-2.365859031677246094e+00
-8.637640476226806641e-01
-8.748430609703063965e-01
2.443212270736694336e-01
7.290422916412353516e-02
-2.338321447372436523e+00
-1.391358137130737305e+00
6.394766569137573242e-01
-2.075623273849487305e-01
-1.948215961456298828e-01
-1.556984186172485352e+00
8.574297428131103516e-01
2.683365345001220703e-02
-3.631036281585693359e-01
-8.479903936386108398e-01
-1.281214714050292969e+00
-2.166678190231323242e+00
-2.719967067241668701e-01
-1.256258487701416016e-01
-6.571755409240722656e-01
1.089246869087219238e-01
-1.124462246894836426e+00
-2.421114444732666016e-01
1.673281550407409668e+00
-1.655957698822021484e-01
-2.539790391921997070e+00
-8.478423357009887695e-01
-2.402636766433715820e+00
4.916753768920898438e-01
-7.275758385658264160e-01
1.034888029098510742e+00
-1.120038509368896484e+00
-4.404520988464355469e-01
-8.203593492507934570e-01
2.859193086624145508e-01
1.639371156692504883e+00
-1.896719694137573242e+00
-2.939353227615356445e+00
-6.020441055297851562e-01
-2.649847984313964844e+00
-6.197837591171264648e-01
-5.829290747642517090e-01
-4.583584070205688477e-01
5.019453763961791992e-01
6.743391156196594238e-01
-3.516483306884765625e-02
-1.698388457298278809e-01
-2.686277627944946289e-01
-6.752166152000427246e-02
-3.232436180114746094e-01
2.913575172424316406e-01
2.715351581573486328e-01
2.248888611793518066e-01
-3.549693226814270020e-01
-1.009889841079711914e+00
-1.510981321334838867e+00
-2.900770902633666992e-01
-1.039501309394836426e+00
-2.982835769653320312e-01
-3.506402969360351562e-01
-2.171586990356445312e+00
-1.369644701480865479e-01
2.811226844787597656e-01
-2.026957511901855469e+00
3.873779475688934326e-01
6.318176984786987305e-01
5.770338773727416992e-01
-9.404401779174804688e-01
-3.651544451713562012e-01
2.123097658157348633e+00
1.054874420166015625e+00
-4.498703479766845703e-01
-2.816444396972656250e+00
3.722333908081054688e-01
-1.117912292480468750e+00
-1.826816797256469727e-01
1.004141449928283691e+00
-2.276967763900756836e-01
-1.736899256706237793e+00
-3.063517808914184570e-01
5.037724971771240234e-02
-9.156500101089477539e-01
1.457834124565124512e+00
2.736426591873168945e-01
-1.258964300155639648e+00
5.533118247985839844e-01
-4.968105554580688477e-01
-1.182870864868164062e-01
-1.531868696212768555e+00
-1.559461712837219238e+00
-3.447614192962646484e+00
-8.387152552604675293e-01
-7.343347668647766113e-01
1.262695908546447754e+00
1.421698808670043945e+00
-1.052407622337341309e-01
-6.162011623382568359e-01
-1.939421415328979492e+00
-1.752157211303710938e-01
-3.951784372329711914e-01
-5.920112133026123047e-02
-7.564295530319213867e-01
1.302071809768676758e-01
-4.483945369720458984e-01
2.694691419601440430e-01
6.579040288925170898e-01
-5.476999282836914062e-02
-1.786707639694213867e+00
6.198334097862243652e-01
7.857465744018554688e-02
-2.119025945663452148e+00
1.036338925361633301e+00
-8.403217792510986328e-01
1.123075723648071289e+00
-1.171358108520507812e+00
-5.059818029403686523e-01
-1.658314943313598633e+00
-1.139517784118652344e+00
-1.815432429313659668e+00
-4.137142896652221680e-01
-2.087947130203247070e-01
-7.001968622207641602e-01
4.621462821960449219e-01
-1.970535397529602051e+00
-2.313076555728912354e-01
2.512730360031127930e-01
-3.049865961074829102e-01
-3.640747070312500000e-02
7.230436801910400391e-02
-9.887454509735107422e-01
-5.461450815200805664e-01
-5.657255649566650391e-03
-1.679605007171630859e+00
3.238544464111328125e-01
-1.564449787139892578e+00
8.726725578308105469e-01
-5.849475264549255371e-01
-2.309145927429199219e+00
-5.463834285736083984e+00
1.734422445297241211e-01
3.327355384826660156e-01
-1.991068124771118164e-01
-1.934662461280822754e+00
-1.835774660110473633e+00
-1.638200879096984863e-02
-3.515707254409790039e-01
3.483059406280517578e-01
4.304986000061035156e-01
-8.262121677398681641e-02
-1.281467199325561523e+00
1.444549560546875000e-01
-1.068516969680786133e+00
-1.050050854682922363e+00
7.013788223266601562e-01
-6.833658218383789062e-01
-5.132189989089965820e-01
7.676440477371215820e-02
-2.226584434509277344e+00
-2.259776592254638672e-01
-6.133092641830444336e-01
-1.087833166122436523e+00
-1.221426367759704590e+00
-2.314307212829589844e+00
3.037931323051452637e-01
-1.332673788070678711e+00
4.104402661323547363e-01
-5.051017999649047852e-01
-3.968740701675415039e-01
-4.006533622741699219e-01
-1.007433176040649414e+00
-1.233666539192199707e+00
1.139401435852050781e+00
-2.980741262435913086e-01
1.139316082000732422e+00
-2.577462673187255859e+00
3.385016322135925293e-01
-2.375029921531677246e-01
-1.725813746452331543e+00
6.772220134735107422e-01
-2.802048623561859131e-01
-1.922063827514648438e-01
-8.850598931312561035e-01
-1.509181857109069824e-01
-6.960632801055908203e-01
-1.612038612365722656e+00
-1.181552886962890625e+00
-3.044303894042968750e+00
-2.314132213592529297e+00
-1.103366971015930176e+00
-6.347646713256835938e-01
-9.064017534255981445e-01
7.402157783508300781e-02
-2.177355885505676270e-01
-2.853594422340393066e-01
-1.605479717254638672e-01
1.139607429504394531e-01
1.742739677429199219e-01
-7.801007628440856934e-01
-1.097739696502685547e+00
-7.982928752899169922e-01
-1.642354488372802734e+00
8.679086565971374512e-01
-5.024785995483398438e-01
-7.386779785156250000e-02
6.367337703704833984e-02
2.966301441192626953e-01
-2.241778373718261719e-02
-6.667433977127075195e-01
4.242109060287475586e-01
-6.984109878540039062e-01
-8.916038274765014648e-02
-4.362760186195373535e-01
3.499865531921386719e-02
-1.665619134902954102e+00
-1.135580897331237793e+00
6.363028287887573242e-01
8.755022287368774414e-02
1.271397173404693604e-01
-1.046437025070190430e+00
7.039330601692199707e-01
6.880685091018676758e-01
-8.233009576797485352e-01
-4.422576427459716797e-01
-8.978111743927001953e-01
7.622177600860595703e-01
-1.561453580856323242e+00
4.700744152069091797e-02
-2.942929267883300781e-01
-1.171247720718383789e+00
-2.852984189987182617e+00
-9.639958143234252930e-01
-1.766396999359130859e+00
2.142195105552673340e-01
-9.561425447463989258e-01
7.092934846878051758e-01
-1.048026800155639648e+00
-5.935702323913574219e-01
-5.321624279022216797e-01
-2.218007326126098633e+00
2.338051795959472656e-03
-8.982316255569458008e-01
9.008954167366027832e-01
6.112902164459228516e-01
-9.893655776977539062e-03
3.145900964736938477e-01
1.398324966430664062e-02
-4.355931878089904785e-01
-1.118559956550598145e+00
6.698381900787353516e-01
-1.811432838439941406e+00
-1.640193462371826172e+00
7.664167881011962891e-01
-6.763284206390380859e-01
1.272295236587524414e+00
-1.062200784683227539e+00
-3.744220733642578125e-01
-1.262505888938903809e+00
3.724201619625091553e-01
-1.634222745895385742e+00
4.876072406768798828e-01
-1.809153556823730469e+00
4.615964889526367188e-01
-2.774263620376586914e-01
-2.919203758239746094e+00
-3.646671772003173828e-02
-1.890340566635131836e+00
-9.300475716590881348e-01
-3.017964363098144531e+00
-3.879041671752929688e-01
6.104017496109008789e-01
-9.464592933654785156e-01
3.533499240875244141e-01
1.570487737655639648e+00
-9.214549660682678223e-01
-8.987509012222290039e-01
-1.196569681167602539e+00
-7.307714223861694336e-01
7.267940044403076172e-02
7.748445272445678711e-01
-1.653031826019287109e+00
2.514088153839111328e-01
-4.449539184570312500e-01
-9.759688377380371094e-01
-1.390300273895263672e+00
-1.072199583053588867e+00
-1.114501833915710449e+00
4.760670661926269531e-01
-1.313153743743896484e+00
-2.943224906921386719e-01
5.925531387329101562e-01
1.114179372787475586e+00
-1.569849133491516113e+00
-9.587121009826660156e-01
-5.192994475364685059e-01
2.496752738952636719e-01
-9.703459739685058594e-01
-6.694097518920898438e-01
7.063530087471008301e-01
-1.855367302894592285e+00
4.097027778625488281e-01
-2.331118583679199219e-01
7.821926474571228027e-02
-2.019824981689453125e-01
-1.528409719467163086e+00
-2.523522377014160156e-01
-1.031900286674499512e+00
-3.140715360641479492e+00
1.602166891098022461e-01
4.158293604850769043e-01
3.876330852508544922e-01
-6.730055809020996094e-01
-2.908260822296142578e-01
-3.026129901409149170e-01
-9.875669479370117188e-01
-6.301952600479125977e-01
-2.490864753723144531e+00
-5.288110375404357910e-01
-5.905888080596923828e-01
-6.836087703704833984e-01
1.020800471305847168e+00
1.156725883483886719e+00
-4.120537042617797852e-01
2.109903097152709961e-01
-1.538472771644592285e+00
-1.946873068809509277e-01
-2.120922565460205078e+00
-1.822389364242553711e-01
-3.875627040863037109e+00
-5.867751836776733398e-01
-8.161199092864990234e-01
-1.285700500011444092e-01
-2.645764827728271484e+00
2.834384441375732422e-01
-3.364564180374145508e-01
-8.696575164794921875e-01
-7.442691326141357422e-01
3.735404610633850098e-01
-3.122262954711914062e-01
1.134284138679504395e+00
-3.525035619735717773e+00
-2.186033487319946289e+00
-1.444905757904052734e+00
-3.038289308547973633e+00
-6.597020626068115234e-01
-1.335927367210388184e+00
-1.707020759582519531e+00
3.084238767623901367e-01
-1.454620361328125000e-01
4.653056859970092773e-01
-2.009959697723388672e+00
1.087187409400939941e+00
-1.493649959564208984e+00
-6.705679893493652344e-01
-5.435274839401245117e-01
-1.240993499755859375e+00
7.932156920433044434e-01
-4.719834327697753906e-01
3.874149322509765625e-01
-1.347593784332275391e+00
5.062011480331420898e-01
1.663978815078735352e+00
-2.898846387863159180e+00
-7.616649270057678223e-01
-4.180123805999755859e-01
2.771549224853515625e-01
-9.275546073913574219e-01
-1.102063894271850586e+00
1.383281946182250977e+00
-3.491186499595642090e-01
-1.214117765426635742e+00
-9.717924594879150391e-01
5.433524847030639648e-01
-1.406860709190368652e+00
-7.967343330383300781e-01
-1.004966497421264648e-01
-4.506049156188964844e-01
7.381296157836914062e-01
1.973343789577484131e-01
-9.382567405700683594e-01
3.776607513427734375e-01
1.825359463691711426e-01
9.664862155914306641e-01
-2.250569462776184082e-01
3.466039896011352539e-01
-1.984661579132080078e+00
-4.622726440429687500e-01
8.298040628433227539e-01
1.125903010368347168e+00
-1.070248842239379883e+00
9.831829071044921875e-01
8.094155788421630859e-01
-1.596135735511779785e+00
-4.582895040512084961e-01
-4.789386987686157227e-01
-2.102971076965332031e-02
-5.530388355255126953e-01
-1.453305959701538086e+00
-1.700398564338684082e+00
-1.255213499069213867e+00
-5.666029453277587891e-02
4.719012379646301270e-01
-3.495320320129394531e+00
-8.850507736206054688e-01
-1.131476759910583496e+00
-1.364301919937133789e+00
-2.793812274932861328e+00
6.772770881652832031e-01
2.606442570686340332e-01
-6.482846736907958984e-01
-1.315671086311340332e+00
-1.095324754714965820e-01
-9.015239477157592773e-01
2.750878334045410156e-01
2.222249209880828857e-01
-4.692555665969848633e-01
-1.734031677246093750e+00
-3.300082683563232422e-01
-4.299035072326660156e-01
-1.205661058425903320e+00
6.083227396011352539e-01
-5.147649049758911133e-01
-7.649774551391601562e-01
-1.017629384994506836e+00
1.421552896499633789e-02
4.765107035636901855e-01
-5.919573307037353516e-01
5.126333236694335938e-02
-2.442784309387207031e-01
2.361545562744140625e-01
-1.333821058273315430e+00
-2.026323318481445312e+00
3.576247692108154297e-01
4.592876434326171875e-01
-9.460065364837646484e-01
-5.720198750495910645e-01
-1.172989130020141602e+00
1.254891157150268555e-01
1.107439994812011719e-01
-3.592301607131958008e-01
-4.547107219696044922e-01
-1.122573614120483398e-01
-8.039537668228149414e-01
-2.744343757629394531e+00
7.108539342880249023e-02
-8.659408092498779297e-01
-1.353575944900512695e+00
8.158835172653198242e-01
-4.989506006240844727e-01
-3.649883270263671875e-01
-2.615201473236083984e-02
-2.352017164230346680e-01
2.208430767059326172e-01
-2.099990844726562500e-01
-4.540110588073730469e+00
4.301166534423828125e-01
1.802062988281250000e-01
-9.676634073257446289e-01
-1.487056016921997070e+00
-8.587965965270996094e-01
6.899559497833251953e-01
9.859226942062377930e-01
-1.445000886917114258e+00
-1.804283976554870605e+00
-5.934814214706420898e-01
-9.849076271057128906e-01
-6.397814154624938965e-01
-1.208379864692687988e-01
-1.907552480697631836e-01
-1.363934397697448730e+00
-6.892980337142944336e-01
-1.410501003265380859e-01
5.239171981811523438e-01
-1.929614067077636719e+00
-1.227227091789245605e+00
-1.466993093490600586e+00
-7.975512742996215820e-01
-3.983064591884613037e-01
-1.507159709930419922e+00
8.215353488922119141e-01
1.897931337356567383e+00
-1.487374603748321533e-01
4.114383459091186523e-02
-4.397480487823486328e-01
-2.355130910873413086e-01
3.219807147979736328e-02
-2.792859077453613281e-02
3.499530553817749023e-01
-7.929651737213134766e-01
-5.343351364135742188e+00
-1.008334159851074219e-01
-1.980444550514221191e+00
-1.665637731552124023e+00
4.904913902282714844e-02
3.402817249298095703e-01
-1.348703861236572266e+00
8.142613172531127930e-01
-8.988744020462036133e-01
-9.292765855789184570e-01
-6.400555372238159180e-01
-5.431448221206665039e-01
-9.495941400527954102e-01
1.351081132888793945e-01
-1.542284488677978516e+00
-2.724059104919433594e+00
-1.262431740760803223e-01
-2.056496143341064453e-01
9.945841431617736816e-01
-1.305978894233703613e+00
-3.670599460601806641e-01
