-7.411489486694335938e-01
-6.559425592422485352e-01
4.739228487014770508e-01
-1.876308560371398926e+00
-1.741972684860229492e+00
-4.660948514938354492e-01
-1.150487899780273438e+00
-1.943352937698364258e+00
2.021491050720214844e+00
-3.222128152847290039e-01
-1.239855527877807617e+00
-3.190350532531738281e-02
-1.023818135261535645e+00
6.797783374786376953e-01
-1.857876777648925781e-04
-8.808779120445251465e-01
-4.110379219055175781e-01
6.688067913055419922e-01
-2.019886374473571777e-01
1.083672046661376953e-02
3.523375988006591797e-01
-2.837443351745605469e-02
-5.841381549835205078e-01
-1.372666358947753906e-01
-1.063314676284790039e+00
-7.699205875396728516e-01
-1.159912109375000000e+00
-8.948984146118164062e-01
-3.642559051513671875e-02
-1.687348246574401855e+00
-1.177267313003540039e+00
-3.533797264099121094e-01
-9.070255756378173828e-01
1.024922728538513184e+00
1.420898437500000000e-01
-2.841937541961669922e-01
3.364776372909545898e-01
-2.477545142173767090e-01
-1.761993885040283203e+00
-1.161607265472412109e+00
8.828937411308288574e-01
-1.656424403190612793e+00
1.960096359252929688e-01
-6.672692298889160156e-02
4.909944534301757812e-01
1.249805331230163574e+00
2.064452886581420898e+00
-1.311599254608154297e+00
-8.433964252471923828e-01
1.145089268684387207e-01
3.182785511016845703e-01
-8.713650703430175781e-01
-1.207026958465576172e+00
-6.465816497802734375e-01
-2.431717395782470703e+00
9.386085271835327148e-01
-1.811702847480773926e+00
8.973242044448852539e-01
-4.756928682327270508e-01
-1.206421375274658203e+00
-9.924974441528320312e-01
-1.294586062431335449e+00
-3.771199226379394531e+00
1.856446862220764160e-01
-7.074769735336303711e-01
-1.382469296455383301e+00
-3.614059090614318848e-02
-9.620901942253112793e-01
2.073853015899658203e-01
-8.234815597534179688e-01
-5.622080564498901367e-01
-2.033596038818359375e-01
-1.837903618812561035e+00
-1.724969148635864258e-01
-3.951297998428344727e-01
-5.283612012863159180e-01
-1.246249675750732422e-02
2.130233347415924072e-01
1.814742326736450195e+00
9.680346250534057617e-01
1.434850811958312988e+00
-2.088944911956787109e-01
-1.595534086227416992e-01
7.497012615203857422e-01
-9.134044647216796875e-01
1.237152934074401855e+00
-9.661537408828735352e-01
-2.785795927047729492e-01
-4.724992513656616211e-01
-1.782824993133544922e-01
-3.991293907165527344e-02
-1.006663799285888672e+00
-1.061408758163452148e+00
-1.362634897232055664e-01
-7.139582633972167969e-01
-1.850104331970214844e+00
-7.618772387504577637e-01
7.470694780349731445e-01
-1.072019577026367188e+00
-7.182642221450805664e-01
1.870160102844238281e-01
-2.296134233474731445e-01
-1.262701988220214844e+00
5.247086286544799805e-02
-1.396445035934448242e-01
-3.529897928237915039e-01
-1.245886802673339844e+00
2.368649244308471680e-01
-1.198068499565124512e+00
1.932200789451599121e-01
1.419485449790954590e+00
7.983245253562927246e-01
-6.175997257232666016e-01
7.621104717254638672e-01
-1.584155201911926270e+00
1.220472574234008789e+00
-1.691769838333129883e+00
-3.718466162681579590e-01
-1.575572490692138672e-01
-5.553639531135559082e-01
8.186504840850830078e-01
-9.616912603378295898e-01
7.032952308654785156e-01
-7.256788253784179688e+00
-9.125162363052368164e-01
1.081653833389282227e-01
1.490448117256164551e-01
-2.576410770416259766e+00
4.611293673515319824e-01
-1.207068681716918945e+00
-5.702289342880249023e-01
3.556797504425048828e-01
-1.352121829986572266e-01
-2.258671522140502930e-01
4.655230045318603516e-01
-3.277659416198730469e-03
-4.089339971542358398e-01
-1.129831194877624512e+00
-5.401024818420410156e-01
1.171456098556518555e+00
-4.851666688919067383e-01
6.433140039443969727e-01
-1.855793833732604980e+00
-4.857282042503356934e-01
-3.298048973083496094e-01
-1.135632991790771484e-01
3.458807468414306641e-01
-1.710013270378112793e+00
-7.860838770866394043e-01
-5.800693035125732422e-01
-4.048355817794799805e-01
1.295007467269897461e-01
-2.472297191619873047e+00
-4.286217689514160156e-02
9.044732451438903809e-01
2.760826349258422852e-01
-4.933791160583496094e-01
-2.596053361892700195e+00
3.388344049453735352e-01
8.210670948028564453e-02
-1.433619260787963867e+00
1.583003997802734375e-02
2.549514770507812500e-01
2.061623930931091309e-01
-5.095765590667724609e-01
2.492260932922363281e-01
9.570232033729553223e-01
-3.231862783432006836e-01
-1.265941619873046875e+00
-1.035329461097717285e+00
-7.224423885345458984e-01
-1.176380157470703125e+00
-1.258357286453247070e+00
-4.084147214889526367e-01
-8.638386726379394531e-01
-1.160832166671752930e+00
-8.570181727409362793e-01
-3.897587060928344727e-01
-3.849288225173950195e-01
-2.155950069427490234e-01
2.727199196815490723e-01
-8.690454363822937012e-01
-9.037263393402099609e-01
3.084600567817687988e-01
3.400641679763793945e-01
5.642879009246826172e-01
-1.246779441833496094e+00
-6.444230675697326660e-01
1.115033507347106934e+00
-1.397433757781982422e+00
-5.850112438201904297e-01
1.824305057525634766e-01
2.553627789020538330e-01
-2.383547544479370117e+00
3.122789859771728516e-01
-3.453330993652343750e-01
-9.505143165588378906e-01
-9.988502264022827148e-01
-8.448067307472229004e-02
-2.468597888946533203e-02
3.694624900817871094e-01
-6.018278598785400391e-01
-1.095342159271240234e+00
-1.048294782638549805e+00
1.957560777664184570e-01
-2.542302131652832031e+00
-2.740082740783691406e+00
9.708570241928100586e-01
-1.034030914306640625e-01
-7.493288516998291016e-01
-3.152753114700317383e-01
-4.490619897842407227e-01
-8.708776235580444336e-01
5.529334545135498047e-01
1.219344496726989746e+00
2.573907375335693359e-02
4.780188798904418945e-01
-3.463404774665832520e-01
6.552277207374572754e-01
8.809566497802734375e-05
-1.675809621810913086e+00
-8.411669731140136719e-01
-1.868993043899536133e+00
-4.401396512985229492e-01
5.422170162200927734e-01
-1.797739982604980469e+00
5.702459812164306641e-02
-5.484201312065124512e-01
1.358698606491088867e-01
-9.539442062377929688e-01
-2.102342605590820312e+00
3.104445934295654297e-01
-1.824576139450073242e+00
-2.778776288032531738e-01
-1.725800037384033203e+00
-3.597397506237030029e-01
-1.149649381637573242e+00
-1.156995415687561035e+00
-6.516710519790649414e-01
-1.548285841941833496e+00
-9.289162158966064453e-01
-1.192113399505615234e+00
-2.654556632041931152e-01
-5.638772845268249512e-01
-1.325945496559143066e+00
-5.765550732612609863e-01
-6.136980056762695312e-01
-3.161538124084472656e+00
-7.590354681015014648e-01
2.588027119636535645e-01
7.806661128997802734e-01
7.164146900177001953e-01
1.130133867263793945e-01
-5.232982635498046875e-01
-5.333720445632934570e-01
4.016865491867065430e-01
-2.725979804992675781e+00
6.130423545837402344e-01
-7.631063461303710938e-03
-5.270089507102966309e-01
-9.136221408843994141e-01
-1.010169982910156250e-01
-3.993157744407653809e-01
-1.615284085273742676e-01
-1.035585284233093262e+00
-7.847765088081359863e-01
-6.325018405914306641e-01
-8.877289295196533203e-01
-1.029921770095825195e+00
-1.845408439636230469e+00
-6.088304519653320312e-01
-8.924066424369812012e-01
1.496613025665283203e-01
-5.665075778961181641e-02
-6.998369693756103516e-01
4.947311878204345703e-01
-2.542569637298583984e+00
5.689722299575805664e-01
-8.097523450851440430e-01
5.430150032043457031e-01
-8.060281276702880859e-01
-9.354915618896484375e-01
-7.471334934234619141e-01
2.501162290573120117e-01
2.679313421249389648e-01
-1.218062281608581543e+00
-1.968964815139770508e+00
-8.079338073730468750e-01
-6.310068368911743164e-01
-1.558651924133300781e-01
1.986315846443176270e-01
5.084264278411865234e-02
-1.852981090545654297e+00
3.588676452636718750e-01
-1.170112013816833496e+00
1.017385244369506836e+00
-1.203965187072753906e+00
-8.057236671447753906e-02
3.175113201141357422e-01
-8.588755130767822266e-02
-1.507966041564941406e+00
-1.967741012573242188e+00
-3.883500099182128906e+00
-1.063164472579956055e+00
-9.499819278717041016e-01
-9.510633945465087891e-01
-2.444774866104125977e+00
-4.276753067970275879e-01
9.681526422500610352e-01
-5.600084066390991211e-01
-2.312288522720336914e+00
2.439323663711547852e-01
6.595187783241271973e-01
7.670500278472900391e-01
-6.109925508499145508e-01
5.164377689361572266e-01
1.158535361289978027e+00
3.880863189697265625e-01
-3.077411651611328125e-02
-3.092626333236694336e-01
3.081147670745849609e-01
-1.366039514541625977e+00
-8.130539059638977051e-01
-9.511849284172058105e-01
-5.769749283790588379e-01
2.290836095809936523e+00
3.432279825210571289e-01
5.397899746894836426e-01
3.768367767333984375e-01
-4.672733545303344727e-01
1.912077665328979492e-01
2.310358881950378418e-01
4.761713743209838867e-01
1.263386011123657227e-01
-1.582393169403076172e+00
6.192922592163085938e-04
-4.384682476520538330e-01
-1.297073602676391602e+00
-2.095518112182617188e-01
-9.718156456947326660e-01
-3.651970624923706055e-01
-1.485095977783203125e+00
-3.502538681030273438e+00
7.412074804306030273e-01
-1.503102898597717285e+00
1.102882623672485352e-01
-2.372503280639648438e-01
-1.143913030624389648e+00
-6.645965576171875000e-01
-2.509673833847045898e-01
-1.334476709365844727e+00
3.089607954025268555e-01
3.509194850921630859e-01
4.289254546165466309e-01
-1.938992857933044434e+00
-8.809648752212524414e-01
1.108894348144531250e-01
2.842882871627807617e-01
4.245028495788574219e-01
-1.171067714691162109e+00
1.596970558166503906e-01
1.717806160449981689e-01
-1.066021442413330078e+00
-1.455055236816406250e+00
-7.275891304016113281e-01
4.003489017486572266e-02
-1.501991391181945801e+00
-1.280559420585632324e+00
1.971864700317382812e-02
-3.730132818222045898e+00
4.487323760986328125e-02
1.571148753166198730e+00
-4.393619298934936523e-01
-3.457547426223754883e-01
1.424778342247009277e+00
1.650441884994506836e-01
6.967913508415222168e-01
-1.596789836883544922e+00
-3.620021343231201172e-01
-3.557951152324676514e-01
4.381678700447082520e-01
9.359002113342285156e-03
-1.871190071105957031e-01
-1.134483337402343750e+00
-1.073706150054931641e-01
2.848219275474548340e-01
-4.713218212127685547e-01
-1.171766757965087891e+00
3.791809678077697754e-01
1.200092077255249023e+00
-1.665011167526245117e+00
-2.912555932998657227e+00
-4.936497211456298828e-01
-8.029184341430664062e-01
2.026460170745849609e-01
-1.304073810577392578e+00
1.090592741966247559e-01
-6.283314824104309082e-01
-2.714151859283447266e+00
-1.023337841033935547e-01
9.572035074234008789e-01
-6.327100992202758789e-01
-6.038922667503356934e-01
-3.380620956420898438e+00
-7.378683090209960938e-01
1.433317661285400391e-01
-1.888227581977844238e+00
-6.022764444351196289e-01
3.302427530288696289e-01
9.457560777664184570e-01
-7.529098987579345703e-01
-5.308884382247924805e-01
-2.117434144020080566e-01
-5.928575992584228516e-01
-3.027129173278808594e+00
3.969136476516723633e-01
7.909885048866271973e-01
-1.288557529449462891e+00
-2.890654325485229492e+00
-1.683298110961914062e+00
4.843780398368835449e-01
-1.104740619659423828e+00
-1.747148036956787109e+00
-2.591029167175292969e+00
-1.663673758506774902e+00
-9.932967424392700195e-01
-1.306978225708007812e+00
-1.280621051788330078e+00
-5.481474399566650391e-01
-9.035688638687133789e-01
-7.065633535385131836e-01
-2.962028980255126953e-01
4.459149837493896484e-01
-1.523225545883178711e+00
1.061688423156738281e+00
-6.368190050125122070e-01
1.045221090316772461e+00
2.677771091461181641e+00
-2.628210306167602539e+00
-9.454606771469116211e-01
3.908634185791015625e-01
5.473624467849731445e-01
-1.551905155181884766e+00
-1.163219213485717773e-01
-6.364936828613281250e-01
-1.104418635368347168e-01
-1.273260593414306641e+00
-7.518211603164672852e-01
-8.666237592697143555e-01
-2.855026721954345703e-02
-1.751587390899658203e-01
-8.888571262359619141e-01
-1.333164691925048828e+00
2.181757688522338867e-01
-1.461186647415161133e+00
5.219711661338806152e-01
3.374896049499511719e-01
-1.349660158157348633e+00
-7.931284904479980469e-01
-9.991103410720825195e-02
-8.114607334136962891e-01
-2.683905959129333496e-01
1.982468366622924805e-02
-2.755174398422241211e+00
-7.061914205551147461e-01
-1.833407640457153320e+00
-1.090657711029052734e+00
2.991958856582641602e-01
-2.060698747634887695e+00
-4.199553728103637695e-01
2.204470634460449219e-01
-3.083029985427856445e+00
-1.704132199287414551e+00
-2.773983478546142578e-01
-1.278579115867614746e+00
-3.656506538391113281e-03
-1.830760717391967773e+00
-1.965945601463317871e+00
-1.045537829399108887e+00
1.050994157791137695e+00
6.981821060180664062e-01
-6.174594163894653320e-01
-9.574271440505981445e-01
-1.645241022109985352e+00
-2.943118214607238770e-01
-1.626493930816650391e-01
-5.254588127136230469e-01
-1.064491033554077148e+00
-1.270702123641967773e+00
-8.827655315399169922e-01
-1.126496553421020508e+00
3.178859949111938477e-01
-2.095897436141967773e+00
-1.044204711914062500e+00
3.297225236892700195e-01
-6.635512113571166992e-01
-1.192789316177368164e+00
4.764387607574462891e-01
-6.401622295379638672e-01
1.717657446861267090e-01
3.066191673278808594e-01
-1.506126999855041504e+00
1.426177024841308594e-01
-8.577438592910766602e-01
2.628517150878906250e-02
3.856323957443237305e-01
-7.611227035522460938e-02
-1.621871590614318848e-01
-1.310594797134399414e+00
-1.037364721298217773e+00
5.830287933349609375e-01
-9.174381494522094727e-01
-9.040349721908569336e-01
-2.356701374053955078e+00
7.044796943664550781e-01
1.863980531692504883e+00
-2.080409288406372070e+00
-9.785386323928833008e-01
2.723932266235351562e-03
1.110472440719604492e+00
5.262763500213623047e-01
-1.421556234359741211e+00
9.894568920135498047e-01
-2.497928619384765625e+00
-6.698658466339111328e-01
1.871136903762817383e+00
-8.888715505599975586e-01
1.352592706680297852e-01
-8.050899505615234375e-01
-1.921917557716369629e+00
-1.142191648483276367e+00
-1.878190040588378906e-02
-4.709286093711853027e-01
7.576045989990234375e-01
-1.091390848159790039e-01
7.325923442840576172e-02
-1.309830427169799805e+00
1.284875392913818359e+00
-9.469438791275024414e-01
-1.546013593673706055e+00
-5.450530648231506348e-01
5.711317062377929688e-03
2.978605628013610840e-01
2.745033502578735352e-01
1.640197396278381348e+00
-6.766936182975769043e-01
-3.315402269363403320e-01
-1.800050973892211914e+00
-7.369973659515380859e-01
-1.352733135223388672e+00
-3.135948181152343750e-01
-3.583402633666992188e-01
-2.121306657791137695e-01
3.520671129226684570e-01
1.265311241149902344e+00
7.730965614318847656e-01
-7.158672809600830078e-02
-6.723064184188842773e-01
-2.889282703399658203e-01
-1.532686233520507812e+00
-2.885636806488037109e+00
-1.580044031143188477e-01
-8.249816894531250000e-01
-6.110762357711791992e-01
-7.578309774398803711e-01
-5.769325494766235352e-01
-1.049591183662414551e+00
-1.390730142593383789e-01
1.660773158073425293e-01
-8.793573975563049316e-01
-3.130023479461669922e-01
5.087840557098388672e-01
4.519208669662475586e-01
1.168142557144165039e-01
-1.633879661560058594e+00
-9.353320598602294922e-01
-2.186145544052124023e+00
-1.427846550941467285e+00
-8.402187824249267578e-01
-6.932170391082763672e-01
3.874723017215728760e-01
-1.076185226440429688e+00
1.935306787490844727e-01
-1.302718997001647949e+00
-1.786679029464721680e-01
-2.077151298522949219e+00
-1.674575328826904297e+00
1.263272762298583984e-01
-4.776500463485717773e-01
1.801006793975830078e-01
-2.658419311046600342e-01
-4.872078895568847656e-01
-8.619477748870849609e-01
1.108886122703552246e+00
-3.738922476768493652e-01
1.115439176559448242e+00
-1.498713731765747070e+00
-8.806240558624267578e-01
2.955627441406250000e-01
2.488001585006713867e-01
-5.008137226104736328e-01
4.340732097625732422e-01
-6.669446229934692383e-01
-5.914727449417114258e-01
-5.589180588722229004e-01
-7.513538599014282227e-01
1.101258277893066406e+00
-4.030729532241821289e-01
2.336071729660034180e-01
6.845408082008361816e-01
2.222093343734741211e-01
-5.317056179046630859e-02
-8.685452938079833984e-01
-6.443182826042175293e-01
1.235994577407836914e+00
-3.407183885574340820e-01
3.067131042480468750e-01
-1.280833482742309570e-01
-7.783722877502441406e-02
-6.269629001617431641e-01
3.650593757629394531e-01
-3.135730624198913574e-01
6.768489480018615723e-01
-2.479648590087890625e-01
6.465971469879150391e-03
-1.243043780326843262e+00
-7.686758041381835938e-02
-1.238735914230346680e+00
-6.170367002487182617e-01
-1.530467271804809570e+00
-1.554577708244323730e+00
-1.192677021026611328e+00
-3.186787366867065430e-01
1.329550027847290039e+00
-3.778411149978637695e-01
-2.510178089141845703e-01
-2.958009243011474609e-01
-4.339081048965454102e-01
-1.401519060134887695e+00
-1.114172339439392090e+00
5.046725273132324219e-03
1.146758794784545898e+00
3.407870531082153320e-01
-1.824045658111572266e+00
-1.246722221374511719e+00
-1.394530296325683594e+00
-1.830101013183593750e-03
-1.406400442123413086e+00
5.023416876792907715e-01
-1.898793935775756836e+00
-1.722988009452819824e+00
-1.040731072425842285e-01
-2.195919990539550781e+00
-2.668149471282958984e-01
-7.894283533096313477e-02
1.300814747810363770e+00
-5.898038744926452637e-01
-1.836343050003051758e+00
-9.614840745925903320e-01
-4.821158647537231445e-01
-1.273155212402343750e-04
6.789577007293701172e-01
7.075405120849609375e-02
-7.347307205200195312e-01
-2.600972652435302734e-01
1.660577058792114258e-01
-1.259048700332641602e+00
-4.530181884765625000e-01
-4.196998178958892822e-01
-3.132295608520507812e-01
-1.991425156593322754e-01
-1.194311141967773438e+00
-4.093655347824096680e-01
1.255673170089721680e+00
-1.013777017593383789e+00
-7.597731351852416992e-01
2.671030759811401367e-01
6.247743368148803711e-01
3.739192485809326172e-01
3.252291679382324219e-02
-1.434552669525146484e+00
3.505795001983642578e-01
4.432401061058044434e-01
-1.976531028747558594e+00
-2.543385982513427734e+00
-9.235006570816040039e-01
-1.135971784591674805e+00
-3.086999416351318359e+00
-1.397243380546569824e+00
-1.416833996772766113e+00
-1.803701162338256836e+00
-1.105244874954223633e+00
4.336180686950683594e-01
-9.719271659851074219e-01
3.557212352752685547e-01
4.954282045364379883e-01
1.520278453826904297e+00
2.282899916172027588e-01
-8.915957212448120117e-01
-2.010231256484985352e+00
-4.210903644561767578e-01
1.089476108551025391e+00
-5.506360530853271484e-02
5.894076824188232422e-02
-3.793974399566650391e+00
-6.269977092742919922e+00
6.420814990997314453e-02
-3.991813063621520996e-01
-1.637984275817871094e+00
-4.383856058120727539e-01
8.256584405899047852e-02
-2.241863489151000977e+00
1.870673596858978271e-01
-1.496724367141723633e+00
-2.038025856018066406e-02
-8.013762831687927246e-01
-6.775133609771728516e-01
6.012643575668334961e-01
8.343124389648437500e-02
-1.461965799331665039e+00
-9.281549453735351562e-01
-2.715418338775634766e-01
-1.344530940055847168e+00
-1.003956675529479980e+00
-1.000249624252319336e+00
-4.048604965209960938e-01
2.575912475585937500e+00
-9.590246081352233887e-01
2.953405380249023438e-01
8.578405976295471191e-01
-1.614336967468261719e-01
7.368147373199462891e-01
-2.971759557723999023e+00
-7.402758598327636719e-01
-3.041598796844482422e+00
7.385389804840087891e-01
-2.535387277603149414e-01
-7.810009717941284180e-01
-1.103081703186035156e+00
-1.277753949165344238e+00
2.711181044578552246e-01
-5.089306831359863281e-02
-1.305132627487182617e+00
-8.314063549041748047e-01
-7.503174543380737305e-01
2.355544567108154297e-01
-2.167212963104248047e-02
-5.319863557815551758e-01
-3.163949251174926758e-01
5.994615554809570312e-01
1.002885103225708008e-01
-1.378697276115417480e+00
-4.660570621490478516e-01
7.063473463058471680e-01
-1.633309721946716309e-01
2.312086820602416992e-01
-5.847278833389282227e-01
4.064227342605590820e-01
-2.961397171020507812e-01
8.835394382476806641e-01
-6.251461505889892578e-01
-2.188746929168701172e+00
2.025326490402221680e-01
-2.834078788757324219e+00
-1.059897899627685547e+00
-1.805705785751342773e+00
-2.059216976165771484e+00
-1.936079263687133789e+00
-7.049171924591064453e-01
1.824110746383666992e+00
1.210174679756164551e+00
-1.465096473693847656e+00
-8.927698135375976562e-01
9.646859765052795410e-01
-8.341590166091918945e-01
1.432518362998962402e+00
-4.601908922195434570e-01
-4.601833224296569824e-01
-1.773882746696472168e+00
-5.492690205574035645e-01
5.896971225738525391e-01
4.472105503082275391e-01
6.143265962600708008e-01
-4.752180576324462891e-01
-6.790628433227539062e-01
-1.437509059906005859e+00
-7.397509813308715820e-01
3.158458471298217773e-01
-6.976306438446044922e-02
-6.437822580337524414e-01
-2.853394985198974609e+00
-1.365417957305908203e+00
9.290845990180969238e-01
3.340921998023986816e-01
8.260797262191772461e-01
-1.729698538780212402e+00
4.494519233703613281e-01
-8.966463804244995117e-01
-7.049405574798583984e-01
8.236434459686279297e-01
7.303015589714050293e-01
1.124378442764282227e-01
8.421621918678283691e-01
-1.216416001319885254e+00
-1.187163591384887695e+00
-1.406774878501892090e+00
-1.523167133331298828e+00
5.059437751770019531e-01
-4.100104570388793945e-01
-4.087786674499511719e-01
-1.281940698623657227e+00
1.963185071945190430e-01
7.079152464866638184e-01
5.858324170112609863e-01
4.859471321105957031e-02
2.231251895427703857e-01
-9.281691551208496094e+00
-1.139506936073303223e+00
-8.610886931419372559e-01
4.666363596916198730e-01
4.274749755859375000e-02
-3.944451212882995605e-01
-1.438826203346252441e+00
-9.271050095558166504e-01
6.930325031280517578e-01
7.035453915596008301e-01
-8.948209285736083984e-01
2.495006322860717773e-01
-9.243867397308349609e-01
-1.179093122482299805e+00
6.245994567871093750e-01
-5.661920309066772461e-01
-1.199578523635864258e+00
-6.955615282058715820e-01
-1.032162547111511230e+00
-3.333189487457275391e-01
-5.187215805053710938e-01
6.550067663192749023e-01
-1.134754180908203125e+00
-1.653517484664916992e+00
-3.188046216964721680e-01
-2.190560817718505859e+00
-9.208292961120605469e-01
-4.277034699916839600e-01
-6.594794988632202148e-01
-1.938550710678100586e+00
-7.555770874023437500e-02
2.946988940238952637e-01
-6.067863702774047852e-01
-4.233835935592651367e-01
4.866671562194824219e-02
8.396523594856262207e-01
-1.581177711486816406e-01
8.332145214080810547e-02
-1.569064855575561523e-01
1.671314239501953125e-02
-1.359508037567138672e+00
-2.168277740478515625e+00
-1.462533235549926758e+00
6.343495845794677734e-01
-3.543515801429748535e-01
8.752822875976562500e-01
-1.051964759826660156e+00
-6.286424398422241211e-01
1.236647009849548340e+00
7.730469107627868652e-03
-6.868481636047363281e-03
-4.731671810150146484e-01
1.027847170829772949e+00
-4.748071432113647461e-01
4.976705312728881836e-01
1.764909625053405762e-01
-3.800693750381469727e-01
2.786321640014648438e-01
-7.306311130523681641e-01
1.754547357559204102e-01
-5.419427752494812012e-01
2.221937179565429688e-01
1.370458602905273438e-01
-7.378351688385009766e-02
-1.381011009216308594e-01
-1.282348632812500000e+00
-6.392201185226440430e-01
-8.383405208587646484e-01
5.036711692810058594e-02
1.215755224227905273e+00
1.982177495956420898e-01
-3.509505987167358398e-01
-1.187715172767639160e+00
-3.446912169456481934e-01
-9.641008377075195312e-01
-4.178317189216613770e-01
-4.296350479125976562e-02
-1.156484603881835938e+00
1.529520750045776367e+00
-6.549310088157653809e-01
-5.267351865768432617e-01
2.186489105224609375e-02
-6.619901657104492188e-01
1.318851947784423828e+00
-1.360213756561279297e+00
-1.286067724227905273e+00
-1.414658546447753906e+00
-3.885734081268310547e-01
-1.299405097961425781e+00
-1.745522022247314453e-01
-6.992417573928833008e-01
-7.198373079299926758e-01
-1.258301734924316406e-01
1.037836074829101562e-01
