1.655356884002685547e-01
3.720765113830566406e-01
-3.362612724304199219e-01
-7.169512510299682617e-01
-1.537186622619628906e+00
-2.823116779327392578e-01
-1.252226710319519043e+00
-5.939639806747436523e-01
-3.446608781814575195e-01
-3.036546707153320312e-01
7.381987571716308594e-02
3.793603181838989258e-01
-1.889880180358886719e+00
-1.194580554962158203e+00
-7.497215270996093750e-02
-1.908352375030517578e-01
-1.544847249984741211e+00
-1.757362782955169678e-01
-1.294006466865539551e+00
-9.093768596649169922e-01
1.399821877479553223e+00
9.471973180770874023e-01
6.108225584030151367e-01
-6.825832724571228027e-01
-9.386683702468872070e-01
-2.664282321929931641e-01
-2.436708927154541016e+00
-2.194735765457153320e+00
1.398573040962219238e+00
-1.175600767135620117e+00
-4.552433013916015625e+00
7.783552408218383789e-01
-6.308674812316894531e-02
-1.114371657371520996e+00
1.225630640983581543e+00
4.937177896499633789e-01
-1.251452922821044922e+00
2.317404747009277344e-02
-1.233684897422790527e+00
3.088228106498718262e-01
5.921602249145507812e-03
6.044256687164306641e-01
1.500498056411743164e-01
4.940571486949920654e-01
-1.964509248733520508e+00
-1.501101732254028320e+00
-6.446869373321533203e-01
2.996925711631774902e-01
-1.138164281845092773e+00
-2.086024999618530273e+00
-9.472050666809082031e-01
2.773077487945556641e+00
-3.313237428665161133e-01
4.755926132202148438e-02
-1.433783769607543945e+00
-1.172130465507507324e+00
1.636400222778320312e-01
-1.185455679893493652e+00
4.762327671051025391e-02
-1.392373323440551758e+00
-1.900027394294738770e-01
-7.681493759155273438e-01
-6.114428043365478516e-01
3.919506669044494629e-01
-1.574939846992492676e+00
1.216729879379272461e-01
4.731091856956481934e-01
-4.743120074272155762e-01
-3.424181938171386719e+00
-8.386677503585815430e-01
-3.869754672050476074e-01
5.077947378158569336e-01
1.621043682098388672e-01
-1.552982568740844727e+00
-5.416393280029296875e-03
4.404121637344360352e-01
-2.359722852706909180e-01
-1.049887895584106445e+00
-7.603258490562438965e-01
-2.479526519775390625e+00
-9.408947825431823730e-01
-4.110655784606933594e-01
-7.065646648406982422e-01
-9.920370578765869141e-02
1.375086307525634766e-01
-2.447350978851318359e+00
-5.103437900543212891e-01
-3.965713977813720703e-01
7.663118839263916016e-02
2.070002555847167969e-01
-9.794831275939941406e-01
-6.928341388702392578e-01
5.995059013366699219e-01
1.634124755859375000e+00
-5.180535316467285156e-01
-1.345188975334167480e+00
1.039426088333129883e+00
2.749603986740112305e-01
7.626547217369079590e-01
-1.602652430534362793e+00
6.776040792465209961e-01
-2.136814117431640625e+00
-3.269544243812561035e-02
2.093602180480957031e+00
-3.853159546852111816e-01
-1.417487859725952148e+00
2.403082847595214844e-01
-5.959978103637695312e-01
-2.589464187622070312e-03
-4.938538074493408203e-01
-5.217825770378112793e-01
-5.472847223281860352e-01
-2.037074565887451172e+00
-8.300148248672485352e-01
-5.828174352645874023e-01
-1.497485995292663574e+00
-6.020942926406860352e-01
2.517324686050415039e-01
-2.465012073516845703e+00
4.937592148780822754e-01
1.313179731369018555e-01
-4.841337203979492188e+00
-5.013428330421447754e-01
3.485429286956787109e-01
-6.220550537109375000e-01
-9.579396247863769531e-02
-6.132963299751281738e-01
-2.438733577728271484e-01
2.330425381660461426e-01
7.906832695007324219e-01
-1.803398609161376953e+00
8.980956077575683594e-01
-4.407603144645690918e-01
-5.851168632507324219e-01
-7.175530791282653809e-01
-6.813256740570068359e-01
-2.133786678314208984e+00
-2.833273410797119141e+00
5.730717182159423828e-01
-1.067379713058471680e+00
-1.742757320404052734e+00
-5.624759197235107422e-01
-1.086189270019531250e+00
-1.687788486480712891e+00
-1.065203428268432617e+00
6.278324127197265625e-01
-1.200006246566772461e+00
-6.915616989135742188e-01
-4.051247835159301758e-01
-1.790917873382568359e+00
-9.409470558166503906e-01
-1.252031207084655762e+00
-1.869642734527587891e-02
-5.267294645309448242e-01
-7.572609186172485352e-01
4.297541379928588867e-01
1.503001749515533447e-01
-3.436658382415771484e+00
1.245408892631530762e+00
-1.922244787216186523e+00
4.191935062408447266e-01
5.331441164016723633e-01
-2.317812442779541016e-01
-1.451813459396362305e+00
-8.340387344360351562e-01
-1.091510772705078125e+00
-3.509014844894409180e-01
-6.459396481513977051e-01
-2.755128741264343262e-01
9.762954711914062500e-02
-6.144926548004150391e-01
1.020520687103271484e+00
-7.686438560485839844e-01
-1.096142768859863281e+00
7.011377811431884766e-01
2.954919934272766113e-01
-5.114598274230957031e-01
-1.575633525848388672e+00
-1.126700401306152344e+00
1.044883608818054199e+00
-9.349638223648071289e-01
5.125981569290161133e-02
-2.541880607604980469e-01
1.075401544570922852e+00
-7.051868438720703125e-01
-1.803358674049377441e+00
-3.682522773742675781e-01
-1.149179935455322266e-01
-1.616522789001464844e+00
-1.110401630401611328e+00
8.645620346069335938e-01
8.787400722503662109e-01
-1.060826063156127930e+00
6.877590417861938477e-01
5.425521135330200195e-01
-2.688086032867431641e+00
-4.664649963378906250e-01
-1.636431097984313965e+00
-3.961078643798828125e+00
2.064664363861083984e+00
-2.470107674598693848e-01
8.496093750000000000e-02
4.904825687408447266e-01
-2.198409080505371094e+00
8.730463981628417969e-01
-1.956562876701354980e+00
-1.404204368591308594e-01
9.860022068023681641e-01
1.514350652694702148e+00
-1.143335580825805664e+00
7.446643114089965820e-01
2.368556261062622070e-01
-6.299518346786499023e-01
-1.300929784774780273e-01
-1.303745508193969727e+00
-2.846941947937011719e-01
1.112592220306396484e-01
-5.174292922019958496e-01
-1.810541272163391113e+00
2.477110862731933594e+00
-7.097165584564208984e-01
8.880345821380615234e-01
2.504601478576660156e-01
-7.999795675277709961e-02
-2.160535097122192383e+00
-2.196363687515258789e+00
-1.763365417718887329e-02
-1.287870407104492188e+00
3.883491754531860352e-01
1.381546497344970703e+00
-1.995844841003417969e-01
-6.366735696792602539e-01
-1.392888545989990234e+00
-2.528415918350219727e-01
-5.244505405426025391e-02
-2.650262117385864258e-01
-7.502390742301940918e-01
-1.559339761734008789e-01
5.928398370742797852e-01
-1.361280202865600586e+00
-9.009611606597900391e-01
8.714518547058105469e-01
1.539348363876342773e+00
-1.514288187026977539e-01
-8.350303173065185547e-01
-9.318809509277343750e-01
2.808802127838134766e-01
-8.874614238739013672e-01
5.319397449493408203e-01
4.857105910778045654e-01
1.506466388702392578e+00
-8.477857112884521484e-01
1.017088651657104492e+00
-1.539826631546020508e+00
2.383100986480712891e-01
-8.588498830795288086e-01
1.173758506774902344e-01
-3.655105233192443848e-01
8.543124198913574219e-01
-2.912541627883911133e-01
5.355668067932128906e-01
-6.501770019531250000e-01
-1.753928661346435547e+00
-7.386636734008789062e-02
-1.075948119163513184e+00
4.774552583694458008e-01
-2.448792457580566406e-01
2.752125263214111328e-02
9.115515947341918945e-01
8.433227539062500000e-01
-7.961912751197814941e-01
-2.455568552017211914e+00
4.782414436340332031e-02
-1.165835618972778320e+00
-2.727956771850585938e+00
1.752121448516845703e-01
-1.084078788757324219e+00
8.368594646453857422e-01
-7.965171933174133301e-01
-7.908248901367187500e-01
3.274167776107788086e-01
-1.462953567504882812e+00
-1.135318040847778320e+00
-1.557888984680175781e-01
-4.074613451957702637e-01
-2.152740955352783203e+00
-3.350126743316650391e+00
-1.828553676605224609e-01
2.788311839103698730e-01
-1.558680534362792969e-01
-9.932949542999267578e-01
5.773843526840209961e-01
-9.855836629867553711e-01
4.036227464675903320e-01
-6.940324902534484863e-01
-1.400787353515625000e+00
1.347174882888793945e+00
-2.340267658233642578e+00
2.550770044326782227e-01
-8.811984062194824219e-01
-2.923564910888671875e+00
-9.909338951110839844e-01
-1.133390903472900391e+00
2.649542331695556641e+00
-1.529978752136230469e+00
-4.753545522689819336e-01
-1.349609732627868652e+00
-2.330135703086853027e-01
1.138668060302734375e+00
5.518852472305297852e-01
5.411186218261718750e-01
1.272928714752197266e-02
-1.534496188163757324e+00
-1.047363281250000000e+00
-1.932222247123718262e-01
-1.764193773269653320e-01
-1.221807599067687988e+00
-4.413295984268188477e-01
-9.520004987716674805e-01
1.433272480964660645e+00
-6.746888160705566406e-02
-1.236966967582702637e+00
-7.152715921401977539e-01
-8.988678455352783203e-01
-1.810226440429687500e-01
-6.993813514709472656e-01
-1.519639372825622559e+00
3.974033594131469727e-01
-2.311532795429229736e-01
1.886073350906372070e-01
-8.416758179664611816e-01
-1.402413010597229004e+00
1.031254529953002930e-01
-4.240790605545043945e-01
-8.997631072998046875e-01
7.038283944129943848e-01
3.508804738521575928e-01
-1.473997831344604492e-01
1.078451275825500488e+00
-3.456015586853027344e-01
-1.593251824378967285e+00
-4.586719274520874023e-01
-3.115729331970214844e+00
-1.357314586639404297e-01
1.733382940292358398e-01
4.904469847679138184e-02
-1.691544771194458008e+00
7.341217994689941406e-02
-1.743829965591430664e+00
-1.016943573951721191e+00
-2.532576322555541992e-01
-5.499287843704223633e-01
4.969439506530761719e-01
1.032512903213500977e+00
7.373539209365844727e-01
2.510870695114135742e-01
7.398254871368408203e-01
8.565200567245483398e-01
9.685593843460083008e-02
-2.190180778503417969e+00
-4.499142169952392578e-01
1.785922050476074219e-01
-8.862317800521850586e-01
1.405426025390625000e+00
-1.751413345336914062e-01
1.630142927169799805e-01
-6.491655111312866211e-01
-1.727778077125549316e+00
-1.676039695739746094e+00
-2.790759086608886719e+00
1.605418920516967773e-01
-7.986974120140075684e-01
-7.783945202827453613e-01
8.951485157012939453e-02
-5.606478452682495117e-01
-2.069725990295410156e-01
-1.635787725448608398e+00
-1.019198775291442871e+00
-3.559243083000183105e-01
-2.373211383819580078e+00
5.682114362716674805e-01
-2.101421356201171875e-02
8.796317577362060547e-01
-2.178619503974914551e-01
-1.606483459472656250e+00
-5.639404058456420898e-01
4.142358899116516113e-01
-1.336553096771240234e-01
-8.502608537673950195e-01
8.377990722656250000e-01
4.948509931564331055e-01
-4.352265596389770508e-01
1.845476031303405762e-01
-3.680005788803100586e+00
-7.060664892196655273e-02
-3.084182739257812500e-02
3.523235321044921875e-01
-5.949847698211669922e-01
-1.102967262268066406e+00
-1.982760429382324219e-02
-1.376242876052856445e+00
-1.129225015640258789e+00
-2.608830928802490234e-01
4.228367805480957031e-01
4.230427742004394531e-02
-1.420427322387695312e+00
1.194642543792724609e+00
-7.529336810111999512e-01
4.349319934844970703e-01
4.233933687210083008e-01
-2.013530731201171875e+00
1.056678414344787598e+00
-2.199156284332275391e-01
-3.373373508453369141e+00
-9.963655471801757812e-01
-1.048336267471313477e+00
-7.002905607223510742e-01
-2.660263299942016602e+00
-2.017172336578369141e+00
1.933626830577850342e-01
-2.571240186691284180e+00
9.563190340995788574e-01
3.427549600601196289e-01
4.007816314697265625e-03
-5.616076588630676270e-01
-5.044080018997192383e-01
8.717642426490783691e-01
1.348506450653076172e+00
-6.956220865249633789e-01
-1.428108811378479004e-01
2.191836833953857422e-01
-2.488417625427246094e-01
5.206158161163330078e-01
9.217018485069274902e-01
6.117345094680786133e-01
-1.584344387054443359e+00
1.887597322463989258e+00
-1.972024440765380859e-01
6.145355701446533203e-01
-3.386342525482177734e-02
-1.342198133468627930e+00
-8.112907409667968750e-03
1.081306934356689453e-01
1.449627280235290527e-01
-9.868025779724121094e-01
-2.150287926197052002e-01
2.937790155410766602e-01
-7.153956890106201172e-01
-3.258321285247802734e-01
-1.860395550727844238e+00
-1.410683631896972656e+00
3.309291601181030273e-01
-4.420530796051025391e-02
-7.029470205307006836e-01
5.986297130584716797e-01
1.403760671615600586e+00
-9.442303180694580078e-01
-1.142787098884582520e+00
7.011182308197021484e-01
1.688892841339111328e-01
-1.772558689117431641e-01
4.666638374328613281e-01
1.662818193435668945e-01
3.273098468780517578e+00
-2.052473306655883789e+00
4.613218605518341064e-01
-7.314256429672241211e-01
-9.426932334899902344e-01
-8.535339236259460449e-01
4.964091777801513672e-01
-2.381762266159057617e-01
-6.097992062568664551e-01
-2.138950824737548828e+00
-5.130567550659179688e-01
-1.336361169815063477e-01
-1.317967057228088379e+00
-7.554285526275634766e-01
-1.028441905975341797e+00
-1.353102564811706543e+00
-1.629668831825256348e+00
-4.448717832565307617e-01
-1.771383881568908691e+00
-2.706980466842651367e+00
1.714525222778320312e-01
-1.014226675033569336e+00
5.090389847755432129e-01
-4.101550579071044922e-02
4.353165626525878906e-02
-4.923152923583984375e-02
-1.160087823867797852e+00
5.484521389007568359e-01
-9.999431371688842773e-01
-6.109549999237060547e-01
-1.142025232315063477e+00
-2.493619322776794434e-01
-1.319083452224731445e+00
-1.418425202369689941e+00
-5.902336239814758301e-01
2.614545822143554688e-02
3.781318664550781250e-04
3.391280174255371094e-01
-3.702546119689941406e+00
-3.694882392883300781e-01
-2.592081308364868164e+00
-4.895197153091430664e-01
-7.947726845741271973e-01
4.281016886234283447e-01
-3.452227711677551270e-01
-2.604166269302368164e-01
-2.069212675094604492e+00
-2.028214931488037109e+00
-3.682014465332031250e+00
1.518046855926513672e-01
1.757067441940307617e-01
-5.203700065612792969e-01
1.171418428421020508e-01
-4.713423252105712891e-01
-5.436447858810424805e-01
6.937648057937622070e-01
-2.331392526626586914e+00
-8.087771534919738770e-01
3.093843936920166016e+00
4.021773338317871094e-01
1.495967149734497070e+00
-2.842923641204833984e+00
-1.028546333312988281e+00
-1.115288376808166504e+00
-7.716220617294311523e-01
6.009352207183837891e-02
9.045643210411071777e-01
-9.796254634857177734e-01
5.078220367431640625e-02
6.710863113403320312e-01
-2.770125865936279297e-01
5.173786878585815430e-01
2.552633285522460938e-01
-7.055121064186096191e-01
1.015580177307128906e+00
9.569234848022460938e-01
-3.986239433288574219e-03
-1.185516953468322754e+00
-7.164860963821411133e-01
2.433505058288574219e-01
-6.134020090103149414e-01
-9.162000417709350586e-01
3.887997865676879883e-01
-5.028537511825561523e-01
-7.758285999298095703e-01
1.371561884880065918e+00
-2.423032522201538086e-01
-4.117377996444702148e-01
-6.234711408615112305e-01
-1.205046653747558594e+00
-3.601968288421630859e-01
-1.362048387527465820e+00
-6.606664657592773438e-01
1.999495506286621094e+00
-1.233899891376495361e-01
-7.067098617553710938e-01
-7.240682840347290039e-01
5.756525993347167969e-01
-1.687484979629516602e+00
-3.832092285156250000e-01
-4.297602176666259766e-01
-8.248590230941772461e-01
-3.732229471206665039e-01
-1.041366815567016602e+00
-1.317116856575012207e+00
-6.976952552795410156e-01
-1.622445344924926758e+00
4.625914096832275391e-01
1.251882553100585938e+00
-1.473477125167846680e+00
7.123482227325439453e-01
-1.667956411838531494e-01
-1.462023019790649414e+00
-3.161534070968627930e-01
-1.351753473281860352e+00
5.438578128814697266e-01
-3.265545368194580078e-01
-7.008248567581176758e-01
2.703759670257568359e-01
-1.275805354118347168e+00
-6.096078157424926758e-01
3.583436012268066406e-01
1.465120911598205566e-01
8.431504964828491211e-01
5.440706014633178711e-01
-9.516347646713256836e-01
6.851812601089477539e-01
2.002674341201782227e+00
5.925666093826293945e-01
1.283943653106689453e-01
-1.697699546813964844e+00
-2.096723079681396484e+00
-1.992903947830200195e+00
-3.351020812988281250e-01
-8.592610955238342285e-01
-1.265809774398803711e+00
-1.011394262313842773e+00
4.783637523651123047e-01
-1.443457126617431641e+00
3.728687763214111328e-02
-1.002488017082214355e+00
5.041534304618835449e-01
8.570694923400878906e-02
-3.867650032043457031e-01
-1.088644504547119141e+00
-4.360127449035644531e-01
-1.147976279258728027e+00
-3.812942504882812500e-01
2.066562175750732422e-01
-3.954415023326873779e-01
5.749285221099853516e-01
-6.140739917755126953e-01
3.004641532897949219e-01
-3.380356311798095703e+00
-7.177304029464721680e-01
7.969890832901000977e-01
-1.218601226806640625e+00
-1.787370443344116211e+00
5.199068784713745117e-02
-1.619041204452514648e+00
6.729533076286315918e-01
2.161171436309814453e-01
-6.845504045486450195e-01
-1.963704824447631836e-01
-6.562709808349609375e-03
-7.719998955726623535e-01
-8.357468843460083008e-01
5.794682502746582031e-01
-1.959926962852478027e+00
-1.466427445411682129e-01
-7.080577611923217773e-01
-3.569084405899047852e-01
-4.634380340576171875e-01
-1.388659834861755371e+00
1.835350990295410156e-01
5.257405638694763184e-01
-7.743494510650634766e-01
-5.124068260192871094e-02
-5.828127861022949219e-01
7.156645059585571289e-01
-4.262377023696899414e-01
1.013628959655761719e+00
-1.402830719947814941e+00
3.392503261566162109e-01
-2.513167858123779297e-01
-1.443519592285156250e-01
-2.631852865219116211e+00
-3.204640150070190430e-01
1.694260835647583008e-01
-2.824523448944091797e-01
-1.585383057594299316e+00
-1.338325977325439453e+00
-1.258434891700744629e+00
5.688536167144775391e-02
-1.372264623641967773e-01
-1.437471389770507812e+00
1.608349561691284180e+00
-1.720573902130126953e+00
-7.832732200622558594e-01
-1.913797855377197266e-01
-6.547393798828125000e-01
-5.570025444030761719e-01
-2.238235712051391602e+00
-2.055713653564453125e+00
-1.872758865356445312e-01
2.061283588409423828e-02
1.077904701232910156e+00
-9.392789602279663086e-01
-1.437222361564636230e-01
-1.616641402244567871e+00
-4.453190565109252930e-01
-5.078155994415283203e-01
-8.924729228019714355e-01
-1.549445986747741699e-01
-2.261586904525756836e+00
-3.907495737075805664e-01
8.162909150123596191e-01
-7.386066913604736328e-01
-4.588744163513183594e+00
3.240237712860107422e+00
6.142437458038330078e-01
-4.135585427284240723e-01
-8.519181013107299805e-01
5.432494878768920898e-01
-5.653873682022094727e-01
9.004133939743041992e-02
-8.703456521034240723e-01
-1.525650262832641602e+00
9.614430665969848633e-01
-5.095476508140563965e-01
-1.386620283126831055e+00
-2.545044898986816406e+00
-1.800868868827819824e+00
-5.487096309661865234e-02
2.569639682769775391e-02
-3.367727041244506836e+00
6.511669158935546875e-01
1.051347255706787109e-01
-1.422320127487182617e+00
4.304356276988983154e-01
-4.810106754302978516e-01
-2.299849271774291992e+00
1.272194981575012207e-01
3.917837142944335938e-02
-4.999078512191772461e-01
-1.185442328453063965e+00
-1.883534431457519531e+00
4.027104675769805908e-01
-5.972840785980224609e-01
-1.771391630172729492e-01
1.221161127090454102e+00
-1.046319961547851562e+00
-4.264093637466430664e-01
-9.875071048736572266e-02
-7.453954219818115234e-01
-4.101277828216552734e+00
5.637371540069580078e-01
-8.815436363220214844e-01
-5.972623825073242188e-01
-9.122290611267089844e-01
1.983326077461242676e-01
1.543681859970092773e+00
6.045532226562500000e-02
-1.433130264282226562e+00
-1.463153362274169922e-01
1.842588901519775391e+00
-1.676877737045288086e-01
2.036753892898559570e-01
-1.246462106704711914e+00
-1.139147639274597168e+00
-1.960288763046264648e+00
-7.782306075096130371e-01
2.845219373703002930e-01
-3.153162002563476562e-01
4.384773373603820801e-01
-2.471108436584472656e-01
-1.037948369979858398e+00
-1.454898953437805176e+00
-8.008198738098144531e-01
-1.636992692947387695e+00
-4.804742336273193359e-02
-6.680430173873901367e-01
-2.622819662094116211e+00
2.942901849746704102e-02
-1.103089928627014160e+00
7.748746871948242188e-01
6.811255812644958496e-01
2.569262981414794922e-01
-2.118806600570678711e+00
-3.875007629394531250e-01
-1.279630184173583984e+00
-1.804220676422119141e-01
-1.116605997085571289e+00
8.332734107971191406e-01
7.047659158706665039e-02
3.517242670059204102e-01
4.557019472122192383e-01
-5.234593152999877930e-01
-2.155661582946777344e-01
5.138392448425292969e-01
-5.590038299560546875e-01
-2.119488716125488281e-01
1.016670942306518555e+00
-9.357526302337646484e-01
-1.420572698116302490e-01
-9.038949012756347656e-02
-1.042553424835205078e+00
9.428507089614868164e-02
-8.971876502037048340e-01
7.902640104293823242e-02
-8.367108702659606934e-01
-2.884280681610107422e-01
-1.183923482894897461e+00
-1.913564801216125488e-01
2.247440814971923828e-01
-9.182214736938476562e-02
-3.788077533245086670e-01
-2.535942077636718750e+00
6.147302985191345215e-01
7.327079772949218750e-03
-1.004166603088378906e-01
-1.572028279304504395e+00
-1.650373935699462891e-01
3.108903169631958008e-01
-1.195396661758422852e+00
-5.314657092094421387e-01
-2.715048789978027344e-01
-1.368211269378662109e+00
7.566046714782714844e-01
5.735132694244384766e-01
-5.274291038513183594e-01
2.486435770988464355e-01
8.878666162490844727e-01
-2.139419794082641602e+00
-7.975261211395263672e-01
-9.320259094238281250e-02
2.571691513061523438e+00
2.945390343666076660e-01
-9.693399667739868164e-01
-1.418612480163574219e+00
-1.257872581481933594e-01
-3.996821641921997070e-01
-5.533467531204223633e-01
1.951185941696166992e+00
-1.289145708084106445e+00
6.005760431289672852e-01
-8.971903324127197266e-01
-7.072273492813110352e-01
1.303698658943176270e+00
9.885437488555908203e-01
-3.278198242187500000e-01
-7.330117225646972656e-01
1.011519432067871094e+00
-7.300809621810913086e-01
-7.911840081214904785e-01
6.727474927902221680e-01
-6.894836425781250000e-01
-2.882165908813476562e-01
-5.829479694366455078e-01
3.291932940483093262e-01
-4.516395330429077148e-01
3.007026910781860352e-01
-8.983887434005737305e-01
4.716011285781860352e-01
-5.159856677055358887e-01
-3.506031036376953125e-01
-1.435452103614807129e-01
-1.001000404357910156e+00
-2.970751523971557617e-01
1.192699670791625977e+00
1.494527101516723633e+00
4.305329322814941406e-01
-7.020776271820068359e-01
-1.418682813644409180e+00
-3.666242361068725586e-01
2.414143085479736328e-01
3.976964950561523438e-02
-2.576327323913574219e-02
6.403872966766357422e-01
7.585527896881103516e-01
-1.737087965011596680e+00
2.298693060874938965e-01
8.799622654914855957e-01
-1.257359385490417480e+00
-1.685564994812011719e+00
-2.893890142440795898e-01
-2.478122711181640625e-03
-1.709139347076416016e-02
1.070421695709228516e+00
-3.024273395538330078e+00
-2.890994548797607422e-01
-7.452288866043090820e-01
-7.256878614425659180e-01
-8.503234386444091797e-01
-1.564659357070922852e+00
-7.188664674758911133e-01
-3.102371096611022949e-02
1.211108446121215820e+00
-7.920014858245849609e-01
-1.082591533660888672e+00
1.179653406143188477e-01
-2.862170219421386719e+00
-7.996798753738403320e-01
-4.745287895202636719e-01
4.794421195983886719e-01
-8.056292533874511719e-01
-6.402676105499267578e-01
6.922125816345214844e-02
-5.535606741905212402e-01
-9.275925159454345703e-02
-1.634698748588562012e+00
-3.410618305206298828e-01
-1.122103691101074219e+00
-9.452299475669860840e-01
-4.293701648712158203e-01
-8.506749868392944336e-01
3.906881809234619141e-02
-1.895416140556335449e+00
8.660087585449218750e-01
-1.137372970581054688e+00
-3.765282034873962402e-01
-3.233079910278320312e-01
-3.493310809135437012e-01
-6.764709949493408203e-01
1.035637855529785156e-01
1.262706518173217773e+00
-7.449476718902587891e-01
8.018375039100646973e-01
-1.344206333160400391e+00
-8.982962965965270996e-01
-2.404237985610961914e-01
-1.658515572547912598e+00
-8.427307605743408203e-01
-7.396843433380126953e-01
-7.162073850631713867e-01
-9.780490398406982422e-02
-3.746763467788696289e+00
-1.415768146514892578e+00
-2.536734580993652344e+00
-9.683607816696166992e-01
1.555944681167602539e-01
-3.000127792358398438e+00
-2.726308107376098633e-01
8.915380835533142090e-01
-6.603025197982788086e-01
-2.034077644348144531e-01
-1.163058042526245117e+00
