2.824821472167968750e+00
-2.011847972869873047e+00
1.894901394844055176e+00
1.150419116020202637e+00
-6.287075877189636230e-01
-7.549544572830200195e-01
7.886568307876586914e-01
-5.171680450439453125e-02
-1.040041446685791016e-03
5.492441058158874512e-01
-1.747767210006713867e+00
4.499241113662719727e-01
-8.615620136260986328e-01
3.058207511901855469e+00
8.991320133209228516e-01
1.062887430191040039e+00
-5.735388398170471191e-01
5.000000000000000000e+00
1.596722602844238281e+00
1.747928380966186523e+00
8.898932933807373047e-01
3.502358198165893555e+00
-8.377064466476440430e-01
-7.867343425750732422e-01
1.430162429809570312e+00
1.339537382125854492e+00
-1.745993256568908691e+00
1.484417915344238281e-01
2.004292011260986328e-01
-5.717899799346923828e-01
1.063635230064392090e+00
6.429028511047363281e-02
4.746713638305664062e+00
4.721114158630371094e+00
-6.216982603073120117e-01
4.691638946533203125e+00
4.313083648681640625e+00
1.905488371849060059e-01
-6.801909208297729492e-01
-3.617231845855712891e-01
-2.351890802383422852e-01
2.432475566864013672e+00
3.766030073165893555e-01
1.257010579109191895e+00
-1.479376196861267090e+00
-1.735371708869934082e+00
7.847013473510742188e-01
1.322808027267456055e+00
-6.622359156608581543e-01
7.279211282730102539e-01
-4.738130569458007812e-01
-2.557934522628784180e+00
2.462481498718261719e+00
4.335858345031738281e+00
7.629289627075195312e-01
2.252717494964599609e+00
-7.489513158798217773e-01
1.241590023040771484e+00
-2.351752519607543945e-01
1.123633861541748047e+00
1.872692108154296875e-01
1.256990432739257812e+00
-3.044637441635131836e+00
-7.035919427871704102e-01
-9.871606826782226562e-01
3.157416582107543945e-01
3.765362739562988281e+00
-1.065897822380065918e+00
8.284915089607238770e-01
-2.097108364105224609e+00
1.371954798698425293e+00
-4.175528287887573242e-01
4.282804965972900391e+00
1.100049018859863281e-01
2.664079189300537109e+00
-3.606978654861450195e-01
3.284341096878051758e-02
2.299961090087890625e+00
5.724812746047973633e-01
1.288145780563354492e+00
1.608780324459075928e-01
-1.121425032615661621e+00
7.558006048202514648e-02
5.000000000000000000e+00
-4.509984850883483887e-01
-7.930120825767517090e-01
3.711113929748535156e-01
1.635059595108032227e+00
4.958083152770996094e+00
7.154885530471801758e-01
1.917981266975402832e+00
3.919892311096191406e+00
-1.305248737335205078e+00
1.197627544403076172e+00
-1.925339698791503906e-01
2.309733867645263672e+00
-2.022004127502441406e-01
1.239737272262573242e-01
3.711013317108154297e+00
2.186184406280517578e+00
2.377963066101074219e-02
5.402228236198425293e-01
3.416964054107666016e+00
4.303250312805175781e+00
-1.212589502334594727e+00
-3.606982231140136719e-01
9.886589050292968750e-01
6.749942302703857422e-01
5.000000000000000000e+00
7.445286512374877930e-01
9.760764241218566895e-01
-6.185555458068847656e-01
-1.790785789489746094e-01
1.526017785072326660e+00
-3.245289325714111328e-01
1.210911273956298828e-01
-7.853406667709350586e-01
9.170234203338623047e-01
1.694960236549377441e+00
1.060842871665954590e-01
-1.643268942832946777e+00
2.896297454833984375e+00
1.052794575691223145e+00
-2.886852025985717773e-01
4.906300544738769531e+00
1.403641700744628906e-02
-1.663851141929626465e+00
-1.164808273315429688e+00
-1.885714530944824219e+00
8.653134107589721680e-01
-2.499639749526977539e+00
-1.156387329101562500e-01
-1.309129595756530762e-01
7.876638770103454590e-01
-5.153394937515258789e-01
1.786670684814453125e+00
1.055593848228454590e+00
8.598675727844238281e-01
3.378527164459228516e-01
-1.041464567184448242e+00
-9.700396656990051270e-02
1.410456180572509766e+00
1.503658652305603027e+00
5.479007959365844727e-01
-3.928232192993164062e-02
-7.532691955566406250e-01
4.851058483123779297e+00
3.194268941879272461e-01
-3.371660709381103516e-01
-1.569938659667968750e-02
6.676092147827148438e-01
-1.907051801681518555e-01
-2.302983999252319336e-01
-1.998224258422851562e-01
-1.188240051269531250e-01
4.171797335147857666e-01
4.177007675170898438e-01
1.444847583770751953e-01
5.000000000000000000e+00
-2.185255289077758789e-01
-9.239270687103271484e-01
9.544901847839355469e-01
3.934746265411376953e+00
7.938847541809082031e-01
-1.706420302391052246e+00
-2.140368223190307617e-01
2.496274709701538086e-01
2.017307281494140625e-02
9.952867031097412109e-01
1.508058667182922363e+00
-3.976038098335266113e-01
1.623052239418029785e+00
2.097852468490600586e+00
-1.483035087585449219e-01
-5.699928998947143555e-01
-3.581130504608154297e-01
2.991993427276611328e-01
1.851084232330322266e-01
3.202458620071411133e+00
-1.865659952163696289e-01
3.384253740310668945e+00
5.000000000000000000e+00
-1.495546102523803711e+00
9.247603416442871094e-01
1.206490278244018555e+00
1.206690788269042969e+00
-4.202788472175598145e-01
1.131457090377807617e+00
-4.502875804901123047e-01
4.358025193214416504e-01
-1.898665428161621094e-01
2.323623180389404297e+00
5.309479236602783203e-01
-6.030398607254028320e-01
1.192659378051757812e+00
-4.010500311851501465e-01
-3.103157877922058105e-01
-9.914771914482116699e-01
5.000000000000000000e+00
5.000000000000000000e+00
4.629870414733886719e+00
4.275847911834716797e+00
3.269103765487670898e+00
8.359663486480712891e-01
-2.679824829101562500e-02
-5.003690719604492188e-02
-3.180568218231201172e-01
1.424776315689086914e+00
-2.096222043037414551e-01
-1.625735759735107422e-01
2.916564941406250000e+00
4.844427108764648438e-03
5.000000000000000000e+00
-5.430545806884765625e-01
1.113851070404052734e-01
-2.167243957519531250e-01
-5.152707099914550781e-01
1.912903547286987305e+00
4.180649757385253906e+00
-1.232557535171508789e+00
4.170162200927734375e+00
4.466931343078613281e+00
1.537871718406677246e+00
-1.904917001724243164e+00
-7.767367362976074219e-02
3.119919598102569580e-01
4.802743434906005859e+00
4.601407051086425781e+00
8.779907822608947754e-01
1.290653467178344727e+00
-3.176535964012145996e-01
1.630499362945556641e-01
2.760387659072875977e-01
1.438498258590698242e+00
2.452832937240600586e+00
6.076931953430175781e-01
4.012044429779052734e+00
1.230556488037109375e+00
1.559157371520996094e-01
4.089312076568603516e+00
5.000000000000000000e+00
3.054372072219848633e-01
-3.388770341873168945e+00
4.977102279663085938e+00
-5.464742183685302734e-01
3.138217926025390625e+00
-2.776657938957214355e-01
-1.155327320098876953e+00
2.295238971710205078e-01
1.241694927215576172e+00
3.443658590316772461e+00
2.794551849365234375e-02
3.906440258026123047e+00
4.528270244598388672e+00
1.896547794342041016e+00
2.788011789321899414e+00
6.137205362319946289e-01
7.561417818069458008e-01
-8.313314914703369141e-01
-5.251286029815673828e-01
1.746995210647583008e+00
3.992645740509033203e+00
1.679500043392181396e-01
-9.249773025512695312e-01
9.290584325790405273e-01
3.385633707046508789e+00
3.498697280883789062e+00
2.879242897033691406e+00
-1.199633359909057617e+00
5.000000000000000000e+00
-9.444403648376464844e-02
3.265915811061859131e-01
3.293089270591735840e-01
-9.830330610275268555e-01
4.931244850158691406e-01
-1.681745052337646484e-02
2.891361713409423828e-01
-1.163656353950500488e+00
1.261120080947875977e+00
-2.404191493988037109e+00
-2.442401647567749023e+00
-3.186786770820617676e-01
4.719271659851074219e+00
-9.057899117469787598e-01
2.323910713195800781e+00
3.787563800811767578e+00
-3.443775177001953125e-01
-1.821133971214294434e+00
1.246255278587341309e+00
5.839177370071411133e-01
-5.650144219398498535e-01
-3.714874982833862305e-01
2.173961400985717773e-01
1.772342562675476074e+00
-1.012754440307617188e-01
6.626808643341064453e-02
-5.525742769241333008e-01
1.014433860778808594e+00
1.885946989059448242e-01
-1.006609201431274414e-01
1.204215288162231445e-01
-6.944773197174072266e-01
-9.737365245819091797e-01
2.128130495548248291e-01
5.795276165008544922e-01
1.829176902770996094e+00
-8.334889411926269531e-01
4.074158668518066406e-01
-4.838247299194335938e-01
1.450419425964355469e-02
1.335713982582092285e+00
-8.747488260269165039e-01
1.004845023155212402e+00
2.053258657455444336e+00
8.672045469284057617e-01
2.848204374313354492e+00
-1.117761850357055664e+00
1.286559224128723145e+00
1.309987306594848633e-01
-1.279757618904113770e-01
1.484249234199523926e+00
4.956578016281127930e-01
-9.458398818969726562e-01
2.361840009689331055e-01
1.173365712165832520e-01
-2.580381631851196289e-01
-5.366593599319458008e-01
1.542607545852661133e-01
2.525306940078735352e-01
1.922839879989624023e-02
3.690668344497680664e+00
2.324746131896972656e+00
-1.327562451362609863e+00
-1.203203916549682617e+00
1.370666146278381348e+00
-6.731679439544677734e-01
2.656928300857543945e-01
3.178561925888061523e-01
1.563558816909790039e+00
1.641869544982910156e+00
-1.647680997848510742e-02
-1.868423223495483398e-01
3.691764593124389648e+00
8.056932687759399414e-01
-1.710391044616699219e-01
6.546547412872314453e-01
5.567526817321777344e-01
3.884582042694091797e+00
5.720702409744262695e-01
9.771951436996459961e-01
3.275547027587890625e-01
4.567850828170776367e-01
-2.749305367469787598e-01
4.718283653259277344e+00
1.115017652511596680e+00
2.875166893005371094e+00
1.529810130596160889e-01
-4.242933988571166992e-01
-9.620752930641174316e-01
3.191597461700439453e-01
-5.856297016143798828e-01
-3.500036597251892090e-01
5.347990989685058594e-01
1.271599292755126953e+00
8.287180662155151367e-01
-1.640069723129272461e+00
-5.122916698455810547e-01
-5.185614824295043945e-01
4.879337310791015625e+00
1.851842403411865234e-01
5.181005001068115234e-01
3.683861017227172852e+00
7.234710454940795898e-01
5.909599065780639648e-01
-1.907436370849609375e+00
-7.932150363922119141e-01
4.631464481353759766e-01
-5.820184946060180664e-01
-2.231289744377136230e-01
3.694224357604980469e-02
7.219056487083435059e-01
-1.605244278907775879e+00
4.618609428405761719e+00
1.506345152854919434e+00
5.000000000000000000e+00
-1.836048603057861328e+00
-3.476284742355346680e-01
6.700618267059326172e-01
-2.249377727508544922e+00
-3.642344474792480469e-01
1.830570936203002930e+00
5.000000000000000000e+00
-1.116171479225158691e+00
1.466539949178695679e-01
1.550276041030883789e+00
1.105039715766906738e+00
3.660403728485107422e+00
-6.344572305679321289e-01
7.139167785644531250e-01
1.912546277046203613e+00
7.026755809783935547e-01
2.238135337829589844e-01
-1.228535175323486328e-02
-9.928946495056152344e-01
9.690269231796264648e-01
7.614731788635253906e-01
1.639662504196166992e+00
-2.937823534011840820e+00
2.675373554229736328e+00
-1.297541856765747070e+00
5.000000000000000000e+00
-5.576831102371215820e-02
1.414311289787292480e+00
-1.622158288955688477e+00
-1.095566511154174805e+00
5.000000000000000000e+00
3.870564699172973633e-01
-1.257144689559936523e+00
-1.944189429283142090e+00
9.171830415725708008e-01
-7.685589790344238281e-02
3.685837745666503906e+00
-8.640785217285156250e-01
-1.943488121032714844e-01
1.120049715042114258e+00
-1.457910537719726562e-01
-8.521262407302856445e-01
4.022521376609802246e-01
2.887559175491333008e+00
1.380681753158569336e+00
-5.467357635498046875e-01
9.089252352714538574e-01
7.421293258666992188e-01
2.043734550476074219e+00
-1.653713822364807129e+00
3.768023729324340820e+00
6.889561414718627930e-01
-3.385984897613525391e-02
3.034995794296264648e-01
-1.429437041282653809e+00
-2.576773166656494141e+00
-1.318722724914550781e+00
9.653837680816650391e-01
2.216492891311645508e-01
-1.165853619575500488e+00
-6.779799461364746094e-01
7.523455023765563965e-01
4.586434364318847656e-02
3.475855112075805664e+00
8.089401721954345703e-01
1.627531051635742188e-01
1.233834028244018555e-01
2.113172769546508789e+00
5.635194778442382812e-01
1.600531041622161865e-01
-6.981074810028076172e-01
4.716778993606567383e-01
-4.119325876235961914e-01
-9.559502601623535156e-01
7.514925003051757812e-01
4.203679561614990234e-01
5.781767368316650391e-01
1.632859706878662109e+00
-5.287375450134277344e-01
-5.015860795974731445e-01
1.645500659942626953e+00
4.878215312957763672e+00
2.740944385528564453e+00
6.486606597900390625e-02
3.059238195419311523e-01
-1.203153610229492188e+00
-8.088777065277099609e-01
4.791681766510009766e-01
-5.646359920501708984e-02
1.363209009170532227e+00
7.006776332855224609e-02
4.955426692962646484e+00
-2.827590703964233398e-01
-1.510872602462768555e+00
1.413243412971496582e-01
2.679282188415527344e+00
-2.969147920608520508e+00
2.559573650360107422e-01
-8.293294906616210938e-02
-1.583044171333312988e+00
2.118690013885498047e-01
4.300964832305908203e+00
3.198821544647216797e-01
3.774056434631347656e+00
1.733819484710693359e+00
4.975981712341308594e-01
3.369066238403320312e+00
4.009378433227539062e+00
1.513663053512573242e+00
4.086521625518798828e+00
1.402808427810668945e+00
4.969133377075195312e+00
2.146840244531631470e-01
-1.369126200675964355e+00
3.882077038288116455e-01
4.993409812450408936e-01
5.819052457809448242e-02
2.334334850311279297e-01
1.788718700408935547e+00
-2.587054014205932617e+00
4.866567254066467285e-01
2.338590145111083984e+00
-4.643093347549438477e-01
3.766764402389526367e-01
-7.581695914268493652e-01
-8.563461303710937500e-01
-2.313572168350219727e-01
1.536757946014404297e+00
6.461950540542602539e-01
3.356688022613525391e-01
-2.647246599197387695e+00
3.211215972900390625e+00
-3.547211885452270508e+00
-1.280565381050109863e+00
-8.881080150604248047e-01
-1.397361755371093750e-01
1.192599296569824219e+00
-5.152733325958251953e-01
4.399589598178863525e-01
3.660976409912109375e+00
3.645206689834594727e-01
1.657389402389526367e-01
1.015442609786987305e-01
-1.000485062599182129e+00
2.993041515350341797e+00
1.241948604583740234e-01
1.436436474323272705e-01
-1.631036996841430664e-01
-2.058447003364562988e-01
4.139075279235839844e-01
1.353529930114746094e+00
2.112320423126220703e+00
-6.197571754455566406e-02
-6.624617576599121094e-01
9.412344694137573242e-01
4.060492992401123047e+00
-9.002597928047180176e-01
-1.648592948913574219e-02
1.099013388156890869e-01
-1.259338736534118652e+00
1.511058807373046875e-01
3.294512033462524414e-01
2.325588464736938477e-01
4.489673137664794922e+00
-1.580996036529541016e+00
2.487343788146972656e+00
-1.032316684722900391e+00
2.068210363388061523e+00
5.782747268676757812e-01
8.678803443908691406e-01
1.150477170944213867e+00
2.922264575958251953e+00
-1.674765825271606445e+00
-4.357864856719970703e-01
1.695183813571929932e-01
4.210764169692993164e-01
-1.037134647369384766e+00
2.011016011238098145e-02
2.009522438049316406e+00
-3.913251459598541260e-01
2.188117027282714844e+00
2.291489124298095703e+00
3.632356166839599609e+00
-4.012572765350341797e-01
4.578933238983154297e+00
-1.300935506820678711e+00
-2.226930260658264160e-01
-7.065217494964599609e-01
-2.916479587554931641e+00
-1.017848849296569824e-01
1.848126053810119629e+00
1.568267583847045898e+00
5.000000000000000000e+00
1.503984689712524414e+00
2.115424156188964844e+00
-2.509847283363342285e-01
-1.962573528289794922e-01
-1.612985730171203613e-01
4.112117767333984375e+00
-7.296866178512573242e-02
5.959749221801757812e-02
6.428472995758056641e-01
4.926089286804199219e+00
2.450486123561859131e-01
2.030009031295776367e+00
5.000000000000000000e+00
2.502147197723388672e+00
-5.186997652053833008e-01
4.509890079498291016e-01
-1.018694043159484863e-02
-6.562592983245849609e-01
-1.059685945510864258e+00
2.253256320953369141e+00
2.532335758209228516e+00
1.017564892768859863e+00
-1.413200855255126953e+00
1.625372171401977539e+00
1.172136068344116211e+00
5.000000000000000000e+00
6.236636638641357422e-02
-6.063842773437500000e-01
6.889390945434570312e-01
5.652157068252563477e-01
-1.106706261634826660e-01
-2.051902532577514648e+00
-2.799680531024932861e-01
-4.627444744110107422e-01
-5.565553903579711914e-01
1.115713119506835938e+00
2.949094772338867188e-02
2.049635171890258789e+00
8.930768966674804688e-01
9.355770945549011230e-01
3.941943883895874023e+00
3.324115276336669922e-01
-3.958725929260253906e-01
-6.335693597793579102e-01
5.615442991256713867e-01
2.099662542343139648e+00
2.750078678131103516e+00
4.155886173248291016e+00
4.709383964538574219e+00
3.825175762176513672e-01
9.743542671203613281e-01
7.939365506172180176e-01
-1.207772254943847656e+00
2.954119682312011719e+00
-2.775436639785766602e-01
1.907944202423095703e+00
1.326292514801025391e+00
6.666932702064514160e-01
3.507315874099731445e+00
4.366390705108642578e+00
-1.117253303527832031e+00
-1.503220558166503906e+00
-2.863478660583496094e-01
-6.246042251586914062e-02
3.769747734069824219e+00
4.597963333129882812e+00
1.296087980270385742e+00
-3.921515941619873047e-01
4.107465147972106934e-01
-4.449378252029418945e-01
4.265666007995605469e-01
9.213808178901672363e-02
-2.133365154266357422e+00
4.736860275268554688e+00
6.723445653915405273e-01
2.037705183029174805e+00
-5.213983058929443359e-01
-2.250448465347290039e-01
3.970745086669921875e+00
-1.354324817657470703e-01
1.549859285354614258e+00
5.000000000000000000e+00
-1.079450845718383789e+00
3.839427471160888672e+00
9.332803487777709961e-01
-1.378818750381469727e+00
5.000000000000000000e+00
1.926979303359985352e+00
-1.920020818710327148e+00
1.079900264739990234e-01
1.878588199615478516e-01
4.215500831604003906e+00
3.375989913940429688e+00
-9.098150730133056641e-01
4.296691894531250000e+00
-3.877278566360473633e-01
-1.194917798042297363e+00
-5.688518285751342773e-02
-3.292802572250366211e-01
1.108213186264038086e+00
-1.081175565719604492e+00
3.759858846664428711e+00
-8.722808361053466797e-01
4.754864692687988281e+00
-1.176409602165222168e+00
5.491230487823486328e-01
-4.561131000518798828e-01
-1.639878392219543457e+00
5.000000000000000000e+00
-9.913443922996520996e-01
3.405101776123046875e+00
-3.248929977416992188e-01
2.644777297973632812e-01
3.605386018753051758e-01
1.377845048904418945e+00
1.688125133514404297e+00
6.370270252227783203e-02
2.670987844467163086e-01
1.119424939155578613e+00
-5.660004615783691406e-01
-4.234881401062011719e-01
-1.957142353057861328e-02
-5.868141055107116699e-01
2.774274349212646484e-02
-9.187736511230468750e-01
6.706229448318481445e-01
1.426704406738281250e+00
-7.244886159896850586e-01
4.474911212921142578e+00
5.000000000000000000e+00
1.655974149703979492e+00
-4.852840900421142578e-01
1.984256982803344727e+00
-5.773310661315917969e-01
8.088878393173217773e-01
1.548753857612609863e+00
4.060781002044677734e-02
-5.667529106140136719e-01
-2.527703046798706055e-01
5.542063713073730469e-02
-9.560791254043579102e-01
-2.031648635864257812e+00
4.120831489562988281e+00
-2.637506127357482910e-01
1.642517209053039551e+00
2.100950241088867188e+00
3.208278119564056396e-01
1.808004140853881836e+00
4.039405822753906250e+00
3.582431793212890625e+00
2.168558359146118164e+00
-2.847054004669189453e-01
-2.193796634674072266e-01
-3.701000213623046875e-01
5.000000000000000000e+00
2.855648040771484375e+00
-6.092782020568847656e-01
-2.214855432510375977e+00
4.688631892204284668e-01
9.592256546020507812e-01
1.241842508316040039e-01
-2.242458462715148926e-01
5.011086463928222656e-01
4.590911865234375000e+00
3.742236137390136719e+00
3.352351665496826172e+00
3.765805959701538086e-01
1.703788042068481445e-01
-1.284272670745849609e+00
-9.324570894241333008e-01
6.054970622062683105e-01
5.000000000000000000e+00
1.586779356002807617e-01
5.542958974838256836e-01
2.960736751556396484e+00
3.165606260299682617e+00
7.889034748077392578e-01
-4.367284774780273438e-01
-1.405537486076354980e+00
-9.171674251556396484e-01
-6.834670305252075195e-01
-1.008931994438171387e-01
4.526208400726318359e+00
-1.657164812088012695e+00
6.179156303405761719e-01
8.491158485412597656e-02
-4.088580608367919922e-01
1.171100139617919922e+00
2.272648334503173828e+00
-1.524228215217590332e+00
3.937634468078613281e+00
1.504751443862915039e+00
2.321017384529113770e-01
3.169827461242675781e+00
-2.047524452209472656e-01
5.804532766342163086e-02
4.230643272399902344e+00
8.850036859512329102e-01
-2.743068933486938477e-01
4.343284964561462402e-01
2.102928876876831055e+00
-9.089987277984619141e-01
2.576164603233337402e-01
-9.641681313514709473e-01
-4.593003988265991211e-01
5.910121202468872070e-01
-6.263401508331298828e-01
3.741525113582611084e-01
1.117602825164794922e+00
2.446037769317626953e+00
-1.017588376998901367e-01
4.049695014953613281e+00
3.961390495300292969e+00
3.734397411346435547e+00
2.588141560554504395e-01
4.572039246559143066e-01
1.567922830581665039e-01
2.838571310043334961e+00
-8.187848329544067383e-01
4.161673545837402344e+00
1.555900573730468750e+00
1.779909729957580566e-01
-2.210316658020019531e-01
8.109629154205322266e-02
-2.113519608974456787e-01
3.658066987991333008e-01
-3.974901437759399414e-01
1.145427465438842773e+00
3.070572614669799805e+00
9.234689474105834961e-01
-9.666879177093505859e-01
-2.040840625762939453e+00
2.327006101608276367e+00
1.280121088027954102e+00
5.000000000000000000e+00
1.075029373168945312e-01
-1.659893393516540527e+00
1.280127048492431641e+00
-3.481907546520233154e-01
2.407420396804809570e+00
4.095777511596679688e+00
-2.287884712219238281e+00
3.085570812225341797e+00
6.855516433715820312e-01
1.325130462646484375e-01
9.439253807067871094e-02
-1.025798559188842773e+00
-1.135575771331787109e-01
5.000000000000000000e+00
-1.059780716896057129e+00
5.000000000000000000e+00
1.043378233909606934e+00
7.964178323745727539e-01
2.715238094329833984e+00
5.000000000000000000e+00
7.199724912643432617e-01
-1.195239067077636719e+00
7.884538173675537109e-01
5.833733081817626953e-02
4.201051712036132812e+00
2.353681564331054688e+00
-6.899923086166381836e-01
8.963403701782226562e-01
5.000000000000000000e+00
-6.801596879959106445e-01
-8.164471387863159180e-01
3.951987028121948242e-01
-3.358343839645385742e-01
-4.657422065734863281e+00
-9.316201210021972656e-01
9.007382392883300781e-01
-8.479428291320800781e-02
-1.379652261734008789e+00
1.066081523895263672e+00
5.027914047241210938e-01
2.630788087844848633e-02
1.941270828247070312e+00
1.475057959556579590e+00
2.397466182708740234e+00
1.508089184761047363e+00
3.876240015029907227e+00
-1.246435880661010742e+00
8.723858594894409180e-01
1.671236991882324219e+00
-1.687817454338073730e+00
3.011043667793273926e-01
3.829522609710693359e+00
7.524871826171875000e-02
-1.037158966064453125e+00
-7.203671932220458984e-01
2.605092525482177734e+00
5.000000000000000000e+00
4.643737077713012695e-01
2.010998964309692383e+00
7.374075651168823242e-01
1.246502280235290527e+00
-2.508820295333862305e-01
-1.090180397033691406e+00
1.583717584609985352e+00
-2.263534069061279297e+00
6.384408473968505859e-02
-9.680827856063842773e-01
-1.140047311782836914e+00
-3.295387625694274902e-01
-4.877371788024902344e-01
4.475787162780761719e+00
-2.015670299530029297e+00
-6.416865587234497070e-01
5.000000000000000000e+00
1.715432405471801758e+00
-1.138955354690551758e-01
5.465645790100097656e-01
1.513378143310546875e+00
3.731927871704101562e+00
3.318489789962768555e-01
-2.681382298469543457e-01
-1.459708452224731445e+00
1.821340024471282959e-01
5.372841954231262207e-01
2.466139793395996094e-01
4.238988876342773438e+00
1.005495429039001465e+00
4.060945987701416016e+00
8.992271423339843750e-01
2.233726978302001953e-01
3.951686620712280273e+00
-4.763837456703186035e-01
2.993594110012054443e-01
-3.597834110260009766e-01
8.523166179656982422e-02
9.828448295593261719e-02
-1.524147987365722656e-01
