-1.685526847839355469e+00
2.177624225616455078e+00
5.000000000000000000e+00
-4.116723537445068359e-01
-2.509777545928955078e-01
2.652463436126708984e+00
1.066792249679565430e+00
8.422348499298095703e-01
-7.185727357864379883e-02
7.215003967285156250e-01
-8.245960474014282227e-01
-8.258053660392761230e-01
3.488328456878662109e-01
1.436304330825805664e+00
-4.515552520751953125e-01
3.078127622604370117e+00
6.520968079566955566e-01
4.327868938446044922e+00
4.510532855987548828e+00
4.184877872467041016e+00
-8.399530649185180664e-01
5.175241231918334961e-01
4.618052244186401367e-01
1.387953758239746094e-02
-4.873034954071044922e+00
-1.566672325134277344e-02
-2.020195722579956055e+00
4.713341712951660156e+00
-7.308962345123291016e-01
5.793023109436035156e-02
-3.614190816879272461e-01
8.203252553939819336e-01
-7.624009251594543457e-01
2.087381362915039062e+00
2.352061271667480469e-01
3.075648307800292969e+00
5.000000000000000000e+00
1.710997343063354492e+00
-5.336713790893554688e-02
3.028851985931396484e+00
2.258975505828857422e-01
3.862179279327392578e+00
4.677644371986389160e-01
-1.150398969650268555e+00
-1.670540571212768555e+00
1.426001787185668945e-01
2.505149841308593750e-01
-1.030215382575988770e+00
2.529421806335449219e+00
5.000000000000000000e+00
-4.874967336654663086e-01
-8.258628845214843750e-01
-9.688117504119873047e-01
6.368483304977416992e-01
-1.303751468658447266e-01
5.032027959823608398e-01
9.736824035644531250e-01
3.222762346267700195e-01
-9.942085742950439453e-01
6.292099356651306152e-01
6.069847345352172852e-01
-6.161177158355712891e-01
-1.333454370498657227e+00
-7.579376697540283203e-01
-4.320226609706878662e-01
-3.748995065689086914e-01
1.461021065711975098e+00
-2.192111015319824219e-01
5.915727615356445312e-01
4.377710819244384766e+00
1.365206360816955566e+00
-3.005020022392272949e-01
-1.364483714103698730e+00
-4.083597660064697266e-02
2.799038887023925781e-01
8.062526583671569824e-01
1.141467452049255371e+00
1.141209602355957031e+00
2.232998847961425781e+00
6.735965609550476074e-01
-9.190750122070312500e-01
-8.732095360755920410e-01
-2.529475688934326172e-01
1.697118282318115234e+00
-2.828575372695922852e-01
-8.761421442031860352e-01
6.099998950958251953e-02
2.862855434417724609e+00
-8.243970870971679688e-01
-5.946692228317260742e-01
1.707212209701538086e+00
-3.423452377319335938e-03
-8.072674274444580078e-01
-4.678806304931640625e+00
3.289358615875244141e-01
3.153807878494262695e+00
1.941518664360046387e+00
3.155041933059692383e-01
-3.937921524047851562e-01
3.176906108856201172e-01
4.226811408996582031e+00
7.291983366012573242e-01
5.000000000000000000e+00
3.379758000373840332e-01
1.396642446517944336e+00
-3.568961620330810547e-01
4.732680320739746094e+00
5.000000000000000000e+00
-7.984437942504882812e-01
-9.142098426818847656e-01
1.332542896270751953e-01
1.238107681274414062e-02
-2.966409921646118164e-02
-3.970559835433959961e-01
3.865326881408691406e+00
6.780145168304443359e-01
3.858884334564208984e+00
-1.218098878860473633e+00
8.590447306632995605e-01
4.218312263488769531e+00
3.640161752700805664e-01
3.649072051048278809e-01
1.128102540969848633e-01
4.557495594024658203e+00
-8.505514860153198242e-01
7.548912763595581055e-01
8.792113065719604492e-01
4.014663696289062500e-01
6.810021400451660156e-02
7.765057086944580078e-01
1.621571183204650879e+00
2.571380138397216797e-01
-6.858793497085571289e-01
8.629441261291503906e-03
1.394296288490295410e+00
3.084773063659667969e+00
7.560406923294067383e-01
4.561268806457519531e+00
8.594105243682861328e-01
4.789984822273254395e-01
3.899650573730468750e-01
2.079657077789306641e+00
-8.173019886016845703e-01
-1.476544141769409180e-01
-8.707296848297119141e-02
1.513616800308227539e+00
2.452931880950927734e+00
2.497230768203735352e+00
9.328520298004150391e-01
2.238334178924560547e+00
2.704706788063049316e-01
-1.863450407981872559e-01
-1.313383579254150391e-01
2.441792488098144531e+00
6.076613068580627441e-02
-5.920388698577880859e+00
-8.977850079536437988e-01
5.000000000000000000e+00
9.799616336822509766e-01
9.836769104003906250e-02
4.317113399505615234e+00
1.272680521011352539e+00
-3.910136222839355469e-01
1.776198148727416992e+00
4.288274765014648438e+00
3.098652362823486328e-01
-2.715054154396057129e-01
6.390417218208312988e-01
1.096174955368041992e+00
-5.245164632797241211e-01
-1.689273118972778320e-01
-1.789104342460632324e-01
-1.782524347305297852e+00
2.939954400062561035e-02
3.701384067535400391e-01
4.267605781555175781e+00
7.991545200347900391e-01
-2.082010507583618164e-01
2.137390375137329102e-01
7.936180830001831055e-01
-1.264477610588073730e+00
2.093977451324462891e+00
1.013202667236328125e-01
8.972005844116210938e-01
4.054586410522460938e+00
-3.946706056594848633e-01
-2.275818586349487305e-01
9.065324068069458008e-02
5.369281768798828125e-01
1.722082018852233887e+00
-1.047355175018310547e+00
4.390043735504150391e+00
9.865080118179321289e-01
5.000000000000000000e+00
-1.282558441162109375e-01
6.145651340484619141e-01
1.572534561157226562e+00
4.157274961471557617e-01
-1.053984165191650391e-01
1.604949951171875000e+00
1.013588547706604004e+00
2.582112789154052734e+00
5.273566246032714844e-01
4.126311302185058594e+00
4.640371799468994141e-01
9.873977899551391602e-01
1.670295953750610352e+00
-1.101819753646850586e+00
1.052989721298217773e+00
-1.489539146423339844e-01
2.725650668144226074e-01
-6.400835514068603516e-02
-4.888074398040771484e-01
-8.328876495361328125e-01
2.804908752441406250e-01
2.060790061950683594e+00
1.169872283935546875e+00
-1.177829742431640625e+00
-4.774441719055175781e-01
-1.551778793334960938e+00
1.110568642616271973e-01
-1.279129981994628906e-01
-1.134192705154418945e+00
5.000000000000000000e+00
8.877358436584472656e-01
6.179984807968139648e-01
5.000000000000000000e+00
-7.343624830245971680e-01
5.370838642120361328e-01
2.124576330184936523e+00
4.617025852203369141e+00
-3.720557689666748047e-02
1.561793088912963867e-01
5.274762511253356934e-01
-2.150970697402954102e-01
-3.421608924865722656e+00
1.132039546966552734e+00
-9.800905585289001465e-01
-2.457883358001708984e-01
4.776779413223266602e-01
3.449072599411010742e+00
-8.134688138961791992e-01
1.280176162719726562e+00
1.347559690475463867e-02
1.047271966934204102e+00
-4.881708621978759766e-01
5.941795706748962402e-01
-1.679982781410217285e+00
-6.180205345153808594e-01
1.180395603179931641e+00
1.601873517036437988e+00
2.107298374176025391e+00
2.918384075164794922e-01
4.719655513763427734e+00
1.968682289123535156e+00
4.418756961822509766e-01
3.673878431320190430e+00
-3.432745933532714844e-01
-1.186353683471679688e+00
1.678669154644012451e-01
-3.856199979782104492e-01
1.105961918830871582e+00
-7.868372201919555664e-01
8.907499313354492188e-01
7.014831304550170898e-01
1.082806944847106934e+00
1.240360736846923828e+00
2.137167453765869141e-01
2.128041505813598633e+00
4.140433788299560547e+00
1.143984556198120117e+00
1.454395055770874023e-02
-1.331501007080078125e-01
6.562758684158325195e-01
3.943161010742187500e+00
-1.176210641860961914e-01
1.037241458892822266e+00
1.985723495483398438e+00
-2.102222442626953125e-01
7.238885164260864258e-01
1.707432866096496582e+00
1.307751536369323730e-01
-6.558933258056640625e-01
9.909365177154541016e-01
4.124401807785034180e-01
1.498305797576904297e+00
9.229905605316162109e-01
-9.990749359130859375e-01
2.634407520294189453e+00
1.844524860382080078e+00
4.540688514709472656e+00
-1.024639844894409180e+00
1.028562784194946289e+00
-3.602387309074401855e-01
1.154793620109558105e+00
-1.717991113662719727e+00
-1.547399282455444336e+00
-4.366035461425781250e-01
2.466333866119384766e+00
-2.132573723793029785e-01
2.312091737985610962e-01
4.073805809020996094e+00
-3.711437582969665527e-01
5.744961500167846680e-01
5.000000000000000000e+00
1.192916631698608398e-01
1.357885599136352539e+00
2.171681404113769531e+00
1.083927989006042480e+00
5.887988805770874023e-01
-1.031820297241210938e+00
5.000000000000000000e+00
4.111405313014984131e-01
-1.268752574920654297e+00
7.215046882629394531e-01
3.223681449890136719e-01
1.612567305564880371e+00
6.856026649475097656e-01
2.342376947402954102e+00
-7.844892740249633789e-01
-1.437980771064758301e+00
8.924329280853271484e-02
7.991614937782287598e-01
-1.875300645828247070e+00
2.129318714141845703e-01
-3.958392143249511719e-02
-3.174578547477722168e-01
-4.133956432342529297e-01
4.523222923278808594e+00
6.166831851005554199e-01
-2.262805700302124023e-01
7.549551725387573242e-01
1.787298917770385742e-01
4.153655529022216797e+00
-2.458235025405883789e-01
2.179353475570678711e+00
8.376379013061523438e-01
4.608915448188781738e-01
-4.740017652511596680e-01
2.492158889770507812e+00
4.273130893707275391e-01
-2.625167369842529297e-01
6.280102729797363281e-01
-1.971502304077148438e+00
5.000000000000000000e+00
-9.615696072578430176e-01
-1.686976075172424316e+00
-1.943475127220153809e+00
2.601664066314697266e-01
-1.087687849998474121e+00
2.497618675231933594e+00
-8.369135856628417969e-02
-1.314513206481933594e+00
1.850998044013977051e+00
4.715217351913452148e-01
5.000000000000000000e+00
1.891503334045410156e-01
-6.748685836791992188e-01
9.507392644882202148e-01
-8.449511528015136719e-01
-3.572601079940795898e-01
-2.434281706809997559e-01
-8.097648620605468750e-02
4.033003807067871094e+00
7.955771684646606445e-01
4.565534591674804688e+00
3.464579582214355469e+00
3.912340402603149414e-01
5.000000000000000000e+00
9.230887293815612793e-01
6.583693027496337891e-01
4.647369384765625000e-01
1.784396171569824219e-02
-8.665424585342407227e-01
3.468203544616699219e-02
-3.011883974075317383e+00
8.127994537353515625e-01
2.095290660858154297e+00
5.000000000000000000e+00
-9.615935087203979492e-01
1.403152942657470703e+00
1.362017393112182617e-01
-6.245093345642089844e-01
-1.004257678985595703e+00
1.770159482955932617e+00
5.859113931655883789e-01
1.051935672760009766e+00
-7.435631752014160156e-02
4.491754770278930664e-01
-1.185106933116912842e-01
-1.041160345077514648e+00
-2.339243888854980469e-03
-6.067478656768798828e-02
-2.222237586975097656e-01
4.889684677124023438e+00
7.105736732482910156e-01
-1.571944952011108398e-01
2.488470077514648438e-02
1.029849052429199219e-02
4.708659052848815918e-01
-3.125381231307983398e+00
4.126231193542480469e+00
1.397214174270629883e+00
1.391083478927612305e+00
-8.785074949264526367e-01
8.085483312606811523e-01
3.568100333213806152e-01
-1.746522188186645508e-01
4.095056533813476562e+00
4.079499244689941406e+00
3.926144838333129883e-01
7.842555046081542969e-01
2.177971124649047852e+00
-1.355829477310180664e+00
1.206188201904296875e+00
-9.881315231323242188e-01
-1.013076543807983398e+00
1.111064910888671875e+00
4.321900010108947754e-01
4.264318466186523438e+00
-2.812434434890747070e-01
7.918906211853027344e-02
4.526364803314208984e+00
2.061150074005126953e-01
2.381362438201904297e+00
4.356099128723144531e+00
1.312407374382019043e+00
-1.467302322387695312e+00
5.942069292068481445e-01
2.301510095596313477e+00
3.796472549438476562e+00
4.711553096771240234e+00
-3.559765577316284180e+00
-5.049216747283935547e-02
2.565214633941650391e+00
-9.574484825134277344e-01
-1.459461331367492676e+00
-1.254923105239868164e+00
-9.699810743331909180e-01
4.847043991088867188e+00
4.459480285644531250e+00
-5.988838076591491699e-01
-1.045488834381103516e+00
9.676268100738525391e-01
-1.823191642761230469e-01
1.251874685287475586e+00
-1.095348596572875977e+00
5.000000000000000000e+00
3.133754730224609375e+00
2.795801639556884766e+00
2.716043233871459961e+00
3.119841337203979492e+00
7.264243960380554199e-01
2.177557945251464844e-01
4.793252348899841309e-01
3.129088878631591797e-01
4.500076770782470703e-01
5.000000000000000000e+00
1.389346957206726074e+00
2.507848024368286133e+00
2.514512062072753906e+00
1.845241189002990723e+00
1.077265024185180664e+00
-2.183282375335693359e-02
1.080062031745910645e+00
1.906755089759826660e+00
-2.088619470596313477e-01
-1.320237994194030762e+00
-1.636219024658203125e-01
9.043991565704345703e-03
-5.496382713317871094e-02
-4.321359395980834961e-01
6.403815746307373047e-02
9.091515541076660156e-01
-9.147738218307495117e-01
6.846113204956054688e-01
3.838849067687988281e+00
7.261021137237548828e-01
6.931951642036437988e-02
2.622138261795043945e-01
-2.031943798065185547e-01
3.577359676361083984e+00
1.784670829772949219e+00
8.506677150726318359e-01
1.473588943481445312e+00
6.423372030258178711e-01
3.723315715789794922e+00
1.235868692398071289e+00
3.820480585098266602e+00
4.137014150619506836e-01
8.011095523834228516e-01
-2.100422978401184082e-01
1.915963530540466309e+00
5.940288901329040527e-01
-1.877777576446533203e-01
1.966588735580444336e+00
7.766815423965454102e-01
1.206936359405517578e+00
3.324382066726684570e+00
1.734209299087524414e+00
-2.134130001068115234e-01
4.551731109619140625e+00
4.083765447139739990e-01
1.420681595802307129e+00
6.170057654380798340e-01
7.813862562179565430e-01
4.151106357574462891e+00
-1.336808204650878906e-01
1.747488141059875488e+00
-6.692569255828857422e-01
-9.601791501045227051e-01
3.189312934875488281e+00
2.209686756134033203e+00
-1.047780513763427734e-01
-8.795130252838134766e-02
3.280605792999267578e+00
-1.683652400970458984e-01
-3.091033220291137695e+00
-1.253483295440673828e+00
6.938635110855102539e-01
3.906407356262207031e+00
4.440777778625488281e+00
1.251287937164306641e+00
-4.596430063247680664e-01
3.440449237823486328e-01
2.334258556365966797e-01
4.255176186561584473e-01
3.788920640945434570e-01
3.178583860397338867e+00
1.437482833862304688e+00
-1.409002184867858887e+00
2.950924158096313477e+00
-3.142379522323608398e-01
-2.920472621917724609e-01
7.560411691665649414e-01
3.345797061920166016e-01
6.785498857498168945e-01
4.437145233154296875e+00
5.000000000000000000e+00
1.149841189384460449e+00
-3.381825685501098633e-01
-1.385237216949462891e+00
-1.635311007499694824e+00
-3.783925771713256836e-01
5.266273021697998047e-02
5.684111118316650391e-01
3.622261285781860352e-01
-6.725886464118957520e-01
-3.550385832786560059e-01
5.000000000000000000e+00
-1.907643079757690430e-01
1.578033089637756348e+00
1.908637046813964844e+00
1.320625662803649902e+00
5.944497585296630859e-01
-1.573983430862426758e-01
-1.282680630683898926e+00
4.751840591430664062e+00
5.075591802597045898e-01
1.281561136245727539e+00
-4.258731603622436523e-01
1.099117994308471680e-01
-2.483155727386474609e-01
-1.463764429092407227e+00
5.100239515304565430e-01
-1.520085096359252930e+00
-1.237312197685241699e+00
7.273514270782470703e-01
1.511280536651611328e+00
1.401826500892639160e+00
-1.204121828079223633e+00
1.096129417419433594e-02
-2.838753759860992432e-01
-7.206940650939941406e-02
3.931761980056762695e-01
5.000000000000000000e+00
2.869982421398162842e-01
1.098546981811523438e-01
5.042315721511840820e-01
-1.317453384399414062e+00
8.080396652221679688e-01
4.320628643035888672e+00
-5.410533905029296875e+00
-1.020284295082092285e+00
8.347109556198120117e-01
-2.099839448928833008e-01
5.366834402084350586e-01
4.470103263854980469e+00
-1.737056493759155273e+00
-2.945982217788696289e-01
2.605909824371337891e+00
-1.130172014236450195e-01
-6.491082906723022461e-01
1.342996478080749512e+00
9.970707893371582031e-01
1.133967161178588867e+00
7.496967911720275879e-01
1.127108335494995117e-01
-3.021831035614013672e+00
1.039246082305908203e+00
1.765158772468566895e+00
2.836553454399108887e-01
2.813786983489990234e+00
-6.966435909271240234e-02
1.002676486968994141e+00
-2.065378665924072266e+00
2.501505613327026367e-01
-2.798624038696289062e-01
2.067785263061523438e-01
-1.795035123825073242e+00
3.442251086235046387e-01
-3.610706329345703125e-02
5.000000000000000000e+00
5.000000000000000000e+00
-8.305346965789794922e-01
-3.243328571319580078e+00
4.360982894897460938e+00
9.355936050415039062e-01
-7.509819865226745605e-01
1.862083673477172852e-01
-1.214796662330627441e+00
2.413143157958984375e+00
-8.039569854736328125e-02
-2.983426451683044434e-01
1.140118837356567383e-01
6.601439714431762695e-01
4.502704620361328125e+00
1.378220438957214355e+00
2.228939056396484375e+00
1.648152112960815430e+00
5.089715719223022461e-01
-4.156395196914672852e-01
-1.098462343215942383e+00
-1.373325824737548828e+00
3.877735137939453125e-01
8.462906479835510254e-01
2.321709871292114258e+00
5.389257669448852539e-01
1.041886806488037109e+00
4.853763580322265625e+00
4.053390026092529297e-02
-1.045213699340820312e+00
1.581994295120239258e-01
1.435472846031188965e+00
-2.921283245086669922e-01
1.202490210533142090e+00
-1.854268550872802734e+00
1.437088251113891602e-01
1.708564758300781250e+00
-2.528676986694335938e-01
4.785410404205322266e+00
1.489897847175598145e+00
-9.874945878982543945e-02
-2.759501934051513672e+00
-5.492787837982177734e+00
4.293982982635498047e-01
-4.723243713378906250e-01
1.442337036132812500e+00
-1.238263368606567383e+00
3.285098075866699219e-01
-1.384400725364685059e-01
9.417057037353515625e-02
2.504541873931884766e+00
2.044851779937744141e-01
1.655459046363830566e+00
-9.303076267242431641e-01
5.000000000000000000e+00
4.502649307250976562e+00
2.098619937896728516e-01
3.080909252166748047e-01
5.000000000000000000e+00
3.570042848587036133e+00
5.784111022949218750e-01
7.975177764892578125e-01
-2.226419687271118164e+00
1.571539163589477539e+00
1.000211119651794434e+00
-2.335869312286376953e+00
5.000000000000000000e+00
-6.270170807838439941e-01
1.994585752487182617e+00
-2.215264141559600830e-01
6.929836273193359375e-01
3.868944644927978516e-01
-6.323733329772949219e-01
1.250693798065185547e-01
-6.027753949165344238e-01
4.455074071884155273e-01
4.897737503051757812e-02
3.702460527420043945e+00
-2.052516937255859375e+00
4.244197845458984375e+00
5.000000000000000000e+00
5.000000000000000000e+00
3.452593803405761719e+00
4.131585359573364258e-01
4.334408044815063477e-01
5.000000000000000000e+00
7.011731863021850586e-01
-1.483083963394165039e-01
4.158004522323608398e-01
4.592998504638671875e+00
4.417159557342529297e-01
-1.033669829368591309e+00
-3.152893781661987305e-01
1.529753208160400391e-01
-2.887351512908935547e-01
8.441746234893798828e-01
6.795538663864135742e-01
-4.094954729080200195e-01
-1.898099184036254883e+00
6.786370277404785156e-02
-1.030573725700378418e+00
2.160588502883911133e-01
2.493310689926147461e+00
-3.995558023452758789e-01
2.055656909942626953e-01
4.866590976715087891e+00
5.000000000000000000e+00
-1.924853205680847168e+00
6.099480390548706055e-01
-2.321639060974121094e-01
1.771311521530151367e+00
-7.083770036697387695e-01
-3.002193212509155273e+00
3.166815042495727539e+00
2.196574211120605469e-01
-1.183232426643371582e+00
-7.272931337356567383e-01
4.391753673553466797e+00
2.267639636993408203e+00
9.192386865615844727e-01
4.116333961486816406e+00
2.407487869262695312e+00
2.073168754577636719e-02
2.498760700225830078e+00
-4.814586043357849121e-02
4.791753768920898438e+00
6.718760728836059570e-01
6.383070945739746094e-01
7.898720502853393555e-01
7.729763388633728027e-01
1.696556687355041504e+00
6.303125619888305664e-01
9.578806161880493164e-01
-3.811063170433044434e-01
1.353205442428588867e-01
1.201441287994384766e-01
-4.096031188964843750e+00
9.455941319465637207e-01
3.800954222679138184e-01
-3.862675428390502930e-01
-5.843640565872192383e-01
-4.027634859085083008e-01
-7.966682314872741699e-01
1.947846531867980957e+00
3.624895572662353516e+00
-4.124069213867187500e-02
-5.640380382537841797e-01
3.021807670593261719e-01
3.689656853675842285e-01
-6.812198758125305176e-01
-2.033350467681884766e-01
2.513698339462280273e-01
-4.733388423919677734e-01
2.708357095718383789e+00
4.642213344573974609e+00
-6.181958913803100586e-01
-7.587133646011352539e-01
2.426853179931640625e-01
5.000000000000000000e+00
-1.812355756759643555e+00
3.544957637786865234e+00
-4.280674457550048828e-01
-8.097982406616210938e-02
2.209887027740478516e+00
2.650249481201171875e+00
2.102979660034179688e+00
2.865249872207641602e+00
5.000000000000000000e+00
-8.165724277496337891e-01
1.261063337326049805e+00
4.097634315490722656e+00
-3.900129795074462891e-01
-3.500100374221801758e-01
8.009210824966430664e-01
2.362618207931518555e+00
1.347827315330505371e-01
5.000000000000000000e+00
-1.964284658432006836e+00
2.901842594146728516e-01
2.989675998687744141e+00
-2.391994714736938477e+00
1.076663732528686523e-01
2.022613286972045898e-01
-6.284630298614501953e-02
2.742323875427246094e+00
-4.431092739105224609e-01
2.085612773895263672e+00
1.079080104827880859e+00
8.221620321273803711e-02
2.739279270172119141e-01
-1.138143539428710938e+00
5.409765243530273438e-01
2.265875101089477539e+00
6.360647082328796387e-01
-1.729517817497253418e+00
1.959582567214965820e+00
4.321606636047363281e+00
-1.192263364791870117e+00
1.814734220504760742e+00
1.017274141311645508e+00
2.781860828399658203e-01
-6.004450321197509766e-01
1.762265563011169434e-01
2.650204896926879883e-01
1.103584289550781250e+00
1.905538797378540039e+00
5.784265398979187012e-01
4.734024047851562500e+00
-1.677093505859375000e+00
8.319414258003234863e-01
1.713551044464111328e+00
9.339215755462646484e-01
1.906437993049621582e+00
-5.146653652191162109e-01
-8.316520452499389648e-01
1.016403436660766602e-01
1.842383623123168945e+00
3.075138330459594727e+00
-4.290735125541687012e-01
4.617966651916503906e+00
-3.515248894691467285e-01
-8.450481891632080078e-01
-8.046555519104003906e-01
2.321024686098098755e-01
1.186207771301269531e+00
-7.148396968841552734e-01
5.934560298919677734e-01
3.811471462249755859e-01
-4.375748634338378906e-01
4.550328254699707031e+00
4.093368053436279297e+00
5.187910795211791992e-01
1.786746740341186523e+00
9.973065853118896484e-01
2.228489518165588379e-01
-4.782462120056152344e-02
4.618860721588134766e+00
6.785394549369812012e-01
3.682392835617065430e-02
-4.124557971954345703e-02
3.752720654010772705e-01
-1.299968600273132324e+00
2.288278579711914062e+00
-1.115753650665283203e-01
-2.763031721115112305e-01
4.724483489990234375e+00
9.503750801086425781e-01
-5.670073032379150391e-01
1.278660774230957031e+00
1.379935741424560547e+00
1.205880641937255859e-01
-2.795810699462890625e-01
-4.327089190483093262e-01
-3.044451773166656494e-01
1.372808456420898438e+00
4.318860769271850586e-01
-9.235402941703796387e-01
1.480526924133300781e-01
3.439610004425048828e-01
9.797098040580749512e-01
3.384413719177246094e-01
-1.389159560203552246e-01
1.037819385528564453e-01
-3.090898990631103516e-01
-1.161896347999572754e+00
9.478092193603515625e-01
-1.069638371467590332e+00
-3.346728563308715820e+00
6.919536590576171875e-01
-1.972917914390563965e-01
1.998786330223083496e+00
-9.676169157028198242e-01
1.274295449256896973e-01
-2.014560103416442871e-01
3.210477828979492188e-01
-3.310987949371337891e-01
-1.628105640411376953e-01
8.526310920715332031e-01
4.074900150299072266e+00
1.261601209640502930e+00
9.602832794189453125e-02
1.265173316001892090e+00
-1.485851287841796875e+00
-7.448673248291015625e-01
-4.506263732910156250e-01
7.009407877922058105e-02
-9.656649827957153320e-01
1.680088520050048828e+00
-4.532952308654785156e-01
4.909272193908691406e+00
1.676285266876220703e-01
1.027059912681579590e+00
1.609769463539123535e-02
2.961003780364990234e-01
2.897588729858398438e+00
-6.136493682861328125e-01
3.017748355865478516e+00
-5.544146895408630371e-01
