-7.975741624832153320e-01
4.639233589172363281e+00
-1.884909868240356445e-01
1.165403604507446289e+00
5.000000000000000000e+00
-5.056512355804443359e-01
2.318136692047119141e-01
7.805274128913879395e-01
1.209748625755310059e+00
-9.464468955993652344e-01
1.445627212524414062e+00
4.195225834846496582e-01
-1.328573465347290039e+00
1.033020734786987305e+00
-1.045155882835388184e+00
-8.363080024719238281e-01
8.387261033058166504e-01
3.334717750549316406e-01
-3.298033475875854492e-01
-1.137892961502075195e+00
2.091156721115112305e+00
-6.893797516822814941e-01
-1.736376762390136719e+00
4.079657793045043945e-01
-4.158031940460205078e-01
1.951948881149291992e+00
3.751286029815673828e+00
5.000000000000000000e+00
-5.791819095611572266e-01
2.638360977172851562e+00
7.373684644699096680e-01
1.238106012344360352e+00
3.992300987243652344e+00
4.108409881591796875e+00
-1.281107902526855469e+00
-1.362698912620544434e+00
-1.052399396896362305e+00
-2.003948211669921875e+00
4.030680656433105469e+00
4.474395275115966797e+00
-3.903763294219970703e-01
4.537176609039306641e+00
-2.379572391510009766e-01
1.457428216934204102e+00
5.287629365921020508e-01
1.329382181167602539e+00
1.144447088241577148e+00
1.142385363578796387e+00
9.747714996337890625e-01
3.610527515411376953e-01
1.085581183433532715e-01
3.963970541954040527e-01
-6.649308204650878906e-01
5.000000000000000000e+00
3.128139019012451172e+00
-1.968752622604370117e+00
1.592040538787841797e+00
2.403657436370849609e+00
1.051671266555786133e+00
9.716233611106872559e-01
1.228467464447021484e+00
-1.999176740646362305e+00
2.743629455566406250e+00
9.712982177734375000e-01
3.524876832962036133e-01
5.000000000000000000e+00
-6.244897842407226562e-02
1.430364608764648438e+00
2.397216320037841797e+00
-6.402909755706787109e-01
1.404509544372558594e-01
1.024086356163024902e+00
5.000000000000000000e+00
2.594617366790771484e+00
5.000000000000000000e+00
1.982324719429016113e+00
2.937197685241699219e-01
4.785455465316772461e-01
2.018262624740600586e+00
2.390199899673461914e+00
-3.468954563140869141e-01
-3.402502536773681641e-01
1.023896217346191406e+00
-4.326503276824951172e-01
-4.629637002944946289e-01
3.335962295532226562e-01
5.000000000000000000e+00
2.456583976745605469e+00
-1.060840487480163574e+00
2.849591970443725586e+00
-5.820859670639038086e-01
1.843118667602539062e-01
1.376832127571105957e+00
-4.768934845924377441e-01
3.887504339218139648e-02
-8.881930112838745117e-01
7.151536345481872559e-01
1.830163955688476562e+00
8.951455354690551758e-01
1.479092121124267578e+00
-1.619289636611938477e+00
2.802200555801391602e+00
-1.071322083473205566e+00
2.798984050750732422e-01
1.262176036834716797e-01
-5.890966653823852539e-01
1.801220059394836426e+00
5.932387113571166992e-01
8.753669261932373047e-02
2.959001064300537109e-02
-1.303442835807800293e+00
-5.426855087280273438e-01
-1.102071523666381836e+00
4.283673286437988281e+00
-8.947134017944335938e-03
3.567453384399414062e+00
-7.997324466705322266e-01
-1.801636219024658203e-01
2.028429508209228516e-01
6.611604094505310059e-01
-3.777132034301757812e-01
3.466187715530395508e-01
4.465391159057617188e+00
-2.608804404735565186e-01
1.593343853950500488e+00
8.040331602096557617e-01
2.203866004943847656e+00
4.326498508453369141e-02
-4.084533452987670898e-02
-1.768827140331268311e-01
5.153280496597290039e-01
1.118795156478881836e+00
-1.045459508895874023e+00
-8.130033016204833984e-01
4.123811244964599609e+00
5.410331487655639648e-02
-2.315634250640869141e+00
1.062100172042846680e+00
6.257653832435607910e-01
-1.821378469467163086e-01
5.000000000000000000e+00
4.001307487487792969e-01
-1.414479970932006836e+00
2.150278806686401367e+00
-1.984909772872924805e-01
-3.937923908233642578e-02
1.829653024673461914e+00
3.590605854988098145e-01
-3.489640951156616211e-01
4.308606147766113281e+00
-6.836848258972167969e-01
2.160383939743041992e+00
3.267853260040283203e+00
-2.967699170112609863e-01
3.898250341415405273e+00
8.414832949638366699e-01
-3.315734863281250000e-01
3.354668617248535156e-01
4.897824764251708984e+00
-5.044439435005187988e-01
4.363286495208740234e+00
9.896570444107055664e-02
4.083709120750427246e-01
1.464913487434387207e-01
6.445957422256469727e-01
4.243206977844238281e+00
-5.870569348335266113e-01
-1.067374825477600098e+00
2.058686733245849609e+00
4.198395729064941406e+00
3.998292684555053711e-01
1.474887132644653320e-01
4.287391662597656250e+00
-7.535027265548706055e-01
5.000000000000000000e+00
4.606121778488159180e-02
1.506080269813537598e+00
2.905560016632080078e+00
2.045451641082763672e+00
2.546493530273437500e+00
-1.789978742599487305e+00
2.940378189086914062e-01
1.452667713165283203e-01
-1.068749666213989258e+00
4.481394290924072266e-01
9.165017604827880859e-01
-2.292969226837158203e-01
-1.203337788581848145e+00
3.242709636688232422e+00
5.000000000000000000e+00
-1.871004104614257812e-01
9.248898029327392578e-01
4.352156639099121094e+00
-3.824354410171508789e-01
3.811809539794921875e+00
7.510855197906494141e-01
8.176277875900268555e-01
2.388507127761840820e+00
3.755519390106201172e-01
-3.724354505538940430e-02
-1.816642284393310547e-01
2.034182071685791016e+00
1.332858562469482422e+00
-1.549047827720642090e-01
1.707332611083984375e+00
3.653094470500946045e-01
1.207920551300048828e+00
5.927384495735168457e-01
6.964530348777770996e-01
-3.416547775268554688e+00
1.012361645698547363e-01
6.506547927856445312e-01
-4.810026884078979492e-01
1.855808138847351074e+00
-1.105062961578369141e-01
1.137814879417419434e+00
-8.078064918518066406e-01
1.039214134216308594e-01
2.618552446365356445e-01
8.326976299285888672e-01
1.050981163978576660e+00
2.144971609115600586e+00
1.922163963317871094e-01
-2.862255573272705078e-01
-1.318288445472717285e-01
4.624521732330322266e+00
2.432870864868164062e-01
-9.277510643005371094e-02
4.310540556907653809e-01
-1.780016660690307617e+00
1.647944211959838867e+00
6.682766675949096680e-01
5.263524651527404785e-01
-7.324053049087524414e-01
3.011818528175354004e-01
-3.328502178192138672e-02
-3.140707015991210938e-01
4.010175466537475586e-01
-8.811393976211547852e-01
4.712307453155517578e-02
2.418260097503662109e+00
-1.731209754943847656e-01
-1.054264664649963379e+00
2.755968570709228516e-01
-1.545002460479736328e-01
7.072923779487609863e-01
2.500534057617187500e-02
-1.694914102554321289e-01
1.947729825973510742e+00
1.166610956192016602e+00
-8.980937004089355469e-01
-1.530309677124023438e+00
-5.949848890304565430e-01
2.099263668060302734e-02
4.995816946029663086e-02
5.000000000000000000e+00
-5.875409841537475586e-01
-7.963498830795288086e-01
-1.190421819686889648e+00
-1.232713460922241211e-01
2.508120059967041016e+00
-4.825055599212646484e-01
-1.740386843681335449e+00
1.002792119979858398e-01
-1.146433353424072266e+00
2.716296911239624023e-01
2.231620073318481445e+00
5.000000000000000000e+00
-1.237377524375915527e+00
6.527671217918395996e-01
3.626018762588500977e-03
9.160376191139221191e-01
5.000000000000000000e+00
4.208021759986877441e-01
3.178002238273620605e-01
-3.923058509826660156e-02
1.291105985641479492e+00
3.247261047363281250e-02
2.630377054214477539e+00
-6.089019775390625000e-01
-4.953365623950958252e-01
-1.544857025146484375e-02
-1.339198589324951172e+00
1.256457924842834473e+00
-9.028136730194091797e-02
-5.578666925430297852e-01
2.107648372650146484e+00
-1.347373008728027344e+00
-1.174239635467529297e+00
-6.399221420288085938e-01
-1.074671030044555664e+00
-3.208039999008178711e-01
-7.449426054954528809e-01
-2.223413586616516113e-01
1.300262331962585449e+00
3.582261323928833008e+00
6.126884222030639648e-01
1.244774103164672852e+00
-1.624108791351318359e+00
-9.585465192794799805e-01
-3.497019410133361816e-01
8.030086755752563477e-02
-1.065765619277954102e+00
-2.013108730316162109e-01
1.479888558387756348e-01
3.160936832427978516e-01
-1.653013229370117188e-01
-3.564112782478332520e-01
5.000000000000000000e+00
7.977578639984130859e-01
-1.260848760604858398e+00
9.724030494689941406e-01
-3.348101377487182617e-01
3.462306857109069824e-01
1.414044141769409180e+00
4.424484252929687500e+00
-5.099196434020996094e-01
-7.651895284652709961e-01
-6.788909435272216797e-01
2.537066936492919922e-01
9.746244549751281738e-01
7.720037698745727539e-01
-2.380658626556396484e+00
1.090260386466979980e+00
7.304809093475341797e-01
2.418816089630126953e-02
1.013740777969360352e+00
1.014130115509033203e+00
-7.326633930206298828e-01
5.000000000000000000e+00
1.694714307785034180e+00
5.000000000000000000e+00
3.196638584136962891e+00
-2.809703350067138672e-02
1.335180878639221191e+00
4.249590635299682617e-02
2.227908372879028320e+00
2.238870859146118164e-01
1.031557083129882812e+00
-3.635753393173217773e-01
6.769648790359497070e-01
4.825718402862548828e-01
8.924527168273925781e-01
2.682572603225708008e-02
-6.012457609176635742e-01
5.166337490081787109e-01
-2.518774747848510742e+00
6.231809854507446289e-01
-1.376045942306518555e+00
-4.973356723785400391e-01
4.694816112518310547e+00
2.326961159706115723e-01
-1.093490958213806152e+00
4.750978469848632812e+00
-4.339189529418945312e-01
-7.327473163604736328e-01
6.886042952537536621e-01
-1.569330692291259766e+00
4.891402721405029297e+00
-1.765632271766662598e+00
-1.221343994140625000e+00
-8.287005424499511719e-01
2.925292968750000000e+00
3.894646167755126953e-01
-2.284353971481323242e-02
2.705429792404174805e+00
-1.000948071479797363e+00
2.450294017791748047e+00
1.436459064483642578e+00
-1.825934648513793945e-01
-8.118782043457031250e-01
2.976912856101989746e-01
-3.188884258270263672e-02
-1.007679224014282227e+00
-5.501842498779296875e-01
3.467487096786499023e+00
1.676415681838989258e+00
9.165555238723754883e-01
1.303467750549316406e-01
6.270797252655029297e-01
3.578399419784545898e-01
-6.219899654388427734e-01
-5.190577507019042969e-01
8.170242309570312500e-01
-1.038326025009155273e-01
2.085211753845214844e+00
-1.663818120956420898e+00
-2.088740587234497070e+00
1.833150148391723633e+00
-1.653850078582763672e+00
4.698007106781005859e-01
-4.156321883201599121e-01
9.544546008110046387e-01
-1.163804292678833008e+00
5.000000000000000000e+00
-1.278360843658447266e+00
4.912961959838867188e+00
6.701035499572753906e-01
5.349926948547363281e-01
1.262498497962951660e+00
-2.402302622795104980e-01
3.781793117523193359e+00
1.250017404556274414e+00
-2.032496929168701172e-01
1.273511648178100586e-01
-2.654514312744140625e-01
-2.049233913421630859e-01
1.361919641494750977e-01
7.315598130226135254e-01
-2.806032419204711914e+00
-1.637139439582824707e+00
-2.780478000640869141e-01
-1.259146213531494141e+00
-1.085216164588928223e+00
9.688165187835693359e-01
-2.101817131042480469e-01
-2.260439872741699219e+00
1.908507227897644043e+00
1.477196216583251953e-01
-2.960920333862304688e+00
5.495176315307617188e-01
4.197655200958251953e+00
-1.168605089187622070e-01
2.587583065032958984e-01
3.672085404396057129e-01
-3.005346059799194336e-01
5.000000000000000000e+00
-5.659528970718383789e-01
2.445433139801025391e-01
4.769810676574707031e+00
4.791308641433715820e-01
-4.901316165924072266e+00
4.000833511352539062e+00
3.627548217773437500e-01
1.496040344238281250e+00
9.960424900054931641e-02
-2.305061817169189453e-01
-3.913135528564453125e-01
-5.033230781555175781e-02
3.464806079864501953e+00
-5.553400516510009766e-02
6.545555591583251953e-01
5.000000000000000000e+00
4.244899749755859375e-02
3.693175554275512695e+00
-2.911222577095031738e-01
-1.384436726570129395e+00
-3.424457311630249023e-01
-7.738047838211059570e-01
2.871305465698242188e+00
5.762506723403930664e-01
-2.280271053314208984e+00
4.457370042800903320e-01
-4.568400382995605469e-01
-4.380298256874084473e-01
-1.565627336502075195e+00
3.925506353378295898e+00
9.327007532119750977e-01
-3.323032855987548828e-01
2.783598899841308594e-01
-1.609051227569580078e-01
9.771275520324707031e-02
-5.148741006851196289e-01
4.756380558013916016e+00
-1.017297983169555664e+00
7.242364883422851562e-01
-1.176356911659240723e+00
-3.722134828567504883e-01
2.256999015808105469e-01
2.339674949645996094e+00
9.688308835029602051e-01
-5.034399032592773438e-01
2.024390220642089844e+00
3.917975425720214844e+00
-1.904671788215637207e+00
1.708095431327819824e+00
-7.247012853622436523e-01
-7.253596782684326172e-01
1.547794342041015625e-01
2.385314464569091797e+00
-9.621391296386718750e-01
-2.799018621444702148e-01
4.200263023376464844e-01
-4.583948850631713867e-01
-1.077921390533447266e+00
8.324370384216308594e-01
-1.090466141700744629e+00
1.339774250984191895e+00
-8.060579299926757812e-01
5.420511960983276367e-01
5.000000000000000000e+00
-6.547987461090087891e-02
-8.250643014907836914e-01
-2.095642328262329102e+00
-3.778707981109619141e-01
1.989350795745849609e+00
-2.676646709442138672e-01
-1.206601858139038086e+00
-3.269797563552856445e-01
-1.655789613723754883e-01
9.106438159942626953e-01
-4.288896322250366211e-01
1.728875756263732910e+00
-1.215651273727416992e+00
-1.530783534049987793e+00
-4.050457477569580078e-02
1.365954756736755371e+00
4.886717796325683594e-01
9.337726831436157227e-01
-1.134775638580322266e+00
5.000000000000000000e+00
-1.376886963844299316e-01
4.579373598098754883e-01
4.598578453063964844e+00
1.402899503707885742e+00
-3.629964292049407959e-01
-5.325565338134765625e-01
-1.389062762260437012e+00
9.753704071044921875e-03
-1.692529916763305664e-01
7.172179222106933594e-02
5.854452848434448242e-01
-7.634806632995605469e-02
7.892632484436035156e-01
-1.331708431243896484e+00
2.937481880187988281e+00
2.636332988739013672e+00
5.563491582870483398e-01
4.303900718688964844e+00
-2.800601720809936523e-01
5.839284658432006836e-01
-1.215279579162597656e+00
-9.767174720764160156e-02
1.887940764427185059e-01
-2.433040142059326172e-01
1.510877013206481934e+00
2.009923458099365234e+00
7.721638679504394531e-01
8.427172899246215820e-01
4.403248786926269531e+00
-2.511363029479980469e-01
4.065455794334411621e-01
5.000000000000000000e+00
9.629207849502563477e-02
4.801408767700195312e+00
-9.488997459411621094e-01
1.489503741264343262e+00
4.824922561645507812e+00
-1.089155793190002441e+00
4.918303489685058594e-01
6.276071071624755859e-01
-4.713642597198486328e-02
-4.014431238174438477e-01
5.175621509552001953e-01
-9.893476963043212891e-01
2.279451370239257812e+00
2.714364528656005859e-01
1.737679839134216309e+00
6.526641249656677246e-01
-3.804634511470794678e-01
-6.948983669281005859e-01
1.561789870262145996e+00
4.805198311805725098e-01
4.939786791801452637e-01
1.238692045211791992e+00
2.573905706405639648e+00
5.000000000000000000e+00
6.222687959671020508e-01
4.733943939208984375e-01
1.650977611541748047e+00
1.325077772140502930e+00
3.129559993743896484e+00
2.383217811584472656e+00
8.875280618667602539e-01
3.898489475250244141e-02
-2.794806957244873047e-01
3.808676242828369141e+00
2.717790842056274414e+00
4.320372343063354492e-01
-1.013517379760742188e-02
2.139399051666259766e+00
-7.299129962921142578e-01
9.007145166397094727e-01
-6.323032379150390625e-01
7.246049642562866211e-01
-8.607769012451171875e-02
1.916566967964172363e+00
1.702438116073608398e+00
4.329836368560791016e+00
-1.927363276481628418e+00
3.884011268615722656e+00
-2.391409873962402344e-01
4.875149130821228027e-01
1.186802387237548828e+00
-2.452208995819091797e-01
1.674741983413696289e+00
2.162964820861816406e+00
5.219703912734985352e-01
-4.541017532348632812e+00
-1.243089199066162109e+00
3.508559226989746094e+00
-3.380882740020751953e-01
5.000000000000000000e+00
-8.649821281433105469e-01
7.051156759262084961e-01
4.349836349487304688e+00
-1.960560083389282227e-01
5.000000000000000000e+00
-2.734797894954681396e-01
5.438569784164428711e-01
3.842812538146972656e+00
-5.453402996063232422e-01
4.774600982666015625e+00
-1.519028663635253906e+00
7.107946276664733887e-01
1.348748683929443359e+00
1.327169418334960938e+00
9.427266120910644531e-01
2.628909349441528320e-01
-1.286289930343627930e+00
-2.051528453826904297e+00
-7.967650890350341797e-01
-4.058561325073242188e-01
1.532412648200988770e+00
1.165475010871887207e+00
5.946071147918701172e-01
2.758285999298095703e-01
2.511535882949829102e+00
-2.515306472778320312e-01
-2.169046878814697266e+00
1.823089122772216797e-01
-1.317440509796142578e+00
-6.735966801643371582e-01
5.000000000000000000e+00
2.996875643730163574e-01
8.932586908340454102e-01
6.291782855987548828e-01
5.000000000000000000e+00
-3.292909860610961914e-01
9.192168712615966797e-02
1.623866558074951172e+00
-4.405303001403808594e-01
1.895590066909790039e+00
7.239424586296081543e-01
-4.569387435913085938e-02
1.921303272247314453e-01
5.000000000000000000e+00
2.098090648651123047e-01
5.000000000000000000e+00
5.000000000000000000e+00
4.732121467590332031e+00
9.196639060974121094e-02
4.496226310729980469e+00
4.223235130310058594e+00
4.093098044395446777e-01
4.091860771179199219e+00
-1.920661926269531250e+00
-4.305602312088012695e-01
4.077732563018798828e-02
1.870521306991577148e-01
3.252234458923339844e+00
5.831845998764038086e-01
3.591378211975097656e+00
1.648860216140747070e+00
-1.328897476196289062e-01
5.065026283264160156e-01
7.104632258415222168e-01
5.000000000000000000e+00
3.699961662292480469e+00
2.757610321044921875e+00
4.817464351654052734e-01
-3.534048080444335938e+00
-4.132610797882080078e+00
1.115862607955932617e+00
-7.194498777389526367e-01
2.422027826309204102e+00
-1.767189502716064453e-01
-1.564844012260437012e+00
-1.743027091026306152e+00
-7.612740993499755859e-02
-1.428114771842956543e+00
7.148811817169189453e-01
1.465743780136108398e-01
-3.733217716217041016e-02
-2.397829294204711914e-02
7.772468924522399902e-01
4.214738368988037109e+00
4.648303985595703125e+00
1.512680768966674805e+00
-5.378531217575073242e-01
1.124297380447387695e+00
9.127109050750732422e-01
5.000000000000000000e+00
3.981563568115234375e+00
-9.684777259826660156e-02
1.232316493988037109e-01
5.000000000000000000e+00
-8.440881967544555664e-01
4.860622406005859375e+00
-4.371792078018188477e-01
-6.543004512786865234e-01
3.869755268096923828e-01
-7.290251255035400391e-01
-5.239855051040649414e-01
1.034922838211059570e+00
-1.269549727439880371e-01
-3.115866184234619141e-01
2.930426597595214844e-01
1.440440654754638672e+00
2.504367828369140625e-01
-6.009424209594726562e+00
-4.007034301757812500e-01
-1.407331228256225586e-02
-5.088875889778137207e-01
5.617266297340393066e-01
1.394101262092590332e+00
-9.939408302307128906e-02
-7.123351097106933594e-02
2.450973272323608398e+00
2.454019069671630859e+00
1.279364228248596191e-01
4.095472097396850586e-01
5.079003572463989258e-01
2.022729396820068359e+00
3.219602823257446289e+00
6.643234491348266602e-01
5.000000000000000000e+00
-1.096164107322692871e+00
3.983880519866943359e+00
6.503891944885253906e-01
1.194169044494628906e+00
3.389137506484985352e+00
-6.204023361206054688e-01
6.464782357215881348e-01
1.913653492927551270e+00
5.874490737915039062e-01
1.060333013534545898e+00
1.571193814277648926e+00
6.544474363327026367e-01
4.254487752914428711e-01
6.296550035476684570e-01
4.396922588348388672e+00
4.604802608489990234e+00
4.879080772399902344e+00
5.382653474807739258e-01
1.381119489669799805e-01
5.763462781906127930e-01
-1.136922597885131836e+00
1.932113170623779297e-01
-6.484472751617431641e-01
2.033548593521118164e+00
5.000000000000000000e+00
1.881496906280517578e-01
-2.602720260620117188e-01
-1.051846265792846680e+00
2.931146144866943359e+00
5.000000000000000000e+00
-1.719181299209594727e+00
5.000000000000000000e+00
3.449542522430419922e-01
-1.944954633712768555e+00
3.620584011077880859e+00
-3.199273586273193359e+00
1.200228810310363770e+00
1.107138633728027344e+00
-1.437346935272216797e-01
1.301056504249572754e+00
-3.688161969184875488e-01
1.054811477661132812e-02
1.813938140869140625e+00
-1.258017063140869141e+00
-5.042304992675781250e-01
-8.864772319793701172e-02
-1.754110097885131836e+00
-7.965915203094482422e-01
-3.030873537063598633e-01
-3.959804773330688477e-01
-2.529742717742919922e-01
-2.557734012603759766e+00
-7.583580017089843750e-01
-1.950882434844970703e+00
-8.186674118041992188e-02
-7.801799178123474121e-01
8.954515457153320312e-01
1.492196321487426758e-01
-7.963442802429199219e-02
1.061996221542358398e+00
3.577627658843994141e+00
-1.515722990036010742e+00
2.991061210632324219e-01
1.458857655525207520e+00
5.000000000000000000e+00
3.398208618164062500e-01
-7.920273542404174805e-01
-5.071980953216552734e-01
7.055591344833374023e-01
2.463204860687255859e-01
3.049337863922119141e+00
-1.660712718963623047e+00
3.447672128677368164e-01
3.333526611328125000e+00
3.983126878738403320e-01
-1.168934822082519531e+00
4.092969417572021484e+00
-3.184040784835815430e-01
8.530529737472534180e-01
7.012603282928466797e-01
2.492824792861938477e+00
2.262970924377441406e+00
7.033979892730712891e-02
-1.490699887275695801e+00
8.797815442085266113e-01
-2.928534150123596191e-01
1.883573532104492188e-01
5.475425720214843750e-02
6.193268299102783203e-02
-2.149010181427001953e+00
5.007564425468444824e-01
2.521204471588134766e+00
4.271539211273193359e+00
3.913514614105224609e-01
9.660363197326660156e-02
7.967960834503173828e-02
-3.735415339469909668e-01
-6.829899549484252930e-01
5.000000000000000000e+00
8.433606624603271484e-01
-2.591003179550170898e-01
1.985844373703002930e-01
1.397677302360534668e+00
8.549183607101440430e-01
1.083381414413452148e+00
-1.257137060165405273e-01
4.273019313812255859e+00
-4.765561819076538086e-01
3.708482503890991211e+00
1.713600516319274902e+00
7.337582111358642578e-01
6.789238452911376953e-01
-1.867945909500122070e+00
1.460694670677185059e+00
-2.522850036621093750e-01
-8.699292540550231934e-01
-4.544770419597625732e-01
-4.084770083427429199e-01
1.710963249206542969e-02
6.885814070701599121e-01
8.058364391326904297e-01
1.301632642745971680e+00
1.889718532562255859e+00
2.666936397552490234e+00
-1.218317270278930664e+00
-4.954984188079833984e-01
1.269411444664001465e+00
4.289916753768920898e-01
3.659013748168945312e+00
3.158882141113281250e+00
4.895989418029785156e+00
-5.868706703186035156e-01
5.414483547210693359e-01
-1.364995479583740234e+00
3.958635926246643066e-01
6.579797863960266113e-01
4.815572738647460938e+00
-8.852691650390625000e-01
-2.547513484954833984e+00
9.576082229614257812e-01
-1.048331737518310547e+00
-1.658815264701843262e+00
-2.128251492977142334e-01
7.930409908294677734e-02
2.804911434650421143e-01
-1.424218773841857910e+00
7.298625707626342773e-01
2.678300142288208008e-01
2.280303955078125000e+00
2.383555412292480469e+00
8.310449123382568359e-01
8.983957767486572266e-02
4.744029998779296875e+00
1.324329733848571777e+00
1.432075262069702148e+00
2.061584293842315674e-01
1.090240955352783203e+00
-4.972259998321533203e-01
-1.416339039802551270e+00
-7.155025005340576172e-02
1.221534252166748047e+00
3.557870388031005859e-01
-1.933692693710327148e-01
-1.148505210876464844e-01
3.171611785888671875e+00
-1.018678069114685059e+00
1.207932710647583008e+00
-4.454352855682373047e-01
9.665564298629760742e-01
-3.664383888244628906e-01
5.000000000000000000e+00
-2.187237739562988281e-01
-1.098808288574218750e+00
9.564464092254638672e-01
7.800183892250061035e-01
-1.108812093734741211e+00
3.270316123962402344e+00
-2.806136131286621094e+00
1.068724393844604492e+00
-5.747723579406738281e-01
1.413947463035583496e+00
1.555978417396545410e+00
1.550992250442504883e+00
