-2.334463596343994141e-02
-2.997508049011230469e-01
-1.582442402839660645e+00
2.035014629364013672e+00
-4.176883101463317871e-01
3.965009748935699463e-01
3.063925981521606445e+00
5.883049368858337402e-01
2.039411067962646484e-01
4.104605913162231445e-01
3.459483861923217773e+00
5.000000000000000000e+00
1.751934289932250977e+00
1.134254574775695801e+00
-6.087137460708618164e-01
4.264447689056396484e+00
4.646588861942291260e-01
-5.908751487731933594e-01
-9.441471099853515625e-02
4.314933300018310547e+00
2.231196165084838867e-01
1.097906589508056641e+00
7.212601900100708008e-01
-1.561659425497055054e-01
1.546817064285278320e+00
-9.264802336692810059e-01
-1.888942718505859375e+00
1.736673474311828613e+00
2.467720508575439453e+00
4.221623420715332031e+00
1.141020059585571289e-01
2.571446180343627930e+00
-1.090801596641540527e+00
1.204269289970397949e+00
4.452558517456054688e+00
4.771285533905029297e+00
5.016041398048400879e-01
4.988234519958496094e+00
-1.269809007644653320e+00
-4.644515514373779297e-01
6.952719688415527344e-01
-4.093574285507202148e-01
7.166489362716674805e-01
2.611775159835815430e+00
5.000000000000000000e+00
-1.845641732215881348e-01
1.696210980415344238e+00
-3.308351039886474609e-01
-3.441463708877563477e-01
1.641000509262084961e-01
-6.938881874084472656e-01
3.410428524017333984e+00
2.843735218048095703e-01
5.000000000000000000e+00
-3.439113497734069824e-01
-1.196118950843811035e+00
1.827768206596374512e+00
5.000000000000000000e+00
5.000000000000000000e+00
4.725229740142822266e-01
4.103734016418457031e+00
4.362776279449462891e-01
3.071442842483520508e-01
3.295567035675048828e+00
7.670093774795532227e-01
4.318503856658935547e+00
-1.250975131988525391e-01
1.099663019180297852e+00
-2.354211807250976562e-01
3.495433926582336426e-01
-1.492848396301269531e-01
4.138262748718261719e+00
5.000000000000000000e+00
1.313401937484741211e+00
1.750549554824829102e+00
4.119992256164550781e+00
1.656559586524963379e+00
-1.446191072463989258e-01
4.074349403381347656e+00
6.420335769653320312e-01
1.764736413955688477e+00
1.344887614250183105e-01
6.030898094177246094e-01
1.268785238265991211e+00
7.103041410446166992e-01
1.641748189926147461e+00
4.787531852722167969e+00
-1.446497440338134766e-01
5.027600526809692383e-01
1.970764636993408203e+00
2.531528234481811523e+00
2.808156967163085938e+00
7.859032154083251953e-01
-7.500902414321899414e-01
1.121754407882690430e+00
2.799238443374633789e+00
-2.401709318161010742e+00
6.738125085830688477e-01
1.592500925064086914e+00
1.695516109466552734e-01
-1.082365036010742188e+00
-3.050972223281860352e-01
-8.547946214675903320e-01
7.587180137634277344e-01
9.102290272712707520e-01
-5.741643905639648438e-01
4.044935226440429688e+00
6.621981859207153320e-01
-3.997879028320312500e-01
-1.229790210723876953e+00
4.749657154083251953e+00
-2.405864000320434570e-01
-1.575397968292236328e+00
6.775443553924560547e-01
1.583367466926574707e+00
4.180636882781982422e+00
1.873091936111450195e+00
1.172615289688110352e+00
-8.525681495666503906e-02
1.099034547805786133e-01
8.828617334365844727e-01
5.000000000000000000e+00
-7.480149269104003906e-01
5.000000000000000000e+00
4.156217575073242188e+00
-2.602230906486511230e-01
-1.637912988662719727e+00
9.194569587707519531e-01
-1.517639398574829102e+00
6.984515190124511719e-01
-8.468800783157348633e-01
5.000000000000000000e+00
-4.877328872680664062e-01
8.055621385574340820e-02
9.705776572227478027e-01
-1.029602766036987305e+00
3.279189467430114746e-01
5.000000000000000000e+00
-1.688424348831176758e-01
7.576948404312133789e-01
-2.632186412811279297e-01
1.137311577796936035e+00
3.731191158294677734e+00
-1.867972612380981445e+00
2.521704912185668945e+00
5.000000000000000000e+00
-1.505962729454040527e+00
1.660401344299316406e+00
7.035983800888061523e-01
1.631974697113037109e+00
2.119492292404174805e-01
-2.091413140296936035e-01
4.582043647766113281e+00
2.059641361236572266e+00
4.119046211242675781e+00
4.407949924468994141e+00
-7.829332351684570312e-01
5.368592739105224609e-01
-1.828214406967163086e+00
-1.324788928031921387e-01
1.155306935310363770e+00
4.626599311828613281e+00
4.278956413269042969e+00
2.330088615417480469e-02
2.110195159912109375e+00
-2.629465818405151367e+00
-3.336553573608398438e-01
-2.899682521820068359e-02
2.026822566986083984e-01
-8.446252346038818359e-02
4.784643650054931641e+00
5.754467248916625977e-01
-2.478616237640380859e-01
8.059759140014648438e-01
4.048819065093994141e+00
-1.935531377792358398e+00
4.835222244262695312e+00
7.521872520446777344e-01
3.016057014465332031e-01
1.845820665359497070e+00
3.684619903564453125e+00
-1.203248023986816406e+00
-3.067453503608703613e-01
-1.958799362182617188e-02
-4.367080330848693848e-01
4.827286720275878906e+00
2.131035804748535156e+00
2.773651599884033203e+00
-3.786724805831909180e-01
5.681474208831787109e-01
-1.062883734703063965e+00
1.107229471206665039e+00
4.356662273406982422e+00
-1.330755472183227539e+00
8.395651578903198242e-01
-3.794178962707519531e-01
-1.603168010711669922e+00
4.027101516723632812e+00
-1.890182495117187500e-01
-5.561554431915283203e-01
-3.949379920959472656e-01
-8.490135073661804199e-01
-2.159762382507324219e-01
-3.065960407257080078e-01
1.453158855438232422e+00
1.079094409942626953e-02
8.425918817520141602e-01
4.162371754646301270e-01
2.387401103973388672e+00
-4.483091831207275391e-01
-7.620068788528442383e-01
-1.359501123428344727e+00
2.294036149978637695e-01
-6.859191656112670898e-01
-1.081643939018249512e+00
9.052451252937316895e-01
-3.557062149047851562e-02
5.236713290214538574e-01
5.000000000000000000e+00
2.837390303611755371e-01
4.347658157348632812e-01
1.542024374008178711e+00
1.145216226577758789e-01
5.000000000000000000e+00
3.984156370162963867e+00
-1.800773143768310547e-01
1.488935947418212891e-01
2.103976011276245117e-01
2.092053413391113281e+00
5.000000000000000000e+00
4.617862701416015625e-01
1.095598459243774414e+00
-9.154036045074462891e-01
-6.450302004814147949e-01
5.000000000000000000e+00
1.500243902206420898e+00
-2.008850574493408203e+00
-5.449903011322021484e-01
-1.346406459808349609e+00
-2.105913162231445312e-01
1.145526051521301270e+00
4.470542430877685547e+00
-1.117122173309326172e-02
-4.968470335006713867e-01
2.192763090133666992e-01
-9.666932821273803711e-01
-8.608268499374389648e-01
-7.147634029388427734e-01
-1.306165456771850586e-01
-1.793514490127563477e-01
3.209028244018554688e+00
2.235838413238525391e+00
5.000000000000000000e+00
-7.083773612976074219e-01
-9.072856903076171875e-01
-3.540184497833251953e-01
2.420686483383178711e-01
2.433698177337646484e+00
-5.545403957366943359e-01
-1.326556205749511719e+00
5.000000000000000000e+00
-5.951731204986572266e-01
8.196690678596496582e-02
1.606116294860839844e+00
6.059678792953491211e-01
1.391781806945800781e+00
-7.603410482406616211e-01
3.658923387527465820e+00
-6.721107959747314453e-01
1.918171763420104980e+00
-4.574931859970092773e-01
3.720051288604736328e+00
4.101670980453491211e-01
1.024934291839599609e+00
4.686431407928466797e+00
-5.280516147613525391e-01
-7.403823137283325195e-01
-5.057300329208374023e-01
-6.529520750045776367e-01
1.596976280212402344e+00
2.338299751281738281e-01
1.749016404151916504e+00
5.000000000000000000e+00
4.737668335437774658e-01
2.435672283172607422e-02
4.922495841979980469e+00
1.337632238864898682e-01
4.206657409667968750e+00
-1.091521739959716797e+00
4.150156021118164062e+00
2.025937557220458984e+00
4.508359432220458984e-01
6.653416156768798828e-01
4.930603504180908203e-01
5.267441272735595703e-02
4.064514636993408203e-01
1.134638428688049316e+00
-1.303556442260742188e+00
-1.287970542907714844e-01
1.234272718429565430e-01
4.107573032379150391e-01
-5.065047740936279297e-02
5.115305185317993164e-01
9.713053703308105469e-03
-1.945619344711303711e+00
1.334457397460937500e-01
1.761912345886230469e+00
-1.335870862007141113e+00
-2.375638723373413086e+00
-4.293564558029174805e-01
-1.158058643341064453e-01
-2.639638185501098633e-01
-3.707838058471679688e-02
3.343058109283447266e+00
1.297651410102844238e+00
-3.125216960906982422e-01
1.586589813232421875e+00
7.574115395545959473e-01
1.654297113418579102e+00
7.932984828948974609e-01
4.946416378021240234e+00
-1.346692204475402832e+00
-1.782896757125854492e+00
-7.115364074707031250e-01
7.831215858459472656e-01
9.275771379470825195e-01
-1.066803932189941406e-03
2.356862306594848633e+00
-4.540073275566101074e-01
1.989046931266784668e+00
8.704290390014648438e-01
1.176411151885986328e+00
2.901471853256225586e-01
2.658539295196533203e+00
1.946271419525146484e+00
5.811200141906738281e-01
-1.842692375183105469e+00
-9.576772451400756836e-01
6.908357143402099609e-03
-2.200599908828735352e-01
6.392847299575805664e-01
-3.509392738342285156e-01
-7.731560468673706055e-01
4.789659380912780762e-01
5.000000000000000000e+00
3.339250087738037109e-01
4.351940155029296875e-01
9.807538986206054688e-02
-5.372841358184814453e-01
3.425117731094360352e-01
2.204570531845092773e+00
5.230995416641235352e-01
-3.783873021602630615e-01
5.878969430923461914e-01
2.149981021881103516e+00
-6.380075216293334961e-01
3.514252901077270508e+00
7.247827649116516113e-01
-1.248902082443237305e+00
1.314780712127685547e+00
-1.499674320220947266e+00
-3.289198875427246094e-01
1.486419677734375000e+00
-2.932684421539306641e-01
-6.297267675399780273e-01
-1.872829794883728027e+00
8.055189251899719238e-01
4.979136466979980469e+00
3.206646442413330078e-02
-1.778424978256225586e-01
-6.159709692001342773e-01
7.156573534011840820e-01
1.115417480468750000e-01
-6.686830520629882812e-02
2.817825078964233398e-01
2.682421684265136719e+00
-1.226770877838134766e-02
3.729575157165527344e+00
-1.685539484024047852e+00
-1.479795575141906738e+00
3.847073078155517578e+00
-4.388031959533691406e-01
2.319974899291992188e+00
-8.434725999832153320e-01
3.511493682861328125e+00
8.124246597290039062e-01
1.496654987335205078e+00
4.526845455169677734e+00
1.725136935710906982e-01
2.897574424743652344e+00
2.629507303237915039e+00
1.954170465469360352e+00
-1.244648396968841553e-01
1.690985798835754395e+00
-1.417546153068542480e+00
-1.146135330200195312e-01
1.005705475807189941e+00
1.221966505050659180e+00
-9.606888294219970703e-01
3.773072242736816406e+00
3.088545203208923340e-01
3.374929428100585938e-01
1.023333430290222168e+00
3.873656988143920898e+00
1.886851549148559570e+00
-1.019689321517944336e+00
4.252423286437988281e+00
1.139917373657226562e-01
1.499384641647338867e-02
-5.382606983184814453e-01
-5.817590951919555664e-01
3.589209318161010742e-01
3.007891416549682617e+00
-5.847040414810180664e-01
5.000000000000000000e+00
5.780329704284667969e-01
-3.252532720565795898e+00
3.528378009796142578e-01
-6.926667690277099609e-01
1.120217084884643555e+00
-4.428510665893554688e-01
1.491593837738037109e+00
1.212537050247192383e+00
-7.063812017440795898e-01
1.695756196975708008e+00
1.219420075416564941e+00
-1.532351970672607422e-02
3.389405012130737305e-01
-7.774988412857055664e-01
1.061859130859375000e-01
5.000000000000000000e+00
3.401709556579589844e+00
1.257337331771850586e+00
-5.215460062026977539e-01
-9.474681615829467773e-01
-1.801952123641967773e-01
4.054411649703979492e-01
1.902389407157897949e+00
-1.058717250823974609e+00
4.762073516845703125e+00
1.151337623596191406e+00
-1.260654926300048828e-01
3.031605482101440430e-01
-7.524688243865966797e-01
1.970964670181274414e-01
1.840935826301574707e+00
-5.227818489074707031e-01
1.146821022033691406e+00
-7.052762508392333984e-01
-3.744968175888061523e-01
-1.109151840209960938e+00
7.506251335144042969e-02
-1.558920741081237793e-01
4.184510707855224609e-01
2.433204174041748047e+00
-1.138332128524780273e+00
6.091420650482177734e-01
1.857541441917419434e+00
-7.599002122879028320e-02
3.744530677795410156e-01
9.133776426315307617e-01
-5.151633024215698242e-01
-1.095211029052734375e+00
4.014559984207153320e-01
-3.464284539222717285e-02
-5.511091947555541992e-01
1.816041469573974609e+00
8.392754793167114258e-01
-1.357412338256835938e-01
-7.024425268173217773e-01
-9.756176471710205078e-01
2.091025114059448242e-01
2.359208106994628906e+00
4.783397197723388672e+00
-3.373284339904785156e-01
5.000000000000000000e+00
-2.165567874908447266e-01
-7.296215295791625977e-01
-7.896319627761840820e-01
-1.600127577781677246e+00
2.718771100044250488e-01
-3.971320986747741699e-01
5.340863466262817383e-01
-1.311384439468383789e+00
-1.513262987136840820e+00
-8.367645740509033203e-01
5.000000000000000000e+00
-8.081316947937011719e-02
4.821426391601562500e+00
9.718831777572631836e-01
-1.388619422912597656e+00
1.353468298912048340e+00
-6.733059883117675781e-01
1.478415131568908691e-01
4.739652156829833984e+00
-5.724452733993530273e-01
-6.779062747955322266e-02
-4.690465927124023438e-01
1.045656919479370117e+00
2.741410732269287109e-01
6.536894440650939941e-01
7.838456630706787109e-01
3.878633975982666016e+00
6.645693778991699219e-01
-6.721276044845581055e-01
1.760883927345275879e-01
-2.102718353271484375e-01
-8.833739161491394043e-01
-2.387770414352416992e-01
9.299999475479125977e-02
2.034495830535888672e+00
1.340145587921142578e+00
2.061620235443115234e+00
6.316274404525756836e-02
5.000000000000000000e+00
3.332309722900390625e-01
-1.987466931343078613e+00
-1.032385230064392090e-01
1.011643767356872559e+00
-6.222056150436401367e-01
5.400708317756652832e-01
1.496306657791137695e-01
1.377643227577209473e+00
1.522572040557861328e+00
1.496077775955200195e+00
-1.279304027557373047e-01
9.320512413978576660e-01
-1.309616088867187500e+00
-1.173583269119262695e+00
1.052887439727783203e+00
5.000000000000000000e+00
6.527974605560302734e-01
5.000000000000000000e+00
7.012091279029846191e-01
1.217956781387329102e+00
8.228259086608886719e-01
9.051024913787841797e-01
-6.665523648262023926e-01
6.516754627227783203e-01
-1.594940900802612305e+00
1.392302751541137695e+00
-2.904686927795410156e-01
-8.809936046600341797e-02
3.666186332702636719e-02
1.758172273635864258e+00
7.776077985763549805e-01
1.349672436714172363e+00
2.920691967010498047e-01
1.090204000473022461e+00
4.170894026756286621e-01
-6.557372808456420898e-01
-9.426795840263366699e-01
8.142281174659729004e-01
3.984738826751708984e+00
1.038019895553588867e+00
3.659793138504028320e-01
-5.939191579818725586e-01
6.397929191589355469e-01
-1.295648813247680664e-01
-4.737861156463623047e-01
-5.017821788787841797e-01
3.980873823165893555e+00
1.542956829071044922e-01
1.366840124130249023e+00
3.389455080032348633e+00
4.408299446105957031e+00
3.897008895874023438e-01
-7.128792405128479004e-01
4.536128044128417969e-01
1.197771072387695312e+00
1.944171190261840820e-01
-4.723933935165405273e-01
1.687226295471191406e-01
-9.453092813491821289e-01
-1.234741091728210449e+00
-1.841029644012451172e+00
1.446735382080078125e+00
4.736933708190917969e-01
-4.721765518188476562e-01
4.213228225708007812e+00
5.000000000000000000e+00
8.649222850799560547e-01
6.108142137527465820e-01
-1.157252311706542969e+00
1.592069983482360840e+00
6.769480109214782715e-01
-1.108759641647338867e+00
7.009041309356689453e-02
-1.165381669998168945e-01
-1.671558618545532227e-02
4.998955726623535156e-01
7.779750227928161621e-01
-9.345548748970031738e-01
-3.434603214263916016e-01
1.592375338077545166e-01
-2.202075719833374023e-01
3.718304634094238281e+00
1.422155141830444336e+00
1.027648687362670898e+00
-6.286994218826293945e-01
-1.429677009582519531e-01
-1.852610111236572266e-01
3.093821048736572266e+00
2.285828590393066406e-01
-3.565887212753295898e-01
-3.710254132747650146e-01
2.207431316375732422e+00
1.278924465179443359e+00
1.084533691406250000e+00
2.115257978439331055e-01
1.626220941543579102e+00
-2.502446174621582031e-01
2.445565223693847656e+00
-3.761086463928222656e-01
2.457454204559326172e+00
-8.559942245483398438e-01
1.052123665809631348e+00
9.104846119880676270e-01
-5.396934747695922852e-01
-1.048078298568725586e+00
2.566083669662475586e+00
2.278943538665771484e+00
-3.342883586883544922e-01
4.583477973937988281e-02
2.044486999511718750e-01
2.422878742218017578e+00
9.220576286315917969e-01
2.066664695739746094e+00
3.351142108440399170e-01
-8.620560169219970703e-02
-3.933464586734771729e-01
-6.284286975860595703e-01
3.634417057037353516e-01
-5.171776413917541504e-01
7.939720153808593750e-01
-6.583059430122375488e-01
9.684288501739501953e-02
-6.813590526580810547e-01
-1.107553243637084961e-01
2.279195785522460938e-01
4.179753303527832031e+00
5.000000000000000000e+00
-2.407271862030029297e+00
-6.010435819625854492e-01
2.096156358718872070e+00
-1.203297019004821777e+00
2.358737468719482422e+00
-1.566617488861083984e-01
9.002636075019836426e-01
-5.113005638122558594e-02
6.144756674766540527e-01
2.619162797927856445e-01
-1.734691262245178223e-01
1.821210265159606934e+00
1.549942493438720703e-01
-8.824268579483032227e-01
-1.258208751678466797e-01
1.723125815391540527e+00
-5.138821601867675781e-01
-1.482548713684082031e+00
4.298751354217529297e+00
-5.708976984024047852e-01
8.029090166091918945e-01
2.409085273742675781e+00
4.098146915435791016e+00
-4.704258143901824951e-01
1.898148655891418457e+00
2.050260543823242188e+00
3.650993704795837402e-01
1.107395052909851074e+00
-7.798254489898681641e-01
1.160138845443725586e-01
2.264408111572265625e+00
2.932603359222412109e+00
7.961554527282714844e-01
3.497763872146606445e-01
-1.557794690132141113e+00
2.297741651535034180e+00
7.801380157470703125e-01
-4.234951734542846680e-01
4.931614875793457031e+00
3.043752908706665039e-01
1.411698579788208008e+00
1.023874521255493164e+00
5.772336721420288086e-01
-7.709466814994812012e-01
4.576857566833496094e+00
3.347754478454589844e-02
-7.241855859756469727e-01
-2.479543685913085938e-01
4.291177749633789062e+00
-1.188511848449707031e-01
3.980090141296386719e+00
2.873471021652221680e+00
5.849897861480712891e-01
-7.420502305030822754e-01
-1.191083192825317383e-01
4.263016223907470703e+00
2.942640781402587891e+00
7.347244620323181152e-01
9.419651627540588379e-01
4.699349999427795410e-01
-3.024628162384033203e+00
2.719038724899291992e-01
-4.128837585449218750e-02
2.166379690170288086e-01
3.707735538482666016e-01
1.338994741439819336e+00
1.126785755157470703e+00
4.907217502593994141e+00
3.707729578018188477e+00
2.655645608901977539e-01
-1.530213356018066406e-01
5.000000000000000000e+00
-8.870744705200195312e-02
-6.647448539733886719e-01
2.075460433959960938e+00
-7.170764207839965820e-01
-4.668817520141601562e-01
2.227766513824462891e+00
-6.011350750923156738e-01
8.358691334724426270e-01
-2.001326560974121094e+00
4.801665306091308594e+00
-8.931534290313720703e-01
1.692562103271484375e-01
2.602832317352294922e-01
-2.684479951858520508e-01
1.491908669471740723e+00
3.186445236206054688e+00
-1.851756572723388672e-01
3.203392028808593750e-02
8.420882225036621094e-01
1.844041109085083008e+00
9.812394380569458008e-01
5.918443202972412109e-02
-1.149741053581237793e+00
-5.453597903251647949e-01
-1.035537719726562500e+00
-6.435773372650146484e-01
5.000000000000000000e+00
-1.711572408676147461e+00
4.300915002822875977e-01
3.084102869033813477e-01
-1.387045145034790039e+00
-1.539865255355834961e+00
-3.410884141921997070e-01
6.001609563827514648e-02
-9.837829470634460449e-01
2.155470848083496094e+00
5.000000000000000000e+00
2.489185810089111328e+00
1.598250865936279297e-01
4.495490789413452148e-01
5.092196464538574219e-01
-2.902181148529052734e-01
1.056274771690368652e-02
3.218525648117065430e-01
-1.149115920066833496e+00
5.000000000000000000e+00
-1.723293066024780273e-01
4.409875392913818359e+00
3.657386302947998047e+00
5.003498792648315430e-01
1.000838279724121094e-01
3.032384157180786133e+00
1.268086433410644531e-01
6.478938460350036621e-01
4.698433876037597656e+00
7.716537714004516602e-01
-6.331745386123657227e-01
2.161847352981567383e+00
-4.129865765571594238e-01
3.248826265335083008e+00
1.439680695533752441e+00
1.578456163406372070e-01
-2.328181266784667969e-02
1.266452670097351074e+00
1.761454105377197266e+00
-1.499156951904296875e+00
4.229125976562500000e+00
-1.521022796630859375e+00
-3.416684865951538086e-01
-1.579597949981689453e+00
2.237347662448883057e-01
4.976412773132324219e+00
3.062321186065673828e+00
-1.172037124633789062e+00
-1.751789093017578125e+00
-2.259717583656311035e-01
7.937002182006835938e-02
-6.506478786468505859e-02
5.000000000000000000e+00
1.063517212867736816e+00
-7.506406307220458984e-01
1.122426629066467285e+00
-5.656070709228515625e-01
1.556336879730224609e-01
2.940764427185058594e+00
7.864117622375488281e-03
9.739908576011657715e-02
-2.099283695220947266e+00
-1.738795042037963867e-01
-5.214306116104125977e-01
-2.490893840789794922e+00
-1.133172273635864258e+00
-9.680540561676025391e-01
1.017332077026367188e-02
4.129050731658935547e+00
2.103455066680908203e-01
-2.653279304504394531e+00
1.975485086441040039e+00
3.918966054916381836e-01
8.163132667541503906e-01
-3.662424087524414062e-01
1.685388088226318359e+00
5.000000000000000000e+00
-1.288002729415893555e-02
1.738169193267822266e-01
1.646928787231445312e+00
1.187066555023193359e+00
5.000000000000000000e+00
-9.653488993644714355e-01
-1.023784160614013672e+00
1.369013071060180664e+00
4.422967910766601562e+00
4.412342309951782227e-01
-2.823108732700347900e-01
4.928809404373168945e-01
-4.288532733917236328e-01
4.372592926025390625e+00
2.829502820968627930e+00
1.751740455627441406e+00
-4.734550118446350098e-01
1.755088567733764648e+00
-1.571875810623168945e-01
1.505025625228881836e+00
1.394200325012207031e-02
-1.216166019439697266e-01
2.174593210220336914e-01
1.508475780487060547e+00
5.146840810775756836e-01
9.597432613372802734e-02
4.546799659729003906e+00
5.000000000000000000e+00
1.467416524887084961e+00
4.562570154666900635e-02
1.499963641166687012e+00
4.058889150619506836e-01
-9.681817889213562012e-02
1.566436529159545898e+00
4.600324153900146484e+00
2.546103239059448242e+00
1.661391496658325195e+00
-2.564214468002319336e-01
5.000000000000000000e+00
2.108698606491088867e+00
6.456255912780761719e-02
1.125462770462036133e+00
5.307368040084838867e-01
4.652632474899291992e-01
-2.252507686614990234e+00
2.771743297576904297e+00
-2.095418453216552734e+00
2.811980247497558594e-01
8.472903966903686523e-01
6.355221867561340332e-01
5.713772773742675781e-01
1.030787944793701172e+00
-3.395175457000732422e+00
5.000000000000000000e+00
2.269505977630615234e+00
3.437424898147583008e-01
3.911267757415771484e+00
5.000000000000000000e+00
1.678233027458190918e+00
4.969146847724914551e-01
-8.909484148025512695e-01
5.000000000000000000e+00
4.601878523826599121e-01
-8.708280324935913086e-02
-3.359186053276062012e-01
-7.428193092346191406e-02
3.029018640518188477e+00
2.133755207061767578e+00
-6.587001681327819824e-02
1.699986815452575684e+00
2.981979131698608398e+00
-9.967559576034545898e-02
1.432811737060546875e+00
-2.280467748641967773e-01
7.352043390274047852e-01
-8.518296480178833008e-01
2.870562076568603516e-01
-7.641162872314453125e-01
-9.394231438636779785e-01
5.000000000000000000e+00
1.599969625473022461e+00
-3.117980659008026123e-01
4.713300228118896484e+00
-2.250499725341796875e-01
1.092736721038818359e-01
2.338995695114135742e+00
-2.223526477813720703e+00
2.342342615127563477e+00
1.243956089019775391e-01
-1.454720258712768555e+00
7.569074630737304688e-03
1.401069402694702148e+00
-4.033833742141723633e-02
