-1.793773412704467773e+00
7.630568742752075195e-02
2.388456344604492188e+00
-3.518211841583251953e-02
7.833623886108398438e-02
1.742930650711059570e+00
-5.261512994766235352e-01
5.000000000000000000e+00
1.194927453994750977e+00
7.234239578247070312e-01
4.798219680786132812e+00
7.307529449462890625e-03
5.000000000000000000e+00
5.000000000000000000e+00
4.561382770538330078e+00
5.000000000000000000e+00
1.220158696174621582e+00
2.360717773437500000e+00
1.020298838615417480e+00
6.974243521690368652e-01
1.408501625061035156e+00
-5.722203254699707031e-01
-4.343533515930175781e-02
3.945730686187744141e+00
-1.828549623489379883e+00
-7.178496122360229492e-01
-2.890028953552246094e+00
3.661570787429809570e+00
2.141237258911132812e-02
1.143231987953186035e+00
3.576762676239013672e+00
1.343924283981323242e+00
-6.418007612228393555e-01
5.548787117004394531e-02
3.793346285820007324e-01
-1.602989435195922852e-01
-6.736842393875122070e-01
4.471795558929443359e-01
3.530560731887817383e+00
-1.418380141258239746e-01
-3.847223520278930664e-02
8.973606228828430176e-01
-1.111676812171936035e+00
8.089751005172729492e-02
3.317072391510009766e+00
2.083798646926879883e-01
1.077673792839050293e+00
-4.130458831787109375e-02
9.754289388656616211e-01
1.451046466827392578e-01
9.373553991317749023e-01
-1.943873167037963867e-01
4.084837436676025391e-01
6.616032719612121582e-01
3.532586097717285156e-01
-1.964800357818603516e-01
6.925141811370849609e-01
8.624625205993652344e-01
1.710051536560058594e+00
-1.834907293319702148e+00
1.023810148239135742e+00
6.180714368820190430e-01
4.400453567504882812e-01
1.386435270309448242e+00
-3.132183551788330078e+00
-4.670602083206176758e-01
-2.164157629013061523e-01
4.994672775268554688e+00
9.994392395019531250e-01
1.248808622360229492e+00
-1.961469650268554688e+00
-1.177668213844299316e+00
4.727528572082519531e+00
4.273043870925903320e-01
3.329496383666992188e-01
2.508953094482421875e+00
1.002524852752685547e+00
1.761557817459106445e+00
-1.812315464019775391e+00
-1.109434723854064941e+00
8.753048181533813477e-01
-1.326363086700439453e-01
5.765703916549682617e-01
6.160922050476074219e-01
-1.227607965469360352e+00
-6.637978553771972656e-01
2.666868209838867188e+00
6.175011396408081055e-02
-1.056612610816955566e+00
5.347176790237426758e-01
4.486620426177978516e+00
7.385624647140502930e-01
2.712928056716918945e+00
7.064485549926757812e-01
5.587816238403320312e-02
5.789873003959655762e-01
-1.592972517013549805e+00
1.517264604568481445e+00
5.000000000000000000e+00
2.427379131317138672e+00
-9.478910565376281738e-01
1.478169560432434082e-01
5.452249050140380859e-01
3.855350494384765625e+00
1.267270088195800781e+00
4.856108188629150391e+00
6.333432197570800781e-01
2.360970735549926758e+00
-3.843129873275756836e-01
1.107280611991882324e+00
-4.125834703445434570e-01
-1.793059825897216797e+00
5.000000000000000000e+00
-8.089125156402587891e-01
-3.536328077316284180e-01
2.320736646652221680e-01
5.659741163253784180e-01
1.479768514633178711e+00
1.466944932937622070e+00
6.667453050613403320e-01
9.678927659988403320e-01
2.365738630294799805e+00
3.583535909652709961e+00
8.381224274635314941e-01
4.762458801269531250e-02
1.527222633361816406e+00
-1.279394268989562988e+00
4.927860260009765625e+00
-1.318500041961669922e-01
-1.589524745941162109e-02
4.732844352722167969e+00
5.999652147293090820e-01
3.103248178958892822e-01
-2.116865515708923340e-01
-3.668816089630126953e-01
-7.262493371963500977e-01
4.549273490905761719e+00
-1.295097947120666504e+00
8.638429641723632812e-01
-4.389767646789550781e-01
4.318147182464599609e+00
7.822682857513427734e-01
-9.224295616149902344e-03
-2.202782630920410156e-01
4.017539024353027344e+00
2.815618515014648438e-01
5.715931653976440430e-01
-4.269017875194549561e-01
2.318831682205200195e-01
4.519791603088378906e+00
-1.685543060302734375e-01
9.095771312713623047e-01
-1.186445474624633789e+00
-2.189005613327026367e-01
2.749555110931396484e-01
3.884605884552001953e+00
1.238423109054565430e+00
9.483878612518310547e-01
6.553255319595336914e-01
1.352745771408081055e+00
-2.041438817977905273e-01
-9.425907731056213379e-01
7.954882383346557617e-01
-1.554529666900634766e-01
7.350175380706787109e-01
4.764604568481445312e-02
1.714991331100463867e+00
-2.497080564498901367e-01
-3.046537637710571289e-01
-1.365970373153686523e-01
-2.115395069122314453e-01
5.000000000000000000e+00
-1.487952947616577148e+00
1.221499919891357422e+00
-3.275221586227416992e-01
-6.409715414047241211e-01
9.660251140594482422e-01
3.114084243774414062e+00
-1.583149671554565430e+00
-6.157317757606506348e-01
-1.009714126586914062e+00
5.000000000000000000e+00
1.403420805931091309e+00
4.477667808532714844e-02
2.125823974609375000e+00
-7.881697416305541992e-01
3.303757309913635254e-02
-4.836746454238891602e-01
-1.060739517211914062e+00
-7.066716551780700684e-01
-8.243000507354736328e-01
-4.589335918426513672e-01
-1.460354685783386230e+00
-6.646566390991210938e-01
-1.067841529846191406e+00
6.558513641357421875e-02
-1.006429314613342285e+00
-9.552380442619323730e-02
8.066335916519165039e-01
-4.180147647857666016e-01
7.102191448211669922e-02
3.004513978958129883e-01
2.611660480499267578e+00
5.000000000000000000e+00
2.201140880584716797e+00
-1.828108429908752441e-01
8.296685218811035156e-01
-1.018211603164672852e+00
-1.347276926040649414e+00
4.557352066040039062e-01
6.527407169342041016e-01
1.433985710144042969e+00
3.111531138420104980e-01
8.116049170494079590e-01
8.004553914070129395e-01
6.073772907257080078e-01
-7.039226293563842773e-01
6.053209304809570312e-01
-6.968564987182617188e-01
-1.079698801040649414e+00
3.191378116607666016e+00
4.366067647933959961e-01
1.978050708770751953e+00
5.000000000000000000e+00
-8.820891380310058594e-04
-1.600009918212890625e+00
1.922488212585449219e-03
-2.641391754150390625e-01
-2.310902774333953857e-01
4.986150741577148438e+00
-1.932585239410400391e-02
1.427446603775024414e-01
2.732504010200500488e-01
-1.558711171150207520e+00
-9.914827346801757812e-01
-1.332550287246704102e+00
8.756521940231323242e-01
1.026556372642517090e+00
6.025054454803466797e-01
6.566631793975830078e-01
4.420114517211914062e+00
-2.960492968559265137e-01
1.848300814628601074e+00
-8.269262313842773438e-02
5.000000000000000000e+00
1.947625637054443359e+00
2.178678512573242188e-01
1.835472822189331055e+00
9.664781689643859863e-01
-3.373369574546813965e-01
-4.317178726196289062e-01
6.380529403686523438e-01
2.474569320678710938e+00
-9.312391281127929688e-02
-1.755203008651733398e-01
4.698718547821044922e+00
2.742029190063476562e+00
-8.199265003204345703e-01
2.236270606517791748e-01
1.250744462013244629e-01
7.445256114006042480e-01
1.498233675956726074e+00
-1.362972259521484375e-01
-9.467692375183105469e-01
4.233670234680175781e-01
4.771687984466552734e-01
6.295453310012817383e-01
1.061988353729248047e+00
4.646903991699218750e+00
5.000000000000000000e+00
1.531633734703063965e-01
-1.681457281112670898e+00
4.572808742523193359e+00
-1.303246617317199707e-01
7.933501005172729492e-01
1.982153892517089844e+00
1.569366335868835449e+00
4.925203323364257812e-02
1.257462739944458008e+00
-6.195836067199707031e-01
1.130098342895507812e+00
-1.725036859512329102e+00
-5.964300632476806641e-01
2.123741626739501953e+00
3.860960721969604492e+00
9.228626489639282227e-01
4.435796737670898438e+00
5.000000000000000000e+00
-1.660501241683959961e+00
7.629114985466003418e-01
5.994030237197875977e-01
-6.916258335113525391e-01
-4.331704974174499512e-01
3.748602867126464844e+00
-9.038347601890563965e-01
1.096069097518920898e+00
-9.650218486785888672e-02
1.949602127075195312e+00
-7.261797189712524414e-01
1.637172222137451172e+00
4.853148460388183594e+00
4.687157869338989258e-01
1.116882562637329102e-01
2.244669198989868164e-02
5.000000000000000000e+00
4.893366813659667969e+00
7.063649296760559082e-01
-3.205963969230651855e-02
5.539856851100921631e-02
-9.425137042999267578e-01
3.026629447937011719e+00
-1.072335243225097656e-01
4.029728174209594727e-01
9.917840361595153809e-01
5.000000000000000000e+00
4.513925552368164062e+00
1.313926696777343750e+00
3.288578987121582031e-01
3.188933134078979492e-01
5.184185504913330078e-02
1.791345596313476562e+00
8.250411152839660645e-01
-3.195213079452514648e-01
2.348208427429199219e+00
-7.351588010787963867e-01
8.924418687820434570e-02
2.307056903839111328e+00
-1.810922265052795410e+00
-4.730373620986938477e-02
1.621957659721374512e+00
1.426668405532836914e+00
1.960875034332275391e+00
-2.426821231842041016e+00
5.000000000000000000e+00
2.973980903625488281e-01
3.963014364242553711e+00
-7.071088552474975586e-01
-5.331670045852661133e-01
4.387953758239746094e+00
5.089745521545410156e-01
2.115753889083862305e-01
8.876044750213623047e-01
6.879351735115051270e-01
-3.208022117614746094e-01
-3.657020330429077148e-01
1.978293061256408691e-01
4.746350288391113281e+00
-1.654380321502685547e+00
-1.052663803100585938e+00
-1.127628803253173828e+00
-2.712447643280029297e-01
3.552576780319213867e+00
-1.229840159416198730e+00
1.316937088966369629e+00
2.228938341140747070e+00
1.205786466598510742e+00
1.228544712066650391e-01
2.820528745651245117e-01
1.123094439506530762e+00
2.209684371948242188e+00
-2.168484926223754883e-01
-7.860766649246215820e-01
2.194864749908447266e-01
3.574609756469726562e-01
3.119548559188842773e-01
1.305132627487182617e+00
-2.223427295684814453e-01
3.374071121215820312e+00
1.110656261444091797e-01
9.084943532943725586e-01
-1.391758561134338379e+00
5.654999613761901855e-01
8.649206161499023438e-01
-3.827788829803466797e-01
4.689140319824218750e+00
2.954202890396118164e-02
1.749066829681396484e+00
2.512431621551513672e+00
-1.195647716522216797e-01
3.559803962707519531e-01
1.994672656059265137e+00
-4.912004470825195312e-01
1.196347713470458984e+00
-3.590196371078491211e-01
2.086658477783203125e-01
1.360908865928649902e+00
-1.258973836898803711e+00
2.453718185424804688e-01
5.691877603530883789e-01
1.498732686042785645e+00
3.733133077621459961e-01
7.190251350402832031e-02
6.717472076416015625e-01
-3.731762170791625977e-01
5.443220138549804688e-01
9.035205841064453125e-01
-9.195334315299987793e-01
-2.815935611724853516e-01
1.209132671356201172e+00
-1.935051679611206055e-01
5.257115960121154785e-01
8.356324434280395508e-01
7.104723453521728516e-01
5.743393898010253906e-01
1.898285150527954102e-01
3.754120349884033203e+00
7.330518960952758789e-01
6.281654238700866699e-01
4.142681360244750977e-01
8.804285526275634766e-01
-4.702999591827392578e-01
4.559264183044433594e-01
2.819376468658447266e+00
4.207911491394042969e+00
1.271862030029296875e+00
-2.134663105010986328e+00
7.429684400558471680e-01
4.594469070434570312e-02
1.752327919006347656e+00
3.189665675163269043e-01
8.517252206802368164e-01
1.284503579139709473e+00
2.681583762168884277e-01
1.534649133682250977e-01
3.826580286026000977e+00
-2.542651891708374023e-01
9.552438855171203613e-01
1.733346462249755859e+00
1.489978075027465820e+00
5.133036971092224121e-01
6.068187952041625977e-01
-4.096351861953735352e-01
9.274530410766601562e-01
2.369123697280883789e-01
-4.887747764587402344e-02
2.028818130493164062e-01
4.049134254455566406e-02
-3.683111071586608887e-01
4.865205287933349609e-02
1.050354242324829102e+00
7.234296798706054688e-01
4.084544181823730469e+00
-1.597649812698364258e+00
-1.148297786712646484e-01
2.643193244934082031e+00
9.630429744720458984e-02
2.190285921096801758e-01
1.114149808883666992e+00
9.219101667404174805e-01
-8.085358142852783203e-02
-6.729215979576110840e-01
2.359954118728637695e-01
-1.755488038063049316e+00
9.053540229797363281e-02
-6.475369930267333984e-01
4.823385715484619141e+00
5.987806320190429688e-01
-7.529029846191406250e-01
1.874828577041625977e+00
1.591408610343933105e+00
5.000000000000000000e+00
1.866403341293334961e+00
2.721149921417236328e-01
-3.665643334388732910e-01
2.394692897796630859e-01
-5.611945390701293945e-01
2.352872371673583984e+00
-2.419052124023437500e-01
1.151738166809082031e+00
5.804444551467895508e-01
2.747806549072265625e+00
-4.648816585540771484e-02
3.119756460189819336e+00
4.101993083953857422e+00
-2.577818632125854492e-01
5.000000000000000000e+00
5.478998422622680664e-01
1.606614351272583008e+00
1.919754743576049805e-01
-6.113631725311279297e-01
2.233099937438964844e-01
3.467848300933837891e+00
1.189408302307128906e-01
7.616264820098876953e-01
3.529192805290222168e-01
2.024092078208923340e-01
3.749924898147583008e-02
-1.775713801383972168e+00
4.276160717010498047e+00
2.238205075263977051e-01
5.690468549728393555e-01
-1.258954048156738281e+00
-7.763794660568237305e-01
8.203294873237609863e-01
3.651629686355590820e-01
4.917520523071289062e+00
2.373996496200561523e+00
4.098940372467041016e+00
-4.443174600601196289e-01
3.891534328460693359e+00
1.635399460792541504e-01
-3.303617000579833984e+00
-5.577230453491210938e-02
7.417118549346923828e-01
4.876772165298461914e-01
-2.348380088806152344e-01
-1.504781603813171387e+00
-6.835619211196899414e-01
4.271462440490722656e+00
8.646561503410339355e-01
2.090663433074951172e+00
6.655181646347045898e-01
1.917597055435180664e+00
4.177018702030181885e-01
1.065145969390869141e+00
-2.022463083267211914e-01
-6.026419401168823242e-01
2.645263195037841797e+00
5.000000000000000000e+00
-1.083952426910400391e+00
-9.433482885360717773e-01
-4.233939647674560547e-01
-1.923125237226486206e-01
-1.941387295722961426e+00
1.430352091789245605e+00
4.468680858612060547e+00
3.048815727233886719e-01
1.863839268684387207e+00
-1.710701584815979004e-01
-3.023019790649414062e+00
3.701654911041259766e+00
5.000000000000000000e+00
-1.035084843635559082e+00
4.789520263671875000e+00
-1.314808130264282227e-01
1.320191025733947754e+00
1.524423360824584961e-01
-9.805039167404174805e-01
1.465333700180053711e-01
1.580538272857666016e+00
4.237283706665039062e+00
-9.077605605125427246e-01
5.912321805953979492e-01
4.250096797943115234e+00
-1.837759017944335938e+00
1.251266598701477051e+00
-7.305647134780883789e-01
3.429785966873168945e-01
3.308630943298339844e+00
-1.834773302078247070e+00
1.922492980957031250e+00
9.690892696380615234e-02
1.572124958038330078e+00
6.410117149353027344e-01
1.979698896408081055e+00
-9.221992492675781250e-01
1.855468273162841797e+00
1.340750098228454590e+00
2.816039919853210449e-01
-1.855350732803344727e-01
-2.318252563476562500e+00
2.243673563003540039e+00
2.239982485771179199e-01
-9.994767904281616211e-01
-1.112220287322998047e+00
4.536633491516113281e-01
9.750669002532958984e-01
-9.305846691131591797e-02
-1.275366067886352539e+00
6.344934701919555664e-01
1.999757289886474609e-01
1.539689004421234131e-01
-8.271369934082031250e-01
2.914565563201904297e+00
3.988662958145141602e-01
4.840461730957031250e+00
5.571791529655456543e-01
-3.139777183532714844e-01
1.030607938766479492e+00
-1.603591442108154297e-02
1.983856081962585449e+00
9.811502695083618164e-01
2.379764318466186523e-01
4.675156116485595703e+00
-1.344699740409851074e+00
2.035357952117919922e-01
4.785260677337646484e+00
4.254561424255371094e+00
4.772145748138427734e+00
-2.806365728378295898e+00
2.935858726501464844e+00
1.956977963447570801e+00
4.556921482086181641e+00
-1.393578052520751953e-01
4.881189346313476562e+00
-2.555503368377685547e+00
-7.513165473937988281e-02
3.761884212493896484e+00
-1.892328262329101562e-02
-3.475785255432128906e-02
4.004309654235839844e+00
1.046246409416198730e+00
-5.237517356872558594e-01
8.517993688583374023e-01
-3.431236743927001953e-02
-1.845437288284301758e+00
-5.376243591308593750e-02
9.282403588294982910e-01
-1.582409739494323730e+00
-3.048862218856811523e-01
1.975538730621337891e-01
4.417693138122558594e+00
-9.545731544494628906e-01
3.934817314147949219e-01
-1.327948689460754395e+00
9.480724334716796875e-01
1.179248094558715820e-02
-1.960109353065490723e+00
1.455217599868774414e-01
-1.316553354263305664e+00
-7.764191627502441406e-01
-1.495922207832336426e-01
2.229147434234619141e+00
-9.930622577667236328e-01
2.043532133102416992e-01
2.397958040237426758e-01
1.600256919860839844e+00
1.272528767585754395e+00
-2.682227492332458496e-01
4.105952739715576172e+00
1.395077586174011230e+00
-1.776529550552368164e-01
8.562564849853515625e-02
1.634840846061706543e+00
5.420951843261718750e-01
4.804241180419921875e+00
1.767004251480102539e+00
-1.548380851745605469e+00
1.062408685684204102e+00
9.273958206176757812e-01
2.061456203460693359e+00
2.705792665481567383e+00
9.709185361862182617e-01
4.992864131927490234e-01
-4.242627620697021484e-01
5.000000000000000000e+00
1.643548846244812012e+00
-4.755646586418151855e-01
8.163907527923583984e-01
5.250041484832763672e-01
1.359298229217529297e-01
1.963999271392822266e-01
-2.923609018325805664e-01
-1.504174828529357910e+00
2.586831092834472656e+00
-7.960016131401062012e-01
-2.027441501617431641e+00
9.746190309524536133e-01
-1.881433486938476562e+00
5.000000000000000000e+00
-3.674834966659545898e-01
5.000000000000000000e+00
-7.559099197387695312e-01
-7.462756633758544922e-01
7.378590106964111328e-02
1.836115837097167969e+00
-1.812726259231567383e+00
-1.599707007408142090e+00
5.389934182167053223e-01
3.146921634674072266e+00
-3.614763021469116211e-01
3.818069219589233398e+00
-8.916735649108886719e-02
2.183833122253417969e-01
3.792343854904174805e+00
-1.246454715728759766e-01
1.512045741081237793e+00
1.984333634376525879e+00
4.043907165527343750e+00
1.202395200729370117e+00
-1.384185791015625000e+00
1.000549435615539551e+00
4.075210094451904297e-01
5.000000000000000000e+00
3.611232638359069824e-01
4.543465614318847656e+00
5.485587120056152344e-01
-7.168090343475341797e-01
-1.027284502983093262e+00
-7.464456558227539062e-01
-5.483031272888183594e-02
2.396212100982666016e+00
1.089743614196777344e+00
5.718374252319335938e-02
1.874257087707519531e+00
-1.383519172668457031e-02
-2.052550554275512695e+00
5.907821655273437500e-02
-8.556336164474487305e-02
-4.332588911056518555e-01
1.683136940002441406e+00
-1.854170560836791992e-01
8.115184307098388672e-02
3.453669548034667969e-01
6.550407409667968750e-02
-8.995631337165832520e-01
-2.475082874298095703e-01
-9.566627144813537598e-01
2.248028516769409180e-01
1.929913878440856934e+00
-9.595845341682434082e-01
3.471277356147766113e-01
6.012809276580810547e-01
8.500922918319702148e-01
7.619065046310424805e-02
5.000000000000000000e+00
1.417064666748046875e-01
-6.038333177566528320e-01
5.228745937347412109e-02
1.592120051383972168e+00
-1.384772062301635742e-01
-9.796524047851562500e-02
2.780404090881347656e-01
-3.691519498825073242e-01
-5.385501384735107422e-01
4.381235837936401367e-01
-7.465769052505493164e-01
-9.707444906234741211e-01
8.001328110694885254e-01
-8.296455144882202148e-01
4.216036796569824219e+00
4.500390052795410156e+00
3.875192403793334961e-01
-6.402873992919921875e-02
4.414179325103759766e-01
5.000000000000000000e+00
8.561714887619018555e-01
-4.050587415695190430e-01
9.664047956466674805e-01
-3.625756502151489258e-01
1.698820590972900391e-01
6.230425834655761719e-01
-9.214323163032531738e-01
-1.364160776138305664e-01
-2.593863010406494141e-02
-5.382549762725830078e-02
3.495475053787231445e-01
-1.058255672454833984e+00
5.070055723190307617e-01
5.722525119781494141e-01
-1.247704386711120605e+00
2.503231525421142578e+00
4.677339553833007812e+00
-8.860492706298828125e-02
3.865995883941650391e+00
-9.314601421356201172e-01
4.948131561279296875e+00
-5.090656876564025879e-01
-1.032709836959838867e+00
2.145611643791198730e-01
1.383471608161926270e+00
2.169336080551147461e+00
6.819929480552673340e-01
-6.349772214889526367e-01
-3.754088878631591797e-01
1.087647199630737305e+00
3.719520866870880127e-01
-2.242605447769165039e+00
1.264754533767700195e+00
5.276381969451904297e-01
1.945768475532531738e+00
1.060068607330322266e-02
6.071341037750244141e-02
4.649508953094482422e+00
-5.501008033752441406e-02
-3.562648296356201172e-01
6.742835044860839844e-02
3.390750408172607422e+00
1.544516801834106445e+00
1.251204729080200195e+00
1.386430621147155762e+00
-3.528919219970703125e-01
2.607929706573486328e-02
2.340765714645385742e+00
7.885740995407104492e-01
2.061630725860595703e+00
1.453448057174682617e+00
-2.174467086791992188e+00
4.196289539337158203e+00
4.540165901184082031e+00
-1.240416407585144043e+00
1.073268651962280273e+00
3.494876623153686523e-01
-2.704127311706542969e+00
2.739589214324951172e+00
4.570523500442504883e-01
1.667704582214355469e+00
-4.437955617904663086e-01
3.305758237838745117e+00
4.053853988647460938e+00
2.875771760940551758e+00
-4.362008571624755859e-01
-1.048592925071716309e-01
3.578269720077514648e+00
1.380828619003295898e+00
1.853343248367309570e+00
3.318949699401855469e+00
-5.470547676086425781e-01
-4.832999110221862793e-01
-5.721906423568725586e-01
2.752381563186645508e-01
-1.559065580368041992e-01
-8.791936635971069336e-01
9.514408707618713379e-01
3.114301919937133789e+00
2.489856004714965820e+00
2.789066433906555176e-01
5.000000000000000000e+00
6.871750354766845703e-01
1.132712364196777344e+00
2.930693149566650391e+00
1.311295747756958008e+00
4.099637508392333984e+00
1.214798688888549805e+00
1.281952857971191406e-02
4.438944816589355469e+00
3.975553810596466064e-01
2.902302742004394531e+00
-6.953072547912597656e-02
9.966177940368652344e-01
1.660026550292968750e+00
-2.578713893890380859e-01
-1.133998394012451172e+00
-5.621478557586669922e-01
2.714436054229736328e-01
4.624160528182983398e-01
1.987466096878051758e+00
2.312938213348388672e+00
1.482881188392639160e+00
4.167167663574218750e+00
2.133195638656616211e+00
4.129746913909912109e+00
-1.129938840866088867e+00
5.000000000000000000e+00
-1.735791206359863281e+00
4.266298294067382812e+00
9.959805011749267578e-02
3.139672279357910156e-01
2.444525718688964844e+00
8.594093322753906250e-01
-1.212504625320434570e+00
3.508211135864257812e+00
-2.867796421051025391e-01
3.649678707122802734e+00
3.502681255340576172e+00
4.348762512207031250e+00
4.537622928619384766e-01
8.132297992706298828e-01
1.236573934555053711e+00
8.648416996002197266e-01
2.359132766723632812e-01
1.381016969680786133e+00
1.995022296905517578e-01
-2.206612825393676758e+00
1.903810501098632812e-01
-5.930966138839721680e-01
-1.017040729522705078e+00
-1.070362687110900879e+00
1.252852916717529297e+00
2.994438171386718750e+00
1.588804006576538086e+00
-4.756698608398437500e-01
-2.580202817916870117e-01
1.658073663711547852e+00
-1.659844398498535156e+00
5.000000000000000000e+00
1.722604513168334961e+00
2.942206263542175293e-01
-8.377743959426879883e-01
-3.175044059753417969e-02
7.691983580589294434e-01
-6.803851127624511719e-01
2.334382772445678711e+00
5.503501892089843750e-01
2.494341135025024414e-01
4.629956483840942383e-01
1.703574895858764648e+00
1.034374475479125977e+00
-3.723036050796508789e-01
-3.198939561843872070e-02
1.149237990379333496e+00
-1.022425770759582520e+00
4.875152587890625000e+00
3.827621936798095703e+00
-8.011015057563781738e-01
-3.997205495834350586e-01
5.000000000000000000e+00
2.317702054977416992e+00
3.862094640731811523e+00
-3.798356652259826660e-01
8.177506923675537109e-01
6.972277164459228516e-02
-2.573767304420471191e-01
6.044026613235473633e-01
-9.085720181465148926e-01
3.349595069885253906e-01
-6.121027469635009766e-01
-2.902545928955078125e-01
1.324566721916198730e+00
1.394257783889770508e+00
