8.352966904640197754e-01
-5.290997028350830078e-01
7.438975572586059570e-01
5.860061645507812500e-01
1.955787420272827148e+00
-7.970941066741943359e-01
1.413964629173278809e+00
-1.807607412338256836e-01
-7.106459140777587891e-01
1.878600239753723145e+00
5.000000000000000000e+00
-3.837479352951049805e-01
1.105454325675964355e+00
1.175727844238281250e+00
3.741683483123779297e+00
-8.459159135818481445e-01
5.535387992858886719e-02
-3.520480394363403320e-01
3.100801467895507812e+00
-5.297230482101440430e-01
-5.104240179061889648e-01
-4.994902610778808594e-01
8.769103288650512695e-01
2.143715322017669678e-01
3.922005653381347656e+00
-8.054276704788208008e-01
1.124549388885498047e+00
2.862147808074951172e+00
1.409466743469238281e+00
2.663249969482421875e+00
-1.310149431228637695e+00
-1.805644035339355469e-01
1.005778789520263672e+00
-1.588010787963867188e-02
-1.879050731658935547e-01
1.041313886642456055e+00
-1.418198347091674805e-01
-3.142593502998352051e-01
-3.058387279510498047e+00
2.085064411163330078e+00
1.136575937271118164e+00
7.782692909240722656e-01
-1.490234255790710449e+00
1.414956569671630859e+00
-8.572189807891845703e-01
-1.389538884162902832e+00
5.860531926155090332e-01
5.048400759696960449e-01
3.949307680130004883e+00
4.691547393798828125e+00
-5.882190465927124023e-01
2.733730792999267578e+00
1.536862492561340332e+00
1.996724605560302734e-01
2.197962999343872070e-01
5.696117281913757324e-01
1.006364822387695312e-02
5.000000000000000000e+00
-2.938384532928466797e+00
4.383796215057373047e+00
3.223880529403686523e+00
4.074955940246582031e+00
2.282823324203491211e-01
-4.638045430183410645e-01
-1.301911115646362305e+00
4.633351564407348633e-01
1.115440368652343750e+00
4.545217752456665039e-01
1.111386537551879883e+00
2.411148071289062500e+00
8.668846487998962402e-01
-8.350695967674255371e-01
6.544883251190185547e-01
4.640436172485351562e-01
1.706585407257080078e+00
-1.259966492652893066e+00
2.172422885894775391e+00
-1.248517036437988281e+00
-1.161796808242797852e+00
4.509978294372558594e+00
-2.803250551223754883e-01
3.270705938339233398e-01
4.682736873626708984e+00
1.145775318145751953e-01
-9.874942898750305176e-01
1.880213260650634766e+00
-2.126999795436859131e-01
4.545358657836914062e+00
1.716767311096191406e+00
4.413607597351074219e+00
1.450172781944274902e+00
-1.015167832374572754e+00
-4.264794588088989258e-01
4.519523382186889648e-01
3.977782726287841797e-01
-3.425536751747131348e-01
7.264153361320495605e-01
7.255417108535766602e-01
-2.344454526901245117e-01
-5.695801973342895508e-01
1.754337787628173828e+00
3.835359096527099609e+00
-3.853778839111328125e-01
5.566264986991882324e-01
7.766678333282470703e-01
-6.558151245117187500e-01
-6.758140087127685547e+00
-2.690738201141357422e+00
2.413139104843139648e+00
1.658278703689575195e+00
-7.156308889389038086e-01
2.838215827941894531e-01
5.000000000000000000e+00
4.130613327026367188e+00
5.000000000000000000e+00
-3.135293483734130859e+00
8.452892303466796875e-01
-2.272244930267333984e+00
-1.069394350051879883e+00
1.631102681159973145e+00
-7.590965628623962402e-01
-1.685279011726379395e+00
-2.368937730789184570e-01
1.806589722633361816e+00
-8.269817829132080078e-01
4.457264900207519531e+00
-3.823661804199218750e-02
-1.459122896194458008e+00
-1.946423530578613281e+00
5.284707546234130859e-01
-5.111404657363891602e-01
4.478058338165283203e+00
4.469971656799316406e+00
-8.957856893539428711e-02
5.000000000000000000e+00
-1.391835927963256836e+00
-1.599974632263183594e-01
2.277997970581054688e+00
2.507305145263671875e-01
-6.211621761322021484e-01
2.321522831916809082e-01
-2.125918865203857422e-01
-1.768714547157287598e+00
8.442807793617248535e-01
3.890723943710327148e+00
-5.949199199676513672e-01
-3.542684555053710938e+00
1.594875693321228027e+00
2.621712982654571533e-01
-5.793622732162475586e-01
1.092183589935302734e+00
-2.321765661239624023e+00
3.054268360137939453e-01
2.477289438247680664e-01
7.440489530563354492e-01
1.201655387878417969e+00
4.452872574329376221e-01
-1.747882366180419922e-01
-2.485074996948242188e-01
4.022177219390869141e+00
1.705787897109985352e+00
5.000000000000000000e+00
-5.004981756210327148e-01
-1.400940299034118652e+00
-1.712247014045715332e+00
2.801759481430053711e+00
-1.019277811050415039e+00
-4.740879535675048828e-01
3.491524219512939453e+00
1.878384828567504883e+00
3.609261035919189453e+00
1.855570316314697266e+00
-2.566908597946166992e-01
1.178348064422607422e+00
-5.083866119384765625e-01
-1.773853898048400879e-01
-6.793993711471557617e-01
4.295744895935058594e-01
6.662673950195312500e-01
7.573739290237426758e-01
-9.377729892730712891e-02
-2.482471942901611328e+00
9.392592906951904297e-01
5.000000000000000000e+00
1.315248250961303711e+00
1.562373161315917969e+00
-1.299836635589599609e-01
4.147763252258300781e-01
-2.539061307907104492e-01
3.912895917892456055e+00
6.815097928047180176e-01
7.511529326438903809e-01
9.042453765869140625e-01
1.822676897048950195e+00
-4.970917701721191406e-01
2.858908474445343018e-01
-1.698709249496459961e+00
3.526346206665039062e+00
-1.524716615676879883e+00
1.355741262435913086e+00
-8.835417032241821289e-01
4.258148670196533203e-01
1.821249008178710938e+00
-8.567799925804138184e-01
8.996316194534301758e-01
2.951567173004150391e-01
-1.761379718780517578e+00
3.561888217926025391e+00
-1.489808082580566406e+00
1.902847051620483398e+00
-4.067050218582153320e-01
1.170467376708984375e+00
-9.178001880645751953e-01
-2.468452930450439453e+00
2.111374378204345703e+00
1.368701457977294922e-01
1.639503955841064453e+00
2.401249647140502930e+00
4.466494560241699219e+00
1.619795799255371094e+00
-1.846341013908386230e+00
5.000000000000000000e+00
-6.356643140316009521e-02
-5.682996749877929688e+00
3.391574621200561523e+00
-3.858904838562011719e-01
2.670266628265380859e+00
3.841550350189208984e-01
2.430117428302764893e-01
1.197556734085083008e+00
3.776519298553466797e+00
3.376104235649108887e-01
7.627837657928466797e-01
4.551740646362304688e+00
2.859407424926757812e+00
1.560280680656433105e+00
-9.088659286499023438e-02
-8.778719902038574219e-01
1.605534076690673828e+00
6.269180178642272949e-01
2.515147924423217773e-01
-9.795646667480468750e-01
5.000000000000000000e+00
4.803888320922851562e+00
-7.055670022964477539e-01
3.192124664783477783e-01
-2.508872747421264648e-01
-2.751984119415283203e+00
4.893628120422363281e+00
-1.244468688964843750e-01
2.241828441619873047e-01
4.195069074630737305e-01
-5.386402606964111328e-01
-1.083065986633300781e+00
-6.872668266296386719e-01
7.092313766479492188e-01
-1.784464120864868164e-01
1.021538853645324707e+00
2.155592441558837891e-01
-2.798123955726623535e-01
1.675126552581787109e-01
-1.561318635940551758e+00
-3.551256656646728516e-02
-3.048561573028564453e+00
-9.326005578041076660e-01
-1.646956086158752441e+00
-3.026367902755737305e+00
1.348660588264465332e+00
3.847616910934448242e+00
3.067531585693359375e-01
7.236126661300659180e-01
1.058314740657806396e-01
-1.533157825469970703e-01
2.859352827072143555e-01
-1.581981182098388672e-01
-8.027648925781250000e-02
-9.006188511848449707e-01
-2.135773301124572754e-01
4.368997812271118164e-01
-8.670827150344848633e-01
2.073196172714233398e-01
4.800098896026611328e+00
-3.807621002197265625e-01
-4.286983013153076172e-01
-3.242240905761718750e+00
3.990264415740966797e+00
1.079415559768676758e+00
-1.517411112785339355e+00
3.393139839172363281e-01
-8.146334886550903320e-01
3.270246505737304688e+00
2.729872941970825195e+00
2.508610248565673828e+00
5.166701674461364746e-01
4.451114177703857422e+00
1.862578392028808594e-01
8.405331373214721680e-01
1.238527774810791016e+00
4.357122421264648438e+00
3.156330287456512451e-01
-2.595864534378051758e-01
4.863544404506683350e-01
6.620790958404541016e-01
-4.809857606887817383e-01
5.000000000000000000e+00
-5.874730348587036133e-01
-1.438795566558837891e+00
-1.450516343116760254e+00
-1.135536193847656250e+00
3.567496299743652344e+00
5.923035144805908203e-01
2.147385835647583008e+00
-1.117152690887451172e+00
2.965301036834716797e+00
4.890522003173828125e+00
2.410042285919189453e-02
-1.015058159828186035e+00
1.685600876808166504e+00
1.547852873802185059e+00
-1.399273514747619629e+00
1.437386274337768555e-01
4.862414002418518066e-01
-7.231568098068237305e-01
6.960123777389526367e-01
1.448748826980590820e+00
6.864075660705566406e-01
6.039806604385375977e-01
1.397587060928344727e-01
2.205995559692382812e+00
2.871596813201904297e-01
-1.556187272071838379e+00
-6.252882480621337891e-01
1.423393011093139648e+00
-6.744593977928161621e-01
6.901912689208984375e-01
-9.926464557647705078e-01
2.313945770263671875e+00
4.384614229202270508e-01
4.399998664855957031e+00
7.561128139495849609e-01
1.214907646179199219e+00
1.070885658264160156e-01
2.712893724441528320e+00
-1.397819280624389648e+00
1.479877233505249023e-01
4.155580520629882812e+00
-2.385449409484863281e-01
2.954587221145629883e+00
-1.477329492568969727e+00
-1.841557025909423828e-02
7.459557056427001953e-01
2.693125247955322266e+00
-7.199200391769409180e-01
2.972702503204345703e+00
-8.244899511337280273e-01
1.370858788490295410e+00
3.817329406738281250e+00
1.538721621036529541e-01
-2.246571779251098633e-01
2.753509044647216797e+00
4.645303726196289062e+00
-1.162673354148864746e+00
5.497453212738037109e-01
4.327361583709716797e-01
-5.013551712036132812e-01
9.809832572937011719e-01
4.771502017974853516e+00
4.476072788238525391e+00
5.960377454757690430e-01
1.114958524703979492e-01
6.167006492614746094e-01
-4.613776206970214844e-01
-1.789886951446533203e-01
1.240974783897399902e+00
7.204457521438598633e-01
-2.806296944618225098e-01
6.588954925537109375e-01
1.082662343978881836e+00
9.035191535949707031e-01
-2.258056402206420898e-02
3.521392345428466797e+00
2.890231132507324219e+00
3.625448942184448242e-01
3.436350107192993164e+00
2.995564460754394531e+00
7.216725349426269531e-01
2.716517746448516846e-01
-8.880430459976196289e-01
1.906019091606140137e+00
1.524685025215148926e-01
3.493295311927795410e-01
-1.898101806640625000e+00
1.774557113647460938e+00
1.850020170211791992e+00
4.695193767547607422e-01
7.858961820602416992e-01
6.029284000396728516e-02
-3.362226486206054688e-02
9.268112182617187500e-01
4.437341690063476562e-01
-9.348750114440917969e-01
1.273222565650939941e+00
-1.259050607681274414e+00
9.016753435134887695e-01
-4.196166992187500000e-02
-1.548230648040771484e-01
9.044069051742553711e-02
-1.233249902725219727e-01
6.064710617065429688e-01
-9.163284301757812500e-01
-5.572243928909301758e-01
-3.573006987571716309e-01
5.000000000000000000e+00
8.524747490882873535e-01
2.662706375122070312e+00
1.682966947555541992e+00
-5.352616310119628906e-02
-1.766788363456726074e-01
-4.437074065208435059e-01
-4.240046143531799316e-01
2.341745615005493164e+00
1.700139045715332031e-01
4.971502423286437988e-01
-5.860157608985900879e-01
1.880929589271545410e+00
2.209189414978027344e+00
2.729658365249633789e+00
4.802680015563964844e+00
4.122106552124023438e+00
2.429820537567138672e+00
-1.083996534347534180e+00
3.973672389984130859e-01
9.726155996322631836e-01
1.227212071418762207e+00
2.584632158279418945e+00
1.869555711746215820e+00
4.818626403808593750e+00
1.298104524612426758e-01
-3.225066661834716797e-01
4.124260902404785156e+00
-3.746536374092102051e-01
-8.177971839904785156e-02
5.000000000000000000e+00
1.223942518234252930e+00
1.918622553348541260e-01
3.407008647918701172e-01
-3.555362224578857422e-01
3.868359327316284180e+00
4.963713288307189941e-01
-1.445087909698486328e+00
6.665405631065368652e-02
1.051612854003906250e+00
-9.503585100173950195e-02
-6.845026016235351562e-01
5.831416845321655273e-01
-3.702724575996398926e-01
1.527311801910400391e-01
3.043718338012695312e+00
2.557125568389892578e+00
-6.878907680511474609e-01
1.158485174179077148e+00
7.455846667289733887e-02
3.919814109802246094e+00
-3.955688476562500000e-01
2.743005752563476562e-02
-6.129361391067504883e-01
-3.134635984897613525e-01
4.260516166687011719e+00
-3.231875896453857422e-01
9.977812767028808594e-01
-2.134502649307250977e+00
-6.670774221420288086e-01
-5.385465621948242188e-01
2.566431045532226562e+00
7.100210189819335938e-01
-6.114983558654785156e-02
-1.873936653137207031e-01
3.626078128814697266e+00
-5.232079029083251953e-01
4.012475967407226562e+00
-8.369336128234863281e-01
6.934864521026611328e-01
1.343449354171752930e-01
5.000000000000000000e+00
9.034893512725830078e-01
1.562348604202270508e-01
-1.342422008514404297e+00
5.000000000000000000e+00
-9.094777107238769531e-01
2.103960752487182617e+00
3.719195127487182617e-01
2.724617719650268555e+00
1.189959526062011719e+00
-6.637619733810424805e-01
4.557920932769775391e+00
-2.799495697021484375e+00
-2.102472782135009766e-01
-7.628545165061950684e-01
2.122656106948852539e+00
4.251741409301757812e+00
4.303808689117431641e+00
2.524945735931396484e+00
4.781705141067504883e-01
7.243888974189758301e-01
1.369125843048095703e-01
1.030313968658447266e-02
3.592937469482421875e+00
-1.636231422424316406e+00
-1.680265665054321289e-01
-1.382526159286499023e+00
-6.414141654968261719e-01
-6.174292564392089844e-01
-6.630544662475585938e-01
4.474559307098388672e+00
1.491159200668334961e-01
-4.905364513397216797e-01
-8.823344111442565918e-01
3.916039466857910156e-01
1.956569433212280273e+00
2.113112926483154297e+00
5.000000000000000000e+00
-1.209239959716796875e+00
2.407102108001708984e+00
-2.275447249412536621e-01
-3.549935817718505859e-01
-1.222665190696716309e+00
-6.767921447753906250e-01
8.107355237007141113e-01
1.519247770309448242e+00
-2.367095947265625000e+00
1.951261997222900391e+00
-4.662113189697265625e-01
1.546362757682800293e+00
1.843755245208740234e-01
-4.646766185760498047e-02
4.324918746948242188e+00
4.339022636413574219e+00
1.142266988754272461e-01
1.829147815704345703e+00
2.880286872386932373e-01
-5.967170000076293945e-02
3.491868972778320312e-01
-6.312770843505859375e-01
3.780842304229736328e+00
-1.102516531944274902e+00
-5.206429362297058105e-01
1.520798921585083008e+00
-1.571244597434997559e-01
8.126740455627441406e-01
-6.282126903533935547e-01
1.362036466598510742e-01
9.856975078582763672e-01
1.356979250907897949e+00
2.327070832252502441e-01
1.322436809539794922e+00
6.719386577606201172e-01
1.067315816879272461e+00
-1.451125979423522949e+00
-1.065156459808349609e-01
-3.111624717712402344e-02
-1.599317669868469238e+00
1.611518144607543945e+00
-1.050644755363464355e+00
5.000000000000000000e+00
8.907899856567382812e-01
6.240693330764770508e-01
-1.563379764556884766e-01
2.848357677459716797e+00
-1.792649030685424805e-01
2.799669504165649414e-01
3.739166259765625000e-02
4.293225765228271484e+00
-9.145494699478149414e-01
2.029525995254516602e+00
-7.905173301696777344e-02
4.869798660278320312e+00
4.946476459503173828e+00
5.000000000000000000e+00
5.000000000000000000e+00
-9.829378128051757812e-02
7.019164562225341797e-01
4.860719442367553711e-01
2.518547534942626953e+00
3.947019577026367188e-02
2.748007774353027344e-01
7.281917333602905273e-01
-9.560482501983642578e-01
4.746649265289306641e+00
3.755993843078613281e-01
-1.155044794082641602e+00
1.552972555160522461e+00
1.782526969909667969e-01
1.401995182037353516e+00
4.141699075698852539e-01
-1.191987752914428711e+00
-7.251870632171630859e-01
-4.434324502944946289e-01
3.516908884048461914e-01
3.316404819488525391e-01
-7.814553976058959961e-01
-6.235736608505249023e-01
-2.130081653594970703e-01
-6.007744073867797852e-01
6.914305686950683594e-02
5.973448753356933594e-01
-3.997278213500976562e-02
-1.022012829780578613e-01
9.451963901519775391e-01
-1.436301827430725098e+00
2.149638414382934570e+00
2.078093290328979492e+00
-4.540891945362091064e-01
5.000000000000000000e+00
2.071738243103027344e-02
3.861203670501708984e+00
3.950429439544677734e+00
2.680436372756958008e+00
-1.358952999114990234e+00
1.694915890693664551e-01
4.137996673583984375e+00
-2.706626653671264648e-01
5.652386546134948730e-01
5.000000000000000000e+00
4.808975219726562500e+00
1.426567792892456055e+00
2.626543283462524414e+00
7.460688352584838867e-01
1.383870840072631836e-01
4.103291630744934082e-01
2.930018901824951172e-01
4.665849208831787109e+00
3.258711397647857666e-01
1.992001533508300781e-01
4.629200935363769531e+00
-4.052199423313140869e-01
4.066955566406250000e+00
-1.621760368347167969e+00
-4.295790672302246094e+00
2.004467964172363281e+00
-3.801063299179077148e-01
-7.298090457916259766e-01
2.950778007507324219e-01
3.713491678237915039e+00
-2.026295661926269531e-02
7.204668521881103516e-01
-1.701205253601074219e+00
-8.588588833808898926e-01
9.135031700134277344e-02
1.177625179290771484e+00
5.870732069015502930e-01
3.179039061069488525e-01
1.919406414031982422e+00
3.545954823493957520e-02
2.149258613586425781e+00
1.215134024620056152e+00
-1.285267353057861328e+00
5.686575174331665039e-01
2.168006420135498047e+00
3.576860427856445312e-01
-1.440640926361083984e+00
-1.545132160186767578e+00
7.802624702453613281e-01
1.046726942062377930e+00
2.198407173156738281e+00
-1.103371620178222656e+00
3.119222164154052734e+00
6.673359870910644531e-01
7.365022301673889160e-01
-1.739428043365478516e-01
-5.067675113677978516e-01
2.648216724395751953e+00
1.865931272506713867e+00
-6.469719409942626953e-01
-4.015773534774780273e-01
5.819849967956542969e-01
1.223865747451782227e-01
2.700984477996826172e+00
4.433107376098632812e+00
5.703089237213134766e-01
3.105591297149658203e+00
-4.639295339584350586e-01
-2.382100820541381836e-01
5.000000000000000000e+00
5.120640993118286133e-01
-7.941952943801879883e-01
4.678006172180175781e+00
-1.513322591781616211e+00
-9.139554500579833984e-01
-4.698344469070434570e-01
4.189690589904785156e+00
-1.451280117034912109e+00
3.043677210807800293e-01
6.124410629272460938e-01
-1.203221440315246582e+00
-3.839739561080932617e-01
4.689307212829589844e+00
-9.831011295318603516e-02
-2.611754894256591797e+00
-2.082010507583618164e-01
9.621077775955200195e-01
4.195030212402343750e+00
5.213059186935424805e-01
7.018086910247802734e-01
7.402164936065673828e-01
5.000000000000000000e+00
3.700697422027587891e-01
3.796336174011230469e+00
-2.212737560272216797e+00
1.096311330795288086e+00
2.498013496398925781e+00
1.533355712890625000e-01
1.541253328323364258e-01
7.950572371482849121e-01
6.748101711273193359e-01
-8.369222283363342285e-01
-1.434775590896606445e+00
7.509996891021728516e-01
-6.014524698257446289e-01
1.720057725906372070e-01
9.158924818038940430e-01
4.553621292114257812e+00
2.647616624832153320e+00
3.072540521621704102e+00
7.646861076354980469e-01
3.210421800613403320e+00
3.805167913436889648e+00
3.316014051437377930e+00
-4.180861711502075195e-01
8.419752120971679688e-02
-1.245665550231933594e-02
5.000000000000000000e+00
2.927008152008056641e+00
1.787971854209899902e-01
-8.608456850051879883e-01
5.000000000000000000e+00
1.894983053207397461e-01
4.529218196868896484e+00
3.945514857769012451e-01
2.400660514831542969e-01
3.311645984649658203e-01
5.000000000000000000e+00
4.779745340347290039e-01
2.089428901672363281e+00
8.530129790306091309e-01
2.485298395156860352e+00
2.387499332427978516e+00
9.219690561294555664e-01
4.100641727447509766e+00
2.267007589340209961e+00
2.560499191284179688e+00
-2.422505855560302734e+00
-8.419947028160095215e-01
2.254941225051879883e+00
2.921350955963134766e+00
4.471646308898925781e+00
2.235184192657470703e+00
-8.972309827804565430e-01
1.421300411224365234e+00
5.551311969757080078e-01
-2.993507981300354004e-01
-4.705279469490051270e-01
6.787799596786499023e-01
-8.847135305404663086e-01
8.671974539756774902e-01
2.266133785247802734e+00
9.790555238723754883e-01
-2.091820716857910156e+00
5.219092369079589844e-01
3.990847587585449219e+00
8.598566055297851562e-03
1.041180372238159180e+00
2.019365072250366211e+00
-1.587491631507873535e-01
-1.806032657623291016e-02
-2.107800245285034180e-01
2.281211614608764648e-01
3.723649978637695312e+00
-2.284579038619995117e+00
-5.681436657905578613e-01
4.141012430191040039e-01
4.186794757843017578e+00
2.274945378303527832e-01
2.841392517089843750e+00
7.175707817077636719e-02
-6.438583135604858398e-02
-5.776482820510864258e-01
3.972057104110717773e-01
5.000000000000000000e+00
2.276397943496704102e+00
-2.008686661720275879e-01
4.137015342712402344e-02
4.657461643218994141e-01
1.349337935447692871e+00
4.695217132568359375e+00
-2.920830249786376953e-02
1.112034916877746582e-01
1.851312518119812012e+00
-2.034886360168457031e+00
2.345293283462524414e+00
1.197345614433288574e+00
6.290014386177062988e-01
-2.400748729705810547e-01
2.586314201354980469e+00
2.100280046463012695e+00
9.131193161010742188e-02
7.014323472976684570e-01
4.881790637969970703e+00
2.381478548049926758e-01
2.677021265029907227e+00
1.567299604415893555e+00
2.025094509124755859e+00
-2.627030134201049805e+00
-7.256770133972167969e-01
8.128297328948974609e-02
2.236155033111572266e+00
-1.279861807823181152e+00
5.000000000000000000e+00
4.683194637298583984e+00
-1.010743379592895508e+00
1.933170557022094727e-01
5.324625372886657715e-01
6.836771965026855469e-01
1.293915987014770508e+00
-1.641096591949462891e+00
1.201237440109252930e-01
-4.425045251846313477e-01
-3.607016205787658691e-01
1.002870202064514160e+00
8.935232162475585938e-01
1.255312204360961914e+00
3.898754596710205078e+00
5.756509900093078613e-01
1.096338272094726562e+00
6.490924954414367676e-01
-3.042829036712646484e-01
1.259354114532470703e+00
2.746428847312927246e-01
-3.364361524581909180e-01
-1.718501746654510498e-01
-4.990785121917724609e-01
-5.564579963684082031e-01
-6.557682752609252930e-01
5.802249908447265625e-02
1.232346892356872559e-02
2.189910411834716797e-02
4.761652469635009766e+00
-1.578733921051025391e-01
4.050755500793457031e-01
2.447804212570190430e-01
4.780651569366455078e+00
-7.992386817932128906e-02
3.152454853057861328e+00
7.113275527954101562e-01
2.935849428176879883e-01
-2.933632135391235352e-01
2.782632708549499512e-01
7.771917581558227539e-01
3.511998176574707031e+00
-9.513760805130004883e-01
7.619416713714599609e-01
1.736766099929809570e-01
4.795479774475097656e-01
-4.620920419692993164e-01
1.076362133026123047e+00
-1.077990412712097168e+00
-1.147142648696899414e-01
6.273273229598999023e-01
3.641170740127563477e+00
-1.651614308357238770e-01
-4.189499914646148682e-01
2.472252845764160156e-01
4.402693271636962891e+00
3.795603990554809570e+00
-3.509116768836975098e-01
4.746064245700836182e-01
1.119926452636718750e+00
-5.065495967864990234e-01
4.104694128036499023e-01
3.995231151580810547e+00
2.135503768920898438e+00
3.249548196792602539e+00
4.558875560760498047e+00
5.000000000000000000e+00
4.312086105346679688e-01
4.043358564376831055e-01
1.810827255249023438e-01
-4.210000038146972656e-01
-4.282500743865966797e-01
4.435240745544433594e+00
-1.412493824958801270e+00
-2.489666700363159180e+00
1.888386011123657227e-01
2.519161701202392578e-01
2.157242774963378906e+00
7.199404239654541016e-01
-5.823765993118286133e-01
-5.579552650451660156e-01
1.159344792366027832e+00
-5.268423557281494141e-01
2.982465267181396484e+00
3.225023508071899414e+00
1.377495884895324707e+00
5.000000000000000000e+00
4.438023567199707031e+00
5.000000000000000000e+00
3.497586250305175781e+00
-1.439123153686523438e-01
-7.375707626342773438e-01
4.882090568542480469e+00
-4.281352460384368896e-02
