-2.605959415435791016e+00
-1.436865568161010742e+00
-2.261646747589111328e+00
-1.111582756042480469e+00
-6.675893068313598633e-02
-7.795704603195190430e-01
1.302155852317810059e-01
-2.012079238891601562e+00
-1.795824646949768066e+00
-1.668207883834838867e+00
-1.973404645919799805e+00
-1.314375400543212891e+00
-1.626803278923034668e+00
8.926015496253967285e-01
-3.746466636657714844e-01
9.987794160842895508e-01
-1.527766466140747070e+00
4.112641811370849609e-01
8.317763805389404297e-01
-1.135895729064941406e+00
-3.446059226989746094e-01
6.976065635681152344e-01
-1.062052488327026367e+00
-2.217004299163818359e-01
-1.081367969512939453e+00
-2.240223407745361328e+00
-1.253179311752319336e+00
-8.763346672058105469e-01
-5.826674699783325195e-01
6.102923154830932617e-01
-2.156481742858886719e+00
-6.591224074363708496e-01
2.556440830230712891e-01
-1.836285352706909180e+00
-2.215255022048950195e+00
-9.409427642822265625e-02
-8.292272090911865234e-01
-3.674949407577514648e-01
1.085865974426269531e+00
5.423091650009155273e-01
2.631441950798034668e-01
4.244840145111083984e-01
1.947889328002929688e-01
-2.482081651687622070e-01
-5.784484863281250000e+00
1.996843814849853516e-01
1.089611530303955078e+00
-4.485629796981811523e-01
-9.701045751571655273e-01
-4.006597399711608887e-01
-7.302927970886230469e-01
-8.713500499725341797e-01
-2.993259429931640625e+00
3.550240993499755859e-01
-3.076982021331787109e+00
-1.484549760818481445e+00
-2.488015651702880859e+00
3.024675846099853516e-01
6.158378124237060547e-01
9.342405796051025391e-01
-1.180788278579711914e-01
5.319116115570068359e-01
-1.242139697074890137e+00
-1.811192035675048828e-01
2.630239725112915039e-02
-2.097739219665527344e+00
-2.625679254531860352e+00
2.552154660224914551e-01
3.294720649719238281e-01
-1.317976236343383789e+00
-4.728224277496337891e-01
-2.579663991928100586e+00
-1.207050204277038574e+00
3.014502525329589844e-01
7.379324436187744141e-01
-1.062144398689270020e+00
2.597758293151855469e+00
-1.797206401824951172e-01
-4.673737287521362305e-01
-8.704870939254760742e-02
6.339108943939208984e-02
5.807774662971496582e-01
7.888358831405639648e-01
-3.509875297546386719e+00
-3.356816768646240234e-01
-3.633446693420410156e-01
-8.214632868766784668e-01
-1.073733210563659668e+00
1.419665813446044922e-01
-1.660896062850952148e+00
-2.187442779541015625e+00
8.648040294647216797e-01
-3.648988604545593262e-01
-2.582729339599609375e+00
-2.611190080642700195e-01
-1.026462674140930176e+00
-4.686583280563354492e-01
-3.657258749008178711e-01
3.474287390708923340e-01
-8.862116336822509766e-01
3.410662412643432617e-01
1.122573614120483398e-01
8.763986825942993164e-01
-9.391412734985351562e-01
2.412965297698974609e-01
1.070131063461303711e+00
5.193701386451721191e-01
8.485060930252075195e-02
5.671057701110839844e-01
3.901235759258270264e-01
-7.543342113494873047e-01
-1.036596298217773438e-01
-1.119144558906555176e+00
-1.879309892654418945e+00
-1.492987632751464844e+00
-7.194776535034179688e-01
2.785588026046752930e+00
-4.627826213836669922e-01
5.927847623825073242e-01
-6.708124876022338867e-01
1.573824167251586914e+00
-9.485173225402832031e-02
-7.862310409545898438e-01
7.883346080780029297e-02
-7.509000301361083984e-01
2.176794409751892090e-02
-7.425279617309570312e-01
3.763016462326049805e-01
-8.035240173339843750e-01
-1.621454119682312012e+00
2.122189521789550781e+00
-1.041481137275695801e+00
-2.128534913063049316e-01
-2.094202041625976562e+00
-4.962542057037353516e-01
-1.365959644317626953e-01
-8.674080371856689453e-01
-2.591688871383666992e+00
-9.251681566238403320e-01
4.948382973670959473e-01
3.060249686241149902e-01
4.647448062896728516e-01
1.276651978492736816e+00
-1.352737307548522949e+00
4.298440217971801758e-01
-7.499048709869384766e-01
-1.718016386032104492e+00
1.036286950111389160e-01
-6.486728191375732422e-01
-1.684624314308166504e+00
-1.942329168319702148e+00
-2.691323757171630859e-01
-1.343641281127929688e-01
-4.404444694519042969e-01
-3.514432907104492188e-01
-5.032761096954345703e-01
5.167202949523925781e-01
-5.204517245292663574e-01
-4.134681224822998047e-01
-1.424489974975585938e+00
-4.974641799926757812e-01
2.281027734279632568e-01
-7.430988550186157227e-01
-1.425778150558471680e+00
-2.306505441665649414e-01
3.318920135498046875e-01
-1.957547664642333984e-01
5.853075981140136719e-01
-1.130489468574523926e+00
-8.450914621353149414e-01
-6.866219043731689453e-01
-3.817582130432128906e-02
7.070367336273193359e-01
-1.304514408111572266e-01
-7.441220283508300781e-01
6.461977958679199219e-01
-6.244013309478759766e-01
2.662649154663085938e-01
-2.072888374328613281e+00
6.678197383880615234e-01
2.812134027481079102e-01
-9.168549776077270508e-01
-1.714446425437927246e+00
3.703367710113525391e-02
-2.186941146850585938e+00
-6.097893118858337402e-01
-1.887549161911010742e-01
7.087770700454711914e-01
5.037125349044799805e-01
-7.583310604095458984e-01
-2.641168832778930664e-01
-2.561937570571899414e-01
2.896406650543212891e-01
1.258760690689086914e-01
-7.322691679000854492e-01
-1.865983009338378906e-01
4.171996414661407471e-01
5.824824571609497070e-01
-1.311553835868835449e+00
9.150446057319641113e-01
-8.383693695068359375e-01
-1.862753391265869141e+00
1.141789913177490234e+00
-1.731325387954711914e+00
-1.226345300674438477e-01
-1.101931929588317871e+00
-5.331344604492187500e-01
5.825749635696411133e-01
-1.302587032318115234e+00
-6.215095520019531250e-01
-1.384951591491699219e+00
5.928249359130859375e-01
-1.281049966812133789e+00
-1.411190867424011230e+00
-4.995225667953491211e-01
-6.911900043487548828e-01
-8.515144586563110352e-01
-2.333428859710693359e+00
6.224089264869689941e-01
-1.581372976303100586e+00
2.038996219635009766e-01
-1.909661173820495605e+00
1.266140937805175781e-01
-2.037050485610961914e+00
1.120272874832153320e+00
1.482991933822631836e+00
-5.734760761260986328e-01
-6.544020175933837891e-01
9.808483123779296875e-01
-1.108808159828186035e+00
-4.279541969299316406e-02
1.071248531341552734e+00
-2.116868972778320312e+00
-5.451440811157226562e-01
-1.005294799804687500e+00
4.348111152648925781e-01
-3.609348773956298828e+00
-7.454236745834350586e-01
-1.166740059852600098e+00
-8.774575591087341309e-01
1.092788934707641602e+00
1.019659519195556641e+00
-1.019516229629516602e+00
-7.856687307357788086e-01
-9.020106792449951172e-01
-1.821616768836975098e+00
-7.257305383682250977e-01
-1.111790299415588379e+00
9.186314344406127930e-01
5.742015838623046875e-01
-7.831194400787353516e-01
1.045116662979125977e+00
-8.636367321014404297e-02
1.410058736801147461e+00
2.114206075668334961e+00
-1.954020261764526367e+00
-9.137556552886962891e-01
-8.745884895324707031e-02
-1.083930492401123047e+00
-1.576257944107055664e+00
-2.169057130813598633e-01
-5.128082036972045898e-01
-1.196759223937988281e+00
-5.396928787231445312e-01
-1.563566684722900391e+00
1.120998740196228027e+00
-3.436344861984252930e-01
8.276304006576538086e-01
-2.884683370590209961e+00
3.421235084533691406e-02
9.607810974121093750e-01
3.377209901809692383e-01
-4.728323221206665039e-01
-1.123998165130615234e+00
2.588665485382080078e-02
-8.508305549621582031e-01
-7.326197028160095215e-01
6.650924682617187500e-02
-1.003972053527832031e+00
-1.010587215423583984e-01
6.030043959617614746e-01
-6.783682107925415039e-01
-7.644004821777343750e-01
-2.626682281494140625e+00
-7.365741729736328125e-01
2.623910307884216309e-01
-1.713085174560546875e-01
-1.047649979591369629e+00
-9.786975383758544922e-02
-2.310730218887329102e-01
-1.518234133720397949e+00
-7.666289806365966797e-01
-1.079740285873413086e+00
-1.978430747985839844e-01
-1.235711574554443359e+00
-8.010670542716979980e-01
-9.144999980926513672e-01
-1.242654919624328613e+00
-2.921651363372802734e+00
-1.061157941818237305e+00
-2.561818361282348633e-01
-1.764614343643188477e+00
-1.322237014770507812e+00
-4.787321686744689941e-01
8.219982385635375977e-01
-3.496349811553955078e+00
3.152061104774475098e-01
-5.253932476043701172e-01
2.696194171905517578e+00
-1.102266669273376465e+00
-4.552496075630187988e-01
-6.672420501708984375e-01
1.026305079460144043e+00
1.023240327835083008e+00
-2.930945634841918945e+00
2.581518888473510742e-01
-3.240637779235839844e-01
-1.093734860420227051e+00
-2.031989097595214844e-01
-2.235725879669189453e+00
-1.585757732391357422e-02
-1.954458236694335938e+00
-1.071850776672363281e+00
3.967473506927490234e-01
-2.195482254028320312e-01
-7.635910511016845703e-01
-6.898987293243408203e-01
-2.695150613784790039e+00
-6.102800369262695312e-01
-9.487816095352172852e-01
-1.045482397079467773e+00
1.542953252792358398e-01
-2.145435810089111328e-01
-5.026695728302001953e-01
-1.415427327156066895e+00
-9.199029207229614258e-01
1.499264717102050781e+00
9.223700761795043945e-01
-2.726867198944091797e+00
-6.466207504272460938e-01
-5.854210853576660156e-01
-2.208079099655151367e-01
-1.782436013221740723e+00
-5.908521413803100586e-01
-6.854840517044067383e-01
-9.460927844047546387e-01
1.286241769790649414e+00
-8.098918199539184570e-01
-9.427660703659057617e-01
-2.015242099761962891e+00
-2.393705844879150391e-01
-3.477765321731567383e-01
4.686317443847656250e-01
-1.068405508995056152e+00
6.222755908966064453e-01
-2.546799182891845703e-02
3.852676749229431152e-01
1.097909212112426758e-01
-5.303776264190673828e-01
-1.637961387634277344e+00
-2.173364162445068359e-02
5.388668775558471680e-01
-4.172492027282714844e-01
-2.419173717498779297e+00
-7.602536678314208984e-01
-1.098652601242065430e+00
-1.947893381118774414e+00
9.315922260284423828e-01
-8.582198619842529297e-02
-1.377740502357482910e+00
-2.123134136199951172e-01
-1.686946153640747070e+00
-2.014549732208251953e+00
-2.056659460067749023e+00
1.069529294967651367e+00
-1.246984481811523438e+00
-2.428257942199707031e+00
-3.100970983505249023e-01
3.944689035415649414e-01
7.667157053947448730e-02
9.627563357353210449e-01
1.685196757316589355e-01
-8.316195011138916016e-01
2.104604244232177734e-02
1.848633289337158203e-01
-1.986162662506103516e-01
-1.067326664924621582e+00
-1.027755022048950195e+00
2.758951783180236816e-01
-5.114024281501770020e-01
6.294662952423095703e-01
-6.158789992332458496e-01
7.902856469154357910e-01
-1.068162322044372559e+00
-2.825564146041870117e-01
1.679626703262329102e-01
-8.401107788085937500e-01
1.125158071517944336e-01
9.092831611633300781e-02
3.363225460052490234e-01
-2.097774505615234375e+00
4.869428873062133789e-01
3.463397026062011719e-01
4.192182719707489014e-01
-5.689246654510498047e-01
-5.119376182556152344e-01
2.383857965469360352e-01
-3.571263551712036133e-01
-3.293488502502441406e+00
3.471883535385131836e-01
1.072109222412109375e+00
6.270170211791992188e-03
-1.173143267631530762e+00
-1.959780931472778320e+00
3.953317403793334961e-01
2.138831019401550293e-01
4.457908868789672852e-02
1.455700397491455078e-01
-1.557473778724670410e+00
-1.159347414970397949e+00
-1.378095746040344238e-01
3.570899367332458496e-01
-1.980675697326660156e+00
-3.432322144508361816e-01
1.804416179656982422e-01
-2.758327722549438477e-01
-4.308393955230712891e+00
3.963038921356201172e-01
-1.066853284835815430e+00
-3.253073692321777344e-01
-1.089135646820068359e+00
-4.542051553726196289e-01
-5.977665185928344727e-01
2.022558450698852539e-01
1.805708408355712891e-01
8.284211158752441406e-02
-2.577961206436157227e+00
-1.342755436897277832e+00
-8.632162809371948242e-01
-4.318583011627197266e-01
-1.400004923343658447e-01
6.278345584869384766e-01
-2.036171436309814453e+00
-4.122431278228759766e-01
-1.544844865798950195e+00
-1.832591533660888672e+00
-1.176521778106689453e-01
-8.698456287384033203e-01
5.192520618438720703e-01
-7.946782112121582031e-01
-2.035653114318847656e+00
-2.921987771987915039e-01
-2.007081508636474609e+00
7.412469387054443359e-01
-7.569456100463867188e-01
2.414056062698364258e-01
-4.355549812316894531e-03
-1.340416669845581055e+00
-6.683833599090576172e-01
-3.817706108093261719e-01
8.352030813694000244e-02
2.293419837951660156e-02
-2.108735561370849609e+00
-2.428673744201660156e+00
-5.168464183807373047e-01
-1.391871333122253418e+00
-1.736653089523315430e+00
-4.510186910629272461e-01
6.978335380554199219e-01
-4.044932126998901367e-02
-1.659618616104125977e-01
-1.220597028732299805e-01
-6.083745360374450684e-01
-1.354588150978088379e+00
1.166785955429077148e-01
5.065125823020935059e-01
4.016384482383728027e-01
-1.987167358398437500e+00
-5.473601222038269043e-01
-1.762161970138549805e+00
6.141519546508789062e-02
-8.715695142745971680e-01
-8.973448276519775391e-01
-1.455294847488403320e+00
-3.837078809738159180e-01
-8.580193519592285156e-01
-1.653902292251586914e+00
-9.904742240905761719e-01
4.021784067153930664e-01
-9.738981723785400391e-02
1.952179670333862305e-01
7.279562950134277344e-02
2.868073582649230957e-01
5.940368771553039551e-01
-1.375104308128356934e+00
-6.076371669769287109e-02
-2.179273366928100586e-01
3.833627700805664062e-02
-1.129287838935852051e+00
-8.568771481513977051e-01
-2.020139694213867188e+00
3.383153676986694336e-01
1.008102893829345703e-01
-2.291374206542968750e+00
2.021617889404296875e-01
-2.238631725311279297e+00
-7.189865708351135254e-01
-5.925022363662719727e-01
-6.216907501220703125e-01
1.201941967010498047e-01
-3.413312435150146484e-01
-1.402003049850463867e+00
-6.307407617568969727e-01
-1.475625634193420410e+00
4.906014204025268555e-01
-6.982555985450744629e-01
-1.360643029212951660e+00
-1.092840909957885742e+00
-1.592543125152587891e+00
-1.104982137680053711e+00
2.785236835479736328e-01
1.082776784896850586e-01
7.000756263732910156e-02
6.989276409149169922e-01
-7.701768875122070312e-01
4.320274591445922852e-01
7.377979755401611328e-01
-1.137725234031677246e+00
-5.638799667358398438e-01
-1.666458845138549805e-01
-2.131567001342773438e-01
-2.913140058517456055e-01
-9.541497230529785156e-01
-4.326164722442626953e-03
-1.842031478881835938e+00
-5.421166419982910156e-01
-1.992126703262329102e+00
-1.381032466888427734e-01
-3.014120340347290039e+00
-2.719998359680175781e-02
-7.923715114593505859e-01
9.736931324005126953e-02
-2.656984329223632812e-02
-2.192895412445068359e-01
-3.542008876800537109e+00
-7.489354610443115234e-01
5.424945354461669922e-01
8.388066291809082031e-02
2.185690402984619141e-02
-7.192281484603881836e-01
-5.243949219584465027e-02
5.232149362564086914e-01
8.631656169891357422e-01
-7.629507780075073242e-01
-9.272781610488891602e-01
1.601229906082153320e-01
8.050403594970703125e-01
-4.966648101806640625e+00
-3.297754526138305664e-01
-3.341579437255859375e-01
-8.682782649993896484e-01
-1.910166740417480469e-01
7.611417770385742188e-01
4.537391662597656250e-01
1.147561311721801758e+00
-1.806105375289916992e-01
-1.355047941207885742e+00
-2.201354503631591797e+00
8.217048645019531250e-02
-1.593105792999267578e-01
3.223419189453125000e-04
-1.349596619606018066e+00
-7.113986015319824219e-01
-1.964326500892639160e+00
-2.962474822998046875e-01
-8.290371298789978027e-02
-6.530468463897705078e-01
1.594865083694458008e+00
-2.468041896820068359e+00
-1.056815862655639648e+00
-4.579834938049316406e-01
-4.032170772552490234e-02
1.608131885528564453e+00
-1.212129235267639160e+00
-1.312492609024047852e+00
-1.912316799163818359e+00
-2.630820751190185547e+00
-4.667536020278930664e-01
-6.480607986450195312e-01
-5.684572458267211914e-01
-8.714085817337036133e-01
5.254927873611450195e-01
-1.448381245136260986e-01
-2.064673900604248047e+00
-8.694934844970703125e-01
-1.133584260940551758e+00
-3.134550094604492188e+00
-9.269392490386962891e-02
4.164624214172363281e-02
-1.861056447029113770e+00
3.328733444213867188e-01
-9.087300300598144531e-02
-8.861804008483886719e-02
-3.987977504730224609e-01
1.558224201202392578e+00
1.748191118240356445e-01
-1.613932251930236816e+00
-7.912774682044982910e-01
-9.777592420578002930e-01
6.276316642761230469e-01
-2.280315399169921875e+00
-1.511196851730346680e+00
-8.871970176696777344e-01
1.221079826354980469e-01
2.588996887207031250e-01
-9.833207130432128906e-01
3.597471714019775391e-01
-2.632489204406738281e-01
-1.703052043914794922e+00
8.869233131408691406e-01
-1.307743549346923828e+00
1.516591548919677734e+00
-9.413468837738037109e-01
1.981445550918579102e-01
-5.393041968345642090e-01
-1.362379789352416992e+00
7.822298407554626465e-01
-1.204323172569274902e-01
-9.226118326187133789e-01
9.367313385009765625e-01
3.696309328079223633e-01
3.974206745624542236e-01
-4.052095413208007812e-01
-6.064678430557250977e-01
4.876152276992797852e-01
-7.922121882438659668e-01
-1.544568538665771484e-01
-1.063178062438964844e+00
1.036427021026611328e-01
-3.268613815307617188e-01
-2.222628593444824219e-01
1.698453426361083984e-01
4.908132553100585938e-02
9.473263025283813477e-01
-8.187003135681152344e-01
-6.866538524627685547e-01
-1.179541587829589844e+00
-4.426462650299072266e-01
3.900599479675292969e-02
-6.212238073348999023e-01
-3.137526512145996094e-01
-4.813814163208007812e-01
3.183990716934204102e-01
-4.351181983947753906e-01
2.767773866653442383e-01
-6.914030313491821289e-01
6.243392229080200195e-01
-1.361814618110656738e+00
-8.021684885025024414e-01
-1.965056657791137695e-01
-1.855957508087158203e+00
-9.446061849594116211e-01
-1.245117306709289551e+00
-1.859848260879516602e+00
1.678192615509033203e-02
1.359733939170837402e+00
-9.673138856887817383e-01
-2.347472906112670898e-01
-1.101234078407287598e+00
2.869636416435241699e-01
-2.978278994560241699e-01
-4.757949709892272949e-01
1.882431507110595703e-01
2.004766464233398438e-01
-1.454267501831054688e-01
-4.692163467407226562e-01
-8.930039405822753906e-01
1.599924325942993164e+00
-2.006888389587402344e+00
-7.665870189666748047e-01
3.801975846290588379e-01
4.139977693557739258e-01
5.130267143249511719e-02
9.535082578659057617e-01
-4.522923827171325684e-01
-5.089616775512695312e-02
9.447956085205078125e-01
3.063403367996215820e-01
-1.134336829185485840e+00
-2.383136749267578125e-02
-7.985922098159790039e-01
1.446397602558135986e-01
5.099515914916992188e-01
2.139315009117126465e-01
1.183724045753479004e+00
-1.116477608680725098e+00
-3.229293823242187500e-01
-1.013067483901977539e+00
-2.602618932723999023e-01
-6.766195297241210938e-01
-5.442440509796142578e-01
-1.462653279304504395e-01
-1.028824567794799805e+00
-4.440157890319824219e+00
-1.332050561904907227e+00
-5.280961990356445312e-01
-4.014893174171447754e-01
-1.091677665710449219e+00
-1.548164725303649902e+00
4.513466358184814453e-02
-3.346993923187255859e-01
-6.572276353836059570e-01
-9.122292995452880859e-01
-1.310871481895446777e+00
-9.191817045211791992e-01
-6.459250450134277344e-01
-1.991071105003356934e+00
1.925006508827209473e-02
-1.126971244812011719e-01
1.231169700622558594e-01
-1.441297531127929688e-01
-1.185675024986267090e+00
-8.626420497894287109e-01
-8.233782052993774414e-01
6.294012069702148438e-02
1.257502913475036621e+00
-7.684515118598937988e-01
-3.792263269424438477e-01
-1.002604365348815918e+00
5.083725452423095703e-01
-8.996001482009887695e-01
-1.960929393768310547e+00
-4.278313815593719482e-01
-3.299286365509033203e-01
-3.191580772399902344e-01
-2.496516704559326172e-01
4.372154474258422852e-01
-6.485819816589355469e-02
2.120040804147720337e-01
1.681461334228515625e-01
-4.200431108474731445e-01
3.965121805667877197e-01
-4.002413749694824219e-01
3.737182021141052246e-01
-3.694981336593627930e+00
-7.866241931915283203e-01
-4.779851436614990234e-02
-9.865890741348266602e-01
-8.203586339950561523e-01
-1.191112518310546875e+00
6.402901411056518555e-01
-2.035205364227294922e+00
-9.786713123321533203e-02
-3.014562129974365234e-01
-1.051669836044311523e+00
-7.694256305694580078e-02
-6.741645336151123047e-01
-1.423197746276855469e+00
-7.915146946907043457e-01
4.627496004104614258e-02
8.374524116516113281e-02
-7.086544036865234375e-01
9.478977918624877930e-01
4.870831966400146484e-01
-1.093446910381317139e-01
1.515153646469116211e-01
-4.407189786434173584e-01
-9.939391613006591797e-01
3.389118909835815430e-01
3.194643259048461914e-01
5.019712448120117188e-02
-2.204136371612548828e+00
-7.109160423278808594e-01
4.051152765750885010e-01
-3.348987102508544922e-01
-2.043201684951782227e+00
-1.317924022674560547e+00
-9.234974384307861328e-01
-1.734662532806396484e+00
-3.592723608016967773e-01
4.065018892288208008e-01
4.739215373992919922e-01
-4.598625898361206055e-01
-1.262204170227050781e+00
-6.930146217346191406e-01
2.033775746822357178e-01
-4.894052743911743164e-01
-7.048187255859375000e-01
-3.395638704299926758e+00
-1.235680818557739258e+00
-3.196896076202392578e+00
8.576184511184692383e-01
-9.782801866531372070e-01
1.525109767913818359e+00
1.232540965080261230e+00
-8.847573995590209961e-01
4.121605157852172852e-01
1.719673871994018555e-01
4.720714092254638672e-01
-7.645370960235595703e-01
1.099721193313598633e+00
4.832675457000732422e-01
-2.125729084014892578e+00
-3.361034393310546875e-01
-1.146775722503662109e+00
4.262241125106811523e-01
1.277657747268676758e-01
9.034929275512695312e-01
1.089525222778320312e-02
-7.794991731643676758e-01
-7.520077228546142578e-01
-1.643796324729919434e+00
-4.858480691909790039e-01
-1.504834890365600586e+00
-6.777174472808837891e-01
3.186926841735839844e-01
4.470909833908081055e-01
-6.079227924346923828e-01
-8.958132266998291016e-01
6.701080799102783203e-01
-1.415992379188537598e-01
-2.439421653747558594e+00
9.357487559318542480e-01
-1.474854588508605957e+00
-7.131919860839843750e-01
5.733655095100402832e-01
2.277730703353881836e-01
-8.403857946395874023e-01
6.866210699081420898e-01
1.436438798904418945e+00
-4.983420372009277344e-01
9.226759076118469238e-01
-9.481152296066284180e-01
-3.812468051910400391e-01
-1.006423234939575195e+00
-1.589332103729248047e+00
-3.375720977783203125e+00
1.049457788467407227e-01
3.559107780456542969e-01
-1.244745254516601562e+00
-1.437856435775756836e+00
-8.092960715293884277e-01
1.147247552871704102e-01
-2.647843360900878906e-01
-1.200820088386535645e+00
-4.663980007171630859e-02
-3.234765529632568359e-01
6.498433351516723633e-01
8.514731526374816895e-01
-1.398841440677642822e-01
-1.081764221191406250e+00
-1.720710992813110352e-01
2.897246778011322021e-01
9.337832927703857422e-01
8.913807868957519531e-01
-9.301126003265380859e-01
-1.881000101566314697e-01
-9.708888530731201172e-01
-2.082175970077514648e+00
-1.194061040878295898e-01
-8.303889036178588867e-01
-1.128969788551330566e+00
-3.425106525421142578e+00
1.546270847320556641e-01
-1.335302829742431641e+00
-2.306825160980224609e+00
-1.349400758743286133e+00
-8.601670265197753906e-01
4.879665374755859375e-02
-8.532508611679077148e-01
6.936939358711242676e-01
-1.701485872268676758e+00
-5.592553615570068359e-01
5.167032480239868164e-01
-4.412608146667480469e-01
-4.342060089111328125e-01
-1.430921792984008789e+00
-5.888793468475341797e-01
2.181898355484008789e-01
4.989918470382690430e-01
1.154402375221252441e+00
-1.036277294158935547e+00
-5.530903339385986328e-01
-1.033654093742370605e+00
-1.632538139820098877e-01
5.899696350097656250e-01
-1.119008898735046387e+00
1.620304584503173828e-02
-2.474590301513671875e+00
3.607398271560668945e-01
-1.522022485733032227e-01
3.873261213302612305e-01
-6.609247922897338867e-01
-1.968719482421875000e+00
-9.193663001060485840e-01
-4.353568553924560547e-01
-2.768740892410278320e+00
9.835124015808105469e-02
-1.399583578109741211e+00
2.127015590667724609e-02
-2.561564445495605469e-01
-9.199585914611816406e-01
-4.145787954330444336e-01
-1.465796351432800293e+00
-3.452346324920654297e-01
-9.247145652770996094e-01
-2.106605768203735352e-01
-3.001821041107177734e-02
-4.671581387519836426e-01
1.053872108459472656e-01
