-3.376792073249816895e-01
2.689211368560791016e+00
-8.780341148376464844e-01
-1.505799651145935059e+00
-1.501608371734619141e+00
1.562320947647094727e+00
-1.266821026802062988e-01
3.066924095153808594e+00
-9.261333942413330078e-02
4.717594146728515625e+00
-3.749974370002746582e-01
-3.670681118965148926e-01
6.997562646865844727e-01
1.333570718765258789e+00
1.829727888107299805e-01
1.153948783874511719e+00
4.317163944244384766e+00
2.833181619644165039e-01
1.780195236206054688e-01
1.986088752746582031e+00
7.253575325012207031e-01
-5.981705188751220703e-01
8.449376821517944336e-01
-8.072878122329711914e-01
-9.497579932212829590e-02
-6.431698799133300781e-03
-4.450082778930664062e-02
5.699386596679687500e-01
2.540677070617675781e+00
-2.428259849548339844e+00
-6.768566370010375977e-01
2.199407577514648438e+00
-1.593857407569885254e+00
4.773075580596923828e-01
1.839919328689575195e+00
-3.171011805534362793e-01
-6.553871631622314453e-01
-3.878054618835449219e-01
-4.232995510101318359e-01
-5.844688415527343750e-01
-1.908850371837615967e-01
1.833785176277160645e+00
2.918408393859863281e+00
1.712072849273681641e+00
5.000000000000000000e+00
4.146847248077392578e+00
2.452663421630859375e+00
2.075175762176513672e+00
4.808189392089843750e+00
2.559312820434570312e+00
-2.722268104553222656e-01
2.128708362579345703e-01
6.291379928588867188e-01
2.696731090545654297e-01
2.792663097381591797e+00
-8.559316396713256836e-01
4.531118869781494141e+00
-1.312128305435180664e-01
-9.020178318023681641e-01
4.922025203704833984e-01
4.572407722473144531e+00
-1.467662751674652100e-01
1.022270321846008301e+00
4.878003597259521484e+00
-6.498463749885559082e-01
-5.521708726882934570e-01
-1.068735718727111816e+00
-1.903431415557861328e-01
9.456115961074829102e-01
1.237135529518127441e+00
2.907010018825531006e-01
-1.738910317420959473e+00
-3.640905320644378662e-01
2.273619174957275391e+00
8.665847778320312500e-02
-2.372743844985961914e+00
-1.611103773117065430e+00
4.613888263702392578e+00
1.669127941131591797e-01
5.287086963653564453e-02
4.658527374267578125e-01
5.237007141113281250e-01
6.329834461212158203e-02
-1.442886352539062500e+00
-6.751098632812500000e-01
1.426984667778015137e+00
1.653108596801757812e+00
8.407129645347595215e-01
5.821097493171691895e-01
8.867706060409545898e-01
-3.891796469688415527e-01
1.793379783630371094e-01
1.707644462585449219e-01
1.933970451354980469e-01
-1.518041491508483887e+00
-1.158139705657958984e-01
3.871570825576782227e-01
1.893960833549499512e+00
1.334010124206542969e+00
5.948245525360107422e-01
1.850503683090209961e+00
4.154303550720214844e+00
5.000000000000000000e+00
4.311643600463867188e+00
-2.055929183959960938e+00
-2.301251888275146484e-02
-1.167115926742553711e+00
8.364684581756591797e-01
1.613456606864929199e+00
4.506556987762451172e+00
5.291333198547363281e-01
-4.319601058959960938e-01
1.823633313179016113e-01
4.210827350616455078e+00
5.113489031791687012e-01
4.823157310485839844e+00
3.222186088562011719e+00
2.984992504119873047e+00
-4.360975623130798340e-01
-4.992043972015380859e-02
9.367787837982177734e-02
-3.312982022762298584e-01
7.500447630882263184e-01
-2.620875835418701172e-02
-6.751168370246887207e-01
-9.046784639358520508e-01
2.076696634292602539e+00
7.587209939956665039e-01
-1.015816211700439453e+00
-9.832512140274047852e-01
4.499211311340332031e+00
7.543953061103820801e-01
1.197973132133483887e+00
-9.419500827789306641e-02
-1.160962581634521484e+00
7.106600999832153320e-01
-1.919153928756713867e-01
5.000000000000000000e+00
5.000000000000000000e+00
1.257822990417480469e+00
5.000000000000000000e+00
5.249196290969848633e-01
2.200219869613647461e+00
-2.784495353698730469e-01
5.710889697074890137e-01
1.669740676879882812e-01
7.876942753791809082e-01
4.919424057006835938e+00
1.333266139030456543e+00
-2.608416080474853516e-01
3.096381425857543945e-01
1.170577287673950195e+00
-3.412964344024658203e-01
3.739299535751342773e+00
-4.876792430877685547e-02
2.841327667236328125e+00
5.000000000000000000e+00
1.015336155891418457e+00
4.535721540451049805e-01
-7.122636437416076660e-01
-2.111992359161376953e+00
-3.019204139709472656e-01
6.709258556365966797e-01
3.644577264785766602e-01
-5.825986862182617188e-01
-1.394914269447326660e+00
1.153467416763305664e+00
4.478865861892700195e-01
1.003775596618652344e+00
1.748325347900390625e+00
1.022042989730834961e+00
-1.764940023422241211e-01
1.703001141548156738e+00
5.903247594833374023e-01
1.483986377716064453e-01
5.449327230453491211e-01
-6.802015304565429688e-01
2.083356380462646484e-01
1.848233938217163086e+00
1.511026620864868164e+00
-5.073487758636474609e-02
-3.679800033569335938e-02
4.165471196174621582e-01
1.546911239624023438e+00
1.582050323486328125e-01
4.109179377555847168e-01
-7.542281150817871094e-01
4.940714836120605469e-01
2.189529418945312500e+00
1.739215850830078125e-01
3.913328647613525391e-01
7.303610444068908691e-01
-1.170298576354980469e+00
-4.700547456741333008e-01
4.824392795562744141e+00
-3.788802623748779297e-01
1.930127143859863281e-01
-7.114117741584777832e-01
3.013732671737670898e+00
-1.856210589408874512e+00
2.045699596405029297e+00
4.613399028778076172e+00
5.000000000000000000e+00
-1.079981327056884766e-01
5.581283569335937500e-02
1.429834365844726562e-01
-2.348111391067504883e+00
-1.622522592544555664e+00
4.011697769165039062e-01
-2.207260131835937500e+00
8.375415802001953125e-01
6.034556627273559570e-01
-1.376931309700012207e+00
5.422156453132629395e-01
-6.613816022872924805e-01
1.360292434692382812e-01
6.960511207580566406e-03
-5.948867797851562500e-01
8.156011700630187988e-01
1.852200031280517578e-01
-3.908965587615966797e-01
8.206178545951843262e-01
3.831678867340087891e+00
4.405124664306640625e+00
1.903613209724426270e+00
4.367537498474121094e+00
9.717743396759033203e-01
4.448029994964599609e+00
3.109077215194702148e-01
-4.489694833755493164e-01
-5.429854393005371094e-01
-1.045373201370239258e+00
-1.782762408256530762e-01
2.737858295440673828e-01
2.617787122726440430e-01
4.442950248718261719e+00
4.915412425994873047e+00
-1.596469163894653320e+00
1.467725753784179688e+00
-1.482681989669799805e+00
3.900090456008911133e-01
7.409915924072265625e-01
1.097561597824096680e+00
-6.597769260406494141e-02
4.729764938354492188e+00
3.588461875915527344e-02
4.077972412109375000e+00
2.722768306732177734e+00
-1.358470916748046875e-01
-9.971709251403808594e-01
5.000000000000000000e+00
-1.002199649810791016e-01
-3.918969631195068359e-01
1.210705041885375977e+00
-4.295525550842285156e-01
9.899241924285888672e-01
2.751235008239746094e+00
1.002398014068603516e+00
-9.369993209838867188e-02
8.719881176948547363e-01
2.058685064315795898e+00
9.463646411895751953e-01
1.011702656745910645e+00
2.284907102584838867e-01
-5.999176502227783203e-01
-3.802818059921264648e-01
7.812777757644653320e-01
-3.193643093109130859e+00
1.153645277023315430e+00
-1.312427639961242676e+00
-7.897878885269165039e-01
8.207291364669799805e-01
-6.028895378112792969e-01
2.977929353713989258e+00
9.768299460411071777e-01
4.744617462158203125e+00
-1.120001077651977539e-01
-3.419156074523925781e-01
4.270846247673034668e-01
7.900238037109375000e-03
3.876494407653808594e+00
-4.230966091156005859e+00
3.819026231765747070e+00
-2.351425170898437500e+00
-1.685502529144287109e-01
-2.929351329803466797e-01
4.392959594726562500e+00
9.479333162307739258e-01
6.824868917465209961e-01
3.025792837142944336e-01
1.968649506568908691e+00
-1.077740669250488281e+00
1.599372863769531250e+00
3.955707073211669922e+00
3.018364429473876953e+00
9.027858376502990723e-01
2.854485511779785156e+00
4.224225521087646484e+00
4.296661853790283203e+00
-4.533841013908386230e-01
5.673636198043823242e-01
1.444303989410400391e-01
3.282071352005004883e-01
2.770376443862915039e+00
-1.140351295471191406e-01
4.093914628028869629e-01
-3.656910181045532227e+00
1.382396936416625977e+00
2.683597803115844727e-01
5.810637474060058594e-01
-2.264521121978759766e-01
3.658854365348815918e-01
-1.546960711479187012e+00
1.231789946556091309e+00
-1.739197850227355957e+00
-7.964370250701904297e-01
-1.443671226501464844e+00
-2.944579124450683594e-01
1.779424250125885010e-01
-7.095502018928527832e-01
4.782053947448730469e+00
1.968145370483398438e-03
-1.136049628257751465e+00
7.191276550292968750e-01
-7.375186681747436523e-01
-8.742432594299316406e-01
1.910114288330078125e-01
-1.324933171272277832e+00
1.381853103637695312e+00
9.657059907913208008e-01
1.365710496902465820e-01
2.145812511444091797e-01
6.388908624649047852e-01
-9.003544449806213379e-01
1.724991202354431152e+00
5.000000000000000000e+00
3.782006502151489258e-01
2.520621538162231445e+00
-9.042683839797973633e-01
1.402639508247375488e+00
1.058423876762390137e+00
5.554735660552978516e-01
1.074288606643676758e+00
-1.112550258636474609e+00
9.754856824874877930e-01
2.809224128723144531e-01
2.042856454849243164e+00
-1.354508042335510254e+00
4.531918525695800781e+00
1.079779982566833496e+00
2.380146980285644531e-01
4.158450365066528320e-01
7.448410987854003906e-02
1.008811831474304199e+00
6.359169483184814453e-01
1.099048852920532227e+00
-1.813759088516235352e+00
2.814161300659179688e+00
-3.453211784362792969e-01
-1.697047948837280273e-01
-6.860964775085449219e+00
-9.778826832771301270e-01
5.528392791748046875e-01
3.293609619140625000e-02
4.379782199859619141e+00
-1.801464200019836426e+00
3.681703507900238037e-01
6.088591814041137695e-01
6.062682867050170898e-01
-4.222587347030639648e-01
1.645958900451660156e+00
5.000000000000000000e+00
9.923624992370605469e-01
-2.121154069900512695e-01
1.022119522094726562e-01
1.389567971229553223e+00
1.426769852638244629e+00
3.545726537704467773e-01
-2.276068687438964844e+00
-6.009336709976196289e-01
4.250335693359375000e+00
1.908269047737121582e+00
6.567900180816650391e-01
2.025269269943237305e-01
-2.811900377273559570e-01
8.182181119918823242e-01
-2.326416969299316406e-01
1.993990421295166016e+00
3.600351095199584961e+00
-2.176039218902587891e-01
-3.260418772697448730e-02
3.435153007507324219e+00
-5.970680713653564453e-01
3.758099079132080078e-01
-3.801040053367614746e-01
1.074153184890747070e+00
-1.430474281311035156e+00
-8.552947044372558594e-01
1.587893962860107422e-01
5.000000000000000000e+00
1.132463455200195312e+00
9.659147262573242188e-01
-1.621456742286682129e-01
2.287009954452514648e-01
9.910881519317626953e-02
-3.850852251052856445e-01
5.000000000000000000e+00
7.474269866943359375e-01
6.744401454925537109e-01
2.011872529983520508e-01
4.676940917968750000e+00
-1.677383899688720703e+00
1.422363996505737305e+00
-1.526394844055175781e+00
-2.733271121978759766e+00
-9.989500045776367188e-03
-6.826131343841552734e-01
7.281867265701293945e-01
4.623048782348632812e+00
-7.489192485809326172e-02
2.436544418334960938e+00
-3.862220764160156250e+00
3.394069671630859375e+00
4.616537094116210938e-01
4.102863073348999023e-01
1.738237500190734863e+00
5.083539485931396484e-01
7.263839244842529297e-01
6.279787421226501465e-01
3.173193931579589844e-01
-1.725510597229003906e+00
6.787838935852050781e-01
1.047749638557434082e+00
3.522463440895080566e-01
1.330252766609191895e+00
1.657557249069213867e+00
3.247094750404357910e-01
-4.504332542419433594e-01
-8.248602151870727539e-01
-1.649295091629028320e-01
6.708195209503173828e-01
7.859209179878234863e-01
1.183424353599548340e+00
3.923499584197998047e-02
-1.009910702705383301e-01
-4.309531450271606445e-01
-8.572447299957275391e-01
-3.823450803756713867e-01
3.145226240158081055e-01
6.175742149353027344e-01
-9.431818723678588867e-01
4.443624496459960938e+00
4.279514312744140625e+00
8.773424625396728516e-01
-3.211157917976379395e-01
4.157069683074951172e+00
6.161438226699829102e-01
1.512013912200927734e+00
-5.537023544311523438e-01
2.443367958068847656e+00
5.418771505355834961e-02
1.347868442535400391e-01
1.899880647659301758e+00
-1.864286661148071289e-01
6.813873052597045898e-01
-1.286589384078979492e+00
-1.313266277313232422e+00
4.877700328826904297e+00
3.724240779876708984e+00
4.853826045989990234e+00
2.255218029022216797e+00
2.409957885742187500e+00
6.937406063079833984e-01
7.459484338760375977e-01
1.387912034988403320e+00
1.046439409255981445e-01
-3.871740102767944336e-01
-7.158288359642028809e-01
-3.627368211746215820e-01
-4.292722940444946289e-01
1.324671983718872070e+00
1.191551446914672852e+00
-1.220889240503311157e-01
1.814780831336975098e+00
8.339679241180419922e-02
-6.234886646270751953e-01
6.632982492446899414e-01
2.854792356491088867e+00
2.295337200164794922e+00
-3.373132646083831787e-01
4.678715705871582031e+00
-6.801366209983825684e-01
-3.765313625335693359e-01
4.621309280395507812e+00
9.627892971038818359e-01
6.024770736694335938e-01
-1.004920363426208496e+00
-2.449673175811767578e+00
-4.933474063873291016e-01
8.701695203781127930e-01
-2.560900449752807617e-01
-3.008621931076049805e+00
9.816136956214904785e-01
-1.381882905960083008e+00
-4.058527946472167969e-01
4.954329490661621094e+00
4.432872772216796875e+00
-4.349775314331054688e-01
4.595887660980224609e-01
4.183327674865722656e+00
-8.860647678375244141e-02
1.637848615646362305e+00
3.491570949554443359e+00
-1.104517459869384766e+00
1.185084819793701172e+00
-8.985219001770019531e-01
8.944077789783477783e-02
2.994465827941894531e-02
1.024830937385559082e+00
2.421994924545288086e+00
5.827556848526000977e-01
2.488012313842773438e-01
-6.025296449661254883e-02
4.828036427497863770e-01
2.285169959068298340e-01
-1.074963450431823730e+00
6.271824836730957031e-01
5.000000000000000000e+00
-3.832944035530090332e-01
5.725800991058349609e-02
5.000000000000000000e+00
-2.784811735153198242e+00
-2.835934162139892578e-01
-9.489483833312988281e-01
7.125675678253173828e-02
2.898429632186889648e+00
1.444265007972717285e+00
9.141697883605957031e-01
-4.120951294898986816e-01
1.189199566841125488e+00
-6.098830699920654297e-01
-3.442452192306518555e+00
-1.111857652664184570e+00
4.811299741268157959e-01
-6.924623250961303711e-01
5.125600099563598633e-01
5.000000000000000000e+00
1.805518984794616699e+00
2.058827877044677734e-01
-1.309140801429748535e+00
4.854229688644409180e-01
1.037595033645629883e+00
5.693187117576599121e-01
2.074253559112548828e-01
6.663824915885925293e-01
5.805112123489379883e-01
5.706160068511962891e-01
4.333305656909942627e-01
3.027629852294921875e-02
2.676700353622436523e-01
1.473369598388671875e+00
2.460772991180419922e-01
-1.865901947021484375e-01
8.230013847351074219e-01
-1.415825963020324707e+00
3.802614808082580566e-01
2.199752330780029297e+00
1.592764616012573242e+00
-3.843474388122558594e-01
6.543762087821960449e-01
-1.153951406478881836e+00
4.525313973426818848e-01
-4.598969221115112305e-01
6.864440441131591797e-02
-1.408448219299316406e-01
2.167509555816650391e+00
-1.867850303649902344e+00
5.856748223304748535e-01
3.972839117050170898e+00
1.277802467346191406e+00
-8.054029941558837891e-02
1.270986318588256836e+00
-8.886246681213378906e-01
1.484209299087524414e-01
9.335660934448242188e-02
-1.102225303649902344e+00
-1.846575736999511719e-02
-8.918601274490356445e-01
1.678466796875000000e-04
4.960848808288574219e+00
-1.948269009590148926e+00
-1.011644363403320312e+00
1.058807373046875000e-01
5.000000000000000000e+00
-6.255245208740234375e-01
-1.372830867767333984e-01
3.638935089111328125e+00
-7.101702690124511719e-02
7.646728754043579102e-01
2.062654495239257812e-02
1.801604151725769043e+00
5.000000000000000000e+00
1.326603174209594727e+00
-3.210076391696929932e-01
-2.369916439056396484e-01
2.575550079345703125e-01
4.390555620193481445e-01
4.329341411590576172e+00
7.827528119087219238e-01
1.506601452827453613e+00
-4.375330805778503418e-01
2.551113367080688477e-01
5.745906829833984375e-01
-2.048133611679077148e-01
3.191143512725830078e+00
1.303718686103820801e-01
1.174427270889282227e-01
7.525366544723510742e-01
-7.886081933975219727e-01
5.561774969100952148e-01
-3.633219599723815918e-01
-8.253357410430908203e-01
7.092229127883911133e-01
9.622148275375366211e-01
3.214240074157714844e-01
4.819346427917480469e+00
3.282040357589721680e-01
1.480395078659057617e+00
1.465830802917480469e-01
-4.260864257812500000e-01
1.708282828330993652e+00
-2.725589275360107422e-02
1.613785624504089355e+00
3.681566715240478516e-01
9.943588376045227051e-01
-2.081142902374267578e+00
3.760217189788818359e+00
5.774000883102416992e-01
8.558863401412963867e-01
9.805698394775390625e-01
9.649762511253356934e-01
1.362898945808410645e-01
-1.473401427268981934e+00
4.765814781188964844e+00
5.365656614303588867e-01
4.534395933151245117e-01
1.787786483764648438e-01
-4.105639457702636719e-01
-4.510641098022460938e-03
6.276130676269531250e-03
-5.790902376174926758e-01
1.151007413864135742e-01
5.000000000000000000e+00
5.647482872009277344e-01
-6.935746073722839355e-01
4.896998405456542969e+00
-5.292982459068298340e-01
2.408009529113769531e+00
3.171760737895965576e-01
-1.665663242340087891e+00
7.111937999725341797e-01
4.706922531127929688e+00
5.693725943565368652e-01
6.578718423843383789e-01
7.958896756172180176e-01
2.172448039054870605e-01
-1.656685709953308105e+00
1.161371469497680664e+00
7.933038473129272461e-01
4.907357215881347656e+00
5.000000000000000000e+00
-7.606772184371948242e-01
-3.670700788497924805e-01
-1.835523843765258789e-01
4.547488689422607422e+00
-2.354810237884521484e+00
-9.676302671432495117e-01
5.000000000000000000e+00
6.111735105514526367e-01
-9.469665288925170898e-01
-1.606032848358154297e+00
1.599449872970581055e+00
2.661647319793701172e+00
1.868574857711791992e+00
1.139594316482543945e+00
-4.201710224151611328e-02
1.981852531433105469e+00
1.962214231491088867e+00
1.773508548736572266e+00
-2.591288089752197266e+00
1.165842294692993164e+00
4.922977685928344727e-01
6.606775522232055664e-01
1.306610107421875000e-01
5.000000000000000000e+00
4.600831508636474609e+00
2.188355922698974609e+00
4.927803993225097656e+00
5.556366443634033203e-01
-1.381345868110656738e+00
-2.298357486724853516e-01
5.000000000000000000e+00
2.928875684738159180e-01
1.195907950401306152e+00
-4.760367870330810547e-01
6.941777467727661133e-01
-2.278910279273986816e-01
-9.950815439224243164e-01
-1.294159889221191406e-01
-7.020186185836791992e-01
-1.906065940856933594e-01
2.085076570510864258e+00
3.590783834457397461e+00
3.640404939651489258e-01
6.710222959518432617e-01
8.932398557662963867e-01
-1.105147004127502441e+00
-1.361114382743835449e-01
-1.013900756835937500e+00
1.439036846160888672e+00
1.079026460647583008e+00
-6.403058767318725586e-01
3.347894549369812012e-01
-1.763542175292968750e+00
-3.368049860000610352e-02
-3.341219663619995117e+00
4.798153877258300781e+00
5.000000000000000000e+00
-6.515287160873413086e-01
4.733721733093261719e+00
5.132741928100585938e-01
4.800493717193603516e-01
1.132326960563659668e+00
-2.050935029983520508e-01
-6.507867574691772461e-01
1.618582248687744141e+00
5.000000000000000000e+00
3.014340400695800781e+00
3.038933873176574707e-01
1.557295322418212891e+00
-1.092224121093750000e-01
2.757718563079833984e-01
-6.346997022628784180e-01
-5.355263948440551758e-01
3.173201322555541992e+00
4.844609260559082031e+00
2.924018383026123047e+00
-1.342026829719543457e+00
-5.491434335708618164e-01
2.165012359619140625e-01
2.111595869064331055e+00
-9.871819615364074707e-01
-1.055259346961975098e+00
4.203398704528808594e+00
6.688907146453857422e-01
4.516445159912109375e+00
-7.360050678253173828e-01
1.882217168807983398e+00
5.000000000000000000e+00
1.221275329589843750e-02
8.822560310363769531e-03
-1.037440776824951172e+00
4.403783798217773438e+00
3.468880414962768555e+00
9.717111587524414062e-01
1.003836035728454590e+00
-1.297645092010498047e+00
3.776754617691040039e+00
2.676448345184326172e+00
-7.164448499679565430e-01
5.000000000000000000e+00
4.849357128143310547e+00
1.087239503860473633e+00
-2.165030002593994141e+00
3.030830621719360352e-01
4.318579196929931641e+00
6.933469772338867188e-01
1.789951324462890625e-01
1.277311086654663086e+00
-2.759857177734375000e-01
2.333330512046813965e-01
-1.831295490264892578e-01
3.858831644058227539e+00
-4.331262111663818359e-01
-2.013757228851318359e-01
-1.692667007446289062e-01
3.544341325759887695e-01
2.725578784942626953e+00
3.374087810516357422e-02
4.295485019683837891e+00
9.636521339416503906e-03
2.971447706222534180e-01
5.259501934051513672e-02
-1.025864601135253906e+00
7.706718444824218750e-01
4.004136323928833008e-01
2.521319389343261719e+00
3.683426618576049805e+00
6.733250617980957031e-02
4.216316699981689453e+00
3.376641273498535156e-01
-1.168260455131530762e+00
5.000000000000000000e+00
5.000000000000000000e+00
1.715261936187744141e-01
-3.257193565368652344e-01
7.526491880416870117e-01
-1.543231248855590820e+00
7.030761241912841797e-01
1.167087554931640625e+00
1.525689959526062012e-01
-7.419543862342834473e-01
-9.509500265121459961e-01
1.775778532028198242e-01
5.000000000000000000e+00
-1.454790234565734863e-01
-1.452606320381164551e+00
1.171481609344482422e-01
-1.513923406600952148e-01
-3.775657415390014648e-01
-3.441272377967834473e-01
5.000000000000000000e+00
-9.088516235351562500e-04
2.092604875564575195e+00
4.198180675506591797e+00
-9.360836744308471680e-01
-7.381367683410644531e-02
-2.030128002166748047e+00
-3.111540675163269043e-01
-1.245245456695556641e+00
3.633325338363647461e+00
-5.808190107345581055e-01
-8.225554466247558594e+00
6.144127845764160156e-01
1.089871168136596680e+00
1.382441520690917969e-01
5.946749448776245117e-01
7.745039463043212891e-01
1.416730999946594238e+00
1.162437200546264648e+00
-4.270312786102294922e-01
4.578310966491699219e+00
-1.207562685012817383e-01
-6.170634031295776367e-01
3.400093913078308105e-01
-8.504104614257812500e-01
4.350758552551269531e+00
4.800557136535644531e+00
6.880264282226562500e-01
3.885446548461914062e+00
-3.429996967315673828e-01
1.542696356773376465e-01
1.241183280944824219e-02
-6.724698543548583984e-01
8.118367195129394531e-02
-7.495841979980468750e-01
-8.676705360412597656e-01
-1.778352260589599609e-01
5.469274520874023438e-01
6.691275238990783691e-01
9.966412186622619629e-01
8.778723478317260742e-01
2.039019346237182617e+00
1.048021316528320312e+00
1.647559404373168945e-01
1.385965347290039062e-01
1.342121243476867676e+00
3.183355808258056641e+00
5.000000000000000000e+00
2.196902751922607422e+00
2.560413599014282227e+00
3.801206111907958984e+00
4.930974483489990234e+00
2.087222337722778320e-01
8.406745791435241699e-01
5.512449741363525391e-01
-9.066438674926757812e-02
2.701266407966613770e-01
-6.354986429214477539e-01
1.077194690704345703e+00
-8.223332166671752930e-01
1.946387290954589844e-01
6.826500892639160156e-01
3.609192371368408203e-01
-9.843301773071289062e-02
5.006679892539978027e-01
-1.144061088562011719e+00
3.158062100410461426e-01
-1.135193228721618652e+00
4.025211334228515625e-01
-2.515406608581542969e-01
1.140434503555297852e+00
2.481452226638793945e+00
-2.107001304626464844e+00
5.000000000000000000e+00
3.920724391937255859e-01
-1.042587757110595703e-01
-1.368548870086669922e+00
1.014673233032226562e+00
2.590664863586425781e+00
-1.072620153427124023e+00
5.000000000000000000e+00
4.474371910095214844e+00
4.248784065246582031e+00
2.702320814132690430e-01
5.000000000000000000e+00
2.686467409133911133e+00
-4.371914863586425781e-01
-1.904997825622558594e-01
-2.599141597747802734e-01
