-1.814549446105957031e+00
-1.388699531555175781e+00
-4.121588230133056641e+00
-1.658939838409423828e+00
6.491924524307250977e-01
-7.401685714721679688e-01
-1.292025446891784668e+00
2.376398563385009766e+00
-2.766516208648681641e-01
3.607392311096191406e-03
-9.832084178924560547e-01
-2.442569732666015625e+00
-1.338908553123474121e+00
-1.489652037620544434e+00
-2.143115520477294922e+00
-5.245618820190429688e-01
-7.519830465316772461e-01
1.040058851242065430e+00
5.121760368347167969e-01
-6.563067436218261719e-01
-6.551620960235595703e-01
1.435108900070190430e+00
5.816884040832519531e-01
1.903271675109863281e-02
-4.184796810150146484e-01
2.587775588035583496e-01
-1.987740993499755859e-01
-8.564740419387817383e-01
-5.851898193359375000e-01
-1.339865922927856445e-01
8.992969989776611328e-01
2.114035129547119141e+00
6.037084460258483887e-01
-6.193245649337768555e-01
-1.063898801803588867e+00
-1.316908359527587891e+00
-6.731380224227905273e-01
-7.671476602554321289e-01
-1.757266402244567871e+00
-4.591462612152099609e-01
-1.328404426574707031e+00
-6.990178227424621582e-01
-6.870357990264892578e-01
-1.730870008468627930e-01
1.828939318656921387e-01
-8.956667184829711914e-01
4.101567268371582031e-01
-1.765632867813110352e+00
-2.327808141708374023e+00
1.266386508941650391e-01
-7.609631538391113281e+00
-1.285860061645507812e+00
-1.039915323257446289e+00
-1.336050510406494141e+00
4.703117609024047852e-01
5.751246213912963867e-01
-1.013710379600524902e+00
-8.605219721794128418e-01
-4.582210779190063477e-01
-8.961999416351318359e-01
-2.177354574203491211e+00
-6.896288394927978516e-01
2.299412488937377930e-01
-1.621751785278320312e-01
2.823370695114135742e-01
-1.720329284667968750e+00
-4.502717256546020508e-01
2.100086212158203125e-01
-3.380393981933593750e-02
1.308824419975280762e+00
-4.098105430603027344e-02
-1.188990235328674316e+00
-1.094331264495849609e+00
4.807014465332031250e-01
3.648335933685302734e-01
1.674735546112060547e-01
-1.335868597030639648e+00
6.934549808502197266e-01
-9.476405978202819824e-01
5.498490333557128906e-01
-2.955744862556457520e-01
-3.559350967407226562e-01
-2.307560920715332031e+00
-1.038138389587402344e+00
-1.428498506546020508e+00
5.393992066383361816e-01
-3.694580197334289551e-01
-1.354990243911743164e+00
-1.916518926620483398e+00
-8.508586883544921875e-02
-6.310354471206665039e-01
-3.363959789276123047e-01
-4.301970899105072021e-01
-6.082382202148437500e-01
-1.473523259162902832e+00
8.155639767646789551e-01
-5.957477092742919922e-01
-8.146994113922119141e-01
-8.315956592559814453e-02
1.443428993225097656e-01
-1.624243974685668945e+00
-5.630546808242797852e-01
7.601073384284973145e-01
6.823762655258178711e-01
-4.260201156139373779e-01
-4.150513410568237305e-01
-1.671836376190185547e-01
-4.938545823097229004e-01
2.779571056365966797e+00
-2.953995466232299805e-01
-1.267213106155395508e+00
4.153897762298583984e-01
-6.905416250228881836e-01
9.106211066246032715e-01
3.946704268455505371e-01
-1.264417767524719238e+00
-8.944325447082519531e-01
-8.547779321670532227e-01
-4.351762533187866211e-01
-1.214437127113342285e+00
7.786879539489746094e-01
-7.963076829910278320e-01
5.342060923576354980e-01
-1.912323594093322754e+00
-1.813700199127197266e-01
-1.941440224647521973e+00
5.086076259613037109e-02
-9.371014833450317383e-01
3.347301483154296875e-02
-6.900067329406738281e-01
-1.071845293045043945e+00
-1.428656101226806641e+00
5.213468670845031738e-01
-1.251516580581665039e+00
-6.201447248458862305e-01
-8.296709060668945312e-01
7.405429482460021973e-01
-1.405883193016052246e+00
-3.536159992218017578e-01
7.445716857910156250e-02
-1.814602375030517578e+00
-6.946568489074707031e-01
7.978358268737792969e-01
4.312481880187988281e-01
-1.656358003616333008e+00
-1.000182628631591797e-01
-8.940935134887695312e-02
5.685288906097412109e-01
-3.179362416267395020e-01
-2.407636642456054688e+00
-1.396160840988159180e+00
1.633354067802429199e+00
-1.142408132553100586e+00
-7.770514488220214844e-02
9.052836894989013672e-02
-5.662540197372436523e-01
6.478589773178100586e-02
-1.183311343193054199e-01
-2.008015632629394531e+00
-3.215986490249633789e-01
2.507322430610656738e-01
-1.081842303276062012e+00
-4.285845756530761719e-01
2.042526006698608398e-02
-4.759125709533691406e-01
-1.415005922317504883e-01
3.718158006668090820e-01
-1.064134359359741211e+00
3.386080265045166016e-02
4.261370897293090820e-01
-5.485713481903076172e-04
-2.386244773864746094e+00
-3.323816359043121338e-01
-1.525330185890197754e+00
-1.398274660110473633e+00
-1.141294240951538086e+00
-2.295202732086181641e+00
1.417779028415679932e-01
-1.446287631988525391e-01
3.852432012557983398e+00
-1.480940699577331543e+00
1.015253543853759766e+00
-9.677773714065551758e-01
-2.586433887481689453e-01
2.548912167549133301e-01
-7.717899084091186523e-01
-1.150780439376831055e+00
2.378700971603393555e-01
5.914909839630126953e-01
3.806300163269042969e-01
-1.109543561935424805e+00
3.711351156234741211e-01
1.279171228408813477e+00
3.904792070388793945e-01
-1.783816456794738770e+00
-1.834291815757751465e+00
-1.274814605712890625e-01
1.557753086090087891e-01
-4.270693063735961914e-01
-5.217143297195434570e-01
-1.496880650520324707e+00
-6.176640987396240234e-01
-1.916941404342651367e-01
1.261706948280334473e-01
-1.456387877464294434e+00
-1.581120014190673828e+00
-8.092792034149169922e-01
-8.829473257064819336e-01
1.004554986953735352e+00
5.782163143157958984e-01
5.430221557617187500e-03
-5.047834515571594238e-01
-2.501088380813598633e-01
1.999480724334716797e-01
1.623175740242004395e-01
-1.165842175483703613e+00
-7.923202514648437500e-01
-2.599114656448364258e+00
1.207437515258789062e-01
4.615929126739501953e-01
-2.284544229507446289e+00
-2.835057377815246582e-01
-2.666654586791992188e+00
5.716662406921386719e-01
1.852010488510131836e+00
-5.916982889175415039e-02
-3.214309930801391602e+00
-8.999071121215820312e-01
-3.885667324066162109e-01
-1.399229049682617188e+00
9.348332881927490234e-01
-4.696097373962402344e-01
3.890333175659179688e-01
1.337149977684020996e+00
1.107823848724365234e-01
-1.200916528701782227e+00
-3.793988227844238281e-01
-2.560167312622070312e-01
-2.785748243331909180e-01
1.472812294960021973e-01
6.273509263992309570e-01
-6.703448295593261719e-01
-2.132227182388305664e+00
6.116163730621337891e-02
1.059344768524169922e+00
-2.508813142776489258e+00
-4.318819046020507812e-01
1.521091461181640625e-01
5.121254920959472656e-02
2.585762739181518555e-02
-1.069868326187133789e+00
-8.613920211791992188e-02
8.576929569244384766e-02
3.307967185974121094e-01
-2.189980506896972656e+00
-2.199387550354003906e-02
-1.849562883377075195e+00
5.746105313301086426e-01
7.483062744140625000e-01
7.234805822372436523e-01
-3.891193866729736328e-02
-2.768266201019287109e-01
-8.451206684112548828e-01
7.949352264404296875e-02
-6.104408502578735352e-01
-6.287804841995239258e-01
-4.489200115203857422e-01
-7.711398601531982422e-01
-2.874768495559692383e+00
1.940166950225830078e-02
-9.730955362319946289e-01
-9.040317535400390625e-01
-1.115684032440185547e+00
-1.807072639465332031e+00
-4.686539173126220703e-01
4.584267139434814453e-01
-1.451753377914428711e-01
-5.576987862586975098e-01
1.628327846527099609e+00
-8.237209320068359375e-01
-1.099128842353820801e+00
-6.932008266448974609e-02
-1.716038346290588379e+00
-7.707834243774414062e+00
-1.937128901481628418e-01
-1.412700414657592773e+00
-1.086657524108886719e+00
-1.780621409416198730e+00
-4.461354613304138184e-01
6.272004246711730957e-01
1.857541799545288086e-01
-1.682962179183959961e-01
3.552116155624389648e-01
-1.697316408157348633e+00
-2.577500343322753906e-01
-8.058171272277832031e-01
-1.155409932136535645e+00
-4.995613098144531250e-01
-7.882630825042724609e-02
-4.393211007118225098e-01
9.525752067565917969e-01
-1.607893705368041992e+00
6.646608114242553711e-01
-7.035598754882812500e-01
-5.070739388465881348e-01
-1.190977931022644043e+00
-2.256543636322021484e-01
1.773093938827514648e-01
-3.537839651107788086e-01
-2.749378204345703125e+00
-2.601524353027343750e+00
-1.630041599273681641e-01
-7.091573476791381836e-01
4.998564720153808594e-01
-5.075917243957519531e-01
-7.618726491928100586e-01
7.852723598480224609e-01
-6.170439720153808594e-02
-1.619166374206542969e+00
-1.184687733650207520e+00
-2.319237589836120605e-01
1.886010169982910156e-01
-5.431474447250366211e-01
-9.667545557022094727e-01
-1.639578342437744141e+00
8.540887832641601562e-01
-1.333095908164978027e+00
2.975943088531494141e-01
2.133264541625976562e-01
-1.426710963249206543e+00
-2.965497374534606934e-01
-2.394152164459228516e+00
-2.271429300308227539e-01
1.541602492332458496e+00
-1.442806601524353027e+00
-4.441398382186889648e-01
-8.941106796264648438e-01
-6.259909868240356445e-01
-1.152018070220947266e+00
7.267733812332153320e-01
-1.306458473205566406e+00
-1.115919351577758789e+00
-1.554587364196777344e+00
-4.759231805801391602e-01
5.457725524902343750e-01
-2.524801254272460938e+00
-1.132678151130676270e+00
-1.923739790916442871e+00
8.311319351196289062e-01
-5.514075756072998047e-01
-1.124699950218200684e+00
-1.173017501831054688e+00
-5.680238008499145508e-01
-8.700443506240844727e-01
3.726723790168762207e-01
-5.721104145050048828e-01
-8.713418245315551758e-02
-3.189855098724365234e+00
-9.860275983810424805e-01
-1.780080795288085938e-02
-3.198895454406738281e+00
-1.622539877891540527e+00
1.158628314733505249e-01
-1.825907588005065918e+00
-1.313427209854125977e+00
-1.055798530578613281e-01
-4.685208797454833984e-01
-1.538429379463195801e+00
8.309538364410400391e-01
-7.617436647415161133e-01
-3.475496053695678711e+00
-1.933479309082031250e-01
7.539455890655517578e-01
-4.571791887283325195e-01
7.544990777969360352e-01
2.696954011917114258e-01
-2.848703861236572266e-01
-1.067418217658996582e+00
-2.015007972717285156e+00
-1.799468398094177246e+00
1.082979440689086914e-01
6.945004463195800781e-01
1.902481913566589355e+00
-6.071122884750366211e-01
4.670192003250122070e-01
-2.294817686080932617e+00
-6.850362420082092285e-01
-6.072955131530761719e-01
4.416020810604095459e-01
5.856678485870361328e-01
-2.060948848724365234e+00
-3.137108683586120605e-01
-1.057846188545227051e+00
2.974150180816650391e-01
7.449144124984741211e-02
-8.276073932647705078e-01
-1.638616561889648438e+00
-1.482946872711181641e+00
2.686896324157714844e-01
-1.876186132431030273e-01
-6.727983951568603516e-01
6.480036973953247070e-01
4.257297515869140625e-02
-1.107581496238708496e+00
-1.274096965789794922e-01
-3.231724500656127930e-01
-3.284140110015869141e+00
-2.089753150939941406e-01
6.530004143714904785e-01
-1.057512164115905762e-01
-5.640859007835388184e-01
4.538878202438354492e-01
9.991606473922729492e-01
-1.153877258300781250e+00
-7.351666688919067383e-01
-6.205837130546569824e-01
1.187998652458190918e-01
-2.613220810890197754e-01
4.579563140869140625e-01
-4.749757051467895508e-01
-3.001211166381835938e+00
-3.254282474517822266e-02
-9.659957885742187500e-01
1.295343637466430664e-01
-4.423261880874633789e-01
-4.972690343856811523e-01
-8.475455045700073242e-01
-5.713210701942443848e-01
-8.685526251792907715e-01
-2.630829811096191406e-03
-8.770362138748168945e-01
-1.971796274185180664e+00
-1.278476119041442871e+00
-1.138268947601318359e+00
-1.890755176544189453e+00
-2.095085620880126953e+00
1.159569501876831055e+00
5.818287134170532227e-01
-1.927011847496032715e+00
-5.332272052764892578e-01
2.350728213787078857e-01
-6.894126534461975098e-02
-7.965375185012817383e-01
-4.842216968536376953e-01
-1.292715787887573242e+00
-1.897429227828979492e-01
3.035923838615417480e-01
-2.092790603637695312e-02
-6.693003177642822266e-01
2.171695232391357422e-01
1.797938346862792969e-01
1.286834478378295898e-01
-1.734961509704589844e+00
-5.224030017852783203e-01
-9.420264959335327148e-01
-3.934643268585205078e-01
-1.513269424438476562e+00
-7.938299179077148438e-01
-5.201697349548339844e-01
-7.879856824874877930e-01
-4.385385513305664062e-01
2.915136575698852539e+00
-1.575008273124694824e+00
-1.233026385307312012e+00
8.597542047500610352e-01
1.779060840606689453e+00
-1.347498416900634766e+00
-4.200671315193176270e-01
1.992644071578979492e+00
5.121583938598632812e-01
-6.782757043838500977e-01
-1.383912801742553711e+00
-5.220251083374023438e-01
-8.810409307479858398e-01
1.934731960296630859e+00
-5.547676086425781250e-01
-9.322392940521240234e-02
-1.637120246887207031e-01
1.160277605056762695e+00
-1.792509555816650391e-01
-1.235933661460876465e+00
-5.427554845809936523e-01
1.386904239654541016e+00
-7.064785361289978027e-01
2.420340180397033691e-01
2.652454376220703125e-01
-4.428561329841613770e-01
-6.650562286376953125e-01
1.126912474632263184e+00
-5.333900451660156250e-03
1.665852069854736328e-01
8.324826955795288086e-01
-9.003729820251464844e-01
8.392322063446044922e-01
-2.302704811096191406e+00
1.446415662765502930e+00
-9.654705524444580078e-01
1.898145675659179688e-02
-6.549850702285766602e-01
-4.398323297500610352e-01
-1.015717029571533203e+00
4.580812454223632812e-01
1.303929686546325684e+00
1.206909179687500000e+00
-4.625010490417480469e-02
6.846660375595092773e-01
-6.336450576782226562e-02
-4.810308218002319336e-01
-5.067634582519531250e-02
-6.648303866386413574e-01
-1.389535903930664062e+00
-8.906028270721435547e-01
-1.599912643432617188e-01
-1.070575952529907227e+00
-1.550940275192260742e-01
7.810918688774108887e-01
-3.858285546302795410e-01
-7.861158251762390137e-01
-3.790494203567504883e-01
-1.032519340515136719e-01
-7.282381653785705566e-01
-2.287476778030395508e+00
1.141848564147949219e-01
7.177318334579467773e-01
-1.719320535659790039e+00
-2.256548404693603516e-01
8.213313221931457520e-01
-7.383882999420166016e-02
-4.614493846893310547e-01
9.867641329765319824e-01
1.441734552383422852e+00
1.549945473670959473e-01
3.908898830413818359e-01
9.906015396118164062e-01
-6.029173135757446289e-01
-7.580882310867309570e-01
-1.424156427383422852e+00
-9.374521970748901367e-01
-1.163434982299804688e+00
2.769436836242675781e-01
-9.795105457305908203e-02
-2.129423856735229492e+00
2.425711154937744141e-01
2.305393218994140625e+00
7.531502842903137207e-01
-1.010337114334106445e+00
4.971419572830200195e-01
9.947264194488525391e-01
-1.288133025169372559e+00
-2.994193077087402344e+00
-3.121165037155151367e-01
1.464836478233337402e+00
-9.079238176345825195e-01
2.537257075309753418e-01
1.058883666992187500e-01
-3.902111649513244629e-01
-1.954371690750122070e+00
1.430921554565429688e+00
8.219356536865234375e-01
8.603847026824951172e-01
-1.148523092269897461e-01
-1.185887813568115234e+00
-1.313536524772644043e+00
-7.128822803497314453e-01
-2.482660412788391113e-01
1.201289653778076172e+00
5.707192420959472656e-01
8.652079105377197266e-01
-2.412385940551757812e-01
-2.967646121978759766e-01
8.745990991592407227e-01
-3.383919596672058105e-01
6.682007312774658203e-01
-6.599004864692687988e-01
-5.091761350631713867e-01
-6.141179800033569336e-01
2.969169616699218750e-02
1.729580163955688477e-01
-1.078313827514648438e+00
-2.751013040542602539e-01
3.718599081039428711e-01
-3.637754917144775391e+00
9.898665547370910645e-02
-4.304573535919189453e-01
-1.007908940315246582e+00
-7.206226587295532227e-01
-1.327072024345397949e+00
-2.411661148071289062e-01
5.514785647392272949e-01
3.454008102416992188e-01
-4.941750764846801758e-01
-1.770235538482666016e+00
-9.682660102844238281e-01
1.306470632553100586e+00
-4.355025291442871094e-01
-1.128765583038330078e+00
-1.379739761352539062e+00
3.864302635192871094e-01
-2.382158756256103516e+00
-9.995325803756713867e-01
-1.355575561523437500e+00
-1.073739528656005859e-01
9.051302671432495117e-01
5.261077880859375000e-01
8.330321311950683594e-02
5.804145336151123047e-01
9.033918380737304688e-03
-7.761564254760742188e-01
-1.091847181320190430e+00
-3.691064119338989258e-01
3.745895624160766602e-02
-2.537441253662109375e-02
-3.709879875183105469e+00
-1.163057327270507812e+00
-1.095183134078979492e+00
-3.619280576705932617e+00
1.330521106719970703e-01
-3.196927309036254883e-01
-1.198193669319152832e+00
-7.579419612884521484e-01
-9.456875920295715332e-01
4.249085187911987305e-01
5.296349525451660156e-03
-2.254343032836914062e+00
-1.387058496475219727e-01
-9.954100847244262695e-01
1.040272474288940430e+00
-3.287651538848876953e-01
-1.913338899612426758e-01
8.592758178710937500e-01
7.473176717758178711e-01
-4.601831436157226562e-01
-2.349979400634765625e+00
3.240891695022583008e-01
1.172716617584228516e-01
-7.760043740272521973e-01
-7.782652378082275391e-01
5.459933280944824219e-01
-4.881798028945922852e-01
2.085769176483154297e-01
-1.464208960533142090e+00
-4.248788356781005859e-01
5.346281528472900391e-01
-9.824047088623046875e-01
-6.816649436950683594e-02
1.168527603149414062e-01
-1.374245882034301758e+00
-8.459792137145996094e-01
-6.346247196197509766e-01
-3.013097047805786133e-01
6.614720821380615234e-01
3.578659296035766602e-01
5.842660069465637207e-01
-1.244395971298217773e+00
-2.352418899536132812e-01
-3.958024084568023682e-01
-4.996591806411743164e-02
4.876716434955596924e-01
8.999941349029541016e-01
-4.831035137176513672e-01
-2.321954965591430664e+00
1.588971614837646484e-01
-8.498468399047851562e-01
-2.595621943473815918e-01
-1.240987062454223633e+00
-5.769515037536621094e-02
-3.338494777679443359e+00
-3.008738160133361816e-01
-1.076750040054321289e+00
-1.084126591682434082e+00
-7.386943101882934570e-01
-1.909148693084716797e-01
-1.047501444816589355e+00
-6.068992018699645996e-01
6.767648458480834961e-01
-1.611807346343994141e-01
1.217371821403503418e+00
8.286314010620117188e-01
-1.725747585296630859e-01
-8.659162521362304688e-01
-1.567579507827758789e-01
-1.785185575485229492e+00
-6.468211412429809570e-01
-2.195885896682739258e+00
-4.718579351902008057e-01
-1.619676709175109863e+00
-3.450714111328125000e+00
-6.544971466064453125e-01
-1.304059624671936035e-01
2.994003295898437500e-01
9.291003942489624023e-01
-6.499507427215576172e-01
5.865650177001953125e-01
3.742195367813110352e-01
6.254583001136779785e-01
9.845053553581237793e-01
2.053620219230651855e-01
1.689674556255340576e-01
-6.439945697784423828e-01
-2.090853929519653320e+00
-2.270328402519226074e-01
-9.632264375686645508e-01
-5.439860820770263672e-01
-1.579958200454711914e-01
8.086924552917480469e-01
-1.704930424690246582e+00
-1.590268015861511230e+00
-7.812309265136718750e-01
-1.625270009040832520e+00
-1.222137689590454102e+00
1.539111137390136719e-01
-6.969859600067138672e-01
-1.085622429847717285e+00
3.842642307281494141e-01
-9.176778793334960938e-02
-4.438207149505615234e-01
-1.758950233459472656e+00
-5.394256711006164551e-01
1.586511731147766113e+00
5.209851264953613281e-02
8.714314103126525879e-01
-9.951728582382202148e-01
4.046234488487243652e-01
-5.390762090682983398e-01
-5.493403077125549316e-01
4.437208175659179688e-03
3.980007171630859375e-01
-8.636907339096069336e-01
-8.500951528549194336e-01
-3.161538839340209961e-01
-1.916459083557128906e+00
9.935328960418701172e-01
-5.448518991470336914e-01
-1.642470121383666992e+00
8.097434043884277344e-01
-3.184813261032104492e-01
-2.960306406021118164e-01
-1.208199381828308105e+00
-1.398641109466552734e+00
4.795968532562255859e-02
-5.274875760078430176e-01
-1.237925767898559570e+00
4.236911535263061523e-01
-8.469595909118652344e-01
6.749267578125000000e-01
-2.567710280418395996e-01
-1.582777738571166992e+00
-1.369306802749633789e+00
-1.763508439064025879e+00
6.084325313568115234e-01
-3.469507694244384766e-01
-1.042901873588562012e+00
-7.773852348327636719e-01
-1.639204144477844238e+00
1.149256229400634766e-01
-1.699071407318115234e+00
-1.421697139739990234e-01
-1.410512208938598633e+00
-1.053303241729736328e+00
-7.252876758575439453e-01
-2.214739322662353516e-01
2.888200283050537109e-01
-2.750898599624633789e-01
-8.073750734329223633e-01
2.893502116203308105e-01
3.740153312683105469e-01
-8.497329950332641602e-01
2.468354701995849609e-01
-8.453003168106079102e-01
-5.512387752532958984e-01
-3.692507743835449219e-01
-3.333461284637451172e-02
-1.093972921371459961e-01
-8.631135225296020508e-01
-1.379523515701293945e+00
-6.579494476318359375e-02
-5.507481575012207031e+00
-5.672764778137207031e-01
-9.688788056373596191e-01
-1.469166636466979980e+00
-9.299362301826477051e-01
-4.950191974639892578e-01
-1.142287254333496094e-02
-4.748303592205047607e-01
-5.626537799835205078e-01
-1.912757754325866699e+00
4.291343688964843750e-02
-3.828103542327880859e-01
2.488461732864379883e-01
6.422472000122070312e-02
-4.612334966659545898e-01
-1.858725547790527344e-01
-9.631872177124023438e-03
1.526759862899780273e-01
-1.991883754730224609e+00
-5.060231685638427734e-01
2.215176522731781006e-01
-8.520420789718627930e-01
-6.483672857284545898e-01
-5.922074913978576660e-01
-2.600422859191894531e+00
3.695279836654663086e+00
-4.737478494644165039e-01
-2.096243381500244141e+00
-3.320943832397460938e+00
-7.897987365722656250e-01
-4.046819210052490234e-01
7.609784603118896484e-01
-4.797152280807495117e-01
9.550931453704833984e-01
4.957763254642486572e-01
-7.766257524490356445e-01
-4.505659341812133789e-01
-9.658093452453613281e-01
-7.392435073852539062e-01
-4.178370833396911621e-01
7.728457450866699219e-01
-7.540879249572753906e-01
-1.499885201454162598e+00
1.088523983955383301e+00
-5.180673599243164062e-01
2.116707563400268555e-01
5.306601524353027344e-01
-1.465257048606872559e+00
-1.599830150604248047e+00
-1.262034893035888672e+00
-5.675574541091918945e-01
1.173992753028869629e-01
6.118519306182861328e-01
1.199225068092346191e+00
2.875457406044006348e-01
-3.058796823024749756e-01
-2.049227714538574219e+00
-1.306755661964416504e+00
-8.102328777313232422e-01
-3.453249692916870117e+00
-2.366804361343383789e+00
-9.848865270614624023e-01
-7.440317869186401367e-01
-1.413993358612060547e+00
-3.552581071853637695e-01
-3.123909235000610352e-01
7.501857280731201172e-01
3.259155750274658203e-01
9.285935163497924805e-01
-1.270519137382507324e+00
-1.702506542205810547e-01
-4.019328355789184570e-01
-1.095587253570556641e+00
-7.355872988700866699e-01
-2.047261595726013184e-01
3.826445341110229492e-01
5.842807292938232422e-01
-4.587066173553466797e-01
-4.147064685821533203e-01
-1.705173611640930176e+00
-2.077390909194946289e+00
1.629485011100769043e+00
-6.683465838432312012e-01
3.007457256317138672e-01
-1.756032466888427734e+00
1.928944587707519531e-01
9.364001154899597168e-01
-8.697698116302490234e-01
5.471993088722229004e-01
-1.593973636627197266e+00
-8.973892927169799805e-01
-2.091582059860229492e+00
6.989879608154296875e-01
-6.785817742347717285e-01
7.464452385902404785e-01
-7.217297554016113281e-01
-8.278696537017822266e-01
-2.916554212570190430e-01
5.380749702453613281e-02
5.766656994819641113e-01
-8.012908697128295898e-02
-1.842788100242614746e+00
-1.734784960746765137e+00
-3.159974813461303711e-01
3.034845590591430664e-01
-9.446352720260620117e-01
-5.530236959457397461e-01
-9.789032936096191406e-01
-6.770472526550292969e-01
-7.628009915351867676e-01
-2.589535713195800781e-02
1.552918195724487305e+00
-1.237562537193298340e+00
9.467679262161254883e-01
-4.342120885848999023e-01
3.238632082939147949e-01
1.002651691436767578e+00
5.272768139839172363e-01
-1.748494386672973633e+00
-4.193315982818603516e+00
-3.497941493988037109e-01
9.505896568298339844e-01
-7.040274143218994141e-01
-2.782838344573974609e-01
-2.699207782745361328e+00
-3.565678596496582031e-01
4.169964790344238281e-02
-2.579876422882080078e+00
-9.076082706451416016e-01
-1.321754455566406250e-01
-2.231024503707885742e+00
-1.460099220275878906e-01
4.353317022323608398e-01
7.614398002624511719e-02
