-6.468260288238525391e-02
-6.038125753402709961e-01
6.395627856254577637e-01
4.075575828552246094e+00
6.170623302459716797e-01
1.967978239059448242e+00
1.250871419906616211e+00
4.523091316223144531e+00
1.092058777809143066e+00
2.038609981536865234e-01
2.660268306732177734e+00
-5.367108345031738281e+00
3.080061912536621094e+00
3.260729551315307617e+00
1.898228168487548828e+00
2.528729438781738281e-01
4.282061576843261719e+00
4.500631332397460938e+00
-1.557444214820861816e+00
-7.401771545410156250e-01
3.469979763031005859e+00
-2.228870987892150879e-01
3.022378683090209961e+00
-2.245731830596923828e+00
3.717184066772460938e+00
6.157939434051513672e-01
2.869164943695068359e-01
2.125696182250976562e+00
4.093299210071563721e-01
-6.689476966857910156e-02
5.000000000000000000e+00
3.000375509262084961e+00
1.295760631561279297e+00
4.118193149566650391e+00
1.182225942611694336e-01
5.418871641159057617e-01
5.000000000000000000e+00
1.681661128997802734e+00
-3.578953742980957031e-01
3.709268569946289062e-02
-2.570452988147735596e-01
-2.065163135528564453e+00
-2.261216640472412109e-01
1.456137537956237793e+00
-3.123134374618530273e-01
1.626369714736938477e+00
2.463406324386596680e-01
1.257157325744628906e-01
3.305814027786254883e+00
-3.551827192306518555e+00
7.845343351364135742e-01
-1.130534410476684570e-01
-1.845879077911376953e+00
4.724231719970703125e+00
1.985202670097351074e+00
1.519863605499267578e-01
9.997409582138061523e-01
3.295364975929260254e-01
1.347181677818298340e+00
-7.269794940948486328e-01
1.558403968811035156e+00
-5.414992570877075195e-01
-7.891961336135864258e-01
-1.938728094100952148e-01
-3.261900424957275391e+00
-2.193051576614379883e-01
3.153360128402709961e+00
1.884013414382934570e-02
2.580128431320190430e+00
1.838538169860839844e+00
1.135507225990295410e-02
3.401613235473632812e-01
-1.512336730957031250e-02
5.461007356643676758e-01
6.694240570068359375e-01
-1.702109813690185547e+00
1.533710956573486328e+00
1.677511930465698242e+00
3.496490716934204102e-01
2.331381797790527344e+00
-7.689014673233032227e-01
1.114478111267089844e-01
3.301291167736053467e-01
-1.785666942596435547e-01
6.020947694778442383e-01
4.260824322700500488e-01
-3.349207878112792969e+00
8.894370794296264648e-01
1.137902498245239258e+00
-3.635058701038360596e-01
4.472926616668701172e+00
1.276379227638244629e+00
-3.692698478698730469e-02
-8.774718642234802246e-01
1.210383415222167969e+00
4.636327028274536133e-01
1.868241548538208008e+00
9.022307395935058594e-02
1.052455186843872070e+00
1.334473133087158203e+00
1.649928808212280273e+00
4.525210857391357422e-01
1.562480449676513672e+00
-1.866179704666137695e-01
8.971434235572814941e-01
-1.040625572204589844e+00
2.136829853057861328e+00
-2.419575452804565430e-01
1.223451852798461914e+00
4.065504074096679688e+00
1.823049783706665039e+00
-2.093145251274108887e-01
-6.044498682022094727e-01
1.609823584556579590e+00
-5.827503204345703125e-01
-6.297700405120849609e-01
-2.900328636169433594e-01
1.096346259117126465e+00
2.241568088531494141e+00
4.707174301147460938e+00
8.205869197845458984e-01
-8.809325695037841797e-01
-1.427873134613037109e+00
7.803982496261596680e-02
-2.138451337814331055e-01
-3.198776245117187500e-01
1.369653344154357910e+00
7.622964382171630859e-01
1.900751590728759766e-01
-8.322207927703857422e-01
4.215828895568847656e+00
3.598797321319580078e-02
-5.939130783081054688e-01
-4.317345619201660156e-01
1.029031276702880859e-01
-5.468924045562744141e-01
6.715118885040283203e-03
-1.284041643142700195e+00
1.005203127861022949e-01
-9.694237709045410156e-01
-4.474198818206787109e-02
5.810606479644775391e-01
1.926305294036865234e+00
4.325219392776489258e-01
2.478886842727661133e-01
1.640081703662872314e-01
2.107922315597534180e+00
4.101605415344238281e+00
5.008094310760498047e-01
2.908213138580322266e-01
1.330189824104309082e+00
-9.095240831375122070e-01
-1.063317418098449707e+00
-1.064441204071044922e-01
5.000000000000000000e+00
6.792960762977600098e-01
1.384407043457031250e+00
8.763849735260009766e-02
-1.706054449081420898e+00
2.026187896728515625e+00
5.261977910995483398e-01
-1.764142513275146484e-02
2.208687067031860352e-01
-1.536180973052978516e-01
3.490323305130004883e+00
1.040446281433105469e+00
-2.047854900360107422e+00
-1.020283699035644531e-01
-5.459733009338378906e-01
-3.339498996734619141e+00
1.152961015701293945e+00
-1.222286224365234375e-01
6.608500480651855469e-01
-3.527845144271850586e-01
3.035311698913574219e-01
-1.390783786773681641e-01
8.339422941207885742e-01
7.151913046836853027e-01
1.302593708038330078e+00
4.408639430999755859e+00
2.672018051147460938e+00
7.310928106307983398e-01
-1.618867635726928711e+00
-1.324167251586914062e-01
-7.180817127227783203e-01
3.518395900726318359e+00
1.704632282257080078e+00
-1.437277913093566895e+00
1.096914172172546387e+00
-2.811129689216613770e-01
2.507914304733276367e+00
-8.689080476760864258e-01
1.206512093544006348e+00
3.823814630508422852e+00
1.407262802124023438e+00
2.676838636398315430e-01
1.044135928153991699e+00
2.758431434631347656e+00
-3.374209403991699219e-01
4.185039520263671875e+00
1.381394863128662109e-01
-1.396315097808837891e-01
2.913899421691894531e+00
-1.345915794372558594e-01
-6.230701208114624023e-01
5.904010534286499023e-01
2.276376485824584961e+00
2.419826745986938477e+00
4.950782775878906250e+00
1.451242446899414062e+00
-5.124937891960144043e-01
-4.082516729831695557e-01
5.000000000000000000e+00
-1.250516772270202637e-01
-6.064088344573974609e-01
1.374010562896728516e+00
8.127195835113525391e-01
-8.399582505226135254e-01
2.961232662200927734e-01
-2.236860990524291992e-02
1.731243252754211426e+00
-6.599116325378417969e-02
1.724670171737670898e+00
3.848954439163208008e-01
3.669542789459228516e+00
-8.170992136001586914e-01
5.528061389923095703e-01
-6.790866851806640625e-01
-1.246108770370483398e+00
3.554098606109619141e-01
-2.557628750801086426e-01
1.413722515106201172e+00
-9.203759431838989258e-01
-1.748762011528015137e+00
8.622801303863525391e-02
-8.126521110534667969e-01
1.146718025207519531e+00
1.946618556976318359e-01
2.501680850982666016e+00
1.305042266845703125e+00
-9.318190813064575195e-01
1.835608482360839844e-01
1.820511817932128906e-01
4.672164916992187500e+00
2.574656724929809570e+00
7.884594202041625977e-01
5.000000000000000000e+00
1.277416706085205078e+00
2.069876194000244141e+00
1.281472206115722656e+00
-6.103473901748657227e-01
-1.134201526641845703e+00
4.529697418212890625e+00
8.485400676727294922e-01
1.196885704994201660e+00
5.000000000000000000e+00
1.743862628936767578e-01
5.075867176055908203e-01
4.679764747619628906e+00
-5.856386423110961914e-01
-8.972940444946289062e-01
1.396317481994628906e+00
-1.139563322067260742e-02
2.647207975387573242e-01
4.435483217239379883e-01
-4.016551971435546875e-01
1.396536350250244141e+00
4.020313262939453125e+00
-7.393484115600585938e-01
4.510827064514160156e-01
7.785351276397705078e-01
2.215642333030700684e-01
5.025508999824523926e-01
6.911506652832031250e-01
1.550318002700805664e-01
5.104479789733886719e-01
4.038442611694335938e+00
-1.278357744216918945e+00
-7.736617326736450195e-01
4.652988433837890625e+00
-9.378393888473510742e-01
2.149420976638793945e-01
2.246725082397460938e+00
4.040265083312988281e-02
5.000000000000000000e+00
4.825901985168457031e-01
8.230085968971252441e-01
2.888031005859375000e-01
4.753778457641601562e+00
6.236240863800048828e-01
8.606741428375244141e-01
1.828169584274291992e+00
1.716366112232208252e-01
2.150475978851318359e-01
2.013888597488403320e+00
4.507331848144531250e-01
-4.221498966217041016e-01
9.801939129829406738e-01
2.990927696228027344e-01
-3.177237510681152344e-02
-2.399787425994873047e+00
2.552147865295410156e+00
6.114692687988281250e-01
-1.242790222167968750e-01
4.764378547668457031e+00
5.000000000000000000e+00
2.349388122558593750e+00
2.565011024475097656e+00
-5.395907163619995117e-01
1.585925936698913574e+00
1.452092051506042480e+00
3.538389205932617188e+00
3.210695505142211914e+00
6.291282176971435547e-02
-1.081868290901184082e+00
1.004217863082885742e-01
8.942693471908569336e-01
8.214356899261474609e-01
2.440710544586181641e+00
1.126477122306823730e-01
2.122312784194946289e-01
5.000000000000000000e+00
-6.196051836013793945e-01
1.140763759613037109e+00
1.340403199195861816e+00
2.076900005340576172e-02
-3.144054412841796875e-01
-1.229276061058044434e+00
-1.783331155776977539e+00
4.085393905639648438e+00
8.421006202697753906e-01
4.904494881629943848e-01
1.159284353256225586e+00
9.880886077880859375e-01
-1.968502998352050781e-01
2.577289640903472900e-01
-2.711603641510009766e+00
-6.356612443923950195e-01
-1.361286520957946777e+00
-5.363242626190185547e-01
4.602185249328613281e+00
-9.120821952819824219e-02
1.390313744544982910e+00
-3.795484304428100586e-01
1.601106047630310059e+00
3.314348459243774414e-01
6.994842290878295898e-01
2.445558547973632812e+00
4.765588045120239258e-02
1.869912147521972656e-01
-3.622152805328369141e-01
-5.855355858802795410e-01
6.930148005485534668e-01
-5.001377463340759277e-01
-1.263496398925781250e+00
7.581133842468261719e-01
3.532742261886596680e-01
2.473943710327148438e+00
-2.156423926353454590e-01
2.109109163284301758e+00
-3.077778816223144531e-01
1.406801462173461914e+00
-8.887000083923339844e-01
-6.330707073211669922e-01
-8.412946462631225586e-01
4.138035297393798828e+00
-7.099304199218750000e-01
-7.149813175201416016e-01
5.000000000000000000e+00
1.502233743667602539e-01
4.963808357715606689e-01
8.457955718040466309e-01
-4.838123321533203125e-01
3.278380632400512695e+00
2.878974676132202148e-01
2.417749166488647461e-02
4.121548175811767578e+00
-1.687441468238830566e-01
1.178071498870849609e-01
-1.723792910575866699e+00
6.743086576461791992e-01
-2.154326438903808594e-02
3.391409873962402344e+00
-7.054591178894042969e-02
4.764043807983398438e+00
-2.756761908531188965e-01
-1.505746841430664062e-01
-1.988999247550964355e-01
-3.339483737945556641e-01
5.000000000000000000e+00
-2.633454322814941406e+00
9.047797322273254395e-01
3.270116448402404785e-01
2.984880208969116211e-01
-9.987109899520874023e-02
6.779249906539916992e-01
4.224445819854736328e+00
4.751428961753845215e-01
1.368319392204284668e-01
1.296581983566284180e+00
-4.848374128341674805e-01
4.930439949035644531e+00
9.893015623092651367e-01
6.625658273696899414e-01
4.254277229309082031e+00
1.603005290031433105e+00
-1.200129747390747070e+00
4.291895866394042969e+00
-1.023316979408264160e+00
5.000000000000000000e+00
-4.288562536239624023e-01
1.562184095382690430e-01
1.673303604125976562e+00
-5.893504619598388672e-01
3.894497632980346680e+00
1.828340172767639160e+00
9.057259559631347656e-02
3.826071918010711670e-01
1.779834032058715820e-01
-8.415315151214599609e-01
-1.978776454925537109e-01
-1.995340436697006226e-01
5.000000000000000000e+00
-3.665665984153747559e-01
3.835069417953491211e+00
5.000000000000000000e+00
9.355404973030090332e-01
1.910521984100341797e-01
3.972136497497558594e+00
1.471272706985473633e-01
4.628857612609863281e+00
6.595726013183593750e-01
-6.190964579582214355e-01
-7.765614986419677734e-02
-5.118716359138488770e-01
-2.912850379943847656e-01
7.077634334564208984e-01
9.573835134506225586e-02
-8.218352794647216797e-01
4.416867733001708984e+00
-1.710952281951904297e+00
6.648485660552978516e-01
-5.668765902519226074e-01
1.401934146881103516e+00
5.000000000000000000e+00
-6.432337760925292969e-01
-3.868559598922729492e-01
3.256398439407348633e-01
-4.848325252532958984e-02
-3.198886513710021973e-01
4.092223644256591797e-01
-2.414962053298950195e-01
4.205504655838012695e-01
3.173282742500305176e-01
4.622725486755371094e+00
1.030757427215576172e+00
9.416574239730834961e-01
-1.385674476623535156e-01
5.000000000000000000e+00
-1.753092408180236816e+00
3.534663915634155273e+00
5.887687206268310547e-01
-2.680571675300598145e-01
2.212098836898803711e-01
1.169883966445922852e+00
5.513740777969360352e-01
-4.888181686401367188e-01
1.780042648315429688e-01
1.371898412704467773e+00
4.559903144836425781e+00
-1.744184494018554688e-01
-7.795752882957458496e-01
1.976554751396179199e+00
2.717287540435791016e+00
4.216716289520263672e-01
-8.073887825012207031e-01
2.219505310058593750e-01
6.971112489700317383e-01
-1.083986997604370117e+00
-2.443712472915649414e+00
4.916921615600585938e+00
2.822007894515991211e+00
4.345618247985839844e+00
2.580546736717224121e-01
3.631797313690185547e+00
1.543449878692626953e+00
6.492185592651367188e-02
-5.392456054687500000e-02
-5.680990219116210938e-02
-9.300626516342163086e-01
-2.452977418899536133e+00
6.593530178070068359e-01
1.037581562995910645e+00
-1.238055229187011719e-01
4.978720247745513916e-01
2.886421084403991699e-01
5.000000000000000000e+00
-5.744713544845581055e-01
-5.242068767547607422e-01
8.750258684158325195e-01
2.189785003662109375e+00
4.619331359863281250e+00
-1.143367290496826172e-01
1.778364181518554688e-03
6.142815351486206055e-01
7.997934818267822266e-01
1.863281488418579102e+00
-1.549028158187866211e-01
-9.048140048980712891e-01
-3.599736690521240234e-01
2.133324146270751953e-01
3.140822887420654297e+00
1.437998890876770020e+00
5.000000000000000000e+00
3.974578380584716797e-01
-1.871123313903808594e-01
6.425062417984008789e-01
1.009967207908630371e+00
4.517565250396728516e+00
1.154041290283203125e-02
5.000000000000000000e+00
6.585294604301452637e-01
-1.157683610916137695e+00
2.479392886161804199e-01
2.242964506149291992e+00
-1.643474102020263672e-01
4.390090942382812500e+00
-3.427186608314514160e-01
-2.119498252868652344e-01
1.497375965118408203e-01
1.106900572776794434e-01
2.325986385345458984e+00
-4.120705127716064453e-01
4.671523571014404297e+00
9.660418033599853516e-01
3.347909450531005859e-01
5.201472043991088867e-01
6.483365297317504883e-01
-1.333366632461547852e+00
1.948290109634399414e+00
1.007035970687866211e+00
1.096559286117553711e+00
-4.163155078887939453e+00
-1.239255666732788086e+00
-5.139708518981933594e-03
5.000000000000000000e+00
2.808880805969238281e+00
5.000000000000000000e+00
1.511507987976074219e+00
1.048545360565185547e+00
-6.489502787590026855e-01
1.522089958190917969e+00
7.534867525100708008e-02
2.640665173530578613e-01
-6.993710994720458984e-02
1.548996329307556152e+00
1.412536859512329102e+00
1.247919797897338867e-01
1.645237207412719727e-01
1.234164237976074219e-01
-3.839960694313049316e-01
-1.091825723648071289e+00
1.861584544181823730e+00
-1.200014948844909668e+00
3.328789472579956055e+00
4.278124809265136719e+00
-1.403836369514465332e+00
-1.002453804016113281e+00
4.683411598205566406e+00
-1.115254402160644531e+00
-1.217873096466064453e+00
-3.722920417785644531e-01
-8.865383863449096680e-01
3.041734099388122559e-01
-4.039399623870849609e-01
-1.800001621246337891e+00
2.795180082321166992e-01
-1.738684892654418945e+00
1.872439384460449219e-01
-1.693929433822631836e+00
-2.481919527053833008e-01
2.120185852050781250e+00
-7.454309463500976562e-01
2.122917175292968750e-01
4.023786783218383789e-01
2.720909118652343750e-01
3.687223196029663086e+00
5.000000000000000000e+00
-5.707517862319946289e-01
5.000000000000000000e+00
-1.285916566848754883e-02
1.527443528175354004e+00
-1.592028856277465820e+00
-1.309646368026733398e-01
1.290788292884826660e+00
4.244391918182373047e-01
-1.446866989135742188e-02
2.948378801345825195e+00
2.229030132293701172e+00
5.173978805541992188e-01
4.475446224212646484e+00
3.854656696319580078e+00
1.328117251396179199e-01
5.208667516708374023e-01
-4.235792160034179688e-01
-2.954044342041015625e-01
-1.430859208106994629e+00
6.428253650665283203e-01
4.286360740661621094e-02
1.196038126945495605e-01
-7.996654510498046875e-01
1.494705915451049805e+00
-1.213526725769042969e-01
8.644964098930358887e-01
2.837252616882324219e+00
5.287897586822509766e-02
-1.342957496643066406e+00
1.043624877929687500e+00
-7.675174474716186523e-01
2.743116855621337891e+00
2.093908071517944336e+00
4.149713516235351562e-01
4.961282730102539062e+00
1.241944789886474609e+00
-1.268118619918823242e-02
5.392793416976928711e-01
1.180420875549316406e+00
3.946113586425781250e-02
2.388601064682006836e+00
2.338058352470397949e-01
-7.489075064659118652e-01
-3.870945572853088379e-01
-3.029694557189941406e-01
1.267815113067626953e+00
2.368628740310668945e+00
2.096497058868408203e+00
-1.580201148986816406e+00
8.435254096984863281e-01
3.952220082283020020e-01
6.403923034667968750e-04
4.083343505859375000e+00
3.938361644744873047e+00
1.451064586639404297e+00
2.681000232696533203e-01
-3.298633098602294922e-01
5.234162211418151855e-01
4.177699565887451172e+00
5.000000000000000000e+00
-5.730640888214111328e-02
2.940968513488769531e+00
-5.630588531494140625e-01
-7.940221786499023438e+00
3.445032119750976562e+00
-9.382855892181396484e-02
1.029844760894775391e+00
-1.969659328460693359e-02
2.349133253097534180e+00
1.065916061401367188e+00
-7.009342908859252930e-01
3.099222898483276367e+00
6.296770572662353516e-01
3.367757797241210938e+00
-1.127928018569946289e+00
4.638826370239257812e+00
5.000000000000000000e+00
9.254099726676940918e-01
7.506837844848632812e-01
-3.132218122482299805e-01
-3.989449143409729004e-01
1.452317118644714355e+00
-1.714699029922485352e+00
3.426153182983398438e+00
3.358917236328125000e-01
2.388338804244995117e+00
7.128537893295288086e-01
-1.159488201141357422e+00
-2.515269041061401367e+00
4.158282279968261719e-01
-2.004742622375488281e-02
-1.070081591606140137e-01
5.000000000000000000e+00
6.810094118118286133e-01
5.000000000000000000e+00
9.552476406097412109e-01
-1.303517699241638184e+00
3.474197864532470703e+00
4.654104709625244141e+00
3.668435096740722656e+00
-1.587871313095092773e-01
6.310076713562011719e-01
8.155840635299682617e-01
3.016306161880493164e-01
-6.614581346511840820e-01
-5.333251953125000000e-01
4.708731174468994141e-01
1.418916463851928711e+00
-6.762684583663940430e-01
1.023511409759521484e+00
1.444121599197387695e+00
-9.043527841567993164e-01
-7.506242990493774414e-01
1.072555303573608398e+00
-1.401281356811523438e+00
-3.369103074073791504e-01
3.189700841903686523e-01
1.686605095863342285e+00
-5.305299758911132812e-01
-1.808064222335815430e+00
-9.396022558212280273e-01
-4.375064373016357422e-02
-2.942799329757690430e+00
6.294030547142028809e-01
-1.203006625175476074e+00
-4.574288129806518555e-01
4.059409618377685547e+00
-3.838608264923095703e-01
-2.465245127677917480e-01
-2.123750448226928711e-01
-1.102886319160461426e+00
-1.061560630798339844e+00
-1.441607475280761719e-01
6.354621648788452148e-01
-1.942952871322631836e+00
4.494174957275390625e+00
9.006567597389221191e-01
-2.369687557220458984e-01
-7.858511209487915039e-01
4.276332378387451172e+00
-4.431245326995849609e-01
-6.836140155792236328e-02
-7.241179943084716797e-01
-1.409197449684143066e+00
1.375511527061462402e+00
-9.972524642944335938e-02
4.274966239929199219e+00
1.569619297981262207e+00
1.799828886985778809e+00
1.780926704406738281e+00
1.401042819023132324e+00
-8.679902553558349609e-02
2.887362480163574219e+00
8.118057250976562500e-01
1.344467639923095703e+00
9.729498624801635742e-01
-1.121595144271850586e+00
9.850401282310485840e-01
7.010436058044433594e-02
5.000000000000000000e+00
-1.171711921691894531e+00
2.319674968719482422e+00
4.414166450500488281e+00
1.817910075187683105e-01
2.388513088226318359e+00
4.085993766784667969e+00
-3.074645996093750000e-03
8.517830967903137207e-01
2.210171222686767578e-01
4.606908798217773438e+00
8.659201860427856445e-01
6.716923713684082031e-01
1.296223402023315430e+00
5.000000000000000000e+00
-4.001538753509521484e-01
1.404963970184326172e+00
7.183398008346557617e-01
1.671773314476013184e+00
1.114323854446411133e+00
2.803391218185424805e-01
1.193905472755432129e+00
8.391058444976806641e-02
-4.996109008789062500e-01
1.343448758125305176e+00
6.478679180145263672e-01
3.555574417114257812e+00
-1.101269721984863281e-01
3.506944656372070312e+00
-3.413063287734985352e-01
3.625358343124389648e+00
5.000000000000000000e+00
-2.413843870162963867e+00
1.741889476776123047e+00
-9.799612760543823242e-01
2.285377264022827148e+00
-3.701112747192382812e+00
9.598547220230102539e-01
-3.644528388977050781e-01
4.330934524536132812e+00
1.962953329086303711e+00
3.465093374252319336e+00
9.685277938842773438e-03
-8.273688554763793945e-01
-2.888601779937744141e+00
-6.757829189300537109e-01
4.584390521049499512e-01
3.053824901580810547e-01
-1.759302616119384766e-01
-3.157507777214050293e-01
1.181035280227661133e+00
-1.735887527465820312e-01
1.434081315994262695e+00
2.612089514732360840e-01
-6.910114288330078125e-01
2.895249128341674805e-01
4.267619132995605469e+00
1.869594931602478027e+00
7.578911781311035156e-01
-1.580395340919494629e+00
1.731296181678771973e-01
1.011641144752502441e+00
3.818338394165039062e+00
-6.707264184951782227e-01
7.473022341728210449e-01
5.237221717834472656e-02
2.482537508010864258e+00
-8.990991115570068359e-01
-4.058855772018432617e-01
4.522140979766845703e+00
-4.432984590530395508e-01
4.404695034027099609e+00
7.409338951110839844e-01
2.549827098846435547e-01
-2.337618827819824219e+00
-1.990879774093627930e-01
7.320365905761718750e-01
4.626231193542480469e-01
8.042409420013427734e-01
2.049338340759277344e+00
3.501932621002197266e+00
-2.761296033859252930e-01
-9.373766183853149414e-02
-1.138248443603515625e-01
-4.940370321273803711e-01
4.850688934326171875e+00
1.713815927505493164e+00
3.584308385848999023e+00
3.664704084396362305e+00
-1.311508417129516602e-01
1.728339195251464844e+00
1.356986761093139648e+00
-5.987104177474975586e-01
-1.474764108657836914e+00
5.000000000000000000e+00
1.961118102073669434e+00
1.993707895278930664e+00
1.760490655899047852e+00
-1.533555269241333008e+00
6.286528110504150391e-01
-1.981191396713256836e+00
7.039835453033447266e-01
7.184814214706420898e-01
1.253675222396850586e+00
7.875221371650695801e-01
3.093634843826293945e+00
1.807573676109313965e+00
7.610514760017395020e-01
5.000000000000000000e+00
1.061138510704040527e+00
4.423660039901733398e-02
-5.620781183242797852e-01
3.600128173828125000e+00
3.824054002761840820e-01
-2.047219276428222656e-01
1.397922039031982422e-01
2.813865542411804199e-01
-1.876901626586914062e+00
-3.637075424194335938e-04
-9.991431236267089844e-02
-3.588784933090209961e-01
9.770643711090087891e-02
4.365943670272827148e-01
-5.764040350914001465e-01
5.425568819046020508e-01
7.038930654525756836e-01
-2.679193258285522461e+00
1.347465038299560547e+00
3.477852821350097656e+00
4.336618185043334961e-01
6.646701097488403320e-01
1.581476926803588867e-01
-1.516954898834228516e-01
-1.337203979492187500e+00
2.600716114044189453e+00
1.938051581382751465e-01
5.046448707580566406e-01
-2.404429316520690918e-01
-1.116490960121154785e-01
-2.304177284240722656e+00
1.483962416648864746e+00
2.810654044151306152e-01
-1.335888743400573730e+00
1.923748850822448730e-01
8.936387300491333008e-01
-5.419458150863647461e-01
3.854147195816040039e-01
3.929761171340942383e+00
5.603474378585815430e-02
5.620276927947998047e-02
2.864168643951416016e+00
1.993252038955688477e-01
1.188556432723999023e+00
4.146323204040527344e-01
1.219160318374633789e+00
-7.576494812965393066e-01
5.208799839019775391e-01
-7.209024429321289062e-01
2.986308574676513672e+00
-5.356097221374511719e-01
1.135742068290710449e+00
-8.230148315429687500e+00
-1.504260301589965820e-01
