3.918350934982299805e-01
-1.217652440071105957e+00
-6.542986631393432617e-01
-1.126405000686645508e+00
7.662559747695922852e-01
-2.682842016220092773e-01
5.124735832214355469e-02
-1.555051803588867188e-01
-2.395612716674804688e+00
-8.238831758499145508e-01
-1.865850806236267090e+00
-1.055794954299926758e-01
-1.757349967956542969e-01
-2.511627674102783203e-01
2.294492125511169434e-01
9.296403527259826660e-01
-1.301662206649780273e+00
-8.737444877624511719e-02
-4.966132640838623047e-01
3.606401681900024414e-01
-3.561318516731262207e-01
-7.605760097503662109e-01
-1.145040750503540039e+00
1.555878877639770508e+00
-1.323286294937133789e+00
1.293863952159881592e-01
-1.611222982406616211e+00
2.301404774188995361e-01
-3.082617759704589844e+00
1.782720088958740234e-01
-1.334779500961303711e+00
-5.162757635116577148e-01
9.333187341690063477e-02
2.381336688995361328e-02
1.666620671749114990e-01
-2.324177026748657227e-01
3.038595914840698242e-01
-1.159232616424560547e+00
2.316066026687622070e-01
-1.576871871948242188e-01
-2.486303329467773438e+00
8.137115240097045898e-01
7.005882263183593750e-01
-1.469005346298217773e+00
-1.870109558105468750e+00
-6.468725204467773438e-02
-1.728793740272521973e+00
-6.601769328117370605e-01
-2.127550601959228516e+00
1.024838089942932129e+00
2.423772215843200684e-01
8.774018287658691406e-02
2.070266008377075195e-01
-2.225160002708435059e-01
2.048199772834777832e-01
-4.956742525100708008e-01
4.687914848327636719e-01
-1.242617011070251465e+00
1.678704261779785156e+00
-4.078209996223449707e-01
-2.328720688819885254e-01
-3.465454578399658203e-01
-1.735418438911437988e+00
-1.299515485763549805e+00
-1.618609905242919922e+00
-1.256514430046081543e+00
-4.029940962791442871e-01
-3.861775398254394531e-01
-8.112337589263916016e-01
-2.504409551620483398e-01
-4.911421835422515869e-01
-8.304562568664550781e-01
-2.640432119369506836e-01
4.768896102905273438e-02
-1.235318183898925781e+00
-1.045690774917602539e-01
-1.572227478027343750e-01
8.159376978874206543e-01
-1.999985456466674805e+00
-1.118993759155273438e-01
-1.614115595817565918e+00
4.561272859573364258e-01
6.591943502426147461e-01
3.915941715240478516e-01
-9.429097175598144531e-03
-3.444401025772094727e-01
-1.271528482437133789e+00
-1.677036285400390625e-02
2.096102237701416016e-01
3.658705353736877441e-01
-1.337414979934692383e-01
1.370342254638671875e+00
-3.113245964050292969e-01
-1.599548220634460449e+00
1.066356182098388672e+00
-2.008215427398681641e+00
-2.891209840774536133e+00
8.775081634521484375e-01
-1.276287674903869629e+00
-4.964804649353027344e-01
2.638028860092163086e-01
-1.476939439773559570e+00
7.271406650543212891e-01
-1.238882541656494141e+00
-9.297438859939575195e-01
-1.015455007553100586e+00
-1.551374554634094238e+00
2.321864068508148193e-01
-3.535239696502685547e-01
-5.755844116210937500e-01
-1.196368932723999023e+00
-1.839902520179748535e+00
-3.797825872898101807e-01
-3.262833356857299805e-01
1.335142374038696289e+00
8.817515373229980469e-01
-1.284081101417541504e+00
-7.507854700088500977e-01
-1.293617606163024902e+00
9.884803295135498047e-01
-6.582214832305908203e-01
-8.133035898208618164e-02
1.175947070121765137e+00
-3.190788626670837402e-01
-1.806295871734619141e+00
-8.259820938110351562e-02
3.697044849395751953e-01
4.869859218597412109e-01
-8.176931142807006836e-01
-2.780028581619262695e-01
4.169206619262695312e-01
-8.931294679641723633e-01
-3.144078850746154785e-01
-3.887382984161376953e+00
-4.444794654846191406e-01
-1.069990515708923340e+00
-1.105781078338623047e+00
-9.115767478942871094e-02
2.046211361885070801e-01
-1.269487142562866211e+00
-3.752014636993408203e-01
-2.966426134109497070e+00
-1.309765458106994629e+00
-9.609963893890380859e-01
-8.517343997955322266e-01
-3.318539857864379883e+00
-8.258285522460937500e-01
2.430249452590942383e-01
-1.903897285461425781e+00
-2.929916381835937500e+00
6.864865422248840332e-01
1.743078231811523438e-03
-8.076139092445373535e-01
-3.406280279159545898e-02
-2.316037416458129883e-01
3.904666900634765625e-01
-2.148059010505676270e-01
4.962483346462249756e-01
-3.436401486396789551e-01
-9.254990816116333008e-01
-1.771829724311828613e-01
-5.949986577033996582e-01
-2.193140387535095215e-01
6.099547743797302246e-01
-2.063176393508911133e+00
-1.614267826080322266e+00
-3.667888641357421875e-01
6.692762970924377441e-01
-4.969940185546875000e-01
1.673758029937744141e-01
1.987612545490264893e-01
-5.333030223846435547e-02
-2.387381792068481445e-01
-2.616155862808227539e+00
8.181217908859252930e-01
1.292891025543212891e+00
-6.682031750679016113e-01
-1.015743374824523926e+00
-1.012434482574462891e+00
-3.363525867462158203e-02
5.620728731155395508e-01
-1.632431745529174805e+00
-2.124463915824890137e-01
7.186138629913330078e-02
-3.829669952392578125e-02
-5.180164575576782227e-01
-4.347181320190429688e-01
-1.463024616241455078e-01
-9.856367111206054688e-01
9.348965883255004883e-01
-1.624771237373352051e+00
-1.304370641708374023e+00
-4.498375654220581055e-01
-9.365938901901245117e-01
-7.367849349975585938e-01
6.611118912696838379e-01
3.067471504211425781e+00
3.079259395599365234e-02
-1.191464662551879883e-01
-9.350943565368652344e-02
-1.117403507232666016e-01
1.787993311882019043e-01
6.000819206237792969e-01
1.034494161605834961e+00
-6.927460432052612305e-01
6.588940024375915527e-01
-3.581762313842773438e-01
4.720070362091064453e-01
-7.914659976959228516e-01
-4.490079879760742188e+00
4.891330003738403320e-02
4.278687238693237305e-01
6.270716786384582520e-01
-6.511083841323852539e-01
-1.689199924468994141e+00
2.029099941253662109e+00
-1.609399318695068359e-01
2.506745457649230957e-01
1.807321310043334961e-01
-1.169656991958618164e+00
1.212069511413574219e+00
-9.443616867065429688e-02
2.901223301887512207e-01
5.491559505462646484e-01
-7.501840591430664062e-01
-1.577456474304199219e+00
-1.050872802734375000e+00
-3.037927150726318359e-01
-2.564356923103332520e-01
3.571791648864746094e-01
4.266459941864013672e-01
4.332525730133056641e-01
3.596713542938232422e-01
-4.216821193695068359e-01
-3.883340358734130859e-01
-1.325183272361755371e+00
-1.099362611770629883e+00
-3.839274644851684570e-01
5.615795254707336426e-01
-8.627696037292480469e-01
-2.760336160659790039e+00
1.553509235382080078e-01
-4.444015026092529297e-02
-2.116029977798461914e+00
4.092348814010620117e-01
1.050404787063598633e+00
-1.794432640075683594e+00
-1.085369110107421875e+00
4.962040185928344727e-01
7.704967260360717773e-01
-1.871230721473693848e+00
-1.103396177291870117e+00
8.300604820251464844e-01
-4.755057096481323242e-01
-4.843721389770507812e-01
-3.507842540740966797e+00
-1.374571084976196289e+00
4.791432619094848633e-02
-8.049916625022888184e-01
-1.109977722167968750e+00
1.537647247314453125e-01
4.276580810546875000e-01
-3.540798425674438477e-01
-7.333064079284667969e-01
-1.107475280761718750e+00
4.341855049133300781e-01
-5.724732875823974609e-01
-1.794591426849365234e+00
-8.068112134933471680e-01
2.446939945220947266e-01
-1.936745405197143555e+00
-2.824611067771911621e-01
4.797348380088806152e-01
-3.486560821533203125e+00
-1.134796261787414551e+00
-1.589155197143554688e-02
-2.186539173126220703e+00
-3.410449624061584473e-01
-9.507976770401000977e-01
-2.567681312561035156e+00
-8.570766448974609375e-01
-1.239914178848266602e+00
-6.880545616149902344e-02
-8.687691688537597656e-01
-3.130777359008789062e+00
-7.684195041656494141e-01
-1.880293607711791992e+00
-6.795769691467285156e+00
-8.086937665939331055e-01
-1.023223519325256348e+00
8.880655765533447266e-01
7.946071624755859375e-01
-2.147346735000610352e-01
-8.148896694183349609e-01
1.268077373504638672e+00
9.764430522918701172e-01
-5.791673660278320312e-01
-7.259111404418945312e-01
1.125091314315795898e+00
1.436951756477355957e+00
2.844333648681640625e-01
-1.168949842453002930e+00
6.909155249595642090e-01
-6.167131662368774414e-01
1.910174846649169922e+00
-1.559703230857849121e+00
1.622070074081420898e-01
4.915680885314941406e-01
9.693196415901184082e-02
-7.216274738311767578e-02
-8.783744573593139648e-01
-3.094326019287109375e+00
-4.794175028800964355e-01
-1.450647115707397461e-01
2.554839849472045898e-01
-3.508120775222778320e-02
-1.781251430511474609e-01
-1.574615716934204102e+00
3.582946062088012695e-01
-1.657664299011230469e+00
-2.108955383300781250e-01
8.970510363578796387e-01
-1.585025787353515625e-01
-1.045893430709838867e-01
1.052981615066528320e-01
-1.289660215377807617e+00
-8.597352504730224609e-01
-3.720617294311523438e-01
-5.203918218612670898e-01
5.390026569366455078e-01
-2.224154472351074219e-01
-7.235207557678222656e-01
-1.949836134910583496e+00
-2.586438655853271484e+00
-8.703240156173706055e-01
-3.394874334335327148e-01
3.991997241973876953e-02
9.362041950225830078e-02
-8.841772079467773438e-01
4.296077489852905273e-01
5.017232894897460938e-01
4.000220298767089844e-01
8.263957500457763672e-02
4.978358745574951172e-01
3.218708038330078125e-01
-3.743270635604858398e-01
9.436365365982055664e-01
-1.077454566955566406e+00
-1.327869772911071777e+00
1.961729526519775391e-01
5.720436573028564453e-03
-1.883923768997192383e+00
-1.828501224517822266e-01
7.065969109535217285e-01
-8.579238653182983398e-01
1.360296607017517090e-01
-9.441685676574707031e-01
-3.158062696456909180e-01
-6.123659610748291016e-01
-4.258975982666015625e-01
-2.321777105331420898e+00
1.570761203765869141e-01
-1.942099213600158691e+00
-2.326031327247619629e-01
-9.462463855743408203e-02
3.368676900863647461e-01
-1.223163604736328125e+00
-2.350330352783203125e-01
-3.353893756866455078e+00
6.257998943328857422e-01
-9.848300814628601074e-01
-3.566325306892395020e-01
-9.328231811523437500e-01
-6.686472892761230469e-02
-2.179024219512939453e-01
-2.392308712005615234e-01
-6.173510551452636719e-01
8.845329284667968750e-05
-3.985101580619812012e-01
-8.282694816589355469e-01
2.359116077423095703e-01
5.857753753662109375e-02
2.165329456329345703e-02
-1.668614149093627930e-01
1.000659942626953125e+00
-1.392470836639404297e+00
3.626383543014526367e-01
-1.135226249694824219e+00
-1.593690395355224609e+00
2.578961849212646484e-01
-2.856268644332885742e+00
1.550978779792785645e+00
-1.274528503417968750e+00
3.852472901344299316e-01
-1.227469444274902344e-01
1.048235177993774414e+00
2.584416866302490234e-01
3.555701971054077148e-01
-8.421320319175720215e-01
-6.338626146316528320e-01
8.278212547302246094e-01
7.943060994148254395e-02
-1.770930409431457520e+00
-6.993796825408935547e-01
-7.732318043708801270e-01
2.811254262924194336e-01
7.388979196548461914e-02
-1.958239078521728516e-02
9.633703231811523438e-01
-4.018631577491760254e-01
-1.228667259216308594e+00
-5.037698268890380859e+00
2.567208409309387207e-01
-5.878478288650512695e-01
1.177988052368164062e-01
-1.621788144111633301e+00
-3.755151510238647461e+00
-9.211385250091552734e-02
-5.473804473876953125e-01
-2.271838665008544922e+00
-8.805242776870727539e-01
-4.656316041946411133e-01
-6.020802259445190430e-01
1.083207249641418457e+00
-2.628252029418945312e+00
6.116712093353271484e-01
2.547731995582580566e-02
-6.938743591308593750e-02
8.859866857528686523e-01
-5.390763282775878906e-01
-7.906817197799682617e-01
-2.417073845863342285e-01
1.119191646575927734e-01
2.259743213653564453e-02
-8.155198097229003906e-01
3.102254867553710938e-02
-1.444159030914306641e+00
5.557940006256103516e-01
-1.980830550193786621e+00
-9.701318144798278809e-01
-4.308509826660156250e-02
-4.968634843826293945e-01
5.640447139739990234e-02
-7.183158397674560547e-01
2.064650058746337891e-01
-7.006145715713500977e-01
-8.361499309539794922e-01
-7.750663757324218750e-01
-1.374695301055908203e-01
-4.806746244430541992e-01
-4.413913488388061523e-01
-1.323661327362060547e+00
-2.657901048660278320e-01
-3.304635286331176758e-01
5.377546548843383789e-01
4.020716845989227295e-01
2.796248197555541992e-01
-4.605779051780700684e-01
6.514027118682861328e-01
-2.346991300582885742e-01
-1.021458864212036133e+00
-2.197782993316650391e+00
5.809056162834167480e-01
-1.473156452178955078e+00
-1.209180831909179688e+00
-3.339729309082031250e-01
-1.412851095199584961e+00
-1.111600399017333984e+00
8.773813247680664062e-01
-6.558101177215576172e-01
-2.517614364624023438e-01
-5.133485794067382812e-02
3.494689464569091797e-01
-1.205683469772338867e+00
-3.695803880691528320e-02
-3.646883964538574219e-01
-1.152911782264709473e-01
1.365441679954528809e-01
-5.962247252464294434e-01
-2.497726678848266602e-01
-2.200363278388977051e-01
-5.420655012130737305e-02
-7.982947826385498047e-01
7.363438606262207031e-03
-3.399772644042968750e-01
-1.425277709960937500e+00
3.024364709854125977e-01
-4.219174385070800781e-01
1.217049360275268555e-01
-7.718253135681152344e-01
4.057830572128295898e-01
-4.521373510360717773e-01
3.781886696815490723e-01
-2.889833450317382812e-01
-1.369258999824523926e+00
4.360011518001556396e-01
1.436681747436523438e-01
-9.350761771202087402e-01
-5.652259588241577148e-01
-1.440860390663146973e+00
-1.893996000289916992e-01
-1.408261060714721680e+00
-6.820498704910278320e-01
5.083155632019042969e-02
-8.233516216278076172e-01
-7.436746358871459961e-02
2.131495475769042969e-01
-1.320610642433166504e+00
-7.248383760452270508e-01
-3.406478166580200195e-01
-8.379504680633544922e-01
1.083524227142333984e-01
-2.099989950656890869e-01
-1.135625839233398438e-01
-6.167247295379638672e-01
-7.520545125007629395e-01
-1.291978001594543457e+00
-8.584105968475341797e-02
-4.391350746154785156e-01
7.758044004440307617e-01
-6.449165344238281250e-01
-6.659485697746276855e-01
-2.080075263977050781e+00
-4.058407545089721680e-01
-1.754946708679199219e-01
-7.687517404556274414e-01
-8.593648672103881836e-01
3.712130784988403320e-01
-1.971119165420532227e+00
1.343562602996826172e-01
-1.977493762969970703e-01
-1.293031215667724609e+00
1.192344307899475098e+00
2.528339624404907227e-01
1.798622608184814453e-01
2.920106649398803711e-01
-1.321055531501770020e+00
-3.137798547744750977e+00
-8.637325763702392578e-01
8.412905931472778320e-01
-1.140235781669616699e+00
6.045174598693847656e-02
-5.572607517242431641e-01
-3.430229425430297852e-01
-1.581743955612182617e-01
-2.127434015274047852e+00
-8.378887176513671875e-02
-1.196011900901794434e+00
-4.265052080154418945e-01
-9.852794408798217773e-01
8.447370529174804688e-01
-4.213428497314453125e-01
-8.812558650970458984e-02
-4.768966436386108398e-01
-7.311877012252807617e-01
4.236899018287658691e-01
-6.444439888000488281e-01
-6.146564483642578125e-01
-2.703348398208618164e+00
-1.214966893196105957e+00
-1.259922981262207031e+00
-6.613206863403320312e-01
8.456133604049682617e-01
1.151369810104370117e+00
-9.399635791778564453e-01
-1.639968454837799072e-01
-5.723162889480590820e-01
7.261098623275756836e-01
-1.243948936462402344e+00
-4.270470142364501953e-02
-9.096075296401977539e-01
1.344516158103942871e+00
-1.325201034545898438e+00
-1.117232441902160645e+00
-1.172086954116821289e+00
-1.855600595474243164e+00
4.532444477081298828e-01
-4.996246695518493652e-01
-7.092047929763793945e-01
-1.057620048522949219e-01
-2.798297405242919922e-01
-3.018007278442382812e-01
-2.124204635620117188e+00
-5.457606315612792969e-01
-1.573666810989379883e+00
-4.729031324386596680e-01
2.638607025146484375e-01
-7.942961454391479492e-01
3.645050525665283203e-02
2.016510665416717529e-01
5.625103712081909180e-01
-6.205898523330688477e-01
-1.833498001098632812e+00
3.615234494209289551e-01
2.258251905441284180e-01
-1.219472587108612061e-01
-9.658205509185791016e-01
-7.927765846252441406e-01
1.411691904067993164e-01
-2.076894283294677734e+00
-6.890588998794555664e-02
-5.968095064163208008e-01
4.086035490036010742e-02
6.787245273590087891e-01
9.551795721054077148e-01
-8.730542659759521484e-01
-1.412211060523986816e+00
4.624761343002319336e-01
-3.705493211746215820e-01
9.483523964881896973e-01
-2.925635576248168945e-01
-1.147418022155761719e+00
-2.049974441528320312e+00
-1.253635048866271973e+00
-8.438777923583984375e-01
-3.911776542663574219e-01
4.444400072097778320e-01
-9.541244506835937500e-01
7.081025242805480957e-01
4.115339517593383789e-01
-2.581756114959716797e-01
-8.464642763137817383e-01
-2.080950736999511719e-01
1.295053958892822266e-01
-5.200897455215454102e-01
-1.110638380050659180e-01
-2.228360176086425781e-01
-3.083927631378173828e+00
-3.882510662078857422e-01
-4.086933135986328125e-01
6.011676788330078125e-02
1.276538372039794922e-01
-3.060127496719360352e-01
3.402693569660186768e-01
-7.911133766174316406e-01
-2.221432924270629883e-01
-4.951026439666748047e-01
-4.498322606086730957e-01
1.042677164077758789e+00
6.129035949707031250e-01
-3.783956766128540039e-01
2.240550518035888672e-01
7.660738229751586914e-01
-7.910723686218261719e-01
-1.535328745841979980e+00
-5.497303009033203125e-01
-4.447340965270996094e-02
-6.569790840148925781e-01
-1.142646908760070801e+00
-1.524662017822265625e+00
-1.917526245117187500e+00
1.980487108230590820e-01
8.412173390388488770e-01
-1.382035017013549805e+00
-9.774129986763000488e-01
3.782241344451904297e-01
-8.937118053436279297e-01
6.301717758178710938e-01
-1.020318269729614258e-01
-9.170775413513183594e-01
-6.824058294296264648e-01
-1.517350196838378906e+00
-5.262153148651123047e-01
-3.289854526519775391e-01
-1.030921578407287598e+00
2.465174198150634766e-01
1.409546256065368652e+00
-7.594637870788574219e-01
9.404712915420532227e-02
-2.400801181793212891e-01
7.401924729347229004e-01
6.169544458389282227e-01
-4.337978363037109375e-01
-6.327528953552246094e-01
-1.629314422607421875e-01
-8.720598220825195312e-01
5.452595353126525879e-01
1.297174215316772461e+00
9.084153175354003906e-01
-4.492713809013366699e-01
1.276901960372924805e+00
8.629184961318969727e-02
-3.437502980232238770e-01
-7.758652210235595703e+00
-9.525634050369262695e-01
-8.107882738113403320e-01
-1.095401048660278320e+00
1.596765637397766113e+00
-4.067329168319702148e-01
-5.958740115165710449e-01
-7.154252529144287109e-01
9.605174064636230469e-01
-3.949311971664428711e-01
-7.898777723312377930e-01
-1.195881605148315430e+00
5.644905567169189453e-01
1.570968627929687500e-01
-1.615338683128356934e+00
-1.201195716857910156e+00
9.487438201904296875e-01
-7.590621113777160645e-01
-4.921072959899902344e+00
1.324001908302307129e+00
-3.219279646873474121e-01
2.314083576202392578e-01
6.029058694839477539e-01
-1.651422619819641113e+00
-5.201792120933532715e-01
1.372808456420898438e+00
1.920552253723144531e-01
-9.688334465026855469e-01
-2.025147676467895508e-01
9.805023670196533203e-02
-1.212403178215026855e+00
-8.995202183723449707e-01
2.092553853988647461e+00
-5.463094711303710938e-01
-2.997241020202636719e-01
-2.994729042053222656e+00
7.076930999755859375e-01
-8.022856712341308594e-01
-1.726933717727661133e-01
-6.813844680786132812e+00
-2.123888254165649414e+00
5.455012321472167969e-01
3.879189491271972656e-03
3.356981277465820312e-02
-1.465055108070373535e+00
-1.973850488662719727e+00
8.653715848922729492e-01
-2.521426677703857422e-01
-2.885688066482543945e+00
-7.663699388504028320e-01
-4.027010202407836914e-01
-5.050402879714965820e-01
7.612699270248413086e-01
-3.995262384414672852e-01
-3.688381910324096680e+00
5.832490921020507812e-01
7.916487455368041992e-01
-9.317424297332763672e-01
2.146682143211364746e-01
7.362479567527770996e-01
1.710176467895507812e-02
2.885293960571289062e-01
1.858701705932617188e-01
2.522051334381103516e-01
-4.438817501068115234e-03
2.263061702251434326e-02
9.608374834060668945e-01
-1.102767229080200195e+00
1.177018880844116211e+00
-2.447451353073120117e-01
-6.621422767639160156e-01
-1.600065350532531738e+00
-1.255130767822265625e-01
4.899024963378906250e-03
-8.004522323608398438e-02
-5.525317192077636719e-01
-4.055273532867431641e-01
7.154552936553955078e-01
1.187331676483154297e-01
2.322362363338470459e-01
-5.196958780288696289e-01
-1.222491264343261719e-01
1.040113806724548340e+00
9.180907607078552246e-01
-4.530856013298034668e-01
-1.845451831817626953e+00
-6.503560543060302734e-01
-7.890198230743408203e-01
-7.271966934204101562e-01
1.125370264053344727e-01
-1.181404352188110352e+00
-1.203065991401672363e+00
-9.036664962768554688e-01
3.418536186218261719e-01
-8.547452092170715332e-02
7.301771640777587891e-02
-1.130747795104980469e-01
-1.791667103767395020e+00
-4.613831043243408203e-01
-4.034854173660278320e-01
-8.148880004882812500e-01
-1.925913333892822266e+00
1.064075231552124023e-01
-2.621205091476440430e+00
-2.083416938781738281e+00
6.242167949676513672e-01
-8.768229484558105469e-01
-3.225637674331665039e-01
-1.042912602424621582e+00
-8.519196510314941406e-01
-1.305267214775085449e+00
-1.517699718475341797e+00
-9.060978889465332031e-01
-5.162751674652099609e-02
-1.424530029296875000e+00
-3.116154670715332031e-02
5.819298624992370605e-01
-1.123158216476440430e+00
9.330321550369262695e-01
-1.660595297813415527e+00
-2.320478439331054688e+00
7.165826559066772461e-01
-8.216004371643066406e-01
-8.416622877120971680e-01
2.235094308853149414e-01
-2.597276926040649414e+00
2.042289257049560547e+00
-2.675527334213256836e-01
-2.690958499908447266e+00
-3.252495527267456055e-01
-6.764017343521118164e-01
2.871840000152587891e-01
-7.614281177520751953e-01
2.076125144958496094e-02
-9.704681634902954102e-01
9.472175836563110352e-01
-1.182344675064086914e+00
-8.895608186721801758e-01
2.391577959060668945e-01
-5.170470476150512695e-01
-4.320263266563415527e-01
-1.645453453063964844e+00
-1.302926301956176758e+00
-1.156429767608642578e+00
9.373725652694702148e-01
-1.561154127120971680e-01
2.646117806434631348e-01
-1.382735967636108398e-01
-2.327265262603759766e+00
-9.129405021667480469e-03
-5.032752752304077148e-01
-9.679713249206542969e-01
3.626878261566162109e-01
1.238288879394531250e-01
7.793662548065185547e-01
1.068939924240112305e+00
-9.966217279434204102e-01
7.997816205024719238e-01
-5.553246736526489258e-01
2.740669250488281250e-02
1.755940914154052734e-02
-4.751577377319335938e-01
8.377202749252319336e-01
2.479077577590942383e-01
-1.012322783470153809e+00
-2.172173023223876953e+00
-1.732718467712402344e+00
-7.496243119239807129e-01
-2.584242820739746094e-02
-1.202539682388305664e+00
-1.019863963127136230e+00
-1.631185293197631836e+00
3.360819220542907715e-01
-2.896816968917846680e+00
-1.160287857055664062e+00
-1.888928413391113281e-01
-3.637171983718872070e-01
-1.315381228923797607e-01
-1.721723318099975586e+00
-7.554144859313964844e-01
4.431440830230712891e-01
-6.356753706932067871e-01
2.504155635833740234e-01
4.318714141845703125e-03
-1.904141902923583984e-02
-2.794644832611083984e-01
8.035291433334350586e-01
3.155574798583984375e-01
2.404618263244628906e-01
5.678411126136779785e-01
-7.304298877716064453e-01
6.054211854934692383e-01
-1.278944730758666992e+00
-5.121014118194580078e-01
-2.206923961639404297e-01
4.277014732360839844e-02
-1.315135657787322998e-01
-1.656169414520263672e+00
-1.294266939163208008e+00
-9.706261157989501953e-01
1.259302496910095215e-01
-3.164968729019165039e+00
4.579315185546875000e-01
-9.590505361557006836e-01
-5.742216110229492188e-01
-4.994714260101318359e-01
-2.320208549499511719e-01
5.541374683380126953e-01
-1.259474277496337891e+00
-4.517827033996582031e-01
1.207434773445129395e+00
3.110859394073486328e-01
4.247537851333618164e-01
2.760756611824035645e-01
4.685254096984863281e-01
2.903223633766174316e-01
5.156506299972534180e-01
1.984307765960693359e-01
-8.886071443557739258e-01
-6.493120193481445312e-01
-1.519684195518493652e-01
-2.096188068389892578e-02
-7.184926271438598633e-01
7.033129930496215820e-01
-1.924222946166992188e+00
3.865122795104980469e-01
3.387278318405151367e-01
