4.612305164337158203e+00
-4.696633815765380859e-01
4.781980216503143311e-01
1.393253803253173828e-01
1.578214645385742188e+00
3.653724193572998047e+00
-5.168838500976562500e-01
1.803956270217895508e+00
-3.521054387092590332e-01
-8.821833133697509766e-02
-2.050478458404541016e+00
6.212342977523803711e-01
3.979841470718383789e+00
-9.894132614135742188e-02
-2.813365459442138672e-01
1.429390907287597656e-02
-1.330255270004272461e-01
4.884281158447265625e+00
1.395547866821289062e+00
-2.033018589019775391e+00
1.204029321670532227e-01
1.975654363632202148e+00
-2.258166074752807617e-01
-1.714658737182617188e+00
1.030641317367553711e+00
3.999814510345458984e+00
-9.459595680236816406e-01
6.311725378036499023e-01
-8.245167732238769531e-01
-5.803275108337402344e-02
-1.218450903892517090e+00
-9.209501147270202637e-01
2.464427232742309570e+00
-3.784392476081848145e-01
4.085620403289794922e+00
8.552451133728027344e-01
9.510123133659362793e-01
7.917720675468444824e-01
5.000000000000000000e+00
-5.302542448043823242e-01
6.848660111427307129e-02
2.596685886383056641e-01
-2.977716922760009766e-02
2.432572364807128906e+00
1.230789899826049805e+00
-2.017427206039428711e+00
1.404428601264953613e+00
1.552780866622924805e-01
1.829203367233276367e-01
7.731340527534484863e-01
-2.452480792999267578e-01
5.152958631515502930e-01
-2.045776605606079102e+00
7.961676120758056641e-01
-8.662427663803100586e-01
-1.724755764007568359e-02
2.273508906364440918e-02
1.538783431053161621e+00
-6.646584868431091309e-01
2.411520957946777344e+00
2.592987418174743652e-01
5.000000000000000000e+00
5.021876096725463867e-01
1.043942928314208984e+00
1.736763477325439453e+00
4.617853164672851562e+00
6.293191909790039062e-01
9.221929311752319336e-02
1.249418735504150391e+00
-7.477307319641113281e-02
-9.058670997619628906e-01
-6.493704319000244141e-01
1.188764214515686035e+00
4.029016017913818359e+00
-1.512691855430603027e+00
6.637461185455322266e-01
-4.183650314807891846e-01
1.217043399810791016e-02
1.148001074790954590e+00
4.082945823669433594e+00
3.020750045776367188e+00
-6.798096895217895508e-01
4.179483413696289062e+00
1.089096069335937500e-02
1.832839369773864746e+00
8.050600290298461914e-01
1.726696491241455078e-01
-2.626000642776489258e-01
1.704289078712463379e+00
8.585987091064453125e-01
4.580808162689208984e+00
-1.879018545150756836e+00
-5.402290225028991699e-01
-8.008228540420532227e-01
2.058384656906127930e+00
4.578670263290405273e-01
3.069898128509521484e+00
-1.094473451375961304e-01
5.584230422973632812e-01
-8.212369680404663086e-02
9.409965872764587402e-01
-2.430899143218994141e-01
3.255253732204437256e-01
-3.547753095626831055e-01
-9.832248687744140625e-01
-1.390181422233581543e+00
-2.297179400920867920e-01
1.247417926788330078e-02
5.609610080718994141e-01
2.053821682929992676e-01
8.816457986831665039e-01
-2.699906826019287109e+00
1.939650416374206543e+00
-6.352709531784057617e-01
1.426160216331481934e+00
3.727987766265869141e+00
1.006528854370117188e+00
1.679362297058105469e+00
-8.232903480529785156e-01
3.487383723258972168e-01
2.537254095077514648e-01
2.021579980850219727e+00
2.331985712051391602e+00
-2.953505516052246094e-02
-2.497196793556213379e-01
1.423029422760009766e+00
2.851342678070068359e+00
-1.204504013061523438e+00
-8.108775615692138672e-01
-2.732076048851013184e-01
3.144394874572753906e+00
-2.143840789794921875e-01
-2.742851972579956055e-01
-9.628812074661254883e-01
-2.880680561065673828e-01
-6.900342702865600586e-01
3.187620639801025391e-02
1.929429531097412109e+00
4.216847419738769531e-01
6.813435554504394531e-01
1.165825366973876953e+00
5.000000000000000000e+00
-1.490641236305236816e+00
-4.847871065139770508e-01
-1.012998700141906738e+00
-3.021138191223144531e+00
2.054665327072143555e+00
-4.769119024276733398e-01
5.889924168586730957e-01
1.206758916378021240e-01
-4.606459140777587891e-01
9.819804430007934570e-01
-1.433767080307006836e-01
9.091150760650634766e-02
7.845965623855590820e-01
2.018568992614746094e+00
3.938537836074829102e-02
3.988839387893676758e-01
1.524655103683471680e+00
5.486855506896972656e-01
-3.678334951400756836e-01
4.274049401283264160e-02
-6.491291522979736328e-01
5.772849321365356445e-01
3.762745857238769531e+00
5.765125751495361328e-01
2.023780345916748047e-02
1.444463253021240234e+00
-1.355878353118896484e+00
3.836062550544738770e-01
2.334349393844604492e+00
-4.832029342651367188e-01
6.716752052307128906e-02
6.313260197639465332e-01
2.568760871887207031e+00
-5.205512046813964844e-01
-7.230191230773925781e-01
5.000000000000000000e+00
-5.582314729690551758e-02
2.203097343444824219e-01
-2.079979896545410156e+00
2.124802112579345703e+00
-1.016322374343872070e-01
-9.339157938957214355e-01
9.054756164550781250e-02
6.372948288917541504e-01
8.447837829589843750e-02
5.000000000000000000e+00
4.089055061340332031e-01
2.826350212097167969e+00
1.209874153137207031e+00
3.599987268447875977e+00
8.605637550354003906e-01
1.423745274543762207e+00
5.684647560119628906e-01
1.671047210693359375e-01
1.654800534248352051e+00
2.825410842895507812e+00
1.772032499313354492e+00
3.978920459747314453e+00
5.482785701751708984e-01
1.443935990333557129e+00
7.938589453697204590e-01
-2.776587605476379395e-01
-5.577382445335388184e-01
4.906135559082031250e+00
4.640073776245117188e-01
4.622387886047363281e-01
-5.978378295898437500e+00
-1.444473862648010254e+00
1.639656186103820801e+00
9.818553924560546875e-01
1.716431498527526855e+00
2.454133033752441406e-01
3.986867666244506836e+00
-3.492143154144287109e-01
8.970761299133300781e-02
1.029719829559326172e+00
1.403545618057250977e+00
-9.768291115760803223e-01
5.689060688018798828e-02
-8.303642272949218750e-02
-4.885339736938476562e-02
-1.476344227790832520e+00
5.000000000000000000e+00
1.835632324218750000e-02
2.122303009033203125e+00
9.220957756042480469e-03
1.042139410972595215e+00
-1.006019115447998047e-01
3.632875204086303711e+00
1.102608084678649902e+00
2.343790054321289062e+00
-3.046751976013183594e+00
1.927762866020202637e+00
1.623872995376586914e+00
-8.165749907493591309e-01
2.473264336585998535e-01
1.904915094375610352e+00
1.414046645164489746e+00
3.916475296020507812e+00
5.500693917274475098e-01
8.741486072540283203e-02
-1.743244171142578125e+00
-1.307058334350585938e-01
4.260312080383300781e+00
1.010665893554687500e-01
4.494565010070800781e+00
3.759773015975952148e+00
1.314529657363891602e+00
3.859696865081787109e+00
4.290259838104248047e+00
3.658614158630371094e-01
7.082247734069824219e-01
6.729745864868164062e-02
1.162549734115600586e+00
2.984229326248168945e-01
-3.593242168426513672e-02
4.665633678436279297e+00
4.336941719055175781e+00
2.626510262489318848e-01
1.575257062911987305e+00
3.111134767532348633e-01
-3.345081806182861328e-01
-2.677232027053833008e-01
-2.298654794692993164e+00
1.684324383735656738e+00
5.000000000000000000e+00
2.594424486160278320e-01
1.523537635803222656e-01
2.151715755462646484e-01
-1.287101984024047852e+00
2.266243696212768555e-01
7.757208943367004395e-01
2.154135704040527344e-02
1.291757822036743164e-02
5.000000000000000000e+00
1.856274127960205078e+00
2.805531740188598633e+00
3.193136453628540039e-01
3.165325522422790527e-01
-5.749772787094116211e-01
-5.705206394195556641e-01
-8.869614601135253906e-01
-1.370000481605529785e+00
2.868321418762207031e+00
-1.438213884830474854e-01
5.438894629478454590e-01
-2.067822217941284180e-01
1.169592499732971191e+00
1.191930770874023438e+00
8.350393772125244141e-01
3.482587814331054688e+00
4.555403709411621094e+00
-1.870578646659851074e+00
-7.517879009246826172e-01
-4.023354649543762207e-01
2.394152164459228516e+00
2.540930271148681641e+00
2.107182264328002930e+00
1.236817240715026855e-01
-3.706990480422973633e-01
5.000000000000000000e+00
-7.107722759246826172e-02
2.585466861724853516e+00
1.560438156127929688e+00
1.110820055007934570e+00
5.249639153480529785e-01
-1.089214324951171875e+00
1.092550039291381836e+00
1.797248840332031250e+00
-1.653875827789306641e+00
5.000000000000000000e+00
4.525078535079956055e-01
2.078824043273925781e+00
6.403133869171142578e-01
-1.492085456848144531e-01
5.000000000000000000e+00
-5.253107070922851562e+00
-7.860217094421386719e-01
-6.956564784049987793e-01
-1.557171344757080078e-01
5.000000000000000000e+00
6.942667365074157715e-01
-2.011435508728027344e+00
1.422880887985229492e+00
3.913640975952148438e-03
4.306492328643798828e+00
-1.017303466796875000e-01
-2.329477071762084961e-01
-5.841431617736816406e-01
9.804761409759521484e-01
7.793617248535156250e-02
1.826176404953002930e+00
3.905809402465820312e+00
1.153600513935089111e-01
-2.933847904205322266e-01
2.401393651962280273e+00
3.814491033554077148e+00
4.084739685058593750e+00
-5.537518262863159180e-01
4.720546245574951172e+00
1.599235773086547852e+00
6.395161151885986328e-01
4.016057968139648438e+00
-6.706018447875976562e-01
3.832324504852294922e+00
8.912437558174133301e-01
-1.475734710693359375e+00
1.870005011558532715e+00
7.668793201446533203e-01
2.263112306594848633e+00
1.961351633071899414e-01
1.824537515640258789e+00
1.036260366439819336e+00
1.091036796569824219e+00
2.202013969421386719e+00
6.266832351684570312e-04
4.455268859863281250e+00
1.872905135154724121e+00
5.000000000000000000e+00
-9.965091347694396973e-01
5.000000000000000000e+00
3.257984519004821777e-01
1.339813470840454102e-01
1.160763502120971680e+00
4.450599670410156250e+00
-9.394836425781250000e-01
-1.119002342224121094e+00
4.466708183288574219e+00
3.424957752227783203e+00
2.512205541133880615e-01
-6.076288223266601562e-01
-3.644912242889404297e+00
3.597192764282226562e-01
3.389698266983032227e+00
7.816653251647949219e-01
1.291615009307861328e+00
-7.970591783523559570e-01
1.998336315155029297e-01
-6.153780817985534668e-01
4.240529537200927734e+00
1.001219153404235840e-01
-5.666502714157104492e-01
9.341920614242553711e-01
-8.205897808074951172e-01
-1.710486650466918945e+00
-1.632273912429809570e+00
5.000000000000000000e+00
-1.944508552551269531e-01
2.482341766357421875e+00
3.559510707855224609e+00
-2.471118927001953125e+00
-2.053544521331787109e-01
1.063507795333862305e+00
2.627205371856689453e+00
2.946806430816650391e+00
-1.327335953712463379e+00
3.762944340705871582e-01
-1.173779845237731934e+00
3.267281055450439453e+00
-1.522485494613647461e+00
2.480237483978271484e+00
-5.699379444122314453e-01
4.317040443420410156e-01
2.365754842758178711e-01
1.565860509872436523e-01
4.754609584808349609e+00
4.936558723449707031e+00
-6.619043350219726562e-01
-5.686762928962707520e-01
1.582262992858886719e+00
-5.494823455810546875e-01
1.018337011337280273e-01
4.389925003051757812e-01
1.235392093658447266e-01
1.810875535011291504e-01
8.534615635871887207e-01
1.397977709770202637e+00
-2.497571468353271484e+00
4.904064178466796875e+00
5.256373882293701172e-01
4.884792864322662354e-01
3.328812599182128906e+00
7.573008537292480469e-02
-4.156253814697265625e+00
-3.408545255661010742e-02
-1.207797050476074219e+00
1.792313456535339355e+00
3.216235876083374023e+00
5.453906059265136719e-01
-1.125502943992614746e+00
2.608133316040039062e+00
5.345305204391479492e-01
2.412493705749511719e+00
-1.148123025894165039e+00
4.563062191009521484e+00
6.812560558319091797e-02
3.159893035888671875e+00
9.508118629455566406e-01
1.825990915298461914e+00
5.000000000000000000e+00
1.695724725723266602e-01
1.934760212898254395e-01
2.109065532684326172e+00
2.335287332534790039e-01
4.146623611450195312e+00
1.912776947021484375e+00
3.897359609603881836e+00
1.847988128662109375e+00
3.822060823440551758e+00
8.710076808929443359e-01
-2.905981063842773438e+00
6.732782125473022461e-01
-9.876294732093811035e-01
4.903577566146850586e-01
1.781730055809020996e-01
-1.039211153984069824e-01
1.809917688369750977e+00
-1.003290534019470215e+00
4.499784946441650391e+00
-1.631271481513977051e+00
-1.646999120712280273e+00
1.469691991806030273e-01
4.642915725708007812e-02
-3.767678737640380859e-01
1.397711038589477539e+00
-1.635945558547973633e+00
-3.720432043075561523e+00
1.178369522094726562e-01
4.477636337280273438e+00
-6.779711246490478516e-01
-7.802029848098754883e-01
-1.093899965286254883e+00
-1.301319003105163574e-01
-4.073102176189422607e-01
-1.943222284317016602e-01
4.613165855407714844e+00
-8.934680223464965820e-01
-9.794574975967407227e-01
4.482221603393554688e-01
1.861854672431945801e+00
-1.963081002235412598e+00
5.000000000000000000e+00
-2.552759647369384766e-01
8.908445835113525391e-01
4.381492137908935547e+00
9.524459242820739746e-01
-8.840998411178588867e-01
-9.599578380584716797e-01
-8.593025207519531250e-01
5.000000000000000000e+00
7.205958366394042969e-01
-5.489559173583984375e-01
-1.468492269515991211e+00
5.462871193885803223e-01
1.050258278846740723e+00
9.487074017524719238e-01
1.225787401199340820e-01
4.271038055419921875e+00
1.276458859443664551e+00
1.750140190124511719e-01
2.393911838531494141e+00
-2.499248027801513672e+00
8.349897861480712891e-01
5.050814151763916016e-02
3.103112459182739258e+00
-1.651010274887084961e+00
1.365945219993591309e+00
3.138213634490966797e+00
-3.173545598983764648e+00
-3.467824459075927734e-01
5.000000000000000000e+00
5.673657059669494629e-01
3.223651170730590820e+00
5.000000000000000000e+00
-1.095534205436706543e+00
1.361228942871093750e+00
6.792351007461547852e-01
-7.517230510711669922e-01
-9.681291580200195312e-01
-8.115411400794982910e-01
7.605848908424377441e-01
1.494514942169189453e+00
-7.199645042419433594e-02
3.926425457000732422e+00
3.196537017822265625e+00
3.475661873817443848e-01
-1.943385601043701172e-02
9.903240203857421875e-02
6.094737052917480469e-01
5.000000000000000000e+00
1.849383115768432617e-01
3.780567169189453125e+00
5.000000000000000000e+00
5.000000000000000000e+00
1.162648200988769531e-02
-1.308128118515014648e+00
3.399300813674926758e+00
-4.565006494522094727e-01
5.000000000000000000e+00
2.090698480606079102e+00
-9.360688924789428711e-01
3.449081182479858398e-01
-4.688711166381835938e-01
2.412554979324340820e+00
1.675972938537597656e+00
2.317615747451782227e-01
3.779184103012084961e+00
2.622143983840942383e+00
7.084698677062988281e-01
-2.862887978553771973e-01
-1.875176429748535156e+00
-8.887944221496582031e-01
-6.272075176239013672e-01
-2.214649617671966553e-01
8.041326999664306641e-01
1.330850839614868164e+00
-2.690362930297851562e-01
9.493322372436523438e-01
3.502279520034790039e-01
2.222518682479858398e+00
-3.037669658660888672e-01
5.000000000000000000e+00
-7.931172847747802734e-01
1.121879816055297852e+00
-2.535529136657714844e-01
-1.116062402725219727e-01
-4.685395956039428711e-01
-2.055757045745849609e-01
-4.634332656860351562e-02
-1.477203726768493652e+00
6.084979772567749023e-01
5.000000000000000000e+00
5.000000000000000000e+00
-6.855289936065673828e-01
2.187202930450439453e+00
-4.834555387496948242e-01
2.990925312042236328e-01
9.325957298278808594e-02
5.157527923583984375e-01
8.350217342376708984e-02
-2.502443790435791016e-01
-7.236269712448120117e-01
-1.164017438888549805e+00
8.783102035522460938e-03
5.000000000000000000e+00
3.963571548461914062e+00
8.799985647201538086e-01
-2.930967807769775391e-01
1.400840282440185547e+00
2.805981397628784180e+00
4.917133450508117676e-01
2.816303730010986328e+00
3.661026239395141602e+00
-1.223691701889038086e+00
-7.084745764732360840e-01
-8.429386019706726074e-01
5.000000000000000000e+00
-2.686357498168945312e-01
4.023620128631591797e+00
8.688828945159912109e-01
2.382747650146484375e+00
3.743767261505126953e+00
3.586640357971191406e+00
3.462458252906799316e-01
4.915507137775421143e-01
4.415849685668945312e+00
5.479212403297424316e-01
-1.158529043197631836e+00
1.360127806663513184e+00
-1.915164351463317871e+00
2.602640628814697266e+00
7.740750312805175781e-01
5.457624197006225586e-01
4.298024177551269531e+00
-7.119363546371459961e-02
-1.052278995513916016e+00
-1.587766408920288086e-01
-7.186142206192016602e-01
-1.536982774734497070e+00
-9.901677966117858887e-01
2.775727033615112305e+00
-5.623158216476440430e-01
-7.532323598861694336e-01
3.796667098999023438e+00
4.064481735229492188e+00
-2.604486942291259766e-01
1.686149120330810547e+00
2.281007289886474609e+00
8.845638036727905273e-01
4.980263710021972656e-01
2.896943092346191406e-01
6.144903898239135742e-01
5.000000000000000000e+00
4.423035085201263428e-01
3.932345867156982422e+00
2.392903566360473633e-01
8.918137550354003906e-01
2.934933185577392578e+00
6.486527919769287109e-01
8.744476437568664551e-01
1.380459070205688477e-01
1.334571838378906250e-01
7.383161783218383789e-01
6.839535832405090332e-01
-1.406007885932922363e+00
-1.757969021797180176e+00
1.276074051856994629e+00
3.076767921447753906e-02
-3.540240526199340820e-01
-7.737135887145996094e-01
-1.847500205039978027e+00
-5.988619327545166016e-01
3.206103563308715820e+00
-5.798978805541992188e-01
3.350372314453125000e+00
2.964827060699462891e+00
-3.880054950714111328e-01
4.253568649291992188e+00
6.510169506072998047e-01
3.203780651092529297e-01
3.496050119400024414e+00
1.166203379631042480e+00
-7.184624671936035156e-02
1.771631240844726562e-01
-1.734867453575134277e+00
-5.115231275558471680e-01
-7.390589118003845215e-01
1.417804956436157227e+00
-3.254663944244384766e-01
2.124128341674804688e-01
5.000000000000000000e+00
7.087501883506774902e-01
2.503801822662353516e+00
2.671963453292846680e+00
4.476711273193359375e+00
3.207662701606750488e-01
1.225437641143798828e+00
-1.048044800758361816e+00
-1.940588355064392090e-01
2.388469696044921875e+00
4.364498138427734375e+00
5.000000000000000000e+00
3.138995170593261719e-01
3.731197595596313477e+00
3.732657432556152344e-02
3.826555252075195312e+00
9.906789064407348633e-01
1.042730212211608887e-01
-1.095242857933044434e+00
7.218502759933471680e-01
3.490085124969482422e+00
1.972473740577697754e+00
6.869998574256896973e-01
1.526421785354614258e+00
2.022327661514282227e+00
-5.935220718383789062e-01
2.412850379943847656e+00
-1.477106928825378418e+00
6.138100624084472656e-01
-6.477475166320800781e-02
1.801498413085937500e+00
-4.577142000198364258e-02
6.936045885086059570e-01
4.417122840881347656e+00
-8.082120418548583984e-01
-3.742504119873046875e-01
1.124364376068115234e+00
-8.365056514739990234e-01
-6.016225814819335938e-01
6.036736369132995605e-01
1.730972290039062500e+00
3.959679603576660156e+00
-6.794023513793945312e-02
-3.332656621932983398e-01
-6.744155883789062500e-01
1.480286568403244019e-01
-1.150195598602294922e-01
7.898421287536621094e-01
-1.428712010383605957e+00
-2.052221298217773438e+00
-5.297728776931762695e-01
1.146909117698669434e+00
-2.176927924156188965e-01
4.611957550048828125e+00
1.483375787734985352e+00
4.512116432189941406e+00
2.114006280899047852e-01
4.813529491424560547e+00
1.955455899238586426e+00
4.814132213592529297e+00
2.174979448318481445e-01
-9.737564325332641602e-01
2.796947479248046875e+00
3.641048669815063477e-01
-4.429028034210205078e-01
-1.121252775192260742e-01
9.296463727951049805e-01
-1.016326546669006348e+00
-2.220799446105957031e+00
1.882601976394653320e-01
2.178962230682373047e-01
-1.805070996284484863e+00
-3.645943403244018555e-01
2.002596378326416016e+00
4.509387016296386719e+00
1.477769613265991211e-01
-5.119442939758300781e-02
2.021579265594482422e+00
-1.284375786781311035e-01
1.038743257522583008e+00
1.503368020057678223e+00
1.106755137443542480e+00
-1.713812470436096191e+00
2.952458858489990234e-01
4.402145385742187500e+00
2.532388210296630859e+00
9.384155273437500000e-04
6.797926425933837891e-01
7.534235715866088867e-01
6.557413339614868164e-01
4.643976688385009766e-01
1.449290513992309570e-01
-2.155628204345703125e-01
3.806918859481811523e-01
-7.271442413330078125e-01
-3.044545650482177734e-02
-8.839116096496582031e-01
5.605124235153198242e-01
2.151635646820068359e+00
-1.123803734779357910e+00
2.086062192916870117e+00
3.717527627944946289e+00
2.156050205230712891e-01
1.885021090507507324e+00
2.518854856491088867e+00
6.741808652877807617e-01
1.602226972579956055e+00
-2.859512805938720703e+00
-7.213628292083740234e-02
-3.266390562057495117e-01
3.021209239959716797e-01
1.449003815650939941e+00
9.650732874870300293e-01
-4.914901256561279297e-01
2.632427215576171875e-02
-1.328133940696716309e+00
-4.626011848449707031e-01
-1.517146110534667969e+00
-7.293346524238586426e-01
-5.307901501655578613e-01
7.911753654479980469e-01
-1.265718221664428711e+00
1.745713949203491211e+00
-4.456911087036132812e-01
5.733792185783386230e-01
2.193707227706909180e-02
2.814932465553283691e-01
5.275115966796875000e-01
-1.162547945976257324e+00
3.542393207550048828e+00
-1.199709057807922363e+00
1.434055566787719727e-01
-1.314240574836730957e+00
-3.490089178085327148e-01
2.129949092864990234e+00
-3.394197225570678711e-01
1.662851810455322266e+00
3.387337684631347656e+00
2.496267557144165039e-01
-1.565117239952087402e-01
4.249485969543457031e+00
5.146096944808959961e-01
8.077323436737060547e-02
-1.360470652580261230e-01
5.050383806228637695e-01
-7.330251336097717285e-01
9.693697690963745117e-01
1.527070879936218262e+00
3.200452327728271484e+00
-1.111605167388916016e-01
-1.136818051338195801e+00
1.817628264427185059e+00
2.297369718551635742e+00
4.997228145599365234e+00
-7.279899120330810547e-01
5.000000000000000000e+00
4.768093585968017578e+00
-2.757828712463378906e+00
2.358813762664794922e+00
5.000000000000000000e+00
-5.837204456329345703e-01
3.461623191833496094e-02
6.193065643310546875e-02
5.196616649627685547e-01
2.369968444108963013e-01
-1.306432485580444336e-01
7.636818885803222656e-01
-1.088957786560058594e+00
-8.908500671386718750e-01
-1.334602832794189453e-01
2.158946514129638672e+00
1.823883056640625000e-01
1.202037811279296875e+00
-1.946673154830932617e+00
-1.324057579040527344e-01
-3.818017840385437012e-01
4.247785091400146484e+00
-3.665719032287597656e-01
2.311606645584106445e+00
-7.287739753723144531e+00
5.769365429878234863e-01
-4.705100953578948975e-01
-1.527110338211059570e-01
-7.814242839813232422e-01
3.844159245491027832e-01
1.347903490066528320e+00
3.021061897277832031e+00
1.118963956832885742e-01
2.156591415405273438e-02
1.373098969459533691e+00
3.407762765884399414e+00
-7.156592607498168945e-01
2.754389047622680664e-01
-7.751178741455078125e-02
1.618762850761413574e+00
1.223878264427185059e-01
4.473421096801757812e+00
1.349743723869323730e+00
-3.149563074111938477e-01
4.778122901916503906e+00
1.513954997062683105e+00
4.158483028411865234e+00
1.483645200729370117e+00
-3.921031951904296875e-02
2.273270368576049805e+00
-6.884058713912963867e-01
5.000000000000000000e+00
1.222973942756652832e+00
1.744500637054443359e+00
-6.215858459472656250e-02
1.538930535316467285e+00
-1.528722763061523438e+00
-2.334777116775512695e-01
1.892787218093872070e-01
5.334201455116271973e-01
4.791773557662963867e-01
4.362170219421386719e+00
4.540147781372070312e-01
3.181902408599853516e+00
1.551645517349243164e+00
-1.686683058738708496e+00
-7.420301437377929688e-02
2.272139787673950195e-01
4.266925334930419922e+00
-9.735901355743408203e-01
4.826381206512451172e-01
-2.813751697540283203e-01
6.420918703079223633e-01
1.396212339401245117e+00
1.030628085136413574e+00
1.074689149856567383e+00
-3.522717952728271484e-02
1.435123682022094727e-01
-3.172703385353088379e-01
7.168129682540893555e-01
5.000000000000000000e+00
2.245046377182006836e+00
5.685638189315795898e-01
