-7.088952064514160156e-01
1.866452693939208984e-01
3.936630487442016602e-01
4.637424468994140625e+00
2.034579753875732422e+00
9.695633053779602051e-01
1.030073404312133789e+00
1.740973472595214844e+00
4.033352136611938477e-01
6.807078123092651367e-01
5.753684043884277344e-01
2.040092349052429199e-01
-7.475054264068603516e-02
6.516193151473999023e-01
-1.796925067901611328e-02
1.383615851402282715e+00
4.373047351837158203e+00
4.319059848785400391e-01
1.117574572563171387e+00
8.298130631446838379e-01
-9.561548829078674316e-01
5.000000000000000000e+00
-5.853046178817749023e-01
1.332799196243286133e-01
-2.036376953125000000e+00
4.701998829841613770e-01
-6.628262996673583984e-02
1.896084547042846680e-01
-6.900107860565185547e-02
5.957731008529663086e-01
-2.915097475051879883e-01
-1.633215308189392090e+00
-1.850645542144775391e-01
8.299195766448974609e-02
3.319983482360839844e-01
5.628194808959960938e-01
3.355140089988708496e-01
-3.253625392913818359e+00
1.129875183105468750e-01
-5.833402872085571289e-01
2.433994054794311523e+00
1.668214797973632812e-02
1.351333856582641602e-01
7.921066284179687500e-01
6.179503202438354492e-01
3.399648666381835938e-01
-1.931226253509521484e-02
-3.197202682495117188e-01
2.256384491920471191e-01
-1.805186271667480469e-02
-2.985709905624389648e-02
1.450661659240722656e+00
3.273246288299560547e-01
1.108362674713134766e-01
-1.822449564933776855e-01
5.833711028099060059e-01
-5.032510757446289062e-01
-5.874025821685791016e-01
-4.342579841613769531e-02
3.366731643676757812e+00
1.331236958503723145e+00
2.153177976608276367e+00
9.192246198654174805e-01
1.087287425994873047e+00
-6.718447208404541016e-01
-9.484416842460632324e-01
3.212093114852905273e-01
5.415503978729248047e-01
2.255787849426269531e-01
1.403211355209350586e-01
1.685611963272094727e+00
1.566764354705810547e+00
1.160244345664978027e-01
2.038367986679077148e-01
5.109369754791259766e-02
-1.439575791358947754e+00
4.328045845031738281e+00
1.175570487976074219e-02
6.679034233093261719e-02
1.313864231109619141e+00
8.886725902557373047e-01
-2.869206666946411133e-01
5.000000000000000000e+00
-4.223272502422332764e-01
-2.879899024963378906e+00
1.962267994880676270e+00
5.000000000000000000e+00
3.199365437030792236e-01
3.946559190750122070e+00
6.071618795394897461e-01
-6.456254720687866211e-01
1.788852214813232422e-01
1.552066206932067871e+00
-2.626547574996948242e+00
5.000000000000000000e+00
7.227106094360351562e-01
1.605931997299194336e+00
-4.394683837890625000e-01
5.987670421600341797e-01
1.925597786903381348e-01
4.591591656208038330e-01
-2.494425058364868164e+00
8.597642183303833008e-02
-3.270118236541748047e-01
4.397234320640563965e-01
7.415677905082702637e-01
-1.301237583160400391e+00
1.416967868804931641e+00
2.461821556091308594e+00
3.687559664249420166e-01
-2.347277402877807617e-01
-2.879734039306640625e-01
-5.567808151245117188e-01
2.111469507217407227e-01
2.620013236999511719e+00
-4.176950454711914062e-02
3.321133852005004883e+00
5.000000000000000000e+00
4.919016361236572266e+00
-2.126383781433105469e-01
7.793567776679992676e-01
-5.124713182449340820e-01
3.793686628341674805e+00
1.159096837043762207e+00
3.800701498985290527e-01
5.174626708030700684e-01
-2.030075788497924805e-01
6.572016477584838867e-01
-1.332687139511108398e+00
1.080161571502685547e+00
-3.128699064254760742e-01
7.860521078109741211e-01
1.951413273811340332e+00
-3.258442878723144531e-02
5.000000000000000000e+00
-3.785234689712524414e-02
2.746289968490600586e-01
-4.856433272361755371e-01
-5.036251544952392578e-01
1.288698673248291016e+00
1.946640968322753906e+00
-2.760629653930664062e+00
5.000000000000000000e+00
3.050460815429687500e+00
1.870659351348876953e+00
-1.784734964370727539e+00
4.980049431324005127e-01
1.926264762878417969e-01
1.437262892723083496e-01
-3.894058465957641602e-01
-3.410966396331787109e-01
-1.488730430603027344e+00
1.406848549842834473e+00
3.234282732009887695e-01
8.419031500816345215e-01
-7.479846477508544922e-01
-1.200774908065795898e+00
4.986859560012817383e-01
-3.147332668304443359e-01
-9.085639715194702148e-01
1.206332325935363770e+00
-2.439455091953277588e-01
-2.613002061843872070e-01
1.174580812454223633e+00
-1.740207672119140625e-01
-1.255449414253234863e+00
5.518976449966430664e-01
-1.349868416786193848e+00
8.990931510925292969e-02
2.986690998077392578e-01
-1.031546592712402344e+00
2.068575620651245117e-01
2.835481166839599609e-01
4.166889190673828125e+00
-7.686994075775146484e-01
1.065550804138183594e+00
-1.497985720634460449e+00
-5.574631690979003906e-02
8.139753341674804688e-01
-8.645106554031372070e-01
2.435674667358398438e-01
5.000000000000000000e+00
5.741959810256958008e-01
5.000000000000000000e+00
-2.877608537673950195e-01
-2.678111791610717773e-01
-5.605176687240600586e-01
-6.513161659240722656e-01
-2.855654954910278320e-01
1.410774946212768555e+00
1.155653953552246094e+00
-4.680619239807128906e-01
1.465800762176513672e+00
-1.356304883956909180e+00
1.251936316490173340e+00
1.859810352325439453e+00
2.276697158813476562e+00
1.176633119583129883e+00
-2.168992280960083008e+00
1.523160219192504883e+00
-2.378587961196899414e+00
-3.012871444225311279e-01
-1.823622941970825195e+00
4.308251380920410156e+00
2.993246316909790039e-01
7.055902481079101562e-02
4.902998208999633789e-01
4.473147392272949219e-01
1.786546945571899414e+00
3.677412033081054688e+00
5.829638242721557617e-02
4.256542682647705078e+00
3.380174636840820312e-01
7.608246803283691406e-02
1.530202984809875488e+00
5.000000000000000000e+00
8.783697485923767090e-01
-5.396814346313476562e-01
2.150005340576171875e+00
4.680197238922119141e-01
9.492112398147583008e-01
2.165008783340454102e-01
-2.900934219360351562e-02
3.700703144073486328e+00
-4.595951437950134277e-01
9.960625171661376953e-01
3.619874954223632812e+00
6.660299301147460938e-01
5.000000000000000000e+00
5.000000000000000000e+00
4.935047030448913574e-01
-3.235931992530822754e-01
3.056026458740234375e+00
1.226342916488647461e-01
4.968195915222167969e+00
1.571960926055908203e+00
-1.092556834220886230e+00
3.190259039402008057e-01
1.569190621376037598e-01
-2.202013731002807617e+00
-9.005382061004638672e-01
-1.671173572540283203e-01
-1.054466247558593750e+00
-9.869247674942016602e-02
-7.086801528930664062e-02
-2.359958589076995850e-01
-1.135823488235473633e+00
1.968251466751098633e-01
-8.302354812622070312e-02
5.878421068191528320e-01
3.307232856750488281e-01
4.738382995128631592e-02
1.491755008697509766e+00
-1.463562846183776855e-01
1.389395833015441895e+00
3.523760318756103516e+00
-7.089564800262451172e-01
5.000000000000000000e+00
4.413955211639404297e+00
-2.246867656707763672e+00
-1.132684350013732910e+00
-5.723263621330261230e-01
-2.654217481613159180e-01
5.000000000000000000e+00
-2.965517044067382812e-01
-6.589936614036560059e-01
-2.065642833709716797e+00
1.878500223159790039e+00
2.721267223358154297e+00
5.008872747421264648e-01
8.033680915832519531e-02
-6.002522706985473633e-01
-1.547276616096496582e+00
1.380555272102355957e+00
1.441006302833557129e+00
7.137417793273925781e-03
2.637197971343994141e+00
-9.960561990737915039e-02
-1.708019971847534180e-01
-3.337049484252929688e-02
1.380306839942932129e+00
3.822072982788085938e+00
-9.890638589859008789e-01
7.150363922119140625e-02
1.341730713844299316e+00
9.442716836929321289e-01
-1.503536701202392578e-01
3.610351085662841797e-01
3.381159782409667969e+00
7.712088823318481445e-01
1.925228834152221680e+00
4.029392242431640625e+00
3.415036201477050781e-01
1.440181732177734375e+00
1.987585902214050293e+00
4.558146476745605469e+00
-1.933524608612060547e-01
-1.530414819717407227e-01
-3.351122140884399414e-01
1.365457177162170410e+00
2.253728389739990234e+00
7.945222854614257812e-01
-5.476062297821044922e-01
1.047691106796264648e+00
-1.414116144180297852e+00
-1.260899305343627930e+00
1.362950563430786133e+00
9.404923319816589355e-01
8.475158214569091797e-01
-8.350052833557128906e-01
3.492442131042480469e+00
-2.636390924453735352e-01
1.475550413131713867e+00
-1.846877336502075195e-01
-1.442909240722656250e-02
-6.389043331146240234e-01
2.229762554168701172e+00
8.159470558166503906e-02
1.706006169319152832e+00
3.401901245117187500e+00
1.821486115455627441e+00
1.455829739570617676e+00
5.679740309715270996e-01
-6.738766431808471680e-01
4.647607803344726562e-01
6.727683544158935547e-02
2.965810298919677734e+00
1.342963457107543945e+00
-9.385789632797241211e-01
2.115563154220581055e+00
-1.181341171264648438e+00
-1.556632995605468750e+00
1.330016851425170898e+00
1.781710267066955566e+00
4.927856922149658203e-01
1.760403037071228027e+00
1.951540231704711914e+00
-1.024990677833557129e+00
3.194043040275573730e-01
1.313790082931518555e-01
-6.908156871795654297e-01
2.150890827178955078e+00
2.265230894088745117e+00
-3.675118684768676758e-01
-7.227562665939331055e-01
-8.469443321228027344e-01
5.000000000000000000e+00
-6.092371940612792969e-01
3.479600906372070312e+00
-1.039124131202697754e+00
5.332152843475341797e-01
1.582005500793457031e+00
6.880519390106201172e-01
3.951031684875488281e+00
-1.518694877624511719e+00
2.457156181335449219e-01
7.833501696586608887e-01
1.852403879165649414e-01
2.046163320541381836e+00
3.742098093032836914e+00
2.880193471908569336e+00
-5.184658765792846680e-01
9.961296319961547852e-01
1.341502666473388672e+00
1.638428092002868652e+00
2.487380504608154297e-01
5.000000000000000000e+00
4.134441375732421875e+00
4.162670373916625977e-01
-1.628183364868164062e+00
5.000000000000000000e+00
-4.025482535362243652e-01
-8.995215892791748047e-01
-1.003082752227783203e+00
4.483622908592224121e-01
8.516466617584228516e-02
2.472006797790527344e+00
-4.497003555297851562e-01
5.000000000000000000e+00
3.732581138610839844e-01
1.284457206726074219e+00
9.856338500976562500e-01
-5.846965909004211426e-01
1.920990347862243652e+00
9.051759243011474609e-01
5.979180335998535156e-03
7.966032624244689941e-02
-1.751419186592102051e+00
-3.613554239273071289e-01
5.000000000000000000e+00
2.319283962249755859e+00
-4.128718376159667969e-02
1.346759676933288574e+00
-1.737278699874877930e+00
-7.319808006286621094e-01
4.216068744659423828e+00
3.736939430236816406e+00
1.414855957031250000e+00
8.490798473358154297e-01
3.839985847473144531e+00
-1.283684372901916504e-01
4.295169830322265625e+00
3.398401737213134766e+00
3.982306480407714844e+00
1.263158082962036133e+00
1.357059240341186523e+00
2.961898326873779297e+00
1.339445829391479492e+00
1.128726601600646973e-01
-9.761994481086730957e-01
2.345452308654785156e+00
-3.913710117340087891e-01
2.854852676391601562e-01
9.929292798042297363e-01
-7.203387022018432617e-01
3.948836803436279297e+00
-1.852065324783325195e-03
9.250426292419433594e-02
9.403533935546875000e-01
-1.617741346359252930e+00
-4.723820686340332031e-01
1.630672931671142578e+00
5.314265489578247070e-01
-7.378140687942504883e-01
1.682881951332092285e+00
8.550047874450683594e-02
4.017238616943359375e-01
1.283908724784851074e+00
4.121111631393432617e-01
1.384590268135070801e+00
-4.337881803512573242e-01
5.265448093414306641e-01
-3.193541526794433594e+00
6.788837909698486328e-02
2.255561113357543945e+00
1.274986267089843750e-01
6.805133819580078125e-02
6.497026681900024414e-01
2.538641691207885742e-01
6.551200151443481445e-01
1.008698701858520508e+00
1.003770828247070312e+00
1.866583108901977539e+00
1.812775254249572754e+00
-4.329241752624511719e+00
7.725072503089904785e-01
-1.293438792228698730e+00
-7.129086256027221680e-01
3.797602653503417969e-01
1.023258566856384277e+00
-9.238386154174804688e-02
3.162297010421752930e-01
1.704181313514709473e+00
-1.452873706817626953e+00
-1.625204324722290039e+00
5.684479475021362305e-01
8.422099947929382324e-01
-2.590820312500000000e+00
-5.352525711059570312e-01
4.760888099670410156e+00
-8.330136537551879883e-01
2.996377944946289062e+00
2.186825275421142578e+00
1.037389278411865234e+00
8.740514516830444336e-01
-3.324111700057983398e-01
1.580433845520019531e-01
-5.272668004035949707e-01
-3.949295282363891602e-01
6.464950442314147949e-01
4.474503993988037109e+00
-4.265129566192626953e-01
8.769727349281311035e-01
-4.023569822311401367e-01
-6.230057477951049805e-01
1.329566240310668945e-01
1.068949818611145020e+00
4.197820186614990234e+00
1.451319932937622070e+00
-2.405800819396972656e-01
2.038814783096313477e+00
2.512004375457763672e+00
-4.104506969451904297e-01
1.422448873519897461e+00
2.366129875183105469e+00
6.636875867843627930e-01
-1.232663989067077637e+00
5.000000000000000000e+00
2.784253358840942383e-01
-7.120238542556762695e-01
4.014172077178955078e+00
-9.169654846191406250e-01
9.185793399810791016e-01
5.000000000000000000e+00
1.813188791275024414e-01
1.926004052162170410e+00
-3.086490035057067871e-01
7.430537939071655273e-01
-8.856100440025329590e-01
1.537978649139404297e-01
4.380610466003417969e+00
5.000000000000000000e+00
-6.076117753982543945e-01
2.542322397232055664e+00
4.417303562164306641e+00
7.069823741912841797e-01
5.000000000000000000e+00
4.278383255004882812e-01
4.993838071823120117e-02
1.900082826614379883e-01
8.827918171882629395e-01
-5.961323976516723633e-01
4.045257568359375000e+00
1.271282792091369629e+00
-1.743134021759033203e+00
1.047298192977905273e+00
2.598361968994140625e-01
2.353681802749633789e+00
-1.148891925811767578e+00
5.989819169044494629e-01
1.746239304542541504e+00
-7.606768608093261719e-02
1.844568848609924316e-01
7.440695762634277344e-01
5.024082660675048828e-01
1.712833166122436523e+00
-1.673925280570983887e+00
4.807965755462646484e+00
-1.787431240081787109e-01
4.744869709014892578e+00
9.638209342956542969e-01
4.764413833618164062e-02
-2.409799098968505859e-01
-1.845092773437500000e-01
-4.288821220397949219e-01
-9.305882453918457031e-02
2.711278676986694336e+00
1.348203063011169434e+00
-1.209215044975280762e+00
3.985596656799316406e+00
4.364268302917480469e+00
8.842887878417968750e-01
3.443297147750854492e-01
1.107455372810363770e+00
8.279695510864257812e-01
8.474862575531005859e-02
1.068483352661132812e+00
3.999330520629882812e+00
7.364081740379333496e-01
1.457477688789367676e+00
8.287342190742492676e-01
8.643934130668640137e-01
6.589684486389160156e-01
-6.261619329452514648e-01
-7.026957988739013672e+00
9.091550111770629883e-02
-3.605043888092041016e-02
9.576382040977478027e-01
-6.940334439277648926e-01
7.275361418724060059e-01
-1.250942945480346680e-01
6.358261704444885254e-01
1.791801571846008301e+00
-2.712211608886718750e-01
-4.522401094436645508e-02
2.070173740386962891e+00
-5.165998935699462891e-01
8.629680871963500977e-01
-4.122169613838195801e-01
2.883269786834716797e+00
-2.520774006843566895e-01
2.176172971725463867e+00
1.860010147094726562e+00
5.142724514007568359e-01
1.564946174621582031e+00
4.903689861297607422e+00
-1.313696265220642090e+00
1.591996431350708008e+00
-1.306304812431335449e+00
1.446905136108398438e+00
-4.969823360443115234e-02
-1.502313852310180664e+00
5.204272270202636719e-02
9.945170879364013672e-01
3.732684373855590820e+00
1.278280615806579590e+00
1.818986773490905762e+00
6.509348154067993164e-01
-3.538131713867187500e-02
-1.475897431373596191e-01
5.627796649932861328e-01
9.356175661087036133e-01
-4.521678090095520020e-01
2.160008907318115234e+00
2.474764108657836914e+00
3.134012222290039062e-02
3.680300712585449219e-02
4.721846580505371094e+00
-5.418022155761718750e+00
-1.111195445060729980e+00
-1.276043176651000977e+00
-8.053153753280639648e-01
3.147589206695556641e+00
-3.559446930885314941e-01
4.464353322982788086e-01
6.478481292724609375e-01
2.648062229156494141e+00
-6.087392568588256836e-01
-1.231466293334960938e+00
5.755848884582519531e-01
1.217748641967773438e+00
1.492493152618408203e-01
9.769671559333801270e-01
-6.838775277137756348e-01
1.727578163146972656e+00
-1.386824369430541992e+00
-1.399828672409057617e+00
4.893498420715332031e+00
-5.769001245498657227e-01
3.789708614349365234e-01
6.240703463554382324e-01
3.108271360397338867e+00
-1.546266198158264160e+00
4.738146662712097168e-01
3.482033252716064453e+00
2.415561676025390625e-02
8.003718256950378418e-01
-5.694556236267089844e-02
4.763419628143310547e-01
3.899102687835693359e+00
-1.057202577590942383e+00
1.985295653343200684e+00
4.215472221374511719e+00
9.644343852996826172e-01
8.238651752471923828e-01
2.895582914352416992e+00
2.841329574584960938e-02
9.043399095535278320e-01
-9.005787968635559082e-02
8.652454018592834473e-01
1.404868245124816895e+00
2.061986923217773438e-01
5.000000000000000000e+00
-1.140024662017822266e-01
-5.255289077758789062e-01
1.253532171249389648e-01
2.644457578659057617e+00
2.617716789245605469e-01
-7.285142540931701660e-01
4.873886108398437500e-01
-4.495842456817626953e-01
-4.253709912300109863e-01
-1.025937080383300781e+00
9.160142540931701660e-01
1.008084535598754883e+00
3.710128068923950195e-01
1.869672656059265137e+00
1.692626357078552246e+00
1.640199780464172363e+00
-3.360023498535156250e-01
9.882261753082275391e-01
1.492363214492797852e+00
3.321338891983032227e-01
3.692392110824584961e+00
4.967168331146240234e+00
-1.708495259284973145e+00
1.682642817497253418e+00
-5.655462145805358887e-01
5.000000000000000000e+00
4.914017319679260254e-01
3.988525390625000000e+00
1.079803943634033203e+00
5.967677235603332520e-01
-1.395153522491455078e+00
9.012078642845153809e-01
9.544886350631713867e-01
-4.555839300155639648e-01
3.028601884841918945e+00
-6.112428307533264160e-01
-7.490434050559997559e-01
4.637793540954589844e+00
6.972779631614685059e-01
9.793478250503540039e-01
4.941828727722167969e+00
4.351410865783691406e+00
2.914952039718627930e+00
1.505667567253112793e+00
7.820239663124084473e-01
4.940021634101867676e-01
2.997835159301757812e+00
1.399479269981384277e+00
3.157809972763061523e-01
-3.390470027923583984e+00
1.254226207733154297e+00
3.515678882598876953e+00
-3.389742374420166016e-01
1.776390075683593750e-01
4.778415203094482422e+00
1.163431882858276367e+00
6.713628768920898438e-02
-6.708673238754272461e-01
6.761835813522338867e-01
2.883232831954956055e+00
1.227173566818237305e+00
-1.700944900512695312e-01
4.073142707347869873e-01
5.000000000000000000e+00
-2.118953466415405273e-01
1.481129884719848633e+00
-9.080367088317871094e-01
-2.462756633758544922e-01
1.729278683662414551e+00
3.875871896743774414e+00
1.129138946533203125e+00
1.015129446983337402e+00
3.150606751441955566e-01
9.358134865760803223e-01
3.790603876113891602e-01
9.059585332870483398e-01
3.413807868957519531e+00
-1.009771585464477539e+00
-1.419916510581970215e+00
-4.531906843185424805e-01
1.105407476425170898e-01
1.100319623947143555e-01
9.669672846794128418e-01
3.368778228759765625e-01
4.838495254516601562e-01
8.015810251235961914e-01
-3.970310688018798828e-01
3.583589553833007812e+00
6.790521144866943359e-01
-1.796569824218750000e-01
6.816974878311157227e-01
-5.651091933250427246e-01
-2.510486841201782227e-01
5.000000000000000000e+00
-3.255900144577026367e-01
2.539053678512573242e+00
4.716272830963134766e+00
7.459640502929687500e-03
-1.733925342559814453e-01
1.500539779663085938e-01
-1.435606479644775391e-01
-3.531724512577056885e-01
3.021011948585510254e-01
-3.033516407012939453e-01
5.198906660079956055e-01
-1.487588882446289062e+00
-1.328157186508178711e+00
-2.557829618453979492e-01
1.088587045669555664e-01
1.275293111801147461e+00
9.124830365180969238e-02
5.000000000000000000e+00
7.248403429985046387e-01
4.606932401657104492e-02
3.206015825271606445e-01
4.004429340362548828e+00
-6.259131431579589844e-01
1.870494842529296875e+00
-4.454050064086914062e-01
7.559707164764404297e-01
-9.365320205688476562e-02
1.567637920379638672e-02
1.008231878280639648e+00
-5.844953060150146484e-01
2.564121246337890625e+00
1.710588097572326660e+00
3.994156837463378906e+00
6.808044314384460449e-01
5.562818050384521484e-02
6.964660882949829102e-01
3.477190136909484863e-01
-2.997102141380310059e-01
-6.754057407379150391e-01
3.500406444072723389e-01
4.397192001342773438e-01
1.714922070503234863e+00
1.294847011566162109e+00
4.535993933677673340e-02
4.572755098342895508e-01
-7.300463914871215820e-01
-9.687631130218505859e-01
1.429915428161621094e-01
9.116582870483398438e-01
8.041140437126159668e-01
-8.612158298492431641e-01
5.046829581260681152e-01
1.535668373107910156e-01
1.077330589294433594e+00
-1.253926038742065430e+00
2.414612770080566406e-01
8.372277021408081055e-01
2.559396505355834961e+00
7.584779262542724609e-01
-8.991198539733886719e-01
2.392445325851440430e+00
-3.450826406478881836e-01
-4.675232172012329102e-01
1.676753759384155273e-01
-7.119188308715820312e-01
2.241291284561157227e+00
-7.018626928329467773e-01
1.371725797653198242e-01
6.767414212226867676e-01
1.007382035255432129e+00
7.184581756591796875e-01
-8.430838584899902344e-02
4.793490409851074219e+00
1.359281063079833984e+00
2.775541782379150391e+00
4.021394252777099609e-02
-1.353945732116699219e+00
1.701985359191894531e+00
4.046858310699462891e+00
-9.574925303459167480e-01
3.852339982986450195e-01
5.000000000000000000e+00
4.999873042106628418e-02
-1.201581239700317383e+00
4.122723579406738281e+00
1.573675036430358887e+00
3.576469421386718750e-02
1.005731582641601562e+00
-2.711638927459716797e+00
1.823421716690063477e+00
5.000000000000000000e+00
3.539601564407348633e-01
3.782334566116333008e+00
4.609359800815582275e-01
4.962661266326904297e+00
3.849660396575927734e+00
-7.085579633712768555e-02
-8.569830656051635742e-01
2.541751861572265625e-01
-5.031794309616088867e-01
-1.883946418762207031e+00
-7.041814923286437988e-02
-1.461503267288208008e+00
-1.857333183288574219e-01
9.663894772529602051e-01
-2.225261926651000977e+00
-7.298007011413574219e-01
2.330579757690429688e-01
-5.497276782989501953e-02
3.693211078643798828e-01
4.844148635864257812e+00
6.909215450286865234e-01
-2.216932773590087891e-01
8.459732532501220703e-01
-1.711841583251953125e+00
-3.013342618942260742e-02
1.426029205322265625e+00
-2.912374734878540039e-01
6.913875937461853027e-01
4.255913496017456055e-01
1.880274415016174316e+00
-5.109155178070068359e-02
-2.975457310676574707e-01
4.219199180603027344e+00
-9.015471935272216797e-01
2.378798723220825195e-01
-1.990783929824829102e+00
4.039644241333007812e+00
4.004087448120117188e-01
-6.260361671447753906e-01
5.817713737487792969e-01
-6.745527982711791992e-01
-9.961649179458618164e-01
2.119071245193481445e+00
2.089720487594604492e+00
8.163738846778869629e-01
2.159347772598266602e+00
-5.579349398612976074e-01
1.168721795082092285e+00
1.318581342697143555e+00
4.034767150878906250e-01
4.625943899154663086e-01
-1.055107951164245605e+00
-2.470580339431762695e-01
1.104272842407226562e+00
6.293230056762695312e-01
3.237447738647460938e-01
4.952700436115264893e-01
2.591628074645996094e+00
-6.238743662834167480e-01
9.423152208328247070e-01
1.817812919616699219e+00
4.312028884887695312e-01
-1.265481829643249512e+00
4.222243309020996094e+00
2.664753437042236328e+00
1.752037048339843750e+00
-1.556896924972534180e+00
3.570574522018432617e-01
4.238514900207519531e-01
2.022732496261596680e+00
-5.863728523254394531e-01
4.245334625244140625e+00
-6.691993474960327148e-01
3.499503731727600098e-01
5.000000000000000000e+00
9.956996440887451172e-01
5.000000000000000000e+00
-3.675370514392852783e-01
5.000000000000000000e+00
3.193634748458862305e-01
-1.028623580932617188e-01
-3.645257949829101562e-01
