8.770311474800109863e-01
5.000000000000000000e+00
-2.328281402587890625e-01
-1.295660257339477539e+00
7.300978899002075195e-01
3.960045814514160156e+00
-6.479202508926391602e-01
6.724188923835754395e-01
-4.821231365203857422e-01
-6.266398429870605469e-01
-4.570968151092529297e-01
1.036447167396545410e+00
6.977306604385375977e-01
1.818343997001647949e-01
-9.839273095130920410e-01
-1.619778633117675781e+00
-5.442810058593750000e-02
1.379441022872924805e+00
5.133295059204101562e-01
-1.650038957595825195e-01
-1.001055359840393066e+00
-2.016255855560302734e-01
4.848086833953857422e+00
-6.553459167480468750e-02
4.818549156188964844e-01
1.204620599746704102e-01
5.344588756561279297e-01
4.802242755889892578e+00
-1.458848953247070312e+00
-2.329298257827758789e-01
5.000000000000000000e+00
-1.751314997673034668e-01
-5.082850456237792969e-01
2.060358524322509766e+00
1.175232648849487305e+00
2.764307260513305664e-01
8.913075923919677734e-01
-2.584164142608642578e+00
-4.235343933105468750e-01
1.243658900260925293e+00
2.412178516387939453e-01
-3.348050117492675781e-01
3.913616180419921875e+00
-5.446074604988098145e-01
-1.469191551208496094e+00
-4.515460133552551270e-01
4.207598686218261719e+00
2.273440361022949219e-03
-6.334100961685180664e-01
-3.830597996711730957e-01
-1.554489135742187500e+00
-1.164671897888183594e+00
6.589567661285400391e-01
-3.968527317047119141e-01
-5.527403354644775391e-01
2.549686431884765625e+00
-4.711345434188842773e-01
2.489843368530273438e-01
-1.635313987731933594e+00
3.254397630691528320e+00
3.197220325469970703e+00
-6.717684268951416016e-01
4.961333274841308594e+00
6.699446439743041992e-01
1.577874660491943359e+00
1.333288431167602539e+00
-8.720254898071289062e-02
5.000000000000000000e+00
-3.776575326919555664e-01
2.698450565338134766e+00
1.058276891708374023e-01
1.139816045761108398e+00
7.747570276260375977e-01
1.514376163482666016e+00
-3.577908873558044434e-02
3.968678712844848633e-01
-5.674648284912109375e-01
-1.602010130882263184e+00
-1.245595932006835938e+00
9.057526588439941406e-01
4.339353442192077637e-01
5.000000000000000000e+00
1.612644672393798828e+00
6.062873601913452148e-01
1.040018796920776367e-01
2.239093303680419922e+00
-4.864714145660400391e-01
9.854565858840942383e-01
-1.585923314094543457e+00
3.841555118560791016e-01
1.620249152183532715e+00
-1.857640743255615234e-01
-1.643919944763183594e-01
6.208267211914062500e-01
-1.366785049438476562e+00
-1.894904136657714844e+00
7.181091308593750000e-01
-7.005290985107421875e-01
6.563274860382080078e-01
5.000000000000000000e+00
-7.076196670532226562e-01
1.995824813842773438e+00
4.142825603485107422e+00
1.581172704696655273e+00
5.510170459747314453e-01
5.912918448448181152e-01
8.343358039855957031e-01
1.783486366271972656e+00
2.119498729705810547e+00
4.570472240447998047e-01
3.847202301025390625e+00
4.569534778594970703e+00
1.087678670883178711e-01
3.046537160873413086e+00
-4.337714910507202148e-01
2.304184913635253906e+00
-3.417277336120605469e-02
5.000000000000000000e+00
1.243160843849182129e+00
9.917600154876708984e-01
3.151950836181640625e-01
8.665651082992553711e-01
4.802745342254638672e+00
4.120072841644287109e+00
4.743094921112060547e+00
5.000000000000000000e+00
-6.320700645446777344e-01
5.317162275314331055e-01
-7.169330120086669922e-02
-4.663720607757568359e+00
5.000000000000000000e+00
-4.205060005187988281e-01
3.370889902114868164e+00
4.215281009674072266e+00
-9.308475255966186523e-01
1.387042403221130371e-01
4.086362838745117188e+00
3.424450159072875977e-01
-5.749104022979736328e-01
9.392619132995605469e-01
-2.392256259918212891e-01
9.214162826538085938e-02
4.809138178825378418e-01
2.016514539718627930e-01
4.444005966186523438e+00
-2.420859098434448242e+00
1.969533205032348633e+00
4.953616142272949219e+00
-9.471093416213989258e-01
-1.388605833053588867e-01
1.175699830055236816e-01
-1.473599672317504883e+00
5.000000000000000000e+00
3.191957473754882812e-01
-5.649409294128417969e-01
9.524658918380737305e-01
2.210462570190429688e+00
1.002495527267456055e+00
-1.928448677062988281e-03
-3.633837699890136719e-01
7.872008085250854492e-01
-9.176689386367797852e-01
-1.763067245483398438e-01
1.753487586975097656e-01
1.961915016174316406e+00
-1.634685993194580078e+00
1.065557241439819336e+00
4.739341735839843750e-01
1.837995886802673340e+00
3.698599338531494141e-01
1.709451556205749512e+00
6.950547695159912109e-01
2.204478502273559570e+00
1.211544275283813477e+00
-1.555064320564270020e-01
2.836222887039184570e+00
-1.393364667892456055e-01
-9.618997573852539062e-02
2.579933404922485352e-01
-5.071707367897033691e-01
1.201178550720214844e+00
7.952986359596252441e-01
-1.253226876258850098e+00
8.095777034759521484e-01
2.357285022735595703e-01
3.602055609226226807e-01
5.655603408813476562e-01
4.136040687561035156e+00
1.366674900054931641e-01
1.091237306594848633e+00
1.895887851715087891e-01
1.121410489082336426e+00
3.165105581283569336e-01
-1.334083914756774902e+00
-4.368606805801391602e-01
-1.391292214393615723e-01
-6.877738237380981445e-01
1.699017524719238281e+00
-3.129286766052246094e-01
8.289300203323364258e-01
1.615348577499389648e+00
-1.926598548889160156e-01
9.239975214004516602e-01
-5.587136745452880859e-02
-8.152356147766113281e-01
6.827089190483093262e-01
2.744325637817382812e+00
-1.181701064109802246e+00
1.356352686882019043e+00
3.804529428482055664e+00
4.261157512664794922e+00
1.301550865173339844e-01
-6.070829629898071289e-01
-2.598936557769775391e-01
-1.523342609405517578e+00
2.013244628906250000e-01
3.315214633941650391e+00
1.730797886848449707e+00
1.016318798065185547e-01
6.149432659149169922e-01
-7.637196779251098633e-01
4.996073246002197266e+00
1.497471451759338379e+00
1.925148963928222656e-01
5.000000000000000000e+00
1.549147129058837891e+00
-3.095555305480957031e-01
1.061957120895385742e+00
-8.106729984283447266e-01
-3.735718727111816406e-01
3.153368234634399414e-01
3.074318766593933105e-01
-2.032637119293212891e+00
6.096640825271606445e-01
1.191470861434936523e+00
2.072122693061828613e-01
5.000000000000000000e+00
2.976852893829345703e+00
-1.556611061096191406e-02
1.164261341094970703e+00
-5.345735549926757812e-01
4.850966930389404297e-01
4.691343307495117188e-01
-1.111337900161743164e+00
-2.066175937652587891e-01
-9.636974334716796875e-02
3.036618232727050781e-01
-3.100159168243408203e-01
4.146957397460937500e+00
-8.285170793533325195e-02
-3.248963356018066406e-01
4.126667022705078125e+00
1.209848523139953613e+00
-1.153297901153564453e+00
4.386198043823242188e+00
-3.381543159484863281e-01
-7.956154346466064453e-01
1.729964017868041992e-01
2.014382839202880859e+00
-9.121365547180175781e-01
3.368344306945800781e+00
-1.580078005790710449e-01
-1.423631310462951660e+00
-7.909306287765502930e-01
5.817941427230834961e-01
6.640542745590209961e-01
1.074115753173828125e+00
3.327368497848510742e-01
1.681775808334350586e+00
-4.529254436492919922e-01
-1.742972731590270996e-01
-1.762432694435119629e+00
6.490043401718139648e-01
-5.360054969787597656e-01
-3.046228885650634766e-01
4.011478900909423828e+00
9.897729754447937012e-01
-9.272917509078979492e-01
5.000000000000000000e+00
4.810841560363769531e+00
2.277978658676147461e+00
1.964247226715087891e-01
7.808828353881835938e-01
-2.198063433170318604e-01
-3.687602281570434570e-01
-1.016375422477722168e+00
-1.136827468872070312e-01
4.433054924011230469e-01
4.124693870544433594e-01
1.692784428596496582e+00
4.145928382873535156e+00
3.572301864624023438e-01
2.820056676864624023e+00
9.877946376800537109e-01
1.840431332588195801e+00
5.674433708190917969e-01
1.320487260818481445e+00
-1.687924861907958984e-01
4.690990447998046875e-01
-2.556235074996948242e+00
8.326653838157653809e-01
-9.632345438003540039e-01
-4.190725982189178467e-01
2.086482524871826172e+00
6.083291769027709961e-01
1.257372975349426270e+00
2.094870328903198242e+00
7.629886865615844727e-01
1.320118188858032227e+00
2.442161321640014648e+00
-1.379566431045532227e+00
2.840966582298278809e-01
3.543502807617187500e+00
6.496448516845703125e-01
8.852930068969726562e-01
3.964821577072143555e+00
4.742515087127685547e+00
2.640747785568237305e+00
-1.014409303665161133e+00
2.305154204368591309e-01
1.536457180976867676e+00
-8.007973432540893555e-03
-1.480025053024291992e-02
1.315501809120178223e+00
2.032098293304443359e+00
8.785814046859741211e-02
1.790027260780334473e+00
2.037703990936279297e-01
2.716583251953125000e+00
-2.977993488311767578e-01
-1.889247775077819824e+00
-3.709314465522766113e-01
8.364500999450683594e-01
-6.248283386230468750e-02
-3.497712016105651855e-01
1.875992298126220703e+00
1.199382066726684570e+00
5.000000000000000000e+00
-5.758651494979858398e-01
1.346125483512878418e+00
6.313751935958862305e-01
-1.138184785842895508e+00
3.157055377960205078e-02
-6.514686346054077148e-01
3.788216590881347656e+00
1.262477159500122070e+00
6.276965141296386719e-03
5.000000000000000000e+00
5.632549524307250977e-02
7.505873441696166992e-01
-8.068250417709350586e-01
3.762722730636596680e+00
1.438544690608978271e-01
3.734155595302581787e-01
2.715590000152587891e-01
5.000000000000000000e+00
9.468700289726257324e-01
2.417538166046142578e-01
5.258694887161254883e-01
1.199941635131835938e-01
9.002119898796081543e-01
7.254019975662231445e-01
-7.128359079360961914e-01
6.005000472068786621e-01
2.398494243621826172e+00
-5.765938758850097656e-01
-1.425845742225646973e+00
2.271436452865600586e-01
1.121895790100097656e+00
-6.296992301940917969e-01
4.670015811920166016e+00
-1.346662044525146484e-01
3.959143161773681641e+00
1.065872430801391602e+00
2.564052343368530273e-01
-5.206255912780761719e-01
6.372014284133911133e-01
4.068462848663330078e-01
1.257794618606567383e+00
1.492754697799682617e+00
3.789083957672119141e-01
4.509753227233886719e+00
-6.874117851257324219e-01
-2.055652141571044922e+00
9.653856158256530762e-01
-9.486722946166992188e-01
1.740182280540466309e+00
-4.930974841117858887e-01
4.462853074073791504e-01
-3.453249931335449219e-01
-1.510331034660339355e+00
-1.115296483039855957e-01
-2.020684480667114258e-01
1.885858178138732910e+00
2.512391507625579834e-01
-1.030061006546020508e+00
-6.884570121765136719e-01
-9.189605712890625000e-01
1.128336191177368164e+00
-4.972527027130126953e-01
6.710027456283569336e-01
-2.882664203643798828e-01
1.185726284980773926e+00
2.855335474014282227e-01
6.726785898208618164e-01
3.590974807739257812e+00
-2.663016319274902344e-03
-9.339183568954467773e-03
-6.101945638656616211e-01
4.142864227294921875e+00
-1.265311241149902344e-01
-4.000352621078491211e-01
8.123592138290405273e-01
4.554520606994628906e+00
2.413215875625610352e+00
5.350128412246704102e-01
-8.878722786903381348e-01
-1.011790275573730469e+00
3.877336978912353516e-01
5.000000000000000000e+00
-1.209021329879760742e+00
-1.085573315620422363e+00
1.308348178863525391e-01
4.742147922515869141e-01
-1.261579155921936035e+00
3.450496196746826172e-01
2.146172523498535156e+00
3.690886497497558594e-02
8.332753181457519531e-02
-1.920260190963745117e-01
1.417760848999023438e-01
6.283439397811889648e-01
-4.021677970886230469e-01
2.274883747100830078e+00
3.912900686264038086e-01
-1.145036816596984863e+00
1.956956028938293457e+00
-1.043466567993164062e+00
1.063922643661499023e-01
-1.090455651283264160e+00
4.011002063751220703e+00
4.704307556152343750e+00
-3.258005619049072266e+00
1.739194989204406738e-02
-2.584478855133056641e-01
-3.082962036132812500e-01
-1.334379553794860840e+00
1.878046393394470215e-01
2.864603102207183838e-01
-5.762264728546142578e-01
-7.812569141387939453e-01
-4.705545306205749512e-02
8.559095859527587891e-02
4.366332054138183594e+00
-1.678280830383300781e-01
1.583287358283996582e+00
3.869019985198974609e+00
7.091131210327148438e-01
5.000000000000000000e+00
-2.591800451278686523e+00
1.340160012245178223e+00
1.229839324951171875e-01
8.151702880859375000e-01
9.016555547714233398e-01
5.282234549522399902e-01
3.566068649291992188e+00
-1.417945742607116699e+00
-1.843726396560668945e+00
-1.161324501037597656e+00
1.935532093048095703e-01
-5.868861079216003418e-01
-1.225931644439697266e-01
2.445630729198455811e-01
-2.938053607940673828e-01
1.872086524963378906e-01
-8.470140695571899414e-01
9.749410152435302734e-01
-1.126024246215820312e+00
-4.573832452297210693e-01
-2.556508779525756836e+00
7.568359375000000000e-01
3.249754905700683594e-01
8.737688064575195312e-01
-1.563559770584106445e-01
-8.460319042205810547e-02
-1.442331790924072266e+00
4.370080947875976562e+00
-1.070575356483459473e+00
3.924851417541503906e-01
-2.970838546752929688e-01
1.828287601470947266e+00
-4.542384147644042969e-01
7.077761888504028320e-01
-2.955507755279541016e+00
5.000000000000000000e+00
1.151392817497253418e+00
2.121829986572265625e-02
1.828873395919799805e+00
-6.423760652542114258e-01
2.389649391174316406e+00
1.449904680252075195e+00
-3.127227783203125000e+00
6.304513216018676758e-01
4.199651241302490234e+00
4.378488063812255859e+00
-6.928721070289611816e-01
-1.710388064384460449e-01
5.138379335403442383e-01
-2.612157821655273438e+00
-5.809175968170166016e-02
3.670651912689208984e-01
8.144772052764892578e-01
-1.385584592819213867e+00
5.000000000000000000e+00
3.265254497528076172e-01
-2.586138248443603516e-02
1.800467371940612793e+00
2.873501777648925781e+00
-7.162513732910156250e-01
-2.453685402870178223e-01
3.892606794834136963e-01
-8.747339248657226562e-03
9.138941764831542969e-01
8.062839508056640625e-01
5.388483405113220215e-01
4.554139614105224609e+00
2.460197210311889648e-01
-6.491944789886474609e-01
1.279589891433715820e+00
8.863247632980346680e-01
4.217750430107116699e-01
-3.890931606292724609e-02
2.005259275436401367e+00
7.703304290771484375e-01
-2.986841797828674316e-01
-3.999404907226562500e-01
1.071539878845214844e+00
-1.276005744934082031e+00
-2.473607659339904785e-01
-1.841337680816650391e-01
-5.360116958618164062e-01
-1.758911609649658203e-01
3.630195379257202148e+00
1.694077730178833008e+00
1.119210004806518555e+00
-1.316123127937316895e+00
-1.105900526046752930e+00
2.662773132324218750e-01
1.130042314529418945e+00
2.777824401855468750e-01
8.384051918983459473e-01
3.042906522750854492e-02
1.763781905174255371e-01
-5.822629928588867188e-01
-1.678839027881622314e-01
1.148965239524841309e+00
-2.244180679321289062e+00
7.022165656089782715e-01
-1.096341848373413086e+00
1.468907296657562256e-01
1.485422134399414062e+00
2.231814861297607422e-01
-2.428591728210449219e+00
2.944704294204711914e-01
-2.392960071563720703e+00
-4.928103685379028320e-01
5.930485725402832031e-01
5.316302776336669922e-01
2.922216057777404785e-01
-1.824122667312622070e+00
4.732269287109375000e+00
1.841214179992675781e+00
-8.868662714958190918e-01
1.483335494995117188e-01
-1.705944538116455078e+00
-9.861756563186645508e-01
4.043853282928466797e-01
2.542362451553344727e+00
5.000000000000000000e+00
2.879063129425048828e+00
-1.197283267974853516e+00
-7.203648090362548828e-01
-4.378210306167602539e-01
-3.431562185287475586e-01
2.596071243286132812e+00
-4.489076137542724609e-02
-7.636483311653137207e-01
2.893849015235900879e-01
-3.292269706726074219e-01
-5.067518711090087891e+00
4.987316131591796875e-01
-4.678555727005004883e-01
4.925662040710449219e+00
1.917653203010559082e+00
-4.188477396965026855e-01
-1.474000215530395508e-01
-1.217476606369018555e+00
-1.137143373489379883e+00
-6.471799612045288086e-01
1.202613353729248047e+00
1.161805987358093262e-01
7.136607170104980469e-02
4.130957126617431641e+00
-2.446901798248291016e-02
-4.586175680160522461e-01
4.428365230560302734e+00
3.032578229904174805e-01
1.343047022819519043e+00
1.405183672904968262e+00
-2.578010559082031250e-01
5.000000000000000000e+00
-1.519529819488525391e-01
5.430899858474731445e-01
1.479419708251953125e+00
-7.759323120117187500e-01
-7.922947406768798828e-03
4.330456256866455078e-03
2.794902801513671875e+00
2.092750549316406250e+00
-1.866489648818969727e+00
1.814439773559570312e+00
4.810482263565063477e-01
-9.166414141654968262e-01
-3.123951554298400879e-01
8.682802915573120117e-01
4.749723434448242188e+00
5.870461463928222656e-03
-3.721628785133361816e-01
1.319027781486511230e+00
2.746058940887451172e+00
5.000000000000000000e+00
3.587515830993652344e+00
5.000000000000000000e+00
2.564438819885253906e+00
-2.805693149566650391e-01
-1.947660565376281738e+00
-1.877579689025878906e+00
5.000000000000000000e+00
2.105217456817626953e+00
5.000000000000000000e+00
1.719137430191040039e-01
1.272261857986450195e+00
-2.848000526428222656e+00
-1.091666936874389648e+00
3.670239448547363281e-02
-5.902429819107055664e-01
-2.549754381179809570e-01
-1.081474661827087402e+00
1.308026552200317383e+00
-1.404525995254516602e+00
2.096402883529663086e+00
2.393284142017364502e-01
5.000000000000000000e+00
1.604854226112365723e+00
-3.561269044876098633e-01
2.969193696975708008e+00
4.235739707946777344e-01
-1.133428096771240234e+00
2.794000148773193359e+00
3.325025439262390137e-01
-1.469402432441711426e+00
-1.141141772270202637e+00
5.000000000000000000e+00
-1.612008213996887207e+00
4.662529230117797852e-01
2.195501327514648438e+00
-1.134953022003173828e+00
-1.671009063720703125e+00
1.102678775787353516e+00
5.789445638656616211e-01
-9.101353883743286133e-01
-1.101511597633361816e+00
5.000000000000000000e+00
3.322014808654785156e-01
1.390444040298461914e+00
-4.999597072601318359e-01
-6.195265054702758789e-01
3.249801397323608398e+00
3.922137022018432617e+00
2.466303110122680664e+00
1.563380122184753418e+00
-2.682511210441589355e-01
6.552723646163940430e-01
-1.086786687374114990e-01
1.779258251190185547e-01
-1.610977649688720703e-01
4.409639835357666016e-01
2.011075019836425781e-01
5.000000000000000000e+00
1.290630459785461426e+00
5.000000000000000000e+00
-1.293971061706542969e+00
2.586975574493408203e+00
-3.686594963073730469e-01
8.023324012756347656e-01
3.639549970626831055e+00
-9.501166343688964844e-01
1.842587590217590332e-01
4.107465744018554688e-01
5.000000000000000000e+00
2.497544288635253906e+00
2.403396368026733398e+00
2.657860815525054932e-01
4.467799186706542969e+00
5.000000000000000000e+00
-8.723368644714355469e-01
4.475771903991699219e+00
-7.250094413757324219e-02
7.489057183265686035e-01
7.510334253311157227e-01
-1.355968117713928223e+00
7.112147212028503418e-01
4.128382205963134766e+00
1.435989618301391602e+00
1.405266284942626953e+00
7.075483798980712891e-01
2.070670723915100098e-01
3.817299604415893555e-01
-1.408451437950134277e+00
-8.998665809631347656e-01
7.387495040893554688e-01
3.342052996158599854e-01
2.613525390625000000e-01
-3.743383884429931641e-01
5.094838142395019531e-02
1.868070244789123535e+00
3.742586612701416016e+00
4.645301818847656250e+00
2.547878742218017578e+00
-5.587536692619323730e-01
-2.415861845016479492e+00
4.567176818847656250e+00
4.377894401550292969e+00
5.753324031829833984e-01
-3.327810764312744141e-01
-4.742414951324462891e-01
3.170161247253417969e-01
-1.076770305633544922e+00
-3.461034774780273438e+00
-5.324145555496215820e-01
-1.009480357170104980e+00
-2.724230289459228516e-03
7.630598545074462891e-01
6.653819084167480469e-01
1.428392052650451660e+00
-2.418506145477294922e-01
7.113620638847351074e-02
-1.761309385299682617e+00
1.232823133468627930e+00
-8.644223213195800781e-01
1.069949865341186523e-01
-3.705562353134155273e-01
-5.903222560882568359e-01
-8.081734180450439453e-02
4.098871231079101562e+00
-5.368732810020446777e-01
-9.484889507293701172e-01
5.000000000000000000e+00
7.189878821372985840e-01
5.000000000000000000e+00
-4.461417794227600098e-01
-3.705723285675048828e-01
2.944043397903442383e+00
1.090645790100097656e-03
-1.324086070060729980e+00
-7.976305484771728516e-01
2.784224152565002441e-01
1.199659824371337891e+00
6.409360766410827637e-01
-3.947016000747680664e-01
3.154158592224121094e-02
2.383536815643310547e+00
-2.804868221282958984e-01
-4.863083362579345703e-02
-1.700406789779663086e+00
4.104318618774414062e+00
4.280868172645568848e-01
5.000000000000000000e+00
-2.934492230415344238e-01
3.505119085311889648e-01
-1.447968125343322754e+00
5.788170099258422852e-01
-5.304386615753173828e-01
4.011937141418457031e+00
1.000776290893554688e-01
-7.587431669235229492e-01
2.056040763854980469e+00
4.164679527282714844e+00
5.000000000000000000e+00
1.219242811203002930e+00
4.676282882690429688e+00
2.199288606643676758e+00
1.123572587966918945e-01
3.325706243515014648e+00
-4.788785874843597412e-01
-2.102346420288085938e-01
1.082123041152954102e+00
1.921947002410888672e-01
-1.936264276504516602e+00
5.822147727012634277e-01
-4.309880733489990234e-02
7.101536989212036133e-01
1.820451736450195312e+00
7.728564739227294922e-02
-8.734149336814880371e-01
8.624768257141113281e-02
6.016973853111267090e-01
9.622263908386230469e-02
-6.588727235794067383e-02
-1.140122413635253906e+00
-3.464386940002441406e+00
4.033550024032592773e-01
-5.397616386413574219e+00
-8.447028398513793945e-01
6.298741102218627930e-01
-9.599330425262451172e-01
5.000000000000000000e+00
4.747961044311523438e+00
1.509999513626098633e+00
9.391227960586547852e-01
2.702699184417724609e+00
-7.636535167694091797e-02
4.440594315528869629e-01
-2.948137521743774414e-01
2.181828022003173828e-02
1.105997562408447266e+00
-1.226750016212463379e-02
-4.715240001678466797e-02
1.540598869323730469e-01
8.618717193603515625e-01
-1.698124647140502930e+00
-3.281000852584838867e-01
9.683060646057128906e-01
2.172429800033569336e+00
-4.011551737785339355e-01
-5.523962974548339844e-01
-4.277657270431518555e-01
1.746645927429199219e+00
3.178197383880615234e+00
1.258090138435363770e+00
5.000000000000000000e+00
4.774883985519409180e-01
-8.478045463562011719e-01
4.430599212646484375e-01
2.510884284973144531e+00
6.628863811492919922e-01
2.080675363540649414e-01
-2.534010887145996094e+00
2.695208787918090820e-01
4.970705032348632812e+00
3.888002634048461914e-01
-5.777273178100585938e-01
3.949933767318725586e+00
1.971217393875122070e-01
6.025166511535644531e-01
3.685037136077880859e+00
2.650548219680786133e-01
-5.905454754829406738e-01
2.436440944671630859e+00
1.921887397766113281e+00
5.000000000000000000e+00
4.756722450256347656e+00
1.533215939998626709e-01
4.501945018768310547e+00
-9.507616758346557617e-01
3.672431945800781250e+00
4.045006752014160156e+00
-3.140936374664306641e+00
3.457530021667480469e+00
-1.005597114562988281e-01
6.216980814933776855e-01
-4.148499071598052979e-01
1.828667044639587402e+00
-8.928742408752441406e-01
-9.184574484825134277e-01
6.545267105102539062e-01
-1.878530979156494141e-01
-8.739689588546752930e-01
3.783787250518798828e+00
1.014348864555358887e-01
6.452836990356445312e-01
-1.170995712280273438e+00
9.919229745864868164e-01
3.010860085487365723e-01
-6.322882175445556641e-01
3.130546212196350098e-01
3.289874315261840820e+00
-4.457181692123413086e-02
-2.405846118927001953e-01
1.122542858123779297e+00
3.478474020957946777e-01
1.316125512123107910e+00
6.758365035057067871e-02
-3.390221595764160156e-01
3.294420242309570312e-02
1.712682723999023438e+00
-2.091924428939819336e+00
1.463284611701965332e+00
-1.294342160224914551e+00
4.153827667236328125e+00
-7.955949306488037109e-01
-2.085902690887451172e-01
2.230680942535400391e+00
-2.719340324401855469e-01
5.000000000000000000e+00
3.179016709327697754e-01
-1.993807554244995117e-01
-1.736977934837341309e+00
-1.959427118301391602e+00
-2.165272235870361328e-01
