7.291586995124816895e-01
-8.428645133972167969e-01
7.726885676383972168e-01
4.723948240280151367e-02
6.202775239944458008e-01
1.732298016548156738e+00
4.198762774467468262e-01
-1.594960212707519531e+00
-2.955526113510131836e-01
-2.463986396789550781e+00
-7.321645021438598633e-01
-7.069664001464843750e-01
9.430446624755859375e-01
-1.277317881584167480e+00
1.582598686218261719e-01
-2.104105472564697266e+00
-2.597832083702087402e-01
3.914294242858886719e-01
-5.698236227035522461e-01
7.781330347061157227e-01
1.278805732727050781e-02
-6.107364892959594727e-01
-1.702966213226318359e+00
-3.606599569320678711e+00
-7.626571655273437500e-01
1.405873000621795654e-01
1.680210947990417480e+00
-9.249949455261230469e-01
-3.766562938690185547e-01
-3.233263492584228516e-01
-7.955974340438842773e-01
-2.217993736267089844e-01
-2.419193983078002930e-01
-8.826328516006469727e-01
-3.588128089904785156e-01
-4.776442050933837891e-02
-2.137538194656372070e-01
7.345378398895263672e-02
1.027055144309997559e+00
6.931706666946411133e-01
1.895694732666015625e-01
-1.214195370674133301e+00
-6.381762027740478516e-02
9.519783258438110352e-01
-1.897948026657104492e+00
4.747253656387329102e-01
5.561891794204711914e-01
-1.127751588821411133e+00
-5.560606718063354492e-01
-5.733847618103027344e-02
2.368537187576293945e-01
-1.220368385314941406e+00
-1.058431386947631836e+00
-4.348161220550537109e-01
1.094657659530639648e+00
-7.745044231414794922e-01
5.043230056762695312e-01
-1.187374353408813477e+00
4.541915655136108398e-02
-7.259057760238647461e-01
1.089961528778076172e-01
-6.712722778320312500e-01
2.026911497116088867e+00
-8.817462921142578125e-01
-1.799653649330139160e+00
2.692536115646362305e-01
-4.441549777984619141e-01
-5.603578090667724609e-01
-2.338804006576538086e-01
-5.381017923355102539e-01
-4.866320490837097168e-01
-5.045741796493530273e-01
-5.814831256866455078e-01
-2.878325223922729492e+00
-7.324619889259338379e-01
-2.298250675201416016e+00
-5.745888948440551758e-01
-1.338919401168823242e+00
-9.183132648468017578e-01
-8.494950532913208008e-01
2.095293998718261719e-01
-1.185774683952331543e+00
8.388723134994506836e-01
-7.152857780456542969e-01
1.533849716186523438e+00
6.219935417175292969e-02
-1.127676129341125488e+00
-1.371455788612365723e-01
-5.118568420410156250e+00
-2.419144868850708008e+00
-4.562824964523315430e-02
-2.294116020202636719e-01
-4.618635177612304688e-01
-2.826876640319824219e-01
-9.935282468795776367e-01
-5.109919905662536621e-01
-9.525295495986938477e-01
-8.609837293624877930e-01
6.130299568176269531e-01
-1.132921576499938965e+00
-2.584288120269775391e-01
1.936470866203308105e-01
-3.460041761398315430e+00
5.409970879554748535e-01
7.080698013305664062e-02
5.133628845214843750e-03
9.747040271759033203e-02
7.520523071289062500e-01
-7.528460025787353516e-02
-1.778618097305297852e+00
-2.404099464416503906e+00
-5.743715763092041016e-01
5.011372566223144531e-01
-7.324138879776000977e-01
-2.951340675354003906e-01
1.093000531196594238e+00
-2.460133552551269531e+00
2.281229496002197266e-01
2.786332845687866211e+00
-2.210888862609863281e+00
-5.425214767456054688e-04
-3.670616149902343750e-01
-1.003021717071533203e+00
-7.380421757698059082e-01
-6.907246112823486328e-01
-5.286586284637451172e-01
3.100688457489013672e-01
-4.758930206298828125e-02
-5.582343339920043945e-01
-1.818946957588195801e+00
-1.765097856521606445e+00
3.748924732208251953e-01
-8.965127468109130859e-01
-3.271404504776000977e-01
6.786975860595703125e-01
2.334392070770263672e-02
-5.387909412384033203e-01
-2.137184143066406250e-02
-4.078909158706665039e-01
6.719267368316650391e-01
6.298002004623413086e-01
-8.071346282958984375e-01
-1.011404633522033691e+00
-2.453082561492919922e+00
1.193675994873046875e+00
-4.849614620208740234e+00
-5.941830277442932129e-01
-7.656186819076538086e-01
2.695037126541137695e-01
-1.598482728004455566e+00
-5.347054004669189453e-01
-3.208037614822387695e-01
-1.047372698783874512e+00
2.329868674278259277e-01
-1.348422765731811523e+00
2.276520729064941406e-01
-1.603828668594360352e+00
-2.804450988769531250e-01
5.593328475952148438e-01
5.208228826522827148e-01
-2.054196357727050781e+00
-7.225468158721923828e-01
-5.010666847229003906e-01
-4.550198316574096680e-01
-9.318203926086425781e-01
-1.957704424858093262e-01
-2.171438932418823242e-01
-9.131264686584472656e-01
-6.175667047500610352e-01
8.776191473007202148e-01
7.952070236206054688e-02
2.814096212387084961e-01
-1.094180822372436523e+00
5.436592102050781250e-01
-5.609209537506103516e-01
1.487542092800140381e-01
-4.595948159694671631e-01
4.189442396163940430e-01
6.821303367614746094e-01
6.572495698928833008e-01
-2.274112701416015625e-01
-4.321157932281494141e-01
4.361259937286376953e-01
-8.419439792633056641e-01
-4.455296993255615234e-01
-5.503951311111450195e-01
1.807130575180053711e-01
-7.953643798828125000e-02
-1.295804977416992188e-04
5.353189706802368164e-01
-2.125245094299316406e+00
2.426884174346923828e-01
-1.735955953598022461e+00
-8.312559127807617188e-02
2.954220771789550781e-01
-5.850203037261962891e-01
-1.185233712196350098e+00
2.225148677825927734e-02
4.024591445922851562e-01
-5.878841876983642578e-01
6.412920951843261719e-01
-4.526902437210083008e-01
-8.528606593608856201e-02
-9.499241113662719727e-01
-1.574473977088928223e+00
-3.150483369827270508e-01
1.796431779861450195e+00
-1.984179139137268066e+00
8.794350624084472656e-01
-2.866605520248413086e+00
-2.056432247161865234e+00
-3.466680049896240234e-01
-1.591093301773071289e+00
-1.297705769538879395e-01
3.025654315948486328e+00
-4.736319780349731445e-01
7.375370264053344727e-01
5.345547795295715332e-01
-4.410483837127685547e-01
-7.525637149810791016e-01
6.380925178527832031e-01
2.763910293579101562e-01
-3.114582300186157227e-01
-3.317770957946777344e-01
5.601165890693664551e-01
2.735404968261718750e-01
-1.167115092277526855e+00
-1.240457892417907715e+00
4.981648921966552734e-02
-6.513963937759399414e-01
4.345929622650146484e-01
-1.699614524841308594e-02
1.106163382530212402e+00
2.010203003883361816e-01
-1.815309166908264160e+00
-1.790801048278808594e+00
-1.774660348892211914e+00
7.080575227737426758e-01
-1.045709252357482910e+00
-7.450509071350097656e-02
-1.052473545074462891e+00
-1.434192657470703125e-01
-1.593880414962768555e+00
-7.967638969421386719e-02
-5.750963687896728516e-01
-7.510659694671630859e-01
-3.765203356742858887e-01
6.600235104560852051e-01
4.162991046905517578e-01
-3.697580099105834961e-01
-2.341815233230590820e-01
-7.526716589927673340e-01
1.241601705551147461e-01
1.267153024673461914e-01
-4.879240989685058594e-01
-5.109101533889770508e-01
-2.014021873474121094e+00
-1.469752550125122070e+00
-7.644360661506652832e-01
-2.315789461135864258e-01
-5.092761516571044922e-01
-1.246236324310302734e+00
-9.409943819046020508e-01
-1.703886985778808594e-01
-6.227326393127441406e-02
-9.700584411621093750e-01
-2.623701095581054688e-01
-4.111624062061309814e-01
-1.412046194076538086e+00
2.255133390426635742e-01
-6.516041755676269531e-01
-4.027926921844482422e-02
-6.391022205352783203e-01
-1.480856895446777344e+00
1.231465339660644531e-01
-9.428650140762329102e-01
-3.981751203536987305e-01
-1.266173124313354492e-01
2.820934057235717773e-01
-9.447968006134033203e-01
-1.566419601440429688e-01
-1.191006660461425781e+00
-1.490513443946838379e+00
-1.071735858917236328e+00
-7.968041896820068359e-01
5.432724952697753906e-03
-9.614419937133789062e-02
-2.363370656967163086e-01
-1.170766830444335938e+00
-8.038899898529052734e-01
-4.994511604309082031e-01
-1.704755425453186035e+00
-8.318957686424255371e-01
4.689964056015014648e-01
-3.740954399108886719e-02
-2.277480363845825195e-01
-1.104548692703247070e+00
-1.695880889892578125e-01
-1.523082137107849121e+00
-9.775555133819580078e-02
-1.004841208457946777e+00
-3.855861425399780273e-01
-4.681422114372253418e-01
1.020554423332214355e+00
6.649429798126220703e-01
-8.733015060424804688e-01
-7.004002332687377930e-01
-4.917352497577667236e-01
-1.428135275840759277e+00
1.181512117385864258e+00
-5.132311582565307617e-01
-5.574582815170288086e-01
-1.672546625137329102e+00
-2.607182502746582031e+00
-1.856262922286987305e+00
-5.382292270660400391e-01
-3.626521825790405273e-01
-2.604863047599792480e-01
-6.995836496353149414e-01
-2.875105619430541992e+00
6.048866510391235352e-01
9.487112164497375488e-01
1.812821626663208008e-01
-1.061892509460449219e+00
-2.195552885532379150e-01
-4.270284175872802734e-01
2.810171842575073242e-01
-1.542276024818420410e+00
-1.011089086532592773e+00
1.047118902206420898e-01
-2.368221759796142578e+00
4.537177085876464844e-02
-2.086758136749267578e+00
4.937954545021057129e-01
5.467877388000488281e-01
-9.937246441841125488e-01
-5.010366439819335938e-02
-6.379874944686889648e-01
2.568839788436889648e-01
-9.285234212875366211e-01
-1.010173559188842773e+00
7.104451060295104980e-01
-7.649669647216796875e-01
-2.836004495620727539e+00
-1.571740388870239258e+00
-6.584806442260742188e-01
-3.986464738845825195e-01
-3.855769634246826172e-01
1.008709669113159180e-01
-5.600056648254394531e-01
2.728712558746337891e-02
-3.232465386390686035e-01
-1.344971299171447754e+00
2.011992931365966797e-01
9.292030334472656250e-02
-6.175565719604492188e-01
-2.493487596511840820e-01
-2.468205451965332031e+00
-1.215923309326171875e+00
-2.400844097137451172e-01
-1.060272693634033203e+00
-9.334809780120849609e-01
-2.679235935211181641e+00
-1.350554227828979492e+00
-5.499302744865417480e-01
2.961732149124145508e-01
-3.609848022460937500e-01
5.222114324569702148e-01
6.689270734786987305e-01
6.251168251037597656e-02
-8.831253051757812500e-01
2.561379075050354004e-01
-1.716995239257812500e-02
-1.082512736320495605e+00
-1.377723813056945801e-01
-5.208784341812133789e-01
-1.284487247467041016e-01
-8.181593418121337891e-01
9.000850915908813477e-01
-6.420269012451171875e-01
-2.188633680343627930e+00
-9.842860698699951172e-01
-2.244317293167114258e+00
-2.351547479629516602e-01
-2.610982656478881836e-01
-1.287592649459838867e-01
-2.881191730499267578e+00
2.705481648445129395e-01
2.824354171752929688e-02
8.887642621994018555e-02
-1.219737410545349121e+00
-1.212041139602661133e+00
-5.947476625442504883e-01
5.767257213592529297e-01
9.517257809638977051e-01
-5.745745301246643066e-01
-7.349618673324584961e-01
-1.356996655464172363e+00
-8.709998130798339844e-01
-2.149383068084716797e+00
4.604070186614990234e-01
-3.946671485900878906e-01
-9.658396244049072266e-02
4.848331212997436523e-01
3.726767897605895996e-01
5.046691894531250000e-01
-6.795222163200378418e-01
-4.939998984336853027e-01
-3.455449342727661133e-01
-3.517489910125732422e+00
-1.852384328842163086e+00
-9.637756347656250000e-01
6.847081184387207031e-01
-6.645402908325195312e-01
-6.021928787231445312e-02
-6.719695925712585449e-01
1.033095479011535645e+00
-9.015793800354003906e-01
-2.548020482063293457e-01
-4.157760143280029297e-01
2.080823183059692383e-01
-1.137121200561523438e+00
7.809957861900329590e-01
-8.556534051895141602e-01
-4.783880412578582764e-01
-1.292113542556762695e+00
-8.594706058502197266e-01
3.462510824203491211e+00
-1.153711080551147461e+00
2.590262889862060547e-01
-8.102191686630249023e-01
-3.341590166091918945e-01
-4.679265975952148438e+00
6.638361215591430664e-01
1.543821334838867188e+00
-1.067522525787353516e+00
-1.522057294845581055e+00
-3.572812676429748535e-01
-1.641259193420410156e-01
-1.842174530029296875e-01
-2.309769392013549805e-01
-9.417209029197692871e-02
-1.873499870300292969e+00
2.027928829193115234e-02
-2.498100996017456055e-01
2.784192562103271484e-01
-4.128766655921936035e-01
-2.655942440032958984e-01
-3.963161110877990723e-01
2.289125025272369385e-01
-3.970464468002319336e-01
1.323735594749450684e+00
-1.714268922805786133e+00
3.221882581710815430e-01
-2.478098869323730469e-01
-5.350794792175292969e-01
-1.600477695465087891e-01
-1.364239573478698730e+00
-4.177254438400268555e-02
9.363973140716552734e-02
-2.244129657745361328e+00
2.079110145568847656e-01
-4.434068799018859863e-01
-1.209591984748840332e+00
-8.337078094482421875e-01
1.985523104667663574e-01
-1.248258352279663086e+00
3.794734477996826172e-01
-1.746390581130981445e+00
-1.548346757888793945e+00
-2.542617321014404297e-01
6.345030069351196289e-01
7.467067241668701172e-02
9.057623147964477539e-02
-8.958090543746948242e-01
-1.050209999084472656e-02
-2.574038505554199219e+00
7.857429981231689453e-02
-1.421446681022644043e+00
4.500843286514282227e-01
-5.440680980682373047e-01
-9.493968486785888672e-01
-2.282661676406860352e+00
1.144552350044250488e+00
-6.901812553405761719e-01
-8.602037429809570312e-01
5.953103303909301758e-01
5.841313600540161133e-01
7.759888172149658203e-01
1.231528520584106445e+00
-7.079846858978271484e-01
-2.243164539337158203e+00
2.586615085601806641e-01
-7.910716533660888672e-01
-1.035777568817138672e+00
-1.606024742126464844e+00
2.486252784729003906e-02
-6.494866609573364258e-01
-1.041888713836669922e+00
-9.666686058044433594e-01
-2.577585697174072266e+00
-5.657662153244018555e-01
-8.695304393768310547e-02
-1.304943561553955078e+00
-2.109397649765014648e-01
1.415428161621093750e+00
1.626500844955444336e+00
5.784490108489990234e-01
-4.178063869476318359e-01
1.870412826538085938e+00
-4.472380876541137695e-01
-1.935483217239379883e-01
-9.785530567169189453e-01
-1.721594810485839844e+00
1.539692878723144531e-01
-1.343845367431640625e+00
3.168513298034667969e+00
-4.945729970932006836e-01
6.102707386016845703e-01
-5.628037452697753906e-01
4.639760255813598633e-01
-7.702360153198242188e-01
6.256327629089355469e-01
-6.724509000778198242e-01
-1.608844280242919922e+00
6.741545200347900391e-01
-6.226959228515625000e-01
-1.170877218246459961e+00
8.489196300506591797e-01
-1.512049436569213867e+00
5.407953262329101562e-01
-3.604790568351745605e-01
3.217610120773315430e-01
-1.908256053924560547e+00
-2.410546779632568359e+00
-1.994167566299438477e-01
-1.334371209144592285e+00
1.513738632202148438e-01
1.141036510467529297e+00
-2.146559715270996094e+00
-7.043747901916503906e-01
-3.383849859237670898e+00
2.019643187522888184e-01
-2.103959321975708008e+00
-1.476959347724914551e+00
-2.688531875610351562e-01
-2.326908111572265625e-01
3.776376247406005859e-01
3.426371812820434570e-01
-1.236687898635864258e+00
-4.700572490692138672e-01
-4.965708255767822266e-01
-1.035458087921142578e+00
-6.775929927825927734e-01
-9.749363660812377930e-01
-2.401337623596191406e-01
-5.273166298866271973e-01
4.960968494415283203e-01
-4.093365669250488281e-01
8.027617931365966797e-01
7.052232027053833008e-01
-4.007631540298461914e-01
-1.189829826354980469e+00
-3.169702529907226562e+00
-6.357753276824951172e-01
-1.957507967948913574e+00
-7.137560844421386719e-01
1.447325944900512695e-02
-5.713316798210144043e-01
6.060147285461425781e-02
-2.517197132110595703e+00
1.289966821670532227e+00
-1.357284545898437500e+00
-7.753926515579223633e-02
8.131158351898193359e-02
-1.586313366889953613e+00
9.903330802917480469e-01
4.993009567260742188e-01
-6.222537755966186523e-01
-1.906480550765991211e+00
9.584041237831115723e-01
5.228997468948364258e-01
-1.092684388160705566e+00
-1.152811169624328613e+00
-1.314202666282653809e+00
4.003034830093383789e-01
-7.238109111785888672e-01
-5.850137472152709961e-01
3.061195611953735352e-01
-1.362277567386627197e-01
-9.040413498878479004e-01
1.243251442909240723e+00
-3.275865316390991211e-01
-7.392644882202148438e-01
-1.210808753967285156e-02
-8.119250535964965820e-01
-1.536067843437194824e+00
2.490369081497192383e-01
-8.752651214599609375e-01
3.604330062866210938e+00
-5.189559459686279297e-01
-2.529697418212890625e-01
-1.106287002563476562e+00
-7.338749170303344727e-01
9.705321788787841797e-01
-7.817665934562683105e-01
2.039451599121093750e-01
-4.733219444751739502e-01
-6.784052848815917969e-01
-8.422124385833740234e-01
7.814407348632812500e-02
5.022960901260375977e-01
-1.989973783493041992e+00
1.436551809310913086e-01
-2.476523160934448242e+00
-1.495267629623413086e+00
7.373191118240356445e-01
1.298816204071044922e+00
-7.133686542510986328e-02
6.142449378967285156e-02
8.662438392639160156e-02
-1.287595748901367188e+00
-8.056163787841796875e-03
-1.692659139633178711e+00
1.074940085411071777e+00
-1.412264108657836914e+00
-6.468746662139892578e-01
1.237261295318603516e-01
-4.327923059463500977e-01
4.586845636367797852e-02
-1.683124303817749023e+00
-1.346123933792114258e+00
-5.693320035934448242e-01
-1.754440784454345703e+00
1.989678144454956055e-01
-6.633390188217163086e-01
-4.433174133300781250e-01
-5.840383768081665039e-01
-6.746754646301269531e-01
2.635887861251831055e-01
5.271708965301513672e-02
-1.398186206817626953e+00
-1.779538154602050781e+00
2.981114387512207031e-01
5.496868491172790527e-01
-5.565381050109863281e-02
-8.468871116638183594e-01
-1.581232547760009766e-01
-1.373001337051391602e-01
-2.136679172515869141e+00
6.771395206451416016e-01
1.161697387695312500e+00
-2.885112166404724121e-01
-2.182298898696899414e-01
-7.851451635360717773e-01
-9.747474193572998047e-01
3.464030027389526367e-01
8.465571403503417969e-01
-3.130173087120056152e-01
-5.659298896789550781e-01
1.142770767211914062e+00
1.287073135375976562e+00
-1.003842592239379883e+00
-1.619641900062561035e+00
4.140418171882629395e-01
-2.118602991104125977e-01
-6.908677816390991211e-01
-1.138528585433959961e+00
5.751959681510925293e-01
-7.450592517852783203e-01
-2.711126208305358887e-02
-5.524228811264038086e-01
-2.823613882064819336e+00
3.218798637390136719e-01
-3.309448957443237305e-01
-2.259181976318359375e+00
-1.576120853424072266e-01
-2.197418689727783203e+00
-1.234521865844726562e+00
-1.123065590858459473e+00
-7.331585884094238281e-01
1.094465732574462891e+00
-7.511664628982543945e-01
-1.459899544715881348e+00
-4.135288000106811523e-01
-3.626611232757568359e-01
-1.348413944244384766e+00
-3.801065683364868164e-01
-1.604148626327514648e+00
-1.786986112594604492e+00
2.443034052848815918e-01
-1.381231307983398438e+00
-5.349625349044799805e-01
-9.234251976013183594e-01
-2.249798297882080078e+00
6.850676536560058594e-01
-5.992377400398254395e-01
5.418814420700073242e-01
-1.001986145973205566e+00
-7.636022567749023438e-01
-1.273619890213012695e+00
-1.129632949829101562e+00
3.162674307823181152e-01
3.320550918579101562e-01
-2.659332752227783203e-01
3.438683748245239258e-01
-3.593144416809082031e-01
-3.824010491371154785e-02
-2.656741380691528320e+00
-1.752435445785522461e+00
-1.141404151916503906e+00
9.867457151412963867e-01
-3.022063970565795898e-01
4.773167371749877930e-01
-5.729550123214721680e-01
-5.990408062934875488e-01
-5.444445610046386719e-01
-1.301003694534301758e-01
-7.068567276000976562e-01
-1.127723932266235352e+00
-1.193970441818237305e-02
-4.848740100860595703e-01
6.921309232711791992e-01
1.158097982406616211e-01
2.428106069564819336e-01
2.742596268653869629e-01
1.604597568511962891e-01
-2.392184734344482422e-02
-8.566188812255859375e-02
1.561772942543029785e+00
-4.594004154205322266e-01
-7.187188267707824707e-01
-2.687738180160522461e+00
-1.050122261047363281e+00
-9.410433769226074219e-01
2.936414778232574463e-01
-1.052549362182617188e+00
-1.426980495452880859e-01
-4.048599600791931152e-01
-4.932286739349365234e-01
2.755016684532165527e-01
3.819707036018371582e-01
-2.308995723724365234e+00
1.322260141372680664e+00
-2.188444137573242188e-01
-7.895934581756591797e-02
5.209562778472900391e-01
6.515486836433410645e-01
-2.573960423469543457e-01
-2.966503858566284180e+00
-7.617020606994628906e-01
-4.872941970825195312e-02
-1.445429325103759766e+00
-7.077647447586059570e-01
1.552289724349975586e-01
-4.908123016357421875e-01
-2.886157035827636719e-01
-3.404182195663452148e-01
-2.281208992004394531e+00
-2.085052967071533203e+00
2.805583477020263672e-01
-1.802132606506347656e+00
-5.732148885726928711e-01
8.607104420661926270e-01
-1.175338864326477051e+00
1.750614643096923828e-01
-6.381481885910034180e-02
-1.111283779144287109e+00
-2.149397134780883789e-01
1.264721155166625977e-01
6.487488746643066406e-03
-8.577691316604614258e-01
-1.780825614929199219e+00
-1.986676216125488281e+00
4.491395056247711182e-01
-5.340908765792846680e-01
-8.996379971504211426e-01
1.506069540977478027e+00
4.763424396514892578e-02
-3.006740212440490723e-01
-8.282486200332641602e-01
3.050699234008789062e-01
-2.723382472991943359e+00
-6.074798107147216797e-01
-6.760424375534057617e-02
-1.047487258911132812e-01
3.026001453399658203e-01
-1.608957886695861816e+00
-1.842150688171386719e-01
-5.314590930938720703e-01
6.084994673728942871e-01
2.685436010360717773e-01
-5.017262697219848633e-01
-2.484558820724487305e-01
-1.846798658370971680e-01
-6.603144407272338867e-01
-4.139058589935302734e-01
3.581333160400390625e-02
5.380016565322875977e-02
-7.930774688720703125e-01
-4.535499811172485352e-01
1.373384356498718262e+00
-1.642994284629821777e-01
-8.840019702911376953e-01
-1.365445613861083984e+00
-1.488840699195861816e+00
3.764721155166625977e-01
-1.102305769920349121e+00
2.912068367004394531e-02
2.128809392452239990e-01
-8.530534505844116211e-01
-1.812305331230163574e+00
-1.269670724868774414e+00
-9.800867438316345215e-01
1.967656612396240234e-02
-2.603523731231689453e-01
-1.160550713539123535e+00
-2.384921312332153320e-01
2.871288955211639404e-01
-1.380923986434936523e+00
-2.007109403610229492e+00
-5.418798923492431641e-01
-5.027552843093872070e-01
-6.807988882064819336e-01
-7.488037347793579102e-01
-1.202692031860351562e+00
2.040112018585205078e-01
9.625160694122314453e-02
-2.028254985809326172e+00
-3.742380738258361816e-01
9.643971920013427734e-03
-3.911067008972167969e+00
1.222480416297912598e+00
-7.342061996459960938e-01
5.766574144363403320e-01
-1.764734387397766113e-01
-1.911966919898986816e+00
-1.735402584075927734e+00
-1.738332986831665039e+00
2.412405014038085938e-01
-8.317874670028686523e-01
7.091337442398071289e-01
-3.044000864028930664e-01
-9.308290481567382812e-02
-9.415205717086791992e-01
-1.115711688995361328e+00
2.419819831848144531e-01
-1.968674540519714355e+00
-5.472906827926635742e-01
-4.774186134338378906e+00
-1.096354722976684570e-01
1.172946453094482422e+00
-1.721963405609130859e+00
3.996596336364746094e-01
4.787273406982421875e-01
-9.220162630081176758e-01
5.072419643402099609e-01
-1.546828746795654297e+00
-2.248155355453491211e+00
2.385236024856567383e-01
-1.218373060226440430e+00
-8.464922308921813965e-01
-3.006419420242309570e+00
-1.323327541351318359e+00
-6.734971404075622559e-01
6.555950641632080078e-01
-7.945891618728637695e-01
-2.190960645675659180e-01
-2.925398349761962891e-01
-5.310659408569335938e-01
2.752442359924316406e-01
-1.877605199813842773e+00
-2.704061508178710938e+00
-6.456723213195800781e-01
-1.598022580146789551e-01
-1.177737116813659668e+00
-3.059242963790893555e-01
-6.999981403350830078e-02
1.337358653545379639e-01
9.473242163658142090e-01
-6.064846515655517578e-01
-1.515811681747436523e-01
7.904368638992309570e-01
-4.120488166809082031e-01
-1.700145363807678223e+00
4.620559215545654297e-01
6.071311235427856445e-01
-1.418101787567138672e-02
2.042441666126251221e-01
-2.737283468246459961e+00
-6.438606977462768555e-01
-2.206162214279174805e-01
-1.061701893806457520e+00
-2.015796899795532227e-01
2.960755825042724609e-01
1.090840101242065430e-01
-5.263376235961914062e-01
-3.907269239425659180e-01
-1.008687138557434082e+00
-1.085920572280883789e+00
-7.121533155441284180e-01
2.033473253250122070e-01
2.707027196884155273e-01
-2.016448974609375000e+00
-1.214051246643066406e+00
-4.576101303100585938e-01
-5.096936225891113281e-02
5.409156084060668945e-01
5.807894468307495117e-01
-4.289965629577636719e-01
