-5.257474184036254883e-01
-2.028007984161376953e+00
-2.847679615020751953e+00
-2.241879224777221680e+00
1.056093215942382812e+00
-6.095728874206542969e-01
-9.063313007354736328e-01
1.585447788238525391e-01
-1.043776392936706543e+00
-1.634076833724975586e-01
-4.281260967254638672e-01
1.991539239883422852e+00
1.629374027252197266e-01
-1.051046013832092285e+00
-1.416844129562377930e+00
8.801484107971191406e-02
-3.365885019302368164e-01
-5.709892511367797852e-02
1.204022288322448730e+00
-3.809642791748046875e-01
1.574178934097290039e+00
-8.134305477142333984e-02
1.114491581916809082e+00
1.876914501190185547e-01
9.424414634704589844e-01
5.397623181343078613e-01
9.963577389717102051e-01
1.475163817405700684e+00
-2.618390560150146484e+00
4.882112741470336914e-01
4.096353054046630859e-02
-6.082734465599060059e-01
-9.471660852432250977e-02
-7.892718315124511719e-01
4.451788663864135742e-01
-5.134858489036560059e-01
-8.357968330383300781e-01
8.988434076309204102e-01
5.905666351318359375e-01
1.268512845039367676e+00
-1.939315199851989746e+00
1.308422088623046875e+00
3.542385101318359375e-01
-2.745715856552124023e+00
-1.032985925674438477e+00
-6.680768728256225586e-01
-2.173002958297729492e-01
-1.846528053283691406e+00
-1.109718084335327148e+00
-9.481785893440246582e-01
3.122051954269409180e-01
-1.979690551757812500e+00
-8.183676004409790039e-01
7.429603934288024902e-01
6.523485183715820312e-01
-6.221904754638671875e-01
-3.986320495605468750e-01
-2.920024394989013672e-01
-6.800006031990051270e-01
-9.194259643554687500e-01
-1.155728220939636230e+00
4.669441878795623779e-01
3.969556093215942383e-01
2.173200249671936035e-01
-1.898725032806396484e+00
-2.647491693496704102e+00
-5.091451406478881836e-01
3.788709640502929688e-01
-3.320027589797973633e-01
9.539186954498291016e-03
-3.865423798561096191e-01
-1.072238206863403320e+00
1.537617743015289307e-01
-2.924052476882934570e-01
1.573870778083801270e-01
-1.087608218193054199e+00
-8.105438947677612305e-01
-3.284900426864624023e+00
-1.552489519119262695e+00
-1.822349548339843750e+00
-1.298193335533142090e-01
9.699431657791137695e-01
1.229978084564208984e+00
-2.366434097290039062e+00
-7.609405517578125000e+00
1.083529472351074219e+00
-5.064995288848876953e-01
-6.467174291610717773e-01
-4.436964988708496094e-01
-1.204230427742004395e+00
1.822321057319641113e+00
1.340154409408569336e+00
4.026701450347900391e-01
-1.607511639595031738e-01
-1.249908924102783203e+00
4.732807874679565430e-01
5.701117515563964844e-01
8.352771997451782227e-01
-8.301872014999389648e-02
-1.050778031349182129e-01
6.089699268341064453e-01
1.716398477554321289e+00
1.006988048553466797e+00
-7.269383668899536133e-01
-1.211778044700622559e+00
6.488764286041259766e-02
-1.297116994857788086e+00
7.880231142044067383e-01
6.193416118621826172e-01
-1.271849155426025391e+00
-2.250579357147216797e+00
-4.417088031768798828e-01
-1.356476783752441406e+00
-3.125725686550140381e-01
5.422369241714477539e-01
-1.220478057861328125e+00
-8.246080875396728516e-01
9.053630828857421875e-01
-2.398803234100341797e+00
-2.461837768554687500e+00
-5.027735233306884766e-01
-2.200018763542175293e-01
-1.665381312370300293e+00
1.020009994506835938e+00
-4.615226387977600098e-01
1.820479631423950195e-01
-4.831762313842773438e-01
3.752838373184204102e-01
-4.096062779426574707e-01
-3.219558000564575195e-01
-2.433621883392333984e-01
-1.092047691345214844e+00
6.057691574096679688e-02
-2.935527324676513672e+00
-8.096525669097900391e-01
-6.161518096923828125e-01
-4.441472053527832031e+00
2.244220376014709473e-01
-1.608740329742431641e+00
4.952692985534667969e-01
-3.960323333740234375e-02
-1.267650604248046875e+00
-1.078012824058532715e+00
3.969943523406982422e-02
-9.153192043304443359e-01
-9.158453941345214844e-01
-2.347629070281982422e-01
-1.541074991226196289e+00
3.830565810203552246e-01
5.329501628875732422e-01
-4.564664065837860107e-01
-2.403136491775512695e-01
-1.254258513450622559e+00
5.725431442260742188e-02
-1.191837430000305176e+00
-1.869139552116394043e+00
1.781483888626098633e-01
-2.586322546005249023e+00
-3.211663007736206055e+00
-1.263350009918212891e+00
8.272227048873901367e-01
-5.709569454193115234e-01
9.287002086639404297e-01
-3.107315301895141602e-01
-2.049413204193115234e+00
-1.048384428024291992e+00
-7.735270261764526367e-01
-4.174196720123291016e-02
-4.985123872756958008e-01
-1.507619857788085938e+00
-1.481398582458496094e+00
4.602754712104797363e-01
-3.826192378997802734e+00
-1.129189968109130859e+00
-1.847793698310852051e+00
-8.253818154335021973e-01
1.504139661788940430e+00
6.880598068237304688e-01
-4.825162887573242188e-02
-1.767461776733398438e+00
-2.821248769760131836e+00
-9.349215030670166016e-01
-1.182865500450134277e-01
-3.116751670837402344e+00
-8.750581741333007812e-02
4.226987957954406738e-01
7.333931326866149902e-02
-1.662875294685363770e+00
-9.439175128936767578e-01
-1.740739345550537109e-01
-1.095724225044250488e+00
-1.351930856704711914e+00
-4.941340684890747070e-01
-1.932097434997558594e+00
3.064214587211608887e-01
7.665371894836425781e-02
-2.679108381271362305e-01
-5.885627269744873047e-01
6.517798900604248047e-01
-1.860422134399414062e+00
-1.775741338729858398e+00
3.647745847702026367e-01
5.014288425445556641e-01
6.267099380493164062e-01
6.044383645057678223e-01
-5.732250213623046875e-02
-7.244862914085388184e-01
-8.013885021209716797e-01
1.154255867004394531e-02
-1.368456363677978516e+00
-4.981978535652160645e-01
9.405657052993774414e-01
-6.974520683288574219e-01
-1.544108271598815918e+00
-1.684577465057373047e+00
2.582302093505859375e-01
2.575576305389404297e-02
9.537866711616516113e-01
-1.465934514999389648e+00
3.580820560455322266e-02
-8.328235149383544922e-01
7.434889674186706543e-01
-8.292043209075927734e-01
-2.663516759872436523e+00
-1.123485803604125977e+00
3.588786125183105469e-01
-3.191494941711425781e-02
2.577326297760009766e+00
3.380813598632812500e-01
-1.047243714332580566e+00
-1.442459464073181152e+00
7.139243483543395996e-01
-9.734374284744262695e-02
3.212651014328002930e-01
-1.290750503540039062e-02
1.281514167785644531e-01
4.011310935020446777e-01
-3.120871067047119141e+00
-3.624218702316284180e-01
-5.632715225219726562e-01
-8.441758155822753906e-02
-4.072608947753906250e-01
-6.015896797180175781e-01
5.530117750167846680e-01
-1.236527323722839355e+00
3.469805717468261719e-01
4.428954720497131348e-01
5.627524852752685547e-01
-1.877554774284362793e+00
-5.535480976104736328e-01
1.035403013229370117e+00
-3.506954908370971680e-01
4.197005033493041992e-01
3.290510177612304688e-02
1.633107662200927734e-01
-6.107146143913269043e-01
-2.175061225891113281e+00
-8.320255279541015625e-01
-1.854619503021240234e+00
-5.315701961517333984e-01
-3.093079328536987305e-01
-2.552511692047119141e+00
-2.886817455291748047e-01
-1.153437733650207520e+00
5.239379405975341797e-02
-1.558709621429443359e+00
-5.195281505584716797e-01
-8.441672325134277344e-01
-3.631603717803955078e-01
1.273106575012207031e+00
-3.796226978302001953e-01
2.970831990242004395e-01
-9.291075468063354492e-01
-3.094180822372436523e+00
-1.214468121528625488e+00
-8.466839790344238281e-02
-4.963235855102539062e-01
6.221501827239990234e-01
-1.714443445205688477e+00
-1.846121549606323242e+00
-6.498893737792968750e+00
-9.241802692413330078e-01
8.125126361846923828e-02
-2.154781341552734375e+00
-5.354051589965820312e-01
-1.944827437400817871e-01
1.688147306442260742e+00
-7.640417814254760742e-01
-2.711319923400878906e-02
7.677105665206909180e-01
1.503238677978515625e-01
1.168510913848876953e-01
6.703256368637084961e-01
-6.244065165519714355e-01
-1.733520507812500000e+00
4.121992588043212891e-01
2.661679983139038086e-01
-2.665607929229736328e-01
-1.988561153411865234e-01
-1.212291717529296875e+00
-2.225614070892333984e+00
-3.776577711105346680e-01
4.436521530151367188e-01
-3.946797847747802734e-01
-7.188515663146972656e-01
1.039341688156127930e+00
9.955084919929504395e-01
6.406432390213012695e-01
-1.044154167175292969e-03
-1.181215405464172363e+00
1.656139254570007324e+00
-1.937805175781250000e+00
-1.175574779510498047e+00
-5.717043876647949219e-01
-4.481066465377807617e-01
1.573249101638793945e-01
3.467973470687866211e-01
-8.383154869079589844e-01
-1.158468246459960938e+00
-1.508777737617492676e+00
-1.022525310516357422e+00
-7.417271137237548828e-01
-4.734940528869628906e-01
8.508067131042480469e-01
-1.845110177993774414e+00
-2.949320077896118164e-01
-9.437944889068603516e-01
-6.627635955810546875e-01
-1.211463809013366699e+00
-1.231366276741027832e+00
-9.027957916259765625e-02
-5.573499202728271484e-02
-3.568732738494873047e-02
-5.455338954925537109e-01
-1.330006599426269531e+00
-2.253685474395751953e+00
-1.463832855224609375e+00
-3.829754590988159180e+00
3.083354830741882324e-01
-5.690778493881225586e-01
-1.615647792816162109e+00
-3.897023200988769531e-01
-1.256048679351806641e+00
8.739220499992370605e-01
4.230464696884155273e-01
-3.214552164077758789e+00
-1.726265192031860352e+00
-9.621391296386718750e-01
4.899191260337829590e-01
1.417418718338012695e-01
-1.320295572280883789e+00
-4.980601668357849121e-01
-1.737162113189697266e+00
-2.015724182128906250e+00
2.087538719177246094e+00
-4.114155769348144531e-01
-7.333177328109741211e-02
-1.739667057991027832e+00
-1.185254335403442383e+00
-1.087007164955139160e+00
-8.901526927947998047e-01
-2.265645861625671387e-01
3.353439569473266602e-01
-1.476203441619873047e+00
1.312284946441650391e+00
-1.268096804618835449e+00
-2.042909145355224609e+00
-6.732795238494873047e-01
-1.587074756622314453e+00
7.245186567306518555e-01
-6.537932157516479492e-01
-2.335119724273681641e+00
-1.529175043106079102e-02
-1.445206403732299805e-01
2.202904224395751953e-01
-2.345529317855834961e+00
-8.105353713035583496e-01
-3.853321075439453125e-02
-3.488392829895019531e-01
-6.600512266159057617e-01
-2.698423862457275391e-01
1.689989924430847168e+00
-2.715739011764526367e-01
-1.502448678016662598e+00
-3.217568993568420410e-01
-1.001897096633911133e+00
-2.173991203308105469e+00
8.897593021392822266e-01
1.863422393798828125e-01
-1.021396160125732422e+00
3.253548145294189453e-01
-1.121449947357177734e+00
9.560242295265197754e-02
-1.068332195281982422e-01
-4.932105541229248047e-02
-1.898133873939514160e+00
2.232728004455566406e-01
-7.839248180389404297e-01
3.360163569450378418e-01
6.555598974227905273e-01
1.208200693130493164e+00
6.898518204689025879e-01
-7.506799697875976562e-01
-1.009128093719482422e-01
2.031984329223632812e-01
-5.515993833541870117e-01
-8.216873407363891602e-01
-6.183701753616333008e-01
2.494522035121917725e-01
5.251748561859130859e-01
-1.244122147560119629e+00
1.032340526580810547e-02
-1.408223509788513184e+00
-2.710246086120605469e+00
-4.985618591308593750e-02
-9.845089912414550781e-01
-1.955027580261230469e-01
-5.404172539710998535e-01
-4.878104478120803833e-02
-2.334901094436645508e-01
7.439136505126953125e-02
-8.317310810089111328e-01
7.276673316955566406e-01
-1.340629458427429199e+00
-1.384437561035156250e+00
-5.054001808166503906e-01
1.936348080635070801e-01
-2.188854217529296875e+00
-1.268793702125549316e+00
-2.797471523284912109e+00
-1.813354730606079102e+00
5.427867174148559570e-01
-8.441073894500732422e-01
5.420625209808349609e-03
-7.371809482574462891e-01
-5.325445532798767090e-01
-4.989089369773864746e-01
-1.795494437217712402e+00
6.727099418640136719e-01
-6.166077256202697754e-01
6.216938495635986328e-01
5.965954661369323730e-01
-1.595394849777221680e+00
-9.707689285278320312e-02
-2.003540992736816406e+00
-5.253505706787109375e-02
1.395707130432128906e-01
-6.979224085807800293e-01
1.795200109481811523e-01
-4.799485206604003906e-01
3.122051954269409180e-01
-1.172455310821533203e+00
2.219252586364746094e-01
-5.098409056663513184e-01
7.924932837486267090e-01
-4.021899700164794922e-01
-3.783820867538452148e-01
-5.130059719085693359e-01
-3.143423199653625488e-01
-8.308563232421875000e-01
-4.298509955406188965e-01
-1.150025248527526855e+00
-5.128248929977416992e-01
-1.160166740417480469e+00
-1.714323401451110840e+00
7.431219816207885742e-01
6.199810504913330078e-01
4.036668539047241211e-01
-3.173817396163940430e-01
-2.049798965454101562e-01
-7.837504148483276367e-01
-1.575252413749694824e-01
-2.207835912704467773e-01
4.409148693084716797e-01
-1.714073896408081055e+00
1.122394800186157227e+00
-6.196396350860595703e-01
-1.967619657516479492e-01
-8.225870132446289062e-01
4.222636222839355469e-01
-7.731437683105468750e-01
-6.362373828887939453e-01
-4.907885789871215820e-01
-6.429324746131896973e-01
-6.521263122558593750e-01
3.257060050964355469e-01
-3.624429702758789062e-01
-6.933888196945190430e-01
9.531412124633789062e-01
-6.189727783203125000e-02
9.155683517456054688e-01
-1.937719583511352539e-01
-2.253685951232910156e+00
-3.620390892028808594e-01
1.260018348693847656e-01
2.952655553817749023e-01
-4.851463437080383301e-01
1.478619575500488281e+00
-4.931139945983886719e-01
-1.053969860076904297e+00
6.898777484893798828e-01
-2.895255804061889648e+00
6.104983091354370117e-01
-9.794206917285919189e-02
1.075991511344909668e+00
7.227793335914611816e-01
-8.610512018203735352e-01
-4.859900474548339844e-01
-2.219333648681640625e+00
7.689023017883300781e-02
-1.453572988510131836e+00
4.480831623077392578e-01
-3.492660999298095703e+00
-1.423725128173828125e+00
-8.518884778022766113e-01
1.141802310943603516e+00
-1.546018719673156738e+00
-2.307258844375610352e-01
6.690880060195922852e-01
1.370414733886718750e+00
-1.363860487937927246e+00
-1.185573339462280273e-01
-9.203447103500366211e-01
-1.183182477951049805e+00
-1.287985324859619141e+00
-4.457418918609619141e-01
-2.919558286666870117e-01
-7.715234756469726562e-01
2.024817943572998047e+00
-1.150906324386596680e+00
-8.561140894889831543e-01
-9.129388332366943359e-01
4.455578327178955078e-01
-7.120257616043090820e-02
-6.673438549041748047e-01
2.954072356224060059e-01
-1.239193320274353027e+00
7.287863492965698242e-01
-1.927023410797119141e+00
-3.386090993881225586e-01
-1.769425868988037109e-01
-4.043943881988525391e-01
-4.227992296218872070e-01
-6.844180107116699219e+00
-9.939294457435607910e-01
1.191255450248718262e+00
-4.230790138244628906e-01
-3.581789970397949219e+00
-8.466562032699584961e-01
-7.917727231979370117e-01
-4.524759054183959961e-01
-3.904127597808837891e+00
-2.980306148529052734e-01
3.941143453121185303e-01
-5.447120666503906250e-01
9.594844579696655273e-01
9.953145980834960938e-01
4.125033617019653320e-01
-5.344022512435913086e-01
-1.479624271392822266e+00
2.647426128387451172e-01
-7.582858800888061523e-01
-1.836091279983520508e-01
-2.009421825408935547e+00
-1.216296195983886719e+00
-4.917390346527099609e-01
-2.803926467895507812e-01
-1.320788860321044922e+00
-2.096133232116699219e-01
-8.929625749588012695e-01
7.312996983528137207e-01
-2.801270008087158203e+00
6.852805614471435547e-02
-3.930649757385253906e+00
4.719879627227783203e-01
5.821704864501953125e-03
-1.918930530548095703e+00
-1.604395866394042969e+00
-6.965690851211547852e-01
-1.196706652641296387e+00
5.546632409095764160e-01
-1.280421018600463867e+00
-1.352996110916137695e+00
-1.836445927619934082e+00
-2.272975444793701172e-02
-2.093928337097167969e+00
-1.773042917251586914e+00
1.228514909744262695e-01
-3.880943059921264648e-01
-1.869783997535705566e-01
1.631957292556762695e-01
-4.998302459716796875e-01
-1.102945685386657715e+00
7.857184410095214844e-01
7.892047166824340820e-01
3.425725698471069336e-01
-3.412487506866455078e-01
-8.268768787384033203e-01
-2.309310197830200195e+00
-1.991904497146606445e+00
-1.326350212097167969e+00
-2.484922170639038086e+00
-1.257301330566406250e+00
1.542417049407958984e+00
2.721498966217041016e+00
-1.153162002563476562e+00
1.042174577713012695e+00
1.975836753845214844e-01
5.973924398422241211e-01
7.397415637969970703e-01
6.973389387130737305e-01
-7.496261596679687500e-02
-1.370360970497131348e+00
-1.006130456924438477e+00
1.305704116821289062e-01
1.661034822463989258e-01
-2.047657966613769531e-03
-3.786203861236572266e-01
-7.996525764465332031e-01
-3.446551561355590820e-01
-2.964272499084472656e-01
-1.794347882270812988e+00
5.872210264205932617e-01
-6.411550045013427734e-01
-5.112662315368652344e-01
-1.936841130256652832e+00
-8.530677556991577148e-01
-9.783562421798706055e-01
-4.078959822654724121e-01
-2.248034238815307617e+00
-1.994628906250000000e-01
1.114568114280700684e+00
-1.493333101272583008e+00
1.278058528900146484e+00
-1.359767913818359375e-01
-1.001635074615478516e+00
-1.871580719947814941e+00
-1.764755129814147949e+00
-2.893282175064086914e-01
1.150670051574707031e-01
-4.306800365447998047e-01
1.606686115264892578e-01
-1.470800638198852539e-01
-1.546163558959960938e-01
-8.809353113174438477e-01
-3.759565353393554688e-01
2.619243264198303223e-01
-1.098941922187805176e+00
-9.354883432388305664e-01
3.918536901473999023e-01
-2.751495242118835449e-01
-5.139611244201660156e+00
-7.968852519989013672e-01
-1.752991080284118652e+00
2.251858115196228027e-01
-9.347993135452270508e-02
8.481595516204833984e-01
-1.855564117431640625e-01
-1.073036313056945801e+00
-4.409886598587036133e-01
-6.225972175598144531e-01
1.032659053802490234e+00
-1.212860107421875000e+00
-1.027253389358520508e+00
1.434910535812377930e+00
-1.521987915039062500e-01
2.484982013702392578e+00
4.693318605422973633e-01
-1.461378335952758789e-01
-1.278970241546630859e-01
-5.804419517517089844e-01
4.677557945251464844e-02
-1.105844736099243164e+00
-3.418643474578857422e+00
-2.274751663208007812e-01
-1.781333684921264648e+00
2.053443193435668945e-01
-1.147771835327148438e+00
-1.923339009284973145e+00
-8.156041502952575684e-01
4.651634097099304199e-01
-3.816925287246704102e-01
1.043709754943847656e+00
-1.017812013626098633e+00
-6.867523193359375000e-01
-1.073298454284667969e-01
-1.148107051849365234e+00
-2.680330514907836914e+00
-7.516479492187500000e-02
-1.301593780517578125e+00
-9.291667938232421875e-01
-1.895318269729614258e+00
-3.020922839641571045e-01
-3.541621208190917969e+00
-7.380264282226562500e+00
6.113211512565612793e-01
1.356184482574462891e-01
-5.858058929443359375e-01
-6.949150562286376953e-01
-8.946384787559509277e-01
-1.929537057876586914e-01
3.675520420074462891e-02
-8.547610044479370117e-01
-1.124165534973144531e+00
-3.210334777832031250e-01
-4.311473369598388672e-01
-1.039909362792968750e+00
-4.502638816833496094e+00
-1.291532516479492188e-01
2.000466585159301758e-01
-3.028790354728698730e-01
-1.684299111366271973e+00
-3.963767290115356445e-01
-2.086197853088378906e+00
-2.227545738220214844e+00
1.049734950065612793e-01
-4.428195953369140625e-01
-6.779217720031738281e-02
-2.414338588714599609e+00
5.606021285057067871e-01
-3.560624122619628906e-01
-1.513576030731201172e+00
-2.801019668579101562e+00
-1.330531835556030273e+00
-1.025614380836486816e+00
3.054152727127075195e-01
-1.121781826019287109e+00
-3.657231330871582031e-01
-6.859126091003417969e-01
-5.953347682952880859e-01
-2.017772197723388672e-02
-2.017267227172851562e+00
-2.706546783447265625e-01
-1.385981917381286621e+00
2.992954254150390625e-01
-9.623551368713378906e-01
-1.810516595840454102e+00
-9.654221534729003906e-01
-2.631056308746337891e-01
1.193276882171630859e+00
-1.548618674278259277e+00
-4.945505857467651367e-01
5.713510513305664062e-01
-4.317323267459869385e-01
-6.729618310928344727e-01
5.368825197219848633e-01
1.640951633453369141e-02
6.284067630767822266e-01
-1.004186153411865234e+00
-2.340096235275268555e-01
2.817525863647460938e-01
-7.853604555130004883e-01
1.020573735237121582e+00
1.022785902023315430e-01
-2.411996722221374512e-01
-2.715249061584472656e-01
5.085229873657226562e-02
-7.703208923339843750e-01
-7.008460760116577148e-01
-1.197519540786743164e+00
6.341807246208190918e-01
-4.066882729530334473e-01
-8.506121635437011719e-01
4.349375963211059570e-01
-8.715927004814147949e-01
-1.310992956161499023e+00
-1.138673424720764160e+00
-1.598945617675781250e+00
-2.210128307342529297e-02
-4.757523536682128906e-01
-9.787696599960327148e-01
-7.744654417037963867e-01
-1.340437173843383789e+00
-1.670813083648681641e+00
-5.934528112411499023e-01
-2.846268415451049805e-01
-1.192773699760437012e+00
-1.340571641921997070e-01
-1.456465721130371094e+00
5.242556333541870117e-01
-5.155920982360839844e-03
-1.102333545684814453e+00
-1.694020986557006836e+00
3.334720134735107422e-01
1.882910728454589844e-02
6.090725064277648926e-01
-1.902060508728027344e-01
4.252988100051879883e-01
1.155176997184753418e+00
-1.940228939056396484e+00
1.610670804977416992e+00
-7.878445386886596680e-01
-4.234786033630371094e-01
-1.953992843627929688e-01
3.876304626464843750e-01
-6.729705333709716797e-01
-7.785439491271972656e-02
-3.108521699905395508e-01
-6.690909862518310547e-01
6.143255829811096191e-01
-1.166532993316650391e+00
-2.420300960540771484e+00
-1.665545105934143066e-01
7.563273906707763672e-01
1.185761094093322754e-01
3.039833307266235352e-01
-6.426885724067687988e-02
5.651347637176513672e-01
6.950509548187255859e-02
5.665355920791625977e-01
-1.227864027023315430e+00
-1.968618154525756836e+00
-1.173698902130126953e-02
6.562181711196899414e-01
2.879037857055664062e-01
-1.890835762023925781e-01
3.796441555023193359e-01
-6.802767515182495117e-01
-7.479258775711059570e-01
-8.033370971679687500e-02
-3.861403465270996094e-01
-2.142174005508422852e+00
-2.385556697845458984e-01
6.500601768493652344e-01
-1.051369667053222656e+00
-1.507005095481872559e+00
-1.475447416305541992e-01
-6.693360805511474609e-01
1.621362209320068359e+00
-1.420941352844238281e-01
7.412092685699462891e-01
3.058321475982666016e-01
-3.733435869216918945e-01
-1.676659941673278809e+00
-3.012485504150390625e-01
-7.552309036254882812e-01
1.943672895431518555e-01
-9.710497856140136719e-01
1.591980695724487305e+00
-7.586538791656494141e-01
-1.086436629295349121e+00
-2.983379602432250977e+00
7.203910350799560547e-01
-9.563244581222534180e-01
-1.995603442192077637e-01
-6.023165583610534668e-01
-1.741898059844970703e-01
4.508072733879089355e-01
-9.774428606033325195e-01
1.463537931442260742e+00
-1.809994697570800781e+00
-2.094163179397583008e+00
4.375773668289184570e-01
-1.131827592849731445e+00
-2.244085073471069336e-02
-1.023846507072448730e+00
-3.003476858139038086e-01
-8.037947416305541992e-01
-1.073009014129638672e+00
9.099825620651245117e-01
-3.622105121612548828e-01
-1.964478254318237305e+00
-1.090365886688232422e+00
-2.403040885925292969e+00
-3.916072845458984375e-02
1.617549657821655273e-01
3.199481964111328125e-02
1.917939186096191406e-01
-9.107081890106201172e-01
-5.033702850341796875e-01
-6.030049324035644531e-01
4.310596585273742676e-01
-7.648594379425048828e-01
-3.565374612808227539e-01
3.064696192741394043e-01
1.361018419265747070e-01
-8.476748466491699219e-01
-1.341023445129394531e-01
-3.316498994827270508e-01
4.011032581329345703e-01
-3.018531799316406250e+00
1.100000143051147461e-01
8.644076585769653320e-01
5.617270469665527344e-01
1.677403450012207031e-01
-9.715948700904846191e-01
-1.236910700798034668e+00
-2.119969129562377930e+00
1.793366670608520508e-01
3.192395567893981934e-01
2.657268643379211426e-01
-7.151163220405578613e-01
-4.241853952407836914e-01
-1.898198843002319336e+00
1.241306066513061523e-01
1.877330541610717773e-01
-8.014775514602661133e-01
6.178078651428222656e-01
1.715067863464355469e+00
3.700144290924072266e-01
-9.965581893920898438e-01
-7.525484561920166016e-01
5.878599882125854492e-01
1.302960395812988281e+00
-2.574328422546386719e+00
-4.827549457550048828e-01
-4.701799154281616211e-01
8.256404399871826172e-01
3.057512044906616211e-01
-3.574478626251220703e-02
