5.000000000000000000e+00
-1.987046003341674805e-01
-2.747830152511596680e-01
4.323160171508789062e+00
-3.962588310241699219e-02
2.167404890060424805e-01
-6.431393027305603027e-01
1.056388020515441895e+00
8.018040657043457031e-01
4.910803318023681641e+00
7.203207015991210938e-01
-1.957848072052001953e-01
4.760791778564453125e+00
3.772894859313964844e+00
-1.415876984596252441e+00
-9.417482614517211914e-01
2.871107101440429688e+00
-1.133492827415466309e+00
3.859595775604248047e+00
7.708833217620849609e-01
-3.841464519500732422e-01
1.271747946739196777e+00
5.000000000000000000e+00
-1.613578677177429199e+00
1.643641948699951172e+00
4.559626579284667969e-01
-5.951731204986572266e-01
-1.288600921630859375e+00
3.362596035003662109e+00
4.086399555206298828e+00
-3.059896230697631836e-01
-6.600618362426757812e-02
1.174042224884033203e-01
4.739292144775390625e+00
1.175364255905151367e-01
-3.493801355361938477e-01
-1.799825429916381836e+00
-1.827228307723999023e+00
-5.573773384094238281e-02
-1.206412911415100098e-01
3.864197731018066406e+00
-5.066678524017333984e-01
-1.314869284629821777e+00
-1.566890954971313477e+00
7.388373613357543945e-01
-2.023361921310424805e-01
-3.346133232116699219e-01
-5.143268108367919922e-01
1.785655021667480469e-01
6.982151865959167480e-01
-1.720208406448364258e+00
5.000000000000000000e+00
5.000000000000000000e+00
8.592306375503540039e-01
-6.094557046890258789e-02
1.868470311164855957e-01
6.359031200408935547e-01
9.593105912208557129e-01
-1.293889045715332031e+00
-3.003962635993957520e-01
8.977379202842712402e-01
5.486145019531250000e-01
-3.441872596740722656e-01
-1.897419452667236328e+00
5.000000000000000000e+00
7.069332599639892578e-01
4.591582298278808594e+00
8.203277587890625000e-01
1.696563243865966797e+00
-7.156343460083007812e-01
5.598140358924865723e-01
-1.249463796615600586e+00
6.700153350830078125e-01
4.394838333129882812e+00
1.326170325279235840e+00
-3.095577359199523926e-01
1.162552475929260254e+00
1.606525301933288574e+00
-3.553482294082641602e-01
-8.678497076034545898e-01
1.056306362152099609e-01
2.734680175781250000e+00
-1.982133388519287109e-01
2.682067155838012695e-01
6.568409204483032227e-01
-8.446730375289916992e-01
6.414875984191894531e-01
-1.570115685462951660e-01
2.538243532180786133e-01
8.580855727195739746e-01
-4.423993825912475586e-01
3.932764053344726562e+00
2.410208463668823242e+00
1.591545224189758301e+00
4.546316862106323242e-01
-2.822904586791992188e-01
-7.186138629913330078e-02
4.553838968276977539e-01
1.394083857536315918e+00
3.625936508178710938e+00
2.115275621414184570e+00
-2.140109539031982422e-01
1.978765368461608887e+00
8.720773458480834961e-02
-2.952247858047485352e-01
5.732978582382202148e-01
-3.381600379943847656e-01
-9.620752334594726562e-01
2.127686023712158203e+00
-9.858457446098327637e-01
2.812295198440551758e+00
-3.456699848175048828e-02
-5.074163675308227539e-01
-2.229261398315429688e-02
9.373958706855773926e-01
4.142258167266845703e+00
4.754510402679443359e+00
-8.890001773834228516e-01
1.175989627838134766e+00
4.905473232269287109e+00
2.152143478393554688e+00
7.772582769393920898e-01
9.835242629051208496e-01
2.774293422698974609e-01
6.757799983024597168e-01
4.054640769958496094e+00
2.463282823562622070e+00
-1.634587049484252930e-01
1.134489774703979492e-01
9.814277887344360352e-01
-3.520823717117309570e-01
8.452996015548706055e-01
2.203006744384765625e-01
-9.600656032562255859e-01
-1.495387554168701172e-01
-3.686288297176361084e-01
3.470020771026611328e+00
9.241553544998168945e-01
5.607814192771911621e-01
1.998114109039306641e+00
3.628314018249511719e+00
1.673642158508300781e+00
4.047150611877441406e-01
-2.530415058135986328e-01
2.178301811218261719e+00
3.294625282287597656e+00
-6.108848452568054199e-01
1.378128528594970703e-01
3.609996795654296875e+00
1.102364361286163330e-01
8.858332633972167969e-01
3.504915475845336914e+00
-1.103940010070800781e-01
-1.717708826065063477e+00
3.953679323196411133e+00
3.312170028686523438e+00
3.737920761108398438e+00
-1.450464844703674316e+00
-7.747626304626464844e-02
4.732192754745483398e-01
4.077303409576416016e-02
-1.522822380065917969e+00
-4.481716156005859375e-01
1.537587165832519531e+00
-4.781869649887084961e-01
-3.000391721725463867e-01
1.366324424743652344e+00
-9.934586286544799805e-01
-2.875051021575927734e+00
-1.997252702713012695e-01
7.057336568832397461e-01
8.950353264808654785e-01
2.503871917724609375e+00
2.066024541854858398e+00
-6.575731039047241211e-01
-1.008899688720703125e+00
-1.027257442474365234e-01
2.958297252655029297e+00
3.458743095397949219e+00
5.201266407966613770e-01
4.652206897735595703e-01
-1.215032577514648438e+00
4.154219925403594971e-01
2.319692611694335938e+00
2.324705123901367188e-01
-2.251106977462768555e+00
-9.502775073051452637e-01
-2.340364456176757812e-01
5.181385278701782227e-01
1.399080753326416016e-01
7.888805866241455078e-02
-3.452326059341430664e-01
-3.456068038940429688e-01
5.000000000000000000e+00
1.095057964324951172e+00
6.057839393615722656e-01
1.189939379692077637e-01
8.801331520080566406e-01
1.105931162834167480e+00
-1.719861030578613281e+00
3.746426105499267578e-02
2.645407915115356445e-01
3.808838129043579102e-02
-4.339518547058105469e-01
1.206332921981811523e+00
-2.318734407424926758e+00
1.586829662322998047e+00
7.884474992752075195e-01
-9.628734588623046875e-01
3.847857952117919922e+00
4.892327785491943359e+00
-2.666308879852294922e-01
3.111568689346313477e-01
2.745976746082305908e-01
-1.481537103652954102e+00
-7.748867273330688477e-01
-6.012163162231445312e-01
2.172652482986450195e-01
-1.608248472213745117e+00
1.611216306686401367e+00
-1.409951567649841309e+00
-5.568660497665405273e-01
-1.349067091941833496e+00
2.233049392700195312e+00
-2.860485315322875977e-01
5.000000000000000000e+00
4.085116386413574219e-01
9.324476718902587891e-01
2.912876129150390625e+00
-2.973811864852905273e+00
-7.994204998016357422e+00
2.528808116912841797e-01
-1.221204638481140137e+00
-2.234934568405151367e-01
5.649753808975219727e-01
-8.082255125045776367e-01
2.115862846374511719e+00
1.230264306068420410e+00
-1.761662244796752930e+00
2.705077528953552246e-01
2.521774530410766602e+00
4.693855762481689453e+00
8.129745721817016602e-02
-8.146216869354248047e-01
-1.666916608810424805e-01
-1.970767378807067871e-01
1.579087257385253906e+00
-6.841408014297485352e-01
-1.412160158157348633e+00
4.090976715087890625e-02
-2.123216629028320312e+00
-7.170200347900390625e-01
-3.836444020271301270e-01
-1.899502873420715332e+00
2.594278335571289062e+00
8.992338180541992188e-02
-4.757423400878906250e-01
1.353592157363891602e+00
1.920668244361877441e+00
1.757419586181640625e+00
-1.013455271720886230e+00
-2.479841113090515137e-01
4.315865516662597656e+00
-1.155018568038940430e+00
-6.455198526382446289e-01
7.690321803092956543e-01
-1.310901880264282227e+00
4.192791938781738281e+00
-3.618226051330566406e-01
4.521931648254394531e+00
4.069333076477050781e-01
3.732069492340087891e+00
4.105398654937744141e-01
4.396147727966308594e+00
4.757840156555175781e+00
1.841378927230834961e+00
4.700613021850585938e+00
1.591925621032714844e-01
-7.862126827239990234e-01
3.730299472808837891e+00
1.444202661514282227e-01
-3.297969102859497070e-01
1.078346014022827148e+00
-1.850316047668457031e+00
3.886925697326660156e+00
2.448506355285644531e+00
3.813092708587646484e-01
-2.972611188888549805e-01
4.504204273223876953e+00
-1.040291786193847656e+00
-3.225462436676025391e-01
2.572677135467529297e-01
-5.551279783248901367e-01
1.132679581642150879e-01
-5.728667974472045898e-01
-3.318759918212890625e+00
-1.809281587600708008e+00
4.022957801818847656e+00
1.447700262069702148e-01
-6.675795316696166992e-01
3.612703084945678711e+00
3.080289363861083984e-01
4.883922576904296875e+00
-1.711106300354003906e+00
4.282850742340087891e+00
-9.380486011505126953e-01
8.594125509262084961e-01
5.000000000000000000e+00
4.315043926239013672e+00
5.000000000000000000e+00
-3.918844461441040039e-02
-7.892998456954956055e-01
-1.870093345642089844e-01
-5.969972908496856689e-02
-1.186592340469360352e+00
4.845936298370361328e+00
4.201045632362365723e-01
1.620876789093017578e+00
4.118909358978271484e+00
-4.398946762084960938e-01
-1.354487419128417969e+00
-3.484899997711181641e-01
9.634090662002563477e-01
5.983567237854003906e-02
-3.033421635627746582e-01
1.492190599441528320e+00
4.341998577117919922e+00
-5.788539648056030273e-01
5.725980401039123535e-01
1.048087835311889648e+00
1.833549737930297852e+00
-5.527448654174804688e-02
4.884712696075439453e-01
5.000000000000000000e+00
4.264966964721679688e+00
2.517463684082031250e+00
4.170165657997131348e-01
-3.772355318069458008e-01
6.563426852226257324e-01
8.152490854263305664e-01
4.444880485534667969e+00
5.000000000000000000e+00
9.276387691497802734e-01
-1.017732739448547363e+00
4.050261497497558594e+00
1.800571441650390625e+00
5.000000000000000000e+00
3.070897579193115234e+00
1.318373680114746094e+00
1.642868161201477051e+00
3.497125148773193359e+00
7.697113752365112305e-01
7.010985612869262695e-01
2.585444688796997070e+00
-3.477439403533935547e+00
5.427420139312744141e-01
2.665832042694091797e+00
-8.255088329315185547e-02
-7.249097824096679688e-01
2.507548332214355469e-01
1.028927087783813477e+00
1.560782194137573242e-01
-2.218061447143554688e+00
3.150936365127563477e+00
5.000000000000000000e+00
1.309026479721069336e-01
1.106255054473876953e-01
1.309393644332885742e-01
8.405026197433471680e-01
1.732691049575805664e+00
-5.782003998756408691e-01
2.303734540939331055e+00
1.049987912178039551e+00
8.512083888053894043e-01
2.351771593093872070e+00
1.172906160354614258e+00
-1.173695325851440430e+00
-1.361682176589965820e+00
6.579169034957885742e-01
2.431101799011230469e-01
-8.808214068412780762e-01
2.443072795867919922e-01
4.351344585418701172e+00
2.061855077743530273e+00
-2.253394126892089844e-01
3.606963157653808594e-01
4.396645426750183105e-01
9.218604564666748047e-01
1.220660567283630371e+00
1.993845939636230469e+00
2.312500476837158203e-01
9.753814935684204102e-01
2.315434217453002930e+00
-4.835265874862670898e-01
3.721261024475097656e+00
-1.673740744590759277e-01
-6.027746200561523438e-02
2.222850322723388672e+00
3.369144916534423828e+00
-6.796565055847167969e-01
2.893269062042236328e-01
4.813140869140625000e+00
-9.009408950805664062e-02
4.320344448089599609e+00
5.852894186973571777e-01
4.041457653045654297e+00
-8.295547962188720703e-01
-2.462227940559387207e-01
3.362900495529174805e+00
1.143799185752868652e+00
-9.897780418395996094e-02
-1.454162359237670898e+00
6.034481525421142578e-02
-1.880044937133789062e-01
-5.193111896514892578e-01
2.641326189041137695e-01
4.214216470718383789e-01
1.120508670806884766e+00
-2.247644662857055664e-01
-2.969002723693847656e-01
-3.548843622207641602e+00
1.275896430015563965e+00
-5.540391206741333008e-01
3.089637279510498047e+00
-4.221967458724975586e-01
6.833425760269165039e-01
4.003277778625488281e+00
1.233974456787109375e+00
-4.038518667221069336e-02
-1.884239673614501953e+00
3.428428173065185547e-01
8.172925710678100586e-01
-8.814806938171386719e-01
-6.610817313194274902e-01
-4.247883558273315430e-01
-1.056266069412231445e+00
1.858137965202331543e+00
-5.597805976867675781e-02
-4.736024141311645508e-01
4.214083194732666016e+00
-1.640426158905029297e+00
-4.881590604782104492e-01
2.327619791030883789e+00
2.156661510467529297e+00
-1.192737817764282227e+00
1.192587375640869141e+00
4.715130805969238281e+00
-2.017749309539794922e+00
5.498193502426147461e-01
4.138974189758300781e+00
7.132376432418823242e-01
-1.362837553024291992e+00
3.169698715209960938e+00
1.769893169403076172e-01
2.403151392936706543e-01
-5.072605609893798828e-02
4.230629444122314453e+00
-3.872255682945251465e-01
-1.617897152900695801e-01
1.889739155769348145e+00
-1.286320090293884277e-01
-1.695280790328979492e+00
2.764471530914306641e+00
5.000000000000000000e+00
-9.074558019638061523e-01
9.166681766510009766e-02
-6.942777633666992188e-01
-1.010245800018310547e+00
-7.716239690780639648e-01
6.461887359619140625e-01
-1.848196983337402344e-01
3.911361455917358398e+00
3.746736049652099609e-02
-8.025345802307128906e-01
-7.314753532409667969e-01
-2.984105110168457031e+00
-4.262747764587402344e-01
2.300029277801513672e+00
-3.560477495193481445e-01
4.516025543212890625e+00
-1.945122480392456055e+00
1.015855550765991211e+00
1.371893882751464844e+00
-6.228297948837280273e-02
5.000000000000000000e+00
1.032848358154296875e-01
-3.856325149536132812e-02
1.111558318138122559e+00
1.635762691497802734e+00
9.831862449645996094e-01
4.433841705322265625e-01
2.080245018005371094e-01
2.111900329589843750e+00
1.346320390701293945e+00
1.801404654979705811e-01
1.612793326377868652e+00
-9.028017520904541016e-01
7.647154927253723145e-01
-8.298336267471313477e-01
4.117278456687927246e-01
-4.810959100723266602e-01
-7.379496097564697266e-01
2.605685234069824219e+00
-3.873044252395629883e-01
-1.030769348144531250e-01
-7.156744003295898438e-01
-7.946538925170898438e-01
4.169794321060180664e-01
2.868341445922851562e+00
2.712123394012451172e-01
1.400045514106750488e+00
1.112096786499023438e+00
1.999387145042419434e-01
8.990728259086608887e-01
1.288819789886474609e+00
9.618716835975646973e-01
1.246254086494445801e+00
-1.242745757102966309e+00
3.949464321136474609e+00
4.302747726440429688e+00
4.926671028137207031e+00
-1.747151613235473633e+00
1.966694116592407227e+00
2.496552467346191406e-02
-2.436385154724121094e-01
-9.293755292892456055e-01
-1.511722803115844727e-01
-4.046549797058105469e-01
7.564857006072998047e-01
-9.518625736236572266e-01
4.797350883483886719e+00
4.462685585021972656e+00
-3.937774896621704102e-01
1.545218706130981445e+00
1.650446057319641113e-01
3.954530715942382812e+00
6.330790519714355469e-01
1.518629312515258789e+00
-2.616725206375122070e+00
-1.541744947433471680e+00
-1.248093366622924805e+00
4.777593612670898438e-01
5.145336389541625977e-01
7.762485742568969727e-01
4.837180137634277344e+00
-7.097223997116088867e-01
-2.304436266422271729e-01
-5.332704186439514160e-01
-1.091350317001342773e-01
-1.578409671783447266e-01
-3.499913215637207031e-01
2.978287935256958008e-01
-8.099377155303955078e-01
-3.474173545837402344e-01
-4.572967886924743652e-01
5.000000000000000000e+00
1.073880910873413086e+00
-1.482663631439208984e+00
-3.393872082233428955e-01
-2.079105377197265625e-02
4.890473842620849609e+00
6.077623367309570312e-02
-2.376598119735717773e-02
-1.683138161897659302e-01
3.071732521057128906e+00
4.248682260513305664e-01
-2.659372091293334961e-01
-2.330565452575683594e-02
-6.652741432189941406e-01
1.588746309280395508e+00
-2.729675769805908203e-01
-1.554462671279907227e+00
-2.110613584518432617e+00
5.000000000000000000e+00
-3.890603780746459961e-01
4.261098861694335938e+00
5.000000000000000000e+00
5.000000000000000000e+00
1.309352040290832520e+00
1.429806232452392578e+00
-2.157230377197265625e+00
9.364745616912841797e-01
3.050540924072265625e+00
3.272465944290161133e+00
1.031861662864685059e+00
-5.547058582305908203e-02
-1.175156831741333008e-01
-1.327889442443847656e+00
-1.909057378768920898e+00
-2.360689640045166016e-02
9.217571616172790527e-01
6.257230043411254883e-01
1.508408784866333008e-02
1.665138959884643555e+00
-7.239763736724853516e-01
-1.050319314002990723e+00
-1.664221286773681641e+00
8.334946632385253906e-02
2.709770202636718750e-01
8.209516406059265137e-01
4.096330642700195312e+00
4.189411163330078125e+00
-1.012022495269775391e-01
7.896180152893066406e-01
4.971763610839843750e+00
-9.982969760894775391e-01
-1.692698001861572266e-01
1.528371572494506836e+00
-4.780909538269042969e+00
2.299614667892456055e+00
6.267219781875610352e-01
7.832089662551879883e-01
2.696903467178344727e+00
-1.198174953460693359e-01
-6.697206497192382812e-01
2.418957710266113281e+00
4.067156314849853516e-01
2.959927022457122803e-01
-2.082662582397460938e+00
4.114667415618896484e+00
1.041741251945495605e+00
4.249657392501831055e-01
-4.193201959133148193e-01
-9.054899215698242188e-03
5.562585592269897461e-01
2.149392366409301758e-01
5.591337680816650391e-01
2.708547115325927734e-01
-6.166660189628601074e-01
3.884766399860382080e-01
1.089651465415954590e+00
3.169884681701660156e+00
8.100953102111816406e-01
4.362684488296508789e-01
5.000000000000000000e+00
6.506797075271606445e-01
9.891704320907592773e-01
2.297059535980224609e+00
1.604594469070434570e+00
-1.009664297103881836e+00
6.050585508346557617e-01
2.920446395874023438e-01
-2.707735300064086914e-01
1.364568352699279785e+00
-3.307168483734130859e-01
-1.107512235641479492e+00
1.712171912193298340e+00
9.296395182609558105e-01
5.372973680496215820e-01
5.220234394073486328e-02
2.606306314468383789e+00
1.295346021652221680e-01
-4.316042661666870117e-01
5.000000000000000000e+00
4.859071731567382812e+00
2.223833799362182617e+00
-7.705358266830444336e-01
-6.093460321426391602e-01
-4.357016086578369141e-02
8.299734592437744141e-01
-5.240085721015930176e-02
4.831078529357910156e+00
2.398789167404174805e+00
-6.385750323534011841e-02
2.236557483673095703e+00
2.689811468124389648e+00
5.000000000000000000e+00
1.059549808502197266e+00
7.636134624481201172e-01
2.210371494293212891e+00
-1.556674242019653320e-01
5.000000000000000000e+00
5.000000000000000000e+00
-5.186685919761657715e-01
1.834853410720825195e+00
-9.429848194122314453e-02
1.073683023452758789e+00
-6.893546581268310547e-01
1.107787013053894043e+00
-8.623826503753662109e-01
-7.132499217987060547e-01
2.590822219848632812e+00
-4.482623100280761719e+00
9.879351854324340820e-01
2.191760301589965820e+00
1.122584581375122070e+00
5.272997021675109863e-01
-8.663840889930725098e-01
6.154489517211914062e-01
9.048150777816772461e-01
-1.195762395858764648e+00
5.000000000000000000e+00
4.225967884063720703e+00
-1.023225545883178711e+00
4.233652353286743164e-01
1.758226156234741211e+00
2.027843952178955078e+00
1.804186105728149414e-01
1.370742797851562500e+00
-1.692844629287719727e-01
-1.052790403366088867e+00
1.382430791854858398e-01
5.601351261138916016e-01
2.741680860519409180e+00
1.555335521697998047e-01
2.139730215072631836e+00
1.868634462356567383e+00
1.132835149765014648e+00
6.753691434860229492e-01
4.353268623352050781e+00
3.992831707000732422e-01
1.458632588386535645e+00
6.507207155227661133e-01
-2.119789838790893555e+00
-4.280847311019897461e-01
1.625652313232421875e+00
1.093043088912963867e+00
1.314008235931396484e-01
-7.821168899536132812e-01
-2.192083001136779785e-01
-1.282691001892089844e+00
8.752441406250000000e-02
4.652098178863525391e+00
9.014157652854919434e-01
1.102244853973388672e-01
-1.631708145141601562e-01
1.032536506652832031e+00
-2.235461950302124023e+00
-1.117204546928405762e+00
2.562331199645996094e+00
4.212980270385742188e+00
4.926007986068725586e-02
4.487324953079223633e-01
-1.975029706954956055e+00
1.354558467864990234e+00
3.945690393447875977e-01
3.773026466369628906e-01
4.303597450256347656e+00
2.202771186828613281e+00
-6.356611251831054688e-01
2.582808017730712891e+00
9.225010871887207031e-02
4.705936908721923828e+00
-6.134165525436401367e-01
8.783830404281616211e-01
1.376523256301879883e+00
-9.057895541191101074e-01
-1.981333494186401367e-01
4.315518379211425781e+00
1.571658611297607422e+00
2.610551118850708008e-01
5.152781605720520020e-01
-1.119706392288208008e+00
-2.164912223815917969e+00
4.485246539115905762e-01
1.257611513137817383e-01
4.951941490173339844e+00
-6.705719232559204102e-02
-2.153162002563476562e+00
-3.270119428634643555e-01
-1.520560383796691895e-01
-1.003523468971252441e-01
4.337735772132873535e-01
1.399725079536437988e+00
9.804521799087524414e-01
2.432431697845458984e+00
-3.529244661331176758e-02
-6.927502155303955078e-01
3.376402258872985840e-01
-1.489713788032531738e+00
5.000000000000000000e+00
3.660484313964843750e+00
-3.029198050498962402e-01
2.735985994338989258e+00
1.894666194915771484e+00
-1.299724578857421875e+00
1.492416977882385254e+00
2.837623119354248047e+00
-4.168915748596191406e-01
8.000900745391845703e-01
3.955201506614685059e-01
-4.156057834625244141e-01
5.000000000000000000e+00
1.920091986656188965e+00
2.390835762023925781e+00
5.000000000000000000e+00
5.000000000000000000e+00
1.678644418716430664e+00
1.420960426330566406e-01
7.333714962005615234e-01
5.408126115798950195e-01
2.886124849319458008e-01
-9.941476583480834961e-02
5.000000000000000000e+00
-7.104837894439697266e-02
-1.884585142135620117e+00
-2.869529724121093750e-01
-3.980253636837005615e-02
5.273300409317016602e-01
1.478133797645568848e-01
-1.190327405929565430e-01
-5.091980695724487305e-01
-1.200426459312438965e+00
1.104089021682739258e-01
-3.512223958969116211e-01
2.425891160964965820e-01
3.670722246170043945e-01
3.329601287841796875e-01
5.000000000000000000e+00
1.031571745872497559e+00
-1.999608874320983887e-01
1.073402762413024902e+00
-1.597109794616699219e+00
1.258879899978637695e+00
5.000000000000000000e+00
5.000000000000000000e+00
2.976917028427124023e-01
-1.471777439117431641e+00
-2.769045829772949219e-01
1.940643191337585449e-01
-6.800565719604492188e-01
1.602702140808105469e-01
-1.368821620941162109e+00
-5.371200084686279297e+00
7.962907552719116211e-01
-1.383526921272277832e-01
1.359237909317016602e+00
5.000000000000000000e+00
1.380586504936218262e+00
-3.011959791183471680e-01
5.000000000000000000e+00
3.982685089111328125e+00
2.223515510559082031e-02
1.901453018188476562e+00
1.821908354759216309e+00
5.324110388755798340e-01
4.208237648010253906e+00
-3.138062953948974609e-01
1.131867289543151855e+00
-2.321164608001708984e+00
1.410034894943237305e-01
-1.516744852066040039e+00
2.174502372741699219e+00
-7.160599231719970703e-01
-6.226718425750732422e-01
5.352388024330139160e-01
-8.660715818405151367e-01
9.049239754676818848e-02
4.022884368896484375e+00
6.875947117805480957e-02
-1.096458315849304199e+00
6.456456780433654785e-01
3.980076313018798828e-01
1.250215888023376465e+00
6.046950817108154297e-02
2.808258533477783203e-01
8.694181442260742188e-01
4.255650043487548828e+00
-7.042029500007629395e-01
-4.195040464401245117e-01
-8.244895935058593750e-02
4.461638927459716797e-01
-9.441251754760742188e-01
-1.281821966171264648e+00
-7.830577492713928223e-01
5.634299516677856445e-01
-2.610093355178833008e+00
-7.132244110107421875e-01
1.329599857330322266e+00
-9.693440198898315430e-01
1.249893426895141602e+00
5.000000000000000000e+00
4.142100214958190918e-01
3.737424850463867188e+00
3.094520568847656250e+00
1.454035043716430664e-01
-1.929285049438476562e+00
-6.931674480438232422e-02
4.924217224121093750e+00
5.742752552032470703e-02
-1.430147528648376465e+00
-1.613537073135375977e-01
7.741295099258422852e-01
4.872521162033081055e-01
-1.287317991256713867e+00
-1.928577661514282227e+00
-1.876838207244873047e+00
2.107777833938598633e+00
2.599985837936401367e+00
-1.026828289031982422e-01
-1.658525943756103516e+00
-2.204762697219848633e-01
-5.619840621948242188e-01
3.978942632675170898e-01
-1.075852394104003906e+00
-6.301701068878173828e-01
8.753561973571777344e-02
3.985788345336914062e+00
-6.501895189285278320e-01
8.530336618423461914e-02
6.747399568557739258e-01
3.211715936660766602e+00
-6.056492328643798828e-01
3.930786848068237305e-01
9.286346435546875000e-01
1.197844028472900391e+00
4.380739688873291016e+00
-2.784907817840576172e-02
-1.804938912391662598e-01
4.024412155151367188e+00
