-7.098585963249206543e-01
1.839855909347534180e+00
-1.268732070922851562e+00
-6.615600585937500000e-01
-6.674566745758056641e+00
4.841435432434082031e+00
-4.422732591629028320e-01
-1.045928001403808594e+00
3.610427856445312500e+00
-3.837484121322631836e-01
-1.266977071762084961e+00
4.056775093078613281e+00
-9.838420152664184570e-02
1.084593176841735840e+00
2.444493055343627930e+00
-1.330226302146911621e+00
4.753852367401123047e+00
-5.576139688491821289e-02
1.144686341285705566e+00
7.638764381408691406e-02
6.959102153778076172e-01
7.228927612304687500e-01
-1.196922779083251953e+00
-6.273629069328308105e-01
-1.194895744323730469e+00
5.000000000000000000e+00
-1.957108974456787109e-01
-2.097929477691650391e+00
3.042194843292236328e-01
-6.885237097740173340e-01
-8.106195926666259766e-02
1.048879504203796387e+00
1.898428320884704590e+00
5.589330196380615234e-01
-5.402957201004028320e-01
5.000000000000000000e+00
4.618899822235107422e-01
2.993688583374023438e-01
7.119503021240234375e-01
1.463379263877868652e-01
-7.410196065902709961e-01
1.608849763870239258e-01
2.075789213180541992e+00
-3.224745273590087891e+00
2.134328484535217285e-01
4.177182912826538086e-01
-8.086441755294799805e-01
-1.176689863204956055e-01
5.000000000000000000e+00
5.746052861213684082e-01
5.705404281616210938e-01
1.098776698112487793e+00
5.000000000000000000e+00
7.825270295143127441e-01
1.391166210174560547e+00
4.558842182159423828e-01
-4.864423274993896484e-01
3.069952011108398438e+00
5.851669311523437500e-01
3.430590152740478516e+00
3.562257885932922363e-01
-1.999509334564208984e-02
5.457379221916198730e-01
4.641928672790527344e+00
4.750856876373291016e+00
2.191174268722534180e+00
2.524644136428833008e-01
5.744606256484985352e-01
-2.468482255935668945e-01
1.048657417297363281e+00
1.214504241943359375e-02
9.125852584838867188e-02
-6.685250997543334961e-01
-6.001424789428710938e-02
1.981145620346069336e+00
4.675590991973876953e+00
4.915342330932617188e+00
1.226323843002319336e-01
2.126617431640625000e-01
1.118844032287597656e+00
-1.315590262413024902e+00
1.659000754356384277e+00
1.152287721633911133e+00
4.972135424613952637e-01
-7.039457559585571289e-01
5.000000000000000000e+00
2.850249290466308594e+00
-1.041401028633117676e+00
3.707457542419433594e+00
-1.967468857765197754e-01
1.092171072959899902e+00
1.814064860343933105e+00
4.240245819091796875e+00
-1.059875488281250000e+00
4.220965385437011719e+00
4.178250312805175781e+00
1.303005099296569824e+00
-4.399400949478149414e-01
3.473436236381530762e-01
2.223046541213989258e+00
5.114688873291015625e-01
-3.292567729949951172e-01
1.778838276863098145e+00
2.621324539184570312e+00
-2.519108057022094727e-01
5.057563781738281250e-01
5.619891881942749023e-01
-2.243499040603637695e+00
2.049469947814941406e-02
8.107747435569763184e-01
5.000000000000000000e+00
-3.476455211639404297e+00
1.102250337600708008e+00
-9.015645980834960938e-01
-7.975029945373535156e-02
1.218018054962158203e+00
1.830905437469482422e+00
4.549721479415893555e-01
1.044805049896240234e-01
5.000000000000000000e+00
5.000000000000000000e+00
-2.227642536163330078e-01
5.000000000000000000e+00
1.326528668403625488e+00
5.000000000000000000e+00
-5.535584688186645508e-01
1.745122075080871582e+00
1.209994316101074219e+00
4.744327545166015625e+00
4.003547430038452148e-01
-1.197647452354431152e-01
6.826772689819335938e-01
-7.495714426040649414e-01
-2.281296253204345703e-01
1.038269519805908203e+00
1.823633193969726562e+00
-3.295419216156005859e-01
4.165959358215332031e-02
4.485170841217041016e+00
2.332332849502563477e+00
-1.734067201614379883e-01
-5.426332950592041016e-01
4.281256675720214844e+00
-1.613446712493896484e+00
6.190196871757507324e-01
-1.168762445449829102e-01
1.980578422546386719e+00
5.000000000000000000e+00
-2.992463111877441406e-02
1.348817229270935059e+00
5.741307139396667480e-01
-1.263046622276306152e+00
3.114184617996215820e+00
-1.061291217803955078e+00
2.224874496459960938e-01
1.266560792922973633e+00
5.075173377990722656e-01
-4.463421702384948730e-01
3.257831335067749023e-01
-2.126466751098632812e+00
7.204053401947021484e-01
4.705872535705566406e+00
2.806450724601745605e-01
-1.207603096961975098e+00
1.638523578643798828e+00
-1.026792049407958984e+00
5.000000000000000000e+00
3.274273872375488281e-02
-1.692968130111694336e+00
4.757581949234008789e-01
5.000000000000000000e+00
9.170730710029602051e-01
2.224391698837280273e-01
5.000000000000000000e+00
4.597455978393554688e+00
-7.209260463714599609e-01
7.825319766998291016e-01
4.439574241638183594e+00
-6.692632436752319336e-01
2.631946563720703125e+00
4.747457981109619141e+00
4.241560935974121094e+00
5.365679860115051270e-01
3.075108766555786133e+00
1.053076148033142090e+00
5.000000000000000000e+00
5.000000000000000000e+00
3.287065029144287109e-02
-9.497067928314208984e-01
5.620884895324707031e-01
-3.743841648101806641e-01
-5.246355533599853516e-01
2.248699665069580078e-01
-1.074945926666259766e-01
-1.532963514328002930e+00
-9.450827836990356445e-01
4.102657794952392578e+00
9.152991771697998047e-01
-3.800805807113647461e-01
4.858342170715332031e+00
-2.891210317611694336e-01
-1.450638294219970703e+00
3.837812900543212891e+00
2.155143022537231445e+00
1.142344951629638672e+00
-6.375432014465332031e-02
4.548440933227539062e+00
2.295940518379211426e-01
-8.708398342132568359e-01
-1.450639486312866211e+00
3.669359683990478516e-01
-2.287726402282714844e-01
-1.261552572250366211e+00
4.045200347900390625e-02
2.814179897308349609e+00
6.922960281372070312e-03
-1.539493203163146973e-01
9.147534370422363281e-01
2.280800938606262207e-01
1.240177154541015625e-01
3.772335767745971680e+00
1.384929418563842773e+00
5.047761201858520508e-01
7.903015613555908203e-01
5.000000000000000000e+00
2.608820199966430664e-01
9.134032726287841797e-01
-2.625644207000732422e-01
-1.273121476173400879e+00
1.687791049480438232e-01
2.418510437011718750e+00
7.233217358589172363e-01
1.917788982391357422e-01
-1.965350270271301270e+00
-4.342520236968994141e-01
6.324131488800048828e-01
-1.916661620140075684e+00
7.241785526275634766e-02
-3.397406339645385742e-01
-8.681292533874511719e-01
1.035464525222778320e+00
-1.612316966056823730e+00
-2.568810582160949707e-01
8.179906010627746582e-01
2.034108638763427734e-01
-3.060173988342285156e-02
-1.964265942573547363e+00
2.628669261932373047e+00
-1.130774021148681641e-01
6.788018941879272461e-01
5.564913749694824219e-01
-1.731987237930297852e+00
9.688205718994140625e-01
3.942815065383911133e-01
2.891278028488159180e+00
-4.988536834716796875e+00
4.690095186233520508e-01
-5.684430003166198730e-01
-2.065132260322570801e-01
1.923935413360595703e-01
-6.484794616699218750e-01
1.374344825744628906e+00
-5.729855298995971680e-01
1.095815300941467285e+00
2.963206291198730469e+00
-5.229816436767578125e-01
-2.410913467407226562e+00
1.411853313446044922e+00
-7.682168483734130859e-02
5.000000000000000000e+00
2.326216459274291992e+00
-3.988667011260986328e+00
-5.357632637023925781e-01
5.000000000000000000e+00
-2.276570796966552734e-01
1.109013557434082031e-01
-4.413416385650634766e-01
3.062624931335449219e-01
3.518416404724121094e+00
1.093577623367309570e+00
1.708366870880126953e+00
-7.430930137634277344e-01
-1.284131884574890137e+00
-2.361012697219848633e-01
-2.368359327316284180e+00
-3.853625059127807617e-01
-6.359660625457763672e-02
-1.932859420776367188e-02
3.664852380752563477e+00
2.534311294555664062e+00
-4.961453437805175781e+00
2.855421006679534912e-01
-9.780982732772827148e-01
1.542510509490966797e+00
-1.175360679626464844e-01
-9.174156188964843750e-01
-1.670945882797241211e+00
-7.936093807220458984e-01
4.470845222473144531e+00
4.441952705383300781e+00
1.155319571495056152e+00
6.668450236320495605e-01
-8.713334798812866211e-02
3.852214813232421875e-01
1.216943264007568359e+00
2.024118661880493164e+00
-1.336591839790344238e-01
4.074785709381103516e+00
3.355351984500885010e-01
1.085745334625244141e+00
2.478793144226074219e+00
2.758971452713012695e-01
1.145058155059814453e+00
6.899778842926025391e-01
3.853944778442382812e+00
1.069369792938232422e+00
1.338768839836120605e+00
1.895586252212524414e+00
-1.487807035446166992e+00
5.011284351348876953e-01
-2.252157926559448242e-01
3.352550268173217773e-01
-1.716506361961364746e+00
3.019290566444396973e-01
8.437776565551757812e-02
5.025552511215209961e-01
1.360542774200439453e-01
-2.014025449752807617e-01
2.755237579345703125e+00
-1.070303916931152344e-01
2.314121127128601074e-01
8.327395915985107422e-01
-7.795498371124267578e-01
7.071882486343383789e-02
8.584665060043334961e-01
-2.287991642951965332e-01
-2.770131230354309082e-01
6.856441497802734375e-03
7.832967042922973633e-01
1.311439752578735352e+00
-6.028474569320678711e-01
6.990361213684082031e-02
5.000000000000000000e+00
-1.662433147430419922e-02
2.101670801639556885e-01
-9.368783235549926758e-01
-4.289573431015014648e-02
3.173250436782836914e+00
-2.785172462463378906e-01
1.846432685852050781e-01
2.632035732269287109e+00
-1.455698490142822266e+00
2.416155815124511719e+00
1.326544284820556641e+00
6.035087108612060547e-01
2.490370273590087891e+00
4.966872930526733398e-01
8.775039911270141602e-01
3.105258226394653320e+00
-3.357892036437988281e-01
1.501806974411010742e+00
1.827780485153198242e+00
-2.742667794227600098e-01
4.283772468566894531e+00
3.187869191169738770e-01
-1.605004549026489258e+00
4.360735416412353516e-02
8.982990980148315430e-01
-9.613783955574035645e-01
-6.993536949157714844e-01
4.374466419219970703e+00
-3.580200672149658203e-02
4.926403760910034180e-01
2.574955224990844727e-01
-1.402528285980224609e-01
3.930081367492675781e+00
-8.464195728302001953e-01
-1.016415715217590332e+00
4.572480320930480957e-01
1.842433214187622070e-01
-4.462452530860900879e-01
3.876831054687500000e+00
-1.057412624359130859e+00
-8.487675189971923828e-01
3.610326290130615234e+00
4.350384235382080078e+00
-1.272906780242919922e+00
9.682880640029907227e-01
1.436502933502197266e-01
-5.472970604896545410e-01
2.316393613815307617e+00
3.204579353332519531e+00
2.971376180648803711e-01
-4.955389499664306641e-01
-4.982923865318298340e-01
3.937530815601348877e-01
2.770535230636596680e+00
6.193757057189941406e-02
8.947841525077819824e-01
1.098999977111816406e-01
9.592370986938476562e-01
-2.332111358642578125e+00
1.649320125579833984e+00
-4.912190437316894531e-01
-3.961124420166015625e-01
-6.618330478668212891e-01
1.510775327682495117e+00
-7.969350814819335938e-01
7.313197851181030273e-01
5.000000000000000000e+00
2.156144618988037109e+00
3.897969722747802734e-01
9.162373542785644531e-01
5.000000000000000000e+00
4.118548870086669922e+00
-1.208193421363830566e+00
1.929192066192626953e+00
1.197980403900146484e+00
1.228211164474487305e+00
1.855083703994750977e-01
3.063708543777465820e+00
-6.071462631225585938e-01
1.303723692893981934e+00
-4.201603889465332031e+00
-2.028758049011230469e+00
1.476814031600952148e+00
-1.237017869949340820e+00
-9.422200918197631836e-02
-5.689214468002319336e-01
-1.848255395889282227e-01
-4.485901594161987305e-01
1.291419267654418945e+00
-3.380729258060455322e-02
-1.242007732391357422e+00
8.497084379196166992e-01
1.391585469245910645e+00
-1.005161166191101074e+00
-4.642888903617858887e-01
-2.535332441329956055e+00
1.526789903640747070e+00
4.351642608642578125e+00
1.275685071945190430e+00
2.825055599212646484e+00
1.518866658210754395e+00
-9.208738803863525391e-03
7.560980916023254395e-01
-2.106220245361328125e+00
7.865134477615356445e-01
6.699268817901611328e-01
-1.491377949714660645e-01
-1.228982448577880859e+00
1.167060494422912598e+00
7.372934818267822266e-01
-1.100774526596069336e+00
1.034004569053649902e+00
6.867439150810241699e-01
-3.271556496620178223e-01
-8.037042617797851562e-01
1.559910297393798828e+00
8.032459020614624023e-02
8.874213695526123047e-02
1.055175304412841797e+00
1.990227460861206055e+00
9.337711334228515625e-02
4.483479499816894531e+00
-2.426139116287231445e-01
7.945637702941894531e-01
8.394900560379028320e-01
-1.178853273391723633e+00
1.162339448928833008e-01
-2.298044204711914062e+00
1.829790592193603516e+00
-6.092692613601684570e-01
6.103916764259338379e-01
-1.403339385986328125e+00
3.109553813934326172e+00
2.821581959724426270e-01
-1.748446941375732422e+00
1.197996616363525391e+00
5.000000000000000000e+00
9.138641357421875000e-01
-4.649095535278320312e-01
-8.629550933837890625e-01
-8.886336088180541992e-01
5.000000000000000000e+00
1.809059262275695801e+00
2.186908960342407227e+00
3.122041940689086914e+00
4.240736484527587891e+00
5.000000000000000000e+00
1.143705248832702637e+00
1.185529232025146484e-01
-4.339534044265747070e-01
3.090126514434814453e-01
-4.489479064941406250e-01
9.199311733245849609e-01
2.591014504432678223e-01
9.029768109321594238e-01
-1.594540596008300781e+00
-3.815653324127197266e-01
5.000000000000000000e+00
6.055589914321899414e-01
-1.734290361404418945e+00
-1.695897579193115234e+00
2.988733768463134766e+00
-2.039008378982543945e+00
1.915142536163330078e+00
-9.151672124862670898e-01
5.000000000000000000e+00
9.359364509582519531e-01
1.168282389640808105e+00
1.578148365020751953e+00
1.856976509094238281e+00
-3.326339721679687500e-01
5.769616365432739258e-02
-1.171266317367553711e+00
-4.982106089591979980e-01
-1.056969642639160156e+00
-5.163345336914062500e-01
3.981796264648437500e+00
1.999709248542785645e+00
4.791345119476318359e+00
-1.987336874008178711e-01
1.069751262664794922e+00
-1.327924728393554688e+00
1.351292252540588379e+00
2.018205881118774414e+00
4.814656972885131836e-01
2.392888069152832031e+00
-3.094284534454345703e-01
-2.261168003082275391e+00
-1.989149451255798340e-01
-1.890434503555297852e+00
-5.393986701965332031e-01
-4.829989671707153320e-01
-6.614447236061096191e-01
4.153007268905639648e-01
1.180661916732788086e+00
5.000000000000000000e+00
2.755988836288452148e-01
3.108921051025390625e-01
1.842385292053222656e+00
-3.569399118423461914e-01
8.486078977584838867e-01
1.341596841812133789e+00
-1.107500195503234863e+00
-8.619081974029541016e-02
7.477780580520629883e-01
-5.545697808265686035e-01
6.429249048233032227e-01
3.446666002273559570e+00
-2.075780630111694336e-01
-5.965954065322875977e-01
4.146526455879211426e-01
-1.176525354385375977e+00
-1.108211040496826172e+00
-8.508116006851196289e-01
2.280689716339111328e+00
-1.041625618934631348e+00
1.542361497879028320e+00
6.314975023269653320e-01
1.256322979927062988e+00
3.894667387008666992e+00
-4.105572700500488281e-01
2.164264678955078125e+00
-2.291963100433349609e-01
-1.407611370086669922e-01
-5.811003446578979492e-01
1.254565358161926270e+00
2.252237796783447266e+00
7.385253906250000000e-01
-1.056982755661010742e+00
6.886909604072570801e-01
-3.121880292892456055e-01
1.375112533569335938e-01
3.194283246994018555e+00
1.234148502349853516e+00
-2.646756172180175781e-02
-2.124583721160888672e+00
1.563317179679870605e-01
5.517156124114990234e-01
2.422644376754760742e+00
-4.127222299575805664e-01
-7.828756570816040039e-01
6.994867324829101562e-02
5.000000000000000000e+00
4.069616794586181641e-01
3.949965715408325195e+00
-7.139428853988647461e-01
3.780866622924804688e+00
-2.284612655639648438e-01
4.777240753173828125e+00
4.763128757476806641e-01
-2.841746211051940918e-01
-1.799517393112182617e+00
2.508864998817443848e-01
6.218911409378051758e-01
4.017877578735351562e-02
1.679653882980346680e+00
-1.311143755912780762e+00
-6.683293581008911133e-01
2.516520023345947266e-02
1.766793727874755859e-01
2.298139333724975586e-01
3.213895797729492188e+00
4.379782676696777344e-01
2.660906553268432617e+00
1.146966695785522461e+00
7.423824071884155273e-01
4.949472427368164062e+00
-1.024203181266784668e+00
1.429438114166259766e+00
-1.833309531211853027e-01
-2.098903059959411621e-01
4.216952323913574219e-01
4.566526412963867188e+00
4.196276664733886719e+00
8.282933831214904785e-01
8.236069679260253906e-01
2.572079658508300781e+00
4.906676709651947021e-01
2.166799545288085938e+00
-2.082745552062988281e+00
-5.196541547775268555e-02
1.013801813125610352e+00
5.593760013580322266e-01
-1.798100829124450684e+00
2.701458930969238281e-01
5.166820287704467773e-01
2.328167557716369629e-01
2.204339981079101562e+00
-9.937980175018310547e-01
7.591342926025390625e-02
-4.063045978546142578e-02
1.469156265258789062e+00
-4.872970581054687500e-01
-1.380325675010681152e+00
1.058518588542938232e-01
-5.075240135192871094e-01
3.497223138809204102e+00
1.629051208496093750e+00
5.000000000000000000e+00
-1.412703633308410645e+00
-6.394963264465332031e-01
3.510398864746093750e-01
3.955209732055664062e+00
4.850664138793945312e+00
1.826760768890380859e-01
-1.267394304275512695e+00
-6.969057321548461914e-01
3.903956890106201172e+00
2.566762208938598633e+00
3.941048145294189453e+00
1.820181608200073242e+00
1.610623240470886230e+00
-8.010643720626831055e-01
2.334349870681762695e+00
1.836050987243652344e+00
-1.025212883949279785e+00
1.734788417816162109e-01
9.199808835983276367e-01
2.491872310638427734e-01
3.004902362823486328e+00
-4.358339905738830566e-01
1.011530876159667969e+00
-1.487162590026855469e+00
3.398092985153198242e-01
-7.033233046531677246e-01
2.205174446105957031e+00
-1.574717760086059570e-01
-1.799538373947143555e+00
-6.140606880187988281e+00
1.718519926071166992e-01
-3.212407827377319336e-01
-6.465475559234619141e-01
-1.016708016395568848e+00
5.000000000000000000e+00
7.397397160530090332e-01
-7.608950138092041016e-01
9.620011448860168457e-01
-4.322597980499267578e-01
-1.891261339187622070e-01
3.122689008712768555e+00
-2.874788045883178711e+00
5.644530653953552246e-01
-2.003458023071289062e+00
-7.839325666427612305e-01
5.000000000000000000e+00
4.902328968048095703e+00
-1.791894435882568359e-01
7.879972457885742188e-03
1.957190513610839844e+00
-2.774103879928588867e-01
7.651981711387634277e-01
4.412681579589843750e+00
4.090857505798339844e-01
4.743915200233459473e-01
2.867118120193481445e+00
4.372298717498779297e-02
-6.759148836135864258e-01
3.997272849082946777e-01
1.158505916595458984e+00
2.006002664566040039e+00
2.933159828186035156e+00
1.573166966438293457e+00
1.426703214645385742e+00
3.910840034484863281e+00
3.239340186119079590e-01
-8.489279747009277344e-01
2.077156007289886475e-01
1.520252227783203125e-02
5.000000000000000000e+00
-1.201038360595703125e-01
2.049686431884765625e+00
4.937105178833007812e+00
4.392929553985595703e+00
2.139267683029174805e+00
-1.186721324920654297e+00
2.422601222991943359e+00
-4.454748034477233887e-01
-4.746224880218505859e-01
-1.181550741195678711e+00
-1.228998899459838867e+00
-9.955036640167236328e-01
1.580734014511108398e+00
4.866605758666992188e+00
4.851204156875610352e-01
3.183978080749511719e+00
5.000000000000000000e+00
-1.326243877410888672e-01
-3.455677032470703125e-01
-3.088288307189941406e-01
1.477227449417114258e+00
-1.891802310943603516e+00
-9.480488300323486328e-02
3.709065914154052734e+00
8.349536657333374023e-01
9.250925183296203613e-01
3.845430850982666016e+00
2.638967275619506836e+00
-1.953750848770141602e-01
8.320307731628417969e-02
-1.776834726333618164e-01
1.592525959014892578e+00
3.235083818435668945e+00
8.576123714447021484e-01
3.939343094825744629e-01
-1.428060531616210938e-01
-4.812795519828796387e-01
3.115070104598999023e+00
1.267551064491271973e+00
8.486906290054321289e-01
-6.384946107864379883e-01
4.484781324863433838e-01
-1.392509222030639648e+00
3.574626207351684570e+00
3.244432806968688965e-01
1.842909216880798340e+00
-4.428180456161499023e-01
-6.323234438896179199e-01
4.321151971817016602e-01
9.000881910324096680e-01
5.000000000000000000e+00
8.694622516632080078e-01
4.121988773345947266e+00
3.848215341567993164e-01
1.078198075294494629e+00
5.476320981979370117e-01
1.521729350090026855e+00
1.334296226501464844e+00
9.350491166114807129e-01
-3.443325757980346680e-01
4.852261543273925781e+00
-6.434785127639770508e-01
2.076222896575927734e-01
1.241844773292541504e+00
-1.339637041091918945e-01
6.179725527763366699e-01
2.015434265136718750e+00
-1.417779445648193359e+00
-5.765647888183593750e-01
-2.233612537384033203e-01
-6.620974540710449219e-01
-4.455715417861938477e-01
1.087093353271484375e-01
4.851833581924438477e-01
-6.882429122924804688e-02
-3.298487663269042969e-01
1.952710151672363281e-01
-1.970316410064697266e+00
2.829198837280273438e+00
-3.511247634887695312e-01
-9.203648567199707031e-01
6.651406288146972656e-01
1.852831840515136719e-01
-2.069987058639526367e-01
9.991048574447631836e-01
3.967446804046630859e+00
1.234846234321594238e+00
2.286443471908569336e+00
2.472652435302734375e+00
2.900927662849426270e-01
-1.484344601631164551e-01
-9.257822036743164062e-01
9.953436851501464844e-01
1.290538787841796875e+00
1.078348159790039062e-01
2.735259532928466797e-01
1.924658536911010742e+00
1.900553703308105469e-01
1.147045612335205078e+00
1.112216830253601074e+00
3.109386682510375977e+00
4.838663101196289062e+00
3.064243316650390625e+00
9.070143699645996094e-01
-1.476924419403076172e-01
3.281151294708251953e+00
4.712279796600341797e+00
-3.675271868705749512e-01
1.497514724731445312e+00
-2.128566503524780273e-01
-1.513257026672363281e-01
5.000000000000000000e+00
3.948533535003662109e-01
-6.892552375793457031e-01
7.199107408523559570e-01
4.654796600341796875e+00
1.157788038253784180e-01
-1.018085479736328125e+00
6.003277301788330078e-01
-6.461101770401000977e-02
1.691709756851196289e-01
2.352121472358703613e-01
5.919581055641174316e-01
4.357783496379852295e-01
-7.797033786773681641e-01
-1.275748848915100098e+00
2.232328057289123535e-01
2.526702642440795898e+00
9.152901172637939453e-01
1.001184105873107910e+00
5.000000000000000000e+00
4.670651912689208984e+00
-7.810860872268676758e-02
2.029068470001220703e-01
1.637693524360656738e+00
1.485388040542602539e+00
4.663963615894317627e-01
-3.453915119171142578e-01
2.612310886383056641e+00
-8.100804090499877930e-01
-2.056475877761840820e-01
4.317915141582489014e-01
2.875333428382873535e-01
7.423975467681884766e-01
2.327394485473632812e+00
8.187435269355773926e-01
4.059786796569824219e-01
1.387237310409545898e-01
9.343594908714294434e-01
-2.928485870361328125e+00
-4.899916648864746094e-01
-9.922506809234619141e-01
3.875356197357177734e+00
-3.279864788055419922e-02
-1.450456380844116211e-01
2.844705104827880859e+00
4.107363700866699219e+00
4.815005779266357422e+00
-2.670903205871582031e-01
8.519521951675415039e-01
3.207258224487304688e+00
2.725743651390075684e-01
4.096031665802001953e+00
-3.796050548553466797e-01
3.445163726806640625e+00
9.262935519218444824e-01
1.250281572341918945e+00
7.971061468124389648e-01
3.724651575088500977e+00
2.454670429229736328e+00
5.000000000000000000e+00
1.011427998542785645e+00
2.902846336364746094e-01
-9.150508642196655273e-01
4.634497642517089844e+00
1.684379935264587402e+00
-7.524299621582031250e-02
9.961904287338256836e-01
-1.446366310119628906e-03
8.298939466476440430e-01
-2.135840654373168945e-01
-5.722576379776000977e-01
1.532912850379943848e-01
-1.515033841133117676e-01
1.493107557296752930e+00
2.924540519714355469e+00
-2.843757629394531250e+00
-2.286953449249267578e+00
4.938132762908935547e+00
5.560210347175598145e-01
-5.531939268112182617e-01
2.650551795959472656e-01
-3.214870095252990723e-01
4.529331207275390625e+00
-8.543393611907958984e-01
2.757158279418945312e-01
-2.725133895874023438e-01
-9.135293960571289062e-02
