8.054178953170776367e-01
4.746338367462158203e+00
-5.649487972259521484e-01
-7.562786340713500977e-02
-4.249682426452636719e-01
5.000000000000000000e+00
-2.039054036140441895e-01
3.013519644737243652e-01
2.105997800827026367e+00
3.681803464889526367e+00
-8.937742710113525391e-01
6.090363264083862305e-01
-1.008973836898803711e+00
1.065173149108886719e-01
-2.953402042388916016e+00
4.176510572433471680e-01
8.179897069931030273e-01
-6.559857130050659180e-01
3.546272277832031250e+00
2.606734752655029297e+00
5.264116525650024414e-01
1.053647518157958984e+00
-2.563062906265258789e-01
-5.980685949325561523e-01
7.717123031616210938e-01
5.000000000000000000e+00
2.764719486236572266e+00
8.357403874397277832e-01
-4.398040771484375000e-01
3.087943792343139648e-01
1.422730684280395508e-01
-7.418221235275268555e-02
7.687892317771911621e-01
1.663596153259277344e+00
1.567844748497009277e+00
-4.343750476837158203e-01
-7.601464986801147461e-01
1.998263716697692871e+00
-1.356855630874633789e-01
2.820966243743896484e-01
-2.825213670730590820e-01
8.790242671966552734e-02
3.220646381378173828e+00
-2.067871093750000000e-01
7.813552618026733398e-01
-1.425992250442504883e-01
4.886827945709228516e+00
2.556313037872314453e+00
6.366147994995117188e-01
-2.258487224578857422e+00
-1.340511322021484375e+00
-3.244829177856445312e-02
2.013501167297363281e+00
1.016251087188720703e+00
-2.816970348358154297e-01
-6.111205816268920898e-01
2.290159225463867188e+00
4.773589372634887695e-01
1.901777267456054688e+00
3.489546179771423340e-01
-6.015443325042724609e+00
1.166107416152954102e+00
-1.398931503295898438e+00
4.921483993530273438e-02
6.531620025634765625e-02
4.099159240722656250e+00
1.370127677917480469e+00
2.016133546829223633e+00
4.203195571899414062e-01
-4.452329874038696289e-01
1.135727047920227051e+00
-3.432261943817138672e-01
-1.009445190429687500e-01
2.131462693214416504e-01
-3.122489452362060547e-01
-2.917243242263793945e-01
4.518997669219970703e+00
1.034629821777343750e+00
4.318441390991210938e+00
-3.769775629043579102e-01
-2.531951069831848145e-01
1.599281430244445801e+00
-1.344694375991821289e+00
9.093334674835205078e-01
4.814419150352478027e-01
7.217206954956054688e-01
3.001102209091186523e-01
3.165041208267211914e+00
1.069404006004333496e+00
2.938610315322875977e-01
4.831351280212402344e+00
-7.712997198104858398e-01
1.133083105087280273e+00
1.451030969619750977e-01
-5.600680112838745117e-01
2.674759864807128906e+00
4.550870060920715332e-01
-9.827542304992675781e-02
-4.121003150939941406e-01
3.769383668899536133e+00
-6.223058700561523438e-02
-1.818842172622680664e+00
4.717702865600585938e-01
1.023880720138549805e+00
1.265353441238403320e+00
-8.879899978637695312e-03
1.498407840728759766e+00
3.154415786266326904e-01
-2.956199049949645996e-01
-1.049153804779052734e-01
9.764235615730285645e-01
5.921442508697509766e-01
4.495143890380859375e+00
4.711640357971191406e+00
2.756060361862182617e-01
1.555306196212768555e+00
5.000000000000000000e+00
1.673988819122314453e+00
-2.670747280120849609e+00
4.993453979492187500e+00
-1.308932304382324219e-01
5.000000000000000000e+00
-1.519644618034362793e+00
1.937464475631713867e-01
-1.386597156524658203e+00
-2.997541427612304688e-02
-1.014951348304748535e+00
2.469109892845153809e-01
5.584850907325744629e-01
3.490936756134033203e-01
3.862673044204711914e-02
-7.835602760314941406e-02
1.136113166809082031e+00
4.243934154510498047e-01
7.221102714538574219e-01
3.178980350494384766e-01
3.008307933807373047e+00
4.813424348831176758e-01
4.234508872032165527e-01
1.877090930938720703e-01
1.724038600921630859e+00
-8.312554359436035156e-01
-9.029238820075988770e-01
2.132401704788208008e+00
8.283582329750061035e-01
4.059297084808349609e+00
3.482310771942138672e-01
-8.040313720703125000e-01
2.003566026687622070e+00
6.398538351058959961e-01
4.029495239257812500e+00
1.925926208496093750e-01
2.113711833953857422e-01
2.007222652435302734e+00
-5.824279785156250000e-01
2.121346235275268555e+00
-7.311923503875732422e-01
1.357259631156921387e+00
4.418951272964477539e-01
-2.202286124229431152e-01
4.316739082336425781e+00
1.260758399963378906e+00
3.823990345001220703e+00
-1.572072505950927734e-01
2.037090301513671875e+00
-9.946403503417968750e-01
-5.784106254577636719e-01
4.459473609924316406e+00
-1.519920110702514648e+00
6.332525610923767090e-01
2.502751827239990234e+00
4.643993854522705078e+00
2.156803846359252930e+00
9.020010828971862793e-01
-3.232239484786987305e-01
4.423488616943359375e+00
5.000000000000000000e+00
-2.239409446716308594e+00
4.364051818847656250e-01
2.529003620147705078e-01
1.863056421279907227e+00
8.857071399688720703e-02
-7.110432386398315430e-01
1.007007241249084473e+00
1.502061784267425537e-01
-8.860576748847961426e-01
7.614740133285522461e-01
4.463720321655273438e-02
-2.427929401397705078e+00
-1.295864582061767578e+00
5.000000000000000000e+00
4.070791721343994141e+00
-5.048590898513793945e-01
2.080982923507690430e-01
-2.566875219345092773e-01
4.137453556060791016e+00
4.778104782104492188e+00
5.650218129158020020e-01
1.353995919227600098e+00
1.154171466827392578e+00
5.000000000000000000e+00
-2.314655542373657227e+00
-2.078583717346191406e+00
-5.129907131195068359e-01
1.223063349723815918e+00
-6.326860189437866211e-01
1.701246738433837891e+00
3.007431030273437500e+00
-2.522711753845214844e-01
-9.653532505035400391e-01
-1.713691473007202148e+00
-7.073998451232910156e-01
5.000000000000000000e+00
4.741332530975341797e-01
6.843997240066528320e-01
1.470057725906372070e+00
2.688995361328125000e+00
2.433404207229614258e+00
5.751596689224243164e-01
5.691483616828918457e-01
-2.452085256576538086e+00
4.522855281829833984e-01
2.739168643951416016e+00
2.042738795280456543e-01
-1.617515563964843750e+00
1.613563418388366699e+00
1.837801694869995117e+00
-7.586569786071777344e-01
4.915556907653808594e-01
-3.854716420173645020e-01
1.203674793243408203e+00
2.857244491577148438e+00
1.384612917900085449e+00
-1.359305977821350098e+00
1.387204170227050781e+00
-2.601483583450317383e+00
-5.634803771972656250e-01
1.049062132835388184e+00
2.849635481834411621e-01
4.650121212005615234e+00
1.069577217102050781e+00
3.833076477050781250e+00
-2.182145118713378906e-01
9.659347534179687500e-01
-2.066422462463378906e+00
-7.826888561248779297e-01
1.178574800491333008e+00
1.486558318138122559e+00
-7.439701557159423828e-01
5.000000000000000000e+00
5.063269734382629395e-01
-2.183266878128051758e-01
5.039660334587097168e-01
8.696518540382385254e-01
1.249476194381713867e+00
4.829782485961914062e+00
4.083435535430908203e-01
5.000000000000000000e+00
-2.768833041191101074e-01
4.671637058258056641e+00
4.333548545837402344e-01
7.509499788284301758e-03
4.002231359481811523e-01
-6.500008106231689453e-01
1.641559958457946777e+00
3.102703690528869629e-01
5.480002164840698242e-01
-1.442706584930419922e-01
-3.832299113273620605e-01
-1.800015926361083984e+00
4.530864715576171875e+00
8.085882663726806641e-01
4.295639038085937500e+00
-3.505918979644775391e-01
1.000865697860717773e-01
-4.084552228450775146e-01
9.130392670631408691e-01
6.022161245346069336e-01
-9.673225879669189453e-02
-6.521959304809570312e-01
1.018292427062988281e+00
5.516108274459838867e-01
6.064593791961669922e-02
2.023281157016754150e-01
2.764040231704711914e-01
1.076834201812744141e-01
-4.482256174087524414e-01
-9.604051709175109863e-01
-1.096410751342773438e-01
-3.988792896270751953e-01
-8.701541423797607422e-01
4.982425212860107422e+00
-1.562445282936096191e+00
-3.526426553726196289e-01
-2.063378095626831055e-01
-1.025476813316345215e+00
3.953455686569213867e-01
1.192619562149047852e+00
6.843123435974121094e-01
-9.901332855224609375e-02
1.058708190917968750e+00
-3.301160335540771484e-01
6.023800373077392578e-02
-9.748567938804626465e-01
3.799605846405029297e+00
1.330424308776855469e+00
1.442842483520507812e-01
-1.870047450065612793e-01
-4.462174177169799805e-01
6.899647712707519531e-01
-7.571775913238525391e-01
5.412887930870056152e-01
1.544333696365356445e-01
-2.001483201980590820e+00
4.972743511199951172e+00
5.260770916938781738e-01
-4.540483951568603516e-01
-1.585723161697387695e-01
-3.217942714691162109e-01
8.720226883888244629e-01
-3.519530296325683594e-01
2.874422073364257812e-02
-2.626111507415771484e-01
3.147079944610595703e-01
-1.175705313682556152e+00
-1.938719749450683594e-01
3.072374343872070312e+00
2.867143392562866211e+00
6.227701902389526367e-01
1.198385715484619141e+00
6.621320247650146484e-01
1.526525497436523438e+00
3.267675042152404785e-01
2.576993942260742188e+00
4.157211780548095703e-01
-1.387943029403686523e-01
5.000000000000000000e+00
5.000000000000000000e+00
2.023076772689819336e+00
4.938118457794189453e-01
-4.979955554008483887e-01
-2.414835453033447266e+00
1.647402405738830566e+00
1.566265821456909180e+00
-2.159903764724731445e+00
5.000000000000000000e+00
1.419847011566162109e-01
-1.423472166061401367e-01
-1.743693351745605469e-01
-1.401371955871582031e+00
3.678784847259521484e+00
9.086729288101196289e-01
5.000000000000000000e+00
-8.684270381927490234e-01
4.579222202301025391e+00
1.691321134567260742e+00
-3.913251161575317383e-01
1.724569201469421387e-01
-2.707564830780029297e-02
-7.303664684295654297e-01
-5.098900794982910156e-01
1.553701281547546387e+00
2.057075738906860352e+00
-8.961213827133178711e-01
4.722184538841247559e-01
-9.277107715606689453e-01
-9.192079305648803711e-01
-9.001364111900329590e-01
1.414337635040283203e+00
-4.699362218379974365e-01
7.492861747741699219e-01
-4.623905420303344727e-01
1.855870723724365234e+00
6.031590700149536133e-01
-2.883167028427124023e+00
3.714143753051757812e+00
1.863056063652038574e+00
3.722825050354003906e-01
1.702809095382690430e+00
-1.688505053520202637e+00
1.814178109169006348e+00
1.181906461715698242e+00
2.187134027481079102e-01
-3.184676408767700195e+00
-5.259004592895507812e+00
2.215009927749633789e+00
2.075966596603393555e-01
2.130197286605834961e-01
-2.302205562591552734e+00
-9.036799669265747070e-01
4.364457130432128906e+00
3.072629451751708984e+00
-7.439142465591430664e-01
9.736549854278564453e-02
-5.538855791091918945e-01
2.602798461914062500e+00
-6.094365119934082031e-01
-5.560209155082702637e-01
-1.434920549392700195e+00
2.233800888061523438e+00
1.635340332984924316e+00
-6.643831729888916016e-02
-1.254458189010620117e+00
5.388715267181396484e-01
-5.367900729179382324e-01
1.000767946243286133e-01
7.368707656860351562e-01
5.000000000000000000e+00
-4.791821539402008057e-01
6.803869009017944336e-01
3.765864372253417969e+00
-6.582831740379333496e-01
6.446990966796875000e-01
1.658017635345458984e+00
4.572602272033691406e+00
4.616145133972167969e+00
4.857190847396850586e-01
3.693563222885131836e+00
5.221096277236938477e-01
5.323618054389953613e-01
4.359835147857666016e+00
-8.845174908638000488e-01
1.938169002532958984e-01
2.140951156616210938e-01
-7.841041088104248047e-01
-1.730416178703308105e+00
5.000000000000000000e+00
1.313402295112609863e+00
-1.924847602844238281e+00
-2.316904067993164062e-02
1.191673278808593750e+00
5.474665164947509766e-01
-4.945595264434814453e-01
-1.127293348312377930e+00
-6.870312690734863281e-01
2.745139598846435547e-01
1.383448123931884766e+00
-1.802450537681579590e+00
3.242679834365844727e-01
1.836199522018432617e+00
-5.672550201416015625e-02
4.345330238342285156e+00
-4.319114685058593750e-01
9.748435020446777344e-02
-1.901455879211425781e+00
-9.049949645996093750e-01
2.783042430877685547e+00
6.576013565063476562e-01
8.445046544075012207e-01
2.329900741577148438e+00
-1.290567517280578613e+00
3.558015823364257812e-01
2.791501522064208984e+00
3.911355733871459961e-01
8.951770067214965820e-01
1.659839391708374023e+00
2.560943365097045898e-01
-4.036747813224792480e-01
1.284704446792602539e+00
-3.064028024673461914e-01
5.954166650772094727e-01
5.684957504272460938e-01
-5.853760242462158203e-01
-1.088822603225708008e+00
1.150537610054016113e+00
-2.675817012786865234e-01
-9.052563905715942383e-01
-9.384021759033203125e-01
3.452563285827636719e-01
-2.421971559524536133e-01
-2.696940302848815918e-01
1.647978305816650391e+00
-2.748196125030517578e-01
-7.025527954101562500e-02
4.543024539947509766e+00
2.755099296569824219e+00
1.118144989013671875e-01
-1.222985982894897461e-01
-1.311957836151123047e+00
-1.163403987884521484e+00
4.009571969509124756e-01
4.977830410003662109e+00
3.990322828292846680e+00
-1.114108800888061523e+00
-4.960491061210632324e-01
-3.030520915985107422e+00
1.212538719177246094e+00
3.749521374702453613e-01
-1.025655984878540039e+00
1.193250417709350586e+00
1.825928688049316406e+00
-1.477721810340881348e+00
-3.785120248794555664e-01
3.440382480621337891e-01
1.629040598869323730e+00
2.713650465011596680e-02
-1.491367816925048828e-03
1.529382467269897461e+00
-9.742273092269897461e-01
-1.510663032531738281e-01
2.297031164169311523e+00
4.581093788146972656e-01
-2.546460151672363281e+00
4.466222524642944336e-01
-5.044271349906921387e-01
3.352812290191650391e+00
2.415044903755187988e-01
-3.945600986480712891e-01
-5.522513389587402344e-01
2.333483457565307617e+00
-1.537407398223876953e+00
1.753069043159484863e+00
7.561248540878295898e-01
3.103685379028320312e-01
2.216680049896240234e+00
1.211930513381958008e+00
-3.380477428436279297e-01
-2.123046875000000000e+00
-1.153649330139160156e+00
-4.073593914508819580e-01
-6.127498149871826172e-01
4.517340183258056641e+00
-4.655420780181884766e-01
6.127690076828002930e-01
-5.267670154571533203e-01
7.440013289451599121e-01
2.499873399734497070e+00
2.125288009643554688e+00
2.137146472930908203e+00
-1.735727190971374512e+00
-1.064896345138549805e+00
-1.007080078125000000e+00
-3.050204515457153320e-01
-2.405676841735839844e+00
-4.834655523300170898e-01
1.284595727920532227e-01
7.109072208404541016e-01
-3.464552164077758789e-01
3.967863321304321289e-01
-1.833348751068115234e+00
5.000000000000000000e+00
8.967667222023010254e-01
-3.453552722930908203e-01
4.159470558166503906e+00
2.236486434936523438e+00
2.721960544586181641e-01
4.217767715454101562e+00
3.957085132598876953e+00
5.449818372726440430e-01
1.961954236030578613e-01
3.693652629852294922e+00
3.946648597717285156e+00
3.639814257621765137e-01
3.480042457580566406e+00
-1.778405904769897461e-01
2.001494169235229492e+00
-1.205093622207641602e+00
5.000000000000000000e+00
1.962581872940063477e+00
4.209084510803222656e+00
1.047662377357482910e+00
5.801132917404174805e-01
4.444728851318359375e+00
-2.175613641738891602e-01
7.588064074516296387e-01
6.752879619598388672e-01
3.348704278469085693e-01
3.337692737579345703e+00
2.671988010406494141e-01
3.853064775466918945e-01
5.455172061920166016e-01
-1.192907333374023438e+00
-1.992158889770507812e-01
2.711206674575805664e-01
5.000000000000000000e+00
8.015263080596923828e-02
-5.353714227676391602e-01
-1.274657964706420898e+00
7.698044776916503906e-01
7.169830203056335449e-01
5.838547348976135254e-01
3.996509075164794922e+00
-8.705956935882568359e-01
-7.363249063491821289e-01
2.142283678054809570e+00
1.342596292495727539e+00
4.652441501617431641e+00
8.157211542129516602e-02
-6.147236824035644531e-01
1.654472589492797852e+00
1.204293966293334961e-01
5.000000000000000000e+00
7.592532634735107422e-01
-2.739977836608886719e-01
3.664756536483764648e+00
1.655953288078308105e+00
-1.351903080940246582e+00
4.735028743743896484e+00
-3.544289469718933105e-01
4.358577728271484375e-02
1.700281620025634766e+00
5.471598505973815918e-01
-1.489578485488891602e-01
9.574785232543945312e-01
1.505532503128051758e+00
3.409211158752441406e+00
1.109259128570556641e+00
5.920922756195068359e-01
3.983281850814819336e-01
1.489067077636718750e-02
2.537760734558105469e+00
-1.329298257827758789e+00
-1.540975570678710938e-01
8.070540428161621094e-02
4.282438755035400391e-01
-1.255689144134521484e+00
-2.216799736022949219e+00
-8.577641844749450684e-01
1.341299176216125488e+00
5.520513057708740234e-01
1.023063659667968750e-01
-1.320174932479858398e-01
-3.273476362228393555e-01
-4.434970617294311523e-01
4.591371536254882812e+00
4.448758125305175781e+00
5.471731722354888916e-02
2.075046300888061523e+00
3.853158950805664062e+00
5.141438245773315430e-01
1.332048892974853516e+00
9.544777870178222656e-02
3.206651687622070312e+00
-5.625791549682617188e-01
9.245224297046661377e-02
1.287017464637756348e+00
-1.413265466690063477e-01
-9.544730186462402344e-01
-4.712359905242919922e-01
-4.807555675506591797e-01
-1.467204093933105469e+00
-9.159619212150573730e-01
4.789778709411621094e+00
-2.377994298934936523e+00
1.549281954765319824e+00
8.062100410461425781e-02
8.285638093948364258e-01
-1.379728436470031738e+00
-9.187773466110229492e-01
7.598340511322021484e-03
1.361875295639038086e+00
1.458266377449035645e-01
4.873439371585845947e-01
4.973803043365478516e+00
4.902358651161193848e-01
-2.286514043807983398e-01
1.839465856552124023e+00
6.661481857299804688e-01
3.629082441329956055e+00
2.705792188644409180e-01
-2.114923000335693359e-01
-5.078508853912353516e-01
-9.822735786437988281e-01
-9.752889871597290039e-01
2.365020275115966797e+00
1.622298359870910645e-01
1.068905830383300781e+00
-2.281794548034667969e+00
-1.769971847534179688e-01
4.181975126266479492e-01
7.772823572158813477e-01
1.570463180541992188e-03
-2.997027635574340820e-01
8.214669823646545410e-01
5.303040742874145508e-01
-4.382785558700561523e-01
1.520941257476806641e-01
5.000000000000000000e+00
-2.008043050765991211e+00
-6.480799913406372070e-01
5.955030918121337891e-01
-4.039617776870727539e-01
-4.807221889495849609e-02
-2.154815196990966797e-02
-3.524125814437866211e-01
2.467005252838134766e-01
6.702138781547546387e-01
2.184932231903076172e+00
4.210487365722656250e+00
4.418995380401611328e-01
1.458446025848388672e+00
1.889796257019042969e-01
1.843028903007507324e+00
2.794328927993774414e-01
-2.638884782791137695e-01
4.580736160278320312e-01
-4.139688014984130859e-01
5.746153593063354492e-01
3.982498168945312500e+00
2.546045780181884766e-01
1.248919963836669922e+00
-1.389845609664916992e-01
3.920651912689208984e+00
2.409422874450683594e+00
1.133106470108032227e+00
-1.749433279037475586e-01
5.125135183334350586e-01
1.135145664215087891e+00
3.623394370079040527e-01
1.949916124343872070e+00
-2.655591964721679688e-01
3.956295967102050781e+00
1.043380022048950195e+00
-1.441738009452819824e+00
4.115057468414306641e+00
1.252279877662658691e+00
8.283084630966186523e-01
-6.298092603683471680e-01
3.117499351501464844e-01
5.478739738464355469e-01
2.812250852584838867e-01
2.145560979843139648e-01
4.978913784027099609e+00
1.517198085784912109e+00
-1.161376595497131348e+00
-2.158777713775634766e+00
-8.109648227691650391e-01
1.373284339904785156e+00
4.512802362442016602e-01
-1.332318782806396484e-01
9.490624666213989258e-01
1.117449522018432617e+00
-7.735891342163085938e-01
6.993968486785888672e-01
5.653421878814697266e-01
4.594434738159179688e+00
1.875336885452270508e+00
1.308520793914794922e+00
9.126663208007812500e-01
7.509696483612060547e-01
-1.583845615386962891e+00
1.411545276641845703e+00
1.182106971740722656e+00
2.183163881301879883e+00
6.700521707534790039e-01
1.216640949249267578e+00
4.178187370300292969e+00
3.131218254566192627e-01
8.459945917129516602e-01
2.131129503250122070e+00
1.024197459220886230e+00
-1.404730200767517090e+00
2.727926015853881836e+00
1.482961177825927734e-01
4.093903541564941406e+00
3.742529153823852539e-01
9.294682741165161133e-01
4.044071197509765625e+00
6.466118097305297852e-01
2.419950366020202637e-01
1.615974187850952148e+00
3.491794586181640625e+00
7.465593814849853516e-01
1.466433048248291016e+00
1.381498217582702637e+00
3.577314853668212891e+00
1.188551306724548340e+00
1.045227289199829102e+00
-9.383583068847656250e-02
-3.655731678009033203e-01
-2.338315844535827637e-01
-2.030953168869018555e-01
-2.175076723098754883e+00
-7.558025121688842773e-01
1.218476295471191406e-01
4.014179229736328125e+00
6.346872448921203613e-02
1.067991614341735840e+00
-1.232657313346862793e+00
5.677303075790405273e-01
-2.312492132186889648e-01
4.671223163604736328e-01
1.494574546813964844e+00
6.336796283721923828e-01
5.000000000000000000e+00
2.604780197143554688e-01
-4.395210742950439453e-01
4.227739810943603516e+00
1.383092403411865234e-01
2.262808084487915039e+00
-1.497895717620849609e+00
-1.925230026245117188e-04
5.877341032028198242e-01
-1.012277364730834961e+00
3.490638732910156250e-01
-6.000914573669433594e-01
5.121388435363769531e-01
-2.874427437782287598e-01
7.226154804229736328e-01
2.678960084915161133e+00
-1.325368762016296387e+00
-9.563503265380859375e-01
1.088022708892822266e+00
1.057726740837097168e-01
-1.565985083580017090e-01
3.840610027313232422e+00
-5.270444154739379883e-01
1.231360673904418945e+00
2.730059623718261719e-02
5.000000000000000000e+00
4.140101909637451172e+00
1.431440591812133789e+00
-5.987409353256225586e-01
4.600266933441162109e+00
1.263482809066772461e+00
2.247091054916381836e+00
2.830716133117675781e+00
2.575807094573974609e+00
4.591730117797851562e+00
3.080682992935180664e+00
-3.738005161285400391e-01
-9.895191192626953125e-01
4.993025779724121094e+00
-8.372846245765686035e-01
-2.972197532653808594e-02
-9.310996532440185547e-01
1.147041559219360352e+00
-2.654640674591064453e-01
1.180131435394287109e-01
3.764991760253906250e-01
6.125401854515075684e-01
1.319365262985229492e+00
-6.186187267303466797e-01
-2.163758754730224609e+00
3.743360996246337891e+00
1.582016944885253906e-01
1.525402545928955078e+00
-4.659503698348999023e-02
2.619597911834716797e-01
6.922264099121093750e-01
1.206365227699279785e+00
2.310540676116943359e-01
-1.200264334678649902e+00
3.424045324325561523e+00
-5.716559886932373047e-01
6.479045152664184570e-01
1.213540792465209961e+00
2.046622037887573242e-01
7.535156607627868652e-01
2.651879787445068359e-01
-3.047543764114379883e-02
8.698534965515136719e-01
4.057079315185546875e+00
1.716579318046569824e+00
8.261018395423889160e-01
-6.615568399429321289e-01
3.731505155563354492e+00
4.084904193878173828e-01
5.124096870422363281e-01
3.744556903839111328e-01
-3.233247518539428711e+00
-2.369389533996582031e-01
4.281983375549316406e+00
1.819307088851928711e+00
4.440897464752197266e+00
1.594026088714599609e+00
4.704854011535644531e+00
5.966126918792724609e-03
5.143336653709411621e-01
-2.603146076202392578e+00
-4.098045825958251953e-01
-4.290196299552917480e-01
-1.779348850250244141e-01
3.884497642517089844e+00
-7.706977128982543945e-01
9.452520012855529785e-01
-1.882959008216857910e+00
2.517031431198120117e-01
-1.035499572753906250e+00
-2.355623245239257812e-02
1.711091399192810059e+00
4.346205711364746094e+00
-1.045597314834594727e+00
-8.221381902694702148e-01
7.971106767654418945e-01
1.179698705673217773e+00
-1.232737541198730469e+00
3.176520109176635742e+00
1.238002777099609375e+00
4.705024957656860352e-01
2.031863212585449219e+00
2.020889520645141602e+00
2.175809383392333984e+00
2.763976454734802246e-01
1.047656059265136719e+00
4.400483131408691406e+00
3.249416112899780273e+00
-2.016415596008300781e+00
-2.270442247390747070e-01
3.153805255889892578e+00
1.058673858642578125e+00
3.667791485786437988e-01
4.635357856750488281e-02
-4.943984746932983398e-01
-1.878853559494018555e+00
-3.659662604331970215e-01
1.297859430313110352e+00
3.242317438125610352e+00
2.387030124664306641e-01
9.753857851028442383e-01
