2.498517751693725586e+00
2.585917472839355469e+00
-1.715638041496276855e-01
1.368496417999267578e+00
3.149439096450805664e-01
-1.047822713851928711e+00
2.761468887329101562e+00
7.059845924377441406e-01
-8.237518072128295898e-01
2.293277084827423096e-01
-6.083240509033203125e-01
2.570688724517822266e-02
-8.661190271377563477e-01
6.621912717819213867e-01
1.646300792694091797e+00
-1.937804222106933594e-01
-1.106688857078552246e+00
8.529984951019287109e-01
4.570281982421875000e+00
1.472719669342041016e+00
5.000000000000000000e+00
-7.063851356506347656e-01
7.822369933128356934e-01
2.551555633544921875e-03
9.532451629638671875e-02
8.010679483413696289e-02
-2.808867692947387695e-01
6.650796532630920410e-01
-8.707325458526611328e-01
1.980483531951904297e+00
2.640225887298583984e+00
-2.616242170333862305e-01
-4.663294553756713867e-02
-1.542526960372924805e+00
3.785496354103088379e-01
8.233115673065185547e-01
7.770676612854003906e-01
2.249850034713745117e+00
4.154080390930175781e+00
-7.305585741996765137e-01
4.579833507537841797e+00
-1.430691480636596680e-01
5.000000000000000000e+00
6.308566331863403320e-01
9.898873567581176758e-01
2.335005998611450195e-01
-4.565711021423339844e-01
3.881536245346069336e+00
1.539942026138305664e+00
2.096167802810668945e-01
5.000000000000000000e+00
1.276056051254272461e+00
-5.921412706375122070e-01
3.923084139823913574e-01
8.927571773529052734e-01
4.010284543037414551e-01
-7.560333013534545898e-01
5.000000000000000000e+00
2.281818389892578125e-01
1.148971080780029297e+00
-1.158744215965270996e+00
2.428804636001586914e-01
2.482565641403198242e-01
-6.668184995651245117e-01
6.882920265197753906e-01
-1.074972629547119141e+00
2.743517398834228516e+00
7.801412343978881836e-01
4.026270508766174316e-01
1.651406884193420410e-01
3.923264741897583008e-01
-2.460263371467590332e-01
1.495966792106628418e+00
9.148466587066650391e-01
-6.076605319976806641e-01
8.394027948379516602e-01
-1.172793388366699219e+00
-4.437528848648071289e-01
7.365875244140625000e-01
5.091976523399353027e-01
-7.773665189743041992e-01
-2.457582950592041016e-02
-1.828479766845703125e-01
2.330298423767089844e-01
-2.980232238769531250e-06
-1.773063778877258301e+00
-2.089487314224243164e-01
-4.752253293991088867e-01
7.028921842575073242e-01
2.782854080200195312e+00
-9.191544055938720703e-01
9.059138298034667969e-01
-5.047656297683715820e-01
-7.866287231445312500e-02
-2.728829860687255859e+00
2.683555781841278076e-01
-1.338979601860046387e+00
7.559566497802734375e-01
1.296573877334594727e+00
5.805526375770568848e-01
1.242535352706909180e+00
-8.615307807922363281e-01
3.999979496002197266e+00
1.516739130020141602e-01
-2.086859941482543945e-01
-1.287174463272094727e+00
4.367068767547607422e+00
1.094606280326843262e+00
5.000000000000000000e+00
6.025516986846923828e-01
-4.075261354446411133e-01
-1.445461064577102661e-01
-3.366990089416503906e-01
-4.168874025344848633e-01
2.680710315704345703e+00
1.233377456665039062e-01
2.187110900878906250e+00
3.822839736938476562e+00
1.384310960769653320e+00
3.751628398895263672e+00
3.923621773719787598e-01
7.651017904281616211e-01
-3.606840968132019043e-01
2.585307359695434570e-01
-1.699880361557006836e-01
2.249202013015747070e+00
4.413015365600585938e+00
-1.896779179573059082e+00
1.722258687019348145e+00
1.855064630508422852e-01
-4.938943088054656982e-01
4.111380100250244141e+00
4.769766330718994141e-02
-2.588479518890380859e-01
3.622821331024169922e+00
-1.817369461059570312e-02
7.745563387870788574e-01
1.963942050933837891e+00
9.956555962562561035e-01
3.290126562118530273e+00
2.274816036224365234e+00
-1.049435496330261230e+00
4.493112564086914062e+00
4.675318241119384766e+00
3.261090993881225586e+00
3.552147746086120605e-01
-3.250007033348083496e-01
-2.065625190734863281e+00
-1.746505498886108398e-02
2.198259830474853516e-01
1.554472446441650391e-01
1.491969466209411621e+00
2.274038076400756836e+00
5.832201242446899414e-02
5.000000000000000000e+00
5.132740736007690430e-01
4.136933803558349609e+00
2.936830520629882812e-01
-1.420845508575439453e+00
4.178333759307861328e+00
7.875859737396240234e-02
3.971486091613769531e-01
5.074509382247924805e-01
1.060923576354980469e+00
3.199234962463378906e+00
5.000000000000000000e+00
1.385232686996459961e+00
1.281334280967712402e+00
2.387084960937500000e-01
-9.339365959167480469e-01
5.000000000000000000e+00
6.084542870521545410e-01
5.287721753120422363e-01
1.017036199569702148e+00
8.257627487182617188e-04
-3.117108345031738281e-02
2.694451808929443359e-01
4.696575999259948730e-01
4.264687061309814453e+00
3.345186233520507812e+00
-3.705698251724243164e-01
-1.455220103263854980e+00
-5.139470100402832031e-02
-1.201605319976806641e+00
-9.293941259384155273e-01
-1.025178670883178711e+00
5.445277690887451172e-02
2.059860944747924805e+00
-1.116076707839965820e+00
4.859470367431640625e+00
8.459875583648681641e-01
9.765769243240356445e-01
4.609867095947265625e+00
-6.879930496215820312e-01
1.210557460784912109e+00
4.761185169219970703e+00
2.554997444152832031e+00
4.553063392639160156e+00
9.705077409744262695e-01
-1.621664643287658691e+00
-4.989099502563476562e-02
3.277774572372436523e+00
-1.803496241569519043e+00
-2.383002042770385742e-01
5.323629379272460938e-01
2.827206254005432129e-02
1.041952490806579590e+00
2.515930175781250000e+00
-9.798971414566040039e-01
4.719586372375488281e-01
1.579003334045410156e-01
-1.805441737174987793e+00
4.332892417907714844e+00
3.071840286254882812e+00
-5.904411077499389648e-01
1.969433903694152832e+00
-3.836882114410400391e-02
-6.832885742187500000e-02
5.000000000000000000e+00
2.742230892181396484e+00
-5.233929157257080078e-01
5.000000000000000000e+00
-4.716804027557373047e-01
3.817075729370117188e+00
1.794130206108093262e-01
1.145922660827636719e+00
1.118240118026733398e+00
3.968644142150878906e-02
-4.845992922782897949e-01
4.822193384170532227e-01
7.179432511329650879e-01
2.648075819015502930e-01
2.523491382598876953e+00
4.592543601989746094e+00
5.936142206192016602e-01
6.306502223014831543e-01
3.793475627899169922e+00
1.007699251174926758e+00
6.011779308319091797e-01
1.233829975128173828e+00
5.000000000000000000e+00
2.027587413787841797e+00
8.874384164810180664e-01
6.782950162887573242e-01
2.750116348266601562e+00
3.996199131011962891e+00
4.592233657836914062e+00
1.153090596199035645e+00
5.490459203720092773e-01
-9.990450143814086914e-01
7.994168996810913086e-02
1.776574850082397461e+00
1.387964487075805664e+00
6.343603134155273438e-03
2.203941106796264648e+00
-1.239292144775390625e+00
1.525925636291503906e+00
-2.804635465145111084e-01
-1.714073419570922852e+00
-1.337056159973144531e-01
2.714952945709228516e+00
1.001987695693969727e+00
-1.842465639114379883e+00
-5.465229749679565430e-01
-1.084530234336853027e+00
4.973972797393798828e+00
1.896437168121337891e+00
2.037260532379150391e+00
1.960542201995849609e-01
8.356328010559082031e-01
6.587644815444946289e-01
2.399844169616699219e+00
5.448063611984252930e-01
5.014742612838745117e-01
2.595115661621093750e+00
2.190538406372070312e+00
-1.482045650482177734e+00
4.997880935668945312e+00
7.685038447380065918e-01
6.656242609024047852e-01
-2.186742067337036133e+00
9.586546421051025391e-01
2.247565984725952148e-01
3.309125423431396484e+00
-1.085881233215332031e+00
5.000000000000000000e+00
4.943986535072326660e-01
3.012632846832275391e+00
2.626240730285644531e+00
5.000000000000000000e+00
3.409005165100097656e+00
5.042738914489746094e-01
8.082047700881958008e-01
-1.504805445671081543e+00
2.688246011734008789e+00
1.241297721862792969e-01
-1.143727302551269531e-01
-2.587195038795471191e-01
4.919141769409179688e+00
-2.252978086471557617e-01
-6.209404468536376953e-01
4.407783985137939453e+00
1.647284746170043945e+00
-7.928292751312255859e-01
5.000000000000000000e+00
5.953706502914428711e-01
-1.933339476585388184e+00
-2.043287754058837891e-01
2.726066112518310547e-01
-9.879379272460937500e-01
1.463626742362976074e+00
5.073882341384887695e-01
-1.457174539566040039e+00
1.676282286643981934e-01
4.942874908447265625e+00
-1.984306097030639648e+00
5.566134452819824219e-01
2.396249294281005859e+00
-1.077442169189453125e-01
5.000000000000000000e+00
1.373651027679443359e-01
-6.318645477294921875e-01
5.000000000000000000e+00
4.758377075195312500e+00
9.895623326301574707e-01
-1.275241851806640625e+00
5.000000000000000000e+00
-1.471427202224731445e+00
2.184272408485412598e-01
2.331085205078125000e-01
3.187283277511596680e-01
5.000000000000000000e+00
-4.287221431732177734e-01
5.126190185546875000e-02
-1.252346515655517578e+00
-1.252874970436096191e+00
-2.225190162658691406e+00
3.202209472656250000e-01
-1.659195423126220703e+00
-1.162069559097290039e+00
3.325562715530395508e+00
1.942894935607910156e+00
2.192156314849853516e+00
-1.615848541259765625e+00
1.028494834899902344e+00
8.016692399978637695e-01
1.656551361083984375e+00
5.162015557289123535e-01
-2.507898807525634766e-01
-6.980016231536865234e-01
-7.511898279190063477e-01
6.614981293678283691e-01
4.455132007598876953e+00
7.218060493469238281e-01
-5.052456259727478027e-01
4.173837661743164062e+00
5.000000000000000000e+00
1.888400793075561523e+00
-1.658726334571838379e-01
1.988086104393005371e-01
5.461855530738830566e-01
1.687085986137390137e+00
3.954800605773925781e+00
3.194713592529296875e-02
2.730349302291870117e-01
1.858123540878295898e+00
1.391524076461791992e-02
-1.303387522697448730e+00
5.924585461616516113e-02
3.627935171127319336e+00
-2.795622348785400391e-01
-1.362362265586853027e+00
-1.255373954772949219e-01
-1.320176959037780762e+00
-6.640067100524902344e-01
5.000000000000000000e+00
2.023059368133544922e+00
-1.109395742416381836e+00
2.595795392990112305e-01
-7.718477249145507812e-01
-1.016834139823913574e+00
8.835260868072509766e-01
5.000000000000000000e+00
4.961559772491455078e-01
-7.904261350631713867e-01
7.322074174880981445e-01
-7.844367027282714844e-01
-1.256347179412841797e+00
1.001818031072616577e-01
3.681148290634155273e-01
-7.088879346847534180e-01
9.230661392211914062e-02
2.867596626281738281e+00
-5.008697509765625000e-01
-6.732941269874572754e-01
-7.806510925292968750e-01
-5.809653997421264648e-01
5.000000000000000000e+00
4.449391365051269531e-01
-1.510292530059814453e+00
4.978798031806945801e-01
9.917010664939880371e-01
2.914699077606201172e+00
4.212308406829833984e+00
-3.213935196399688721e-01
1.168209314346313477e+00
4.537911415100097656e-01
2.281209945678710938e+00
8.630365729331970215e-01
2.985198974609375000e+00
-5.643777847290039062e-01
-5.939370393753051758e-01
-4.050546884536743164e-02
8.128404617309570312e-02
2.407318115234375000e+00
5.000000000000000000e+00
5.121695995330810547e-02
-5.116214752197265625e-01
2.774330615997314453e+00
7.593384981155395508e-01
5.000000000000000000e+00
1.417585253715515137e+00
5.000000000000000000e+00
-4.817487001419067383e-01
4.177839279174804688e+00
-2.453925013542175293e-01
-1.696012020111083984e-01
2.748541831970214844e-01
-7.718359231948852539e-01
1.573586463928222656e-02
2.208498239517211914e+00
1.327082157135009766e+00
-6.584370136260986328e-02
1.429152488708496094e+00
4.457059860229492188e+00
1.383585214614868164e+00
8.851948976516723633e-01
7.535552978515625000e-02
-1.545264005661010742e+00
5.000000000000000000e+00
-9.507560729980468750e-02
5.453105568885803223e-01
1.091342329978942871e+00
9.139086008071899414e-01
4.154669284820556641e+00
4.477121353149414062e+00
1.492452621459960938e-01
-4.202668666839599609e-01
8.399090170860290527e-01
3.046158552169799805e-01
-1.243305444717407227e+00
-1.405326485633850098e+00
9.568785429000854492e-01
1.094643235206604004e+00
2.391860485076904297e+00
5.000000000000000000e+00
4.315174102783203125e+00
3.651373684406280518e-01
-1.372115015983581543e-01
-4.926488399505615234e-01
9.316549301147460938e-01
-4.278569221496582031e-01
5.739437341690063477e-01
1.097297668457031250e-02
4.429945468902587891e+00
3.291397988796234131e-01
-6.475073099136352539e-01
-1.652617096900939941e+00
2.738651037216186523e-01
-1.474378705024719238e-01
-1.610317707061767578e+00
-6.538873910903930664e-01
4.379705429077148438e+00
2.010548114776611328e+00
9.645231962203979492e-01
-1.464208841323852539e+00
2.073157548904418945e+00
1.493176698684692383e+00
1.517558574676513672e+00
1.156160473823547363e+00
-7.458612322807312012e-01
-2.228610515594482422e+00
5.309631824493408203e-01
3.859959840774536133e-01
3.298141956329345703e-01
-1.904986500740051270e+00
4.234372973442077637e-01
2.925400733947753906e+00
-4.462704062461853027e-01
6.313923001289367676e-01
1.499302387237548828e-01
1.257540106773376465e+00
4.433247089385986328e+00
1.881624460220336914e-01
9.022754430770874023e-01
-2.203536033630371094e-02
7.915965318679809570e-01
5.739948749542236328e-01
2.572991847991943359e-01
4.112728834152221680e-01
4.799628257751464844e-02
1.414361000061035156e+00
-1.983269453048706055e-01
-3.171551227569580078e-02
5.239645242691040039e-01
1.295800447463989258e+00
1.267299950122833252e-01
1.646595358848571777e+00
2.256953716278076172e+00
-3.815902471542358398e-01
1.883190274238586426e-01
-1.793145060539245605e+00
2.010649681091308594e+00
1.247591733932495117e+00
1.172073364257812500e+00
-8.845496177673339844e-01
7.110275030136108398e-01
2.475273847579956055e+00
2.729569673538208008e-01
-1.210746765136718750e-01
2.112838268280029297e+00
5.874395370483398438e-02
2.040179252624511719e+00
5.000000000000000000e+00
4.707831382751464844e+00
-3.059689521789550781e+00
-6.392387151718139648e-01
6.971099376678466797e-01
2.881471633911132812e+00
3.419201374053955078e-01
4.123531341552734375e+00
5.061906576156616211e-01
1.123866558074951172e+00
1.004525423049926758e-01
1.096554994583129883e-01
1.461976647377014160e+00
1.342753529548645020e+00
-4.753942489624023438e-01
-4.379751682281494141e-01
-4.728468656539916992e-01
5.000000000000000000e+00
-2.222102403640747070e+00
6.451491713523864746e-01
2.219343185424804688e-01
2.300953626632690430e+00
1.605830550193786621e+00
-1.459984183311462402e-01
5.754299759864807129e-01
6.342229843139648438e-01
1.298780679702758789e+00
5.000000000000000000e+00
2.672684192657470703e-01
3.888006448745727539e+00
1.265577554702758789e+00
3.618720173835754395e-01
3.694161176681518555e+00
-7.129378318786621094e-01
1.908851385116577148e+00
4.651842117309570312e+00
4.360483646392822266e+00
1.604141891002655029e-01
7.745276391506195068e-02
8.225057125091552734e-01
1.973515868186950684e+00
4.397552013397216797e-01
9.707671403884887695e-02
6.601113080978393555e-02
-1.562037944793701172e+00
-4.041013717651367188e-01
-1.029615998268127441e-01
2.154331922531127930e+00
-2.458368062973022461e+00
-1.013523101806640625e+00
-2.727360725402832031e-01
8.686350584030151367e-01
-1.034197568893432617e+00
9.771423339843750000e-01
1.243886947631835938e-01
-7.588636875152587891e-01
6.935659646987915039e-01
5.000000000000000000e+00
-7.165085673332214355e-01
1.576783180236816406e+00
2.105601072311401367e+00
-8.726835250854492188e-02
3.836468219757080078e+00
4.079148292541503906e+00
9.064227938652038574e-01
2.233098745346069336e-01
-4.883372783660888672e-01
6.386969685554504395e-01
-4.488956034183502197e-01
-3.622475266456604004e-01
9.828711748123168945e-01
1.325347423553466797e+00
5.000000000000000000e+00
4.877398490905761719e+00
-1.115323543548583984e+00
-1.362571239471435547e+00
5.000000000000000000e+00
-7.047119140625000000e-01
4.062271118164062500e-02
2.819313764572143555e+00
6.098200082778930664e-01
1.002153158187866211e+00
1.211968183517456055e+00
-1.145375967025756836e-01
5.000000000000000000e+00
-7.845697402954101562e-01
2.046068191528320312e+00
1.465813040733337402e+00
1.144164085388183594e+00
3.421828508377075195e+00
7.771966457366943359e-01
-1.340587377548217773e+00
7.983846664428710938e-01
-1.361052274703979492e+00
-1.841577291488647461e-01
-2.203399658203125000e+00
1.237872838973999023e+00
2.427754402160644531e-01
1.569182872772216797e+00
7.390558719635009766e-01
1.177700400352478027e+00
-1.125182390213012695e+00
2.391433715820312500e-02
-1.443550586700439453e-01
-2.036467194557189941e-01
1.162035822868347168e+00
-1.341583847999572754e+00
5.000000000000000000e+00
-4.659632444381713867e-01
5.000000000000000000e+00
-1.780302524566650391e-01
5.879334211349487305e-01
4.451745033264160156e+00
3.562631130218505859e+00
6.932642459869384766e-01
-2.336406707763671875e-02
1.889407873153686523e+00
-1.833654165267944336e+00
3.935831785202026367e-02
7.598725557327270508e-01
1.220285892486572266e+00
7.836869955062866211e-01
5.000000000000000000e+00
1.037480831146240234e+00
4.060829162597656250e+00
-1.159557819366455078e+00
1.495497465133666992e+00
-6.210021972656250000e-01
8.482601642608642578e-01
1.844386696815490723e+00
-2.262493133544921875e+00
-2.593195438385009766e-01
1.195227622985839844e+00
3.880675733089447021e-01
2.047317504882812500e+00
-2.864015698432922363e-01
5.810450315475463867e-01
-3.453226089477539062e-01
1.835008621215820312e+00
-6.426684856414794922e-01
4.433692932128906250e+00
4.471144080162048340e-01
-2.624666690826416016e-01
8.392876386642456055e-01
1.156012535095214844e+00
-5.134522318840026855e-01
-2.318183779716491699e-01
3.086087226867675781e+00
1.154426574707031250e+00
-3.576731085777282715e-01
-1.777632474899291992e+00
4.403260707855224609e+00
-1.416651368141174316e+00
2.655080318450927734e+00
-2.906084060668945312e-03
4.734088897705078125e+00
-7.655978202819824219e-02
4.942605495452880859e-01
-1.725086212158203125e+00
4.658819198608398438e+00
2.799543857574462891e+00
4.605975151062011719e-01
-1.031467914581298828e+00
4.654572010040283203e-01
2.112818956375122070e-01
7.200466990470886230e-01
-2.040189266204833984e+00
4.236820340156555176e-01
2.264049649238586426e-01
-1.486921429634094238e+00
-1.612486362457275391e+00
8.514339923858642578e-01
1.098623037338256836e+00
-1.118570566177368164e-01
1.713451504707336426e+00
1.593911051750183105e-01
-1.205927968025207520e+00
-1.943738460540771484e-01
8.833393454551696777e-01
3.741763353347778320e+00
-1.094908952713012695e+00
-2.000880241394042969e-01
2.166511297225952148e+00
4.567751884460449219e-01
1.999090671539306641e+00
1.258898973464965820e-01
5.319297313690185547e-03
-5.709810853004455566e-01
-1.342238664627075195e+00
-8.976665735244750977e-01
2.256854772567749023e-01
3.770184516906738281e-02
-2.394679069519042969e+00
-2.010756731033325195e-01
-1.121139526367187500e-01
1.655379056930541992e+00
9.240525364875793457e-01
-2.725421905517578125e+00
1.203588247299194336e-01
3.396058082580566406e-01
-9.510135650634765625e-02
6.350823640823364258e-01
3.679300248622894287e-01
-1.584173321723937988e+00
-1.425294876098632812e-01
-1.137344598770141602e+00
-4.263466596603393555e-01
5.821154117584228516e-01
-6.763190031051635742e-01
1.378468513488769531e+00
-5.422383546829223633e-02
-7.742288708686828613e-01
-4.845237135887145996e-01
-1.346863627433776855e+00
2.820381641387939453e+00
-1.004055023193359375e+00
2.226855754852294922e-01
1.465254068374633789e+00
2.137303829193115234e+00
3.766896963119506836e+00
-6.041033267974853516e-01
2.104602813720703125e+00
1.304655671119689941e+00
-6.385339498519897461e-01
5.952620506286621094e-01
-6.694430112838745117e-02
5.936107635498046875e-01
-5.259548425674438477e-01
-3.057391643524169922e-01
9.743525385856628418e-01
-1.686887502670288086e+00
9.253241419792175293e-01
4.814372062683105469e-01
5.000000000000000000e+00
3.190854549407958984e+00
-7.787095308303833008e-01
4.441274166107177734e+00
-5.337247252464294434e-01
5.011252164840698242e-01
1.082291603088378906e-01
2.270798921585083008e+00
-3.823228478431701660e-01
5.223645567893981934e-01
-4.754863977432250977e-01
3.433389663696289062e-01
5.000000000000000000e+00
2.878174185752868652e-01
6.764905452728271484e-01
1.886195182800292969e+00
2.092519521713256836e+00
-6.240918636322021484e-01
3.060770034790039062e-02
-1.093065381050109863e+00
4.420068740844726562e+00
1.154191732406616211e+00
4.162208437919616699e-01
5.000000000000000000e+00
1.914778828620910645e+00
-2.200375795364379883e-01
1.971645355224609375e-01
-5.879554748535156250e-01
4.133288860321044922e-01
4.530206680297851562e+00
8.230978846549987793e-01
3.370940446853637695e+00
1.441039085388183594e+00
1.603010416030883789e+00
2.068629264831542969e-01
7.265502214431762695e-01
-6.904728412628173828e-01
2.368224620819091797e+00
2.324887037277221680e+00
-1.015047788619995117e+00
-6.424700021743774414e-01
3.691522121429443359e+00
3.356528282165527344e-02
-4.276210069656372070e-01
1.333567380905151367e+00
4.814620018005371094e+00
-1.915057420730590820e+00
7.041244506835937500e-01
7.323385477066040039e-01
2.116429805755615234e-01
-1.229798555374145508e+00
-3.381489515304565430e-01
3.485536575317382812e-01
2.800608634948730469e+00
9.851562976837158203e-01
-2.272307872772216797e-01
4.528295993804931641e-02
4.282834529876708984e-01
-5.127358436584472656e-02
1.215383768081665039e+00
1.723123311996459961e+00
-2.417849302291870117e-01
4.405148506164550781e+00
-8.797531127929687500e-01
3.403902053833007812e-01
1.276833295822143555e+00
-1.111332893371582031e+00
-4.497613310813903809e-01
-2.239216566085815430e-01
3.993458747863769531e-01
2.487109661102294922e+00
-1.188288450241088867e+00
1.125846385955810547e+00
-4.266012907028198242e-01
-2.039225339889526367e+00
-2.090676069259643555e+00
-2.126253843307495117e-01
1.865319013595581055e+00
-1.338997840881347656e+00
8.022985458374023438e-01
3.089941143989562988e-01
1.472730040550231934e+00
4.191167831420898438e+00
1.486159086227416992e+00
1.278290629386901855e+00
1.135795593261718750e+00
-1.578433513641357422e-01
-4.501827716827392578e+00
1.314512014389038086e+00
7.314730882644653320e-01
2.904114127159118652e-02
3.335446119308471680e+00
3.639446496963500977e-01
7.461333274841308594e-01
5.000000000000000000e+00
1.616752028465270996e+00
-1.324330687522888184e+00
-6.846905946731567383e-01
1.344536066055297852e+00
5.000000000000000000e+00
-3.218096494674682617e-01
-1.975502967834472656e-01
1.205367743968963623e-01
1.745499610900878906e+00
-2.377823591232299805e-01
1.085245847702026367e+00
1.795073032379150391e+00
4.354224801063537598e-01
1.065827369689941406e+00
1.625417232513427734e+00
4.209442138671875000e+00
1.027333974838256836e+00
5.036725997924804688e-01
5.044528841972351074e-01
-2.025265097618103027e-01
9.085346460342407227e-01
5.723786950111389160e-01
-4.523637294769287109e-01
1.300544738769531250e-01
2.333886623382568359e-01
-6.374979019165039062e-01
1.168579101562500000e+00
3.510608673095703125e-01
3.299120664596557617e-01
1.054209709167480469e+00
-3.725225925445556641e-01
1.677032113075256348e+00
-1.230227947235107422e+00
1.814998507499694824e+00
4.273251295089721680e-01
1.450093269348144531e+00
3.977351903915405273e+00
5.310236215591430664e-01
3.904321193695068359e+00
4.150881767272949219e-01
-2.185999155044555664e-01
-1.844978332519531250e-01
1.100039482116699219e+00
2.699732780456542969e-02
2.278325557708740234e+00
3.594680428504943848e-01
-1.413068413734436035e+00
3.705554008483886719e-01
-1.969816923141479492e+00
2.175938129425048828e+00
1.746350765228271484e+00
-2.123913764953613281e-01
-9.141638278961181641e-01
5.043067932128906250e-01
5.959222316741943359e-01
-3.963621854782104492e-01
-4.789498448371887207e-01
-1.267212033271789551e-01
1.389089822769165039e+00
