-1.134254932403564453e+00
1.570055723190307617e+00
2.358196377754211426e-01
5.000000000000000000e+00
4.662743568420410156e+00
1.535549163818359375e-01
1.776034832000732422e+00
8.725357055664062500e-01
3.915471315383911133e+00
1.153565168380737305e+00
-1.346356034278869629e+00
9.625101089477539062e-01
2.824425697326660156e-01
1.108771085739135742e+00
2.630258083343505859e+00
5.910423398017883301e-01
4.845603466033935547e+00
6.368844509124755859e-01
-8.068461418151855469e-01
2.979759454727172852e+00
9.639756083488464355e-01
-1.985504865646362305e+00
1.551766753196716309e+00
1.668980121612548828e-01
-4.441993236541748047e-01
4.524022340774536133e-02
-4.324340820312500000e-02
-1.739619970321655273e-01
-2.114244699478149414e-01
4.137943983078002930e-01
-1.814450025558471680e+00
-7.716289758682250977e-01
3.783646106719970703e+00
2.558891773223876953e+00
-1.561002016067504883e+00
4.048011779785156250e+00
-2.182724475860595703e+00
2.239286899566650391e-01
4.189742088317871094e+00
-4.180040359497070312e-01
3.738563060760498047e+00
4.272520542144775391e-02
4.759833812713623047e-01
9.735800027847290039e-01
-3.694481253623962402e-01
8.471974730491638184e-01
9.919747114181518555e-01
-5.943150520324707031e-01
-2.122384309768676758e+00
-3.692504167556762695e-01
-6.789909601211547852e-01
8.512800931930541992e-01
-2.011051177978515625e-01
2.534860372543334961e-01
3.855119705200195312e+00
-3.268699645996093750e-01
8.382446765899658203e-01
-2.855354309082031250e+00
1.799308061599731445e-01
9.962618947029113770e-01
8.204668760299682617e-02
6.609430909156799316e-01
-8.157613873481750488e-02
-1.435080289840698242e+00
2.217314243316650391e-01
4.591352462768554688e+00
-7.510185241699218750e-01
3.997057914733886719e+00
-1.253593206405639648e+00
1.713750362396240234e-01
4.760124206542968750e+00
4.496658325195312500e+00
1.732578516006469727e+00
-4.164594411849975586e-01
2.672545909881591797e+00
1.250599622726440430e-01
1.677799224853515625e+00
-2.345581054687500000e-01
8.018018007278442383e-01
-9.828374385833740234e-01
-1.515197634696960449e+00
-5.584599971771240234e-01
-5.390665054321289062e+00
5.658038258552551270e-01
1.477505445480346680e+00
4.292532920837402344e+00
2.627271413803100586e+00
8.872851133346557617e-01
2.423437595367431641e+00
8.325588703155517578e-02
1.354896903038024902e+00
3.958646297454833984e+00
5.304467678070068359e-01
1.247054338455200195e-02
1.639769315719604492e+00
1.945664882659912109e-01
3.135583877563476562e+00
-1.797792315483093262e+00
9.273183345794677734e-02
2.752802848815917969e+00
9.928401708602905273e-01
5.000000000000000000e+00
1.436768293380737305e+00
-1.082612752914428711e+00
8.818857073783874512e-01
2.336717844009399414e-01
-1.396654248237609863e-01
2.623557090759277344e+00
2.879093408584594727e+00
1.639405131340026855e+00
-6.215231418609619141e-01
5.000000000000000000e+00
1.455197334289550781e-01
2.628575563430786133e-01
-9.866095781326293945e-01
3.657505989074707031e+00
1.365527510643005371e-01
-1.627361774444580078e-02
1.072852134704589844e+00
-3.255652189254760742e-01
1.111155271530151367e+00
1.387264966964721680e+00
1.020846366882324219e-01
-1.914694309234619141e-01
2.643585205078125000e-02
2.883873939514160156e+00
5.492712259292602539e-01
-4.282842874526977539e-01
2.206903219223022461e+00
2.301244735717773438e+00
-6.681330204010009766e-01
1.090733408927917480e-01
6.891903281211853027e-01
1.713721513748168945e+00
-3.970876932144165039e-01
8.095456361770629883e-01
2.301008105278015137e-01
1.204340100288391113e+00
7.476793527603149414e-01
-2.062702178955078125e-01
3.510606288909912109e-02
-1.232700943946838379e-01
-7.232909202575683594e-01
6.790500879287719727e-01
5.000000000000000000e+00
-7.970953464508056641e+00
1.928274273872375488e+00
9.241229295730590820e-02
2.535828828811645508e+00
5.266818404197692871e-02
-8.401052951812744141e-01
9.877310395240783691e-01
5.000000000000000000e+00
8.408823013305664062e-01
4.577533721923828125e+00
6.690424084663391113e-01
1.081746578216552734e+00
4.532642364501953125e+00
1.136958599090576172e-02
2.144549369812011719e+00
-3.102596998214721680e-01
4.118225574493408203e-01
1.040414690971374512e+00
1.157999038696289062e+00
-2.616388797760009766e+00
1.007887244224548340e+00
2.017381668090820312e+00
-1.143587112426757812e+00
-7.484248876571655273e-01
7.914001345634460449e-01
2.254043817520141602e+00
-7.394442558288574219e-01
1.764902353286743164e+00
3.615144729614257812e+00
1.372027397155761719e+00
7.730011940002441406e-01
-4.583395719528198242e-01
-4.822232723236083984e-01
2.680009603500366211e-01
4.120002269744873047e+00
-9.898372888565063477e-01
-4.830098152160644531e-02
2.166265249252319336e-01
2.826756954193115234e+00
-2.845106124877929688e-01
-6.286829710006713867e-01
-1.268032789230346680e-01
3.753626346588134766e+00
-1.144299983978271484e+00
3.746709823608398438e-01
-7.768955230712890625e-01
8.420932292938232422e-02
1.888115406036376953e-01
4.276583671569824219e+00
-8.911470174789428711e-01
4.380329251289367676e-01
3.941925764083862305e+00
4.234211444854736328e-01
1.459552049636840820e-01
8.947160243988037109e-01
8.185291290283203125e-01
3.121671199798583984e+00
-2.542737722396850586e-01
-8.644437789916992188e-02
2.391386032104492188e-01
-3.083275556564331055e+00
1.666135311126708984e+00
1.608287096023559570e+00
-1.211908459663391113e+00
3.936800479888916016e+00
4.543880224227905273e-01
-9.574619531631469727e-01
5.000000000000000000e+00
-1.277344822883605957e+00
4.744788169860839844e+00
5.000000000000000000e+00
-4.277267456054687500e-01
2.078037977218627930e+00
9.920641779899597168e-01
9.201070070266723633e-01
1.434353351593017578e+00
3.648717403411865234e-01
1.562215089797973633e+00
-9.930372238159179688e-02
-7.060909271240234375e-01
2.425430417060852051e-01
-8.907433748245239258e-01
3.508754730224609375e+00
-3.478664159774780273e-01
-7.368528842926025391e-02
-2.117465734481811523e+00
-2.485294342041015625e+00
3.764572620391845703e+00
-1.665424346923828125e+00
-3.709688782691955566e-03
3.666314601898193359e+00
5.000000000000000000e+00
5.609005689620971680e-01
1.450213909149169922e+00
3.678533554077148438e+00
5.817586183547973633e-01
-7.906020879745483398e-01
2.798043787479400635e-01
7.453959584236145020e-01
9.218651056289672852e-01
-1.285698413848876953e-01
4.936971664428710938e+00
5.000000000000000000e+00
2.445504188537597656e+00
5.515948534011840820e-01
6.076858639717102051e-01
3.679871559143066406e-03
4.129747390747070312e+00
-1.656062841415405273e+00
1.047817468643188477e+00
8.892381191253662109e-02
1.035565257072448730e+00
-7.370376586914062500e-01
9.020805358886718750e-02
-7.185528874397277832e-01
-6.519006490707397461e-01
1.189732074737548828e+00
1.017416000366210938e+00
3.018514156341552734e+00
-1.964749097824096680e-01
-5.506312847137451172e-01
2.728253602981567383e-02
-6.901025772094726562e-02
6.418980658054351807e-02
6.636781692504882812e-01
1.360855579376220703e+00
2.341535329818725586e+00
2.514706611633300781e+00
7.505598068237304688e-01
1.405704736709594727e+00
-8.138864040374755859e-01
-1.006891727447509766e-01
4.439572095870971680e-01
1.755406260490417480e-01
1.446737051010131836e+00
1.370460033416748047e+00
3.652256488800048828e+00
8.176630735397338867e-01
3.513931751251220703e+00
4.802095890045166016e+00
2.137350082397460938e+00
-5.608390569686889648e-01
3.706412315368652344e-01
-6.590465307235717773e-01
-8.966302871704101562e-01
2.456408739089965820e-01
-1.026649236679077148e+00
-1.269018650054931641e-02
5.311630964279174805e-01
1.954766511917114258e-01
-1.869785785675048828e-02
5.000000000000000000e+00
-8.840706348419189453e-01
3.704947233200073242e+00
4.191824913024902344e+00
-1.236330151557922363e+00
1.657350778579711914e+00
2.709710597991943359e-02
-3.598277568817138672e-01
6.781220436096191406e-02
8.203579187393188477e-01
4.058243751525878906e+00
-1.118218898773193359e+00
2.021048069000244141e+00
7.934945821762084961e-02
4.142751693725585938e+00
2.037936449050903320e+00
-9.285390377044677734e-02
7.121718525886535645e-01
3.651556015014648438e+00
1.071071624755859375e-02
3.580557107925415039e-01
5.000000000000000000e+00
1.964228391647338867e+00
2.882142543792724609e+00
4.221634864807128906e-01
-1.256699323654174805e+00
8.955061435699462891e-02
7.564321160316467285e-01
7.852354645729064941e-01
2.865634441375732422e+00
-3.732845187187194824e-02
1.567495346069335938e+00
-6.920207738876342773e-01
-7.013201713562011719e-03
-1.608602404594421387e-01
1.526705175638198853e-01
5.181219577789306641e-01
-1.668508648872375488e-01
2.093958854675292969e+00
1.470880985260009766e+00
1.923719882965087891e+00
-5.766826868057250977e-01
2.294682860374450684e-01
-8.024956583976745605e-01
-1.291168689727783203e+00
1.723657131195068359e+00
2.832959890365600586e-01
3.226580619812011719e-01
-1.368556618690490723e+00
-4.320249557495117188e-01
7.872703075408935547e-01
3.657568931579589844e+00
-1.562773704528808594e+00
2.396008014678955078e+00
1.351535320281982422e+00
-6.574639081954956055e-01
-7.465485930442810059e-01
2.326277732849121094e+00
5.059208869934082031e-01
2.894409298896789551e-01
4.494025707244873047e+00
2.671449184417724609e-01
-9.151670336723327637e-01
8.547160029411315918e-02
-1.063787221908569336e+00
-1.423356294631958008e+00
3.059380054473876953e+00
-8.778375983238220215e-01
-5.495412945747375488e-01
4.545910358428955078e-01
9.854362010955810547e-01
7.939534187316894531e-01
-3.029668331146240234e-02
-1.014246463775634766e+00
4.657768726348876953e+00
-5.200147628784179688e+00
-4.820163249969482422e-01
6.602094173431396484e-01
-4.437413215637207031e-01
1.858735442161560059e+00
6.154670715332031250e-01
3.936779499053955078e-02
3.436587810516357422e+00
6.589881181716918945e-01
1.293393969535827637e+00
1.052533626556396484e+00
1.484709262847900391e+00
2.376427888870239258e+00
2.685644388198852539e+00
-5.006661415100097656e-01
-1.206252574920654297e-01
-4.786128997802734375e-01
4.721742153167724609e+00
-1.719511747360229492e-01
3.940814137458801270e-01
3.826650619506835938e+00
4.447977542877197266e-01
2.080202102661132812e-05
-1.447973251342773438e+00
-1.185403347015380859e+00
6.817241907119750977e-01
-2.098244726657867432e-01
1.660857796669006348e-01
7.006324529647827148e-01
2.495412588119506836e+00
-1.670999526977539062e+00
-1.053526520729064941e+00
-8.848524093627929688e-02
1.201691269874572754e+00
3.441982269287109375e-01
1.578386068344116211e+00
-7.697542905807495117e-01
6.615811586380004883e-01
4.101535320281982422e+00
7.143650054931640625e-01
5.000000000000000000e+00
4.539695262908935547e+00
-6.372174024581909180e-01
1.103715181350708008e+00
7.181577682495117188e-01
-2.322871685028076172e-01
6.780474781990051270e-01
1.136055231094360352e+00
4.958939552307128906e+00
5.000000000000000000e+00
-8.145391941070556641e-02
4.660841226577758789e-01
1.059371232986450195e+00
-1.019861698150634766e-01
-4.160189628601074219e-02
6.330534219741821289e-01
1.680135369300842285e+00
8.617677688598632812e-01
2.874447107315063477e-01
-8.850128173828125000e+00
1.554185867309570312e+00
-2.762013673782348633e-01
8.829752206802368164e-01
4.092931747436523438e+00
1.279299020767211914e+00
6.380486488342285156e-01
7.464479207992553711e-01
1.818555116653442383e+00
2.756531238555908203e-01
-9.500262737274169922e-01
5.000000000000000000e+00
2.231607437133789062e-01
-1.835576295852661133e-01
-2.306642830371856689e-01
1.121965050697326660e+00
-2.200490236282348633e+00
2.433664560317993164e+00
1.899026632308959961e-01
5.000000000000000000e+00
-6.691032648086547852e-01
-1.206892728805541992e-01
3.629791259765625000e+00
-1.014561891555786133e+00
-3.459056615829467773e-01
1.752697229385375977e+00
-8.171848058700561523e-01
3.366271495819091797e+00
-2.480704784393310547e+00
1.179153323173522949e+00
-2.203580379486083984e+00
2.337613105773925781e-01
4.216025829315185547e+00
-4.780522584915161133e-01
-6.790733337402343750e-02
1.907505989074707031e-01
-5.220167040824890137e-01
3.761947393417358398e+00
-2.281801700592041016e-01
-1.211637496948242188e+00
1.936581134796142578e-01
1.028590440750122070e+00
9.441748261451721191e-01
4.293944835662841797e-01
1.253275036811828613e+00
1.207593917846679688e+00
-1.330278277397155762e+00
9.881019592285156250e-02
-8.725516796112060547e-01
3.075832366943359375e+00
1.270016133785247803e-01
5.000000000000000000e+00
-3.459491729736328125e-01
4.059560298919677734e+00
2.691291093826293945e+00
-2.318722248077392578e+00
1.162463665008544922e+00
3.435797929763793945e+00
-1.680819988250732422e-01
-4.533741474151611328e-01
4.699267387390136719e+00
3.891094684600830078e+00
-2.019680738449096680e+00
-1.983042001724243164e+00
-2.095232725143432617e+00
2.166567444801330566e-01
-7.469403743743896484e-01
2.807384729385375977e+00
4.671422004699707031e+00
1.278797388076782227e-01
8.889217376708984375e-01
-4.073443412780761719e-01
8.840115666389465332e-01
4.262977600097656250e+00
8.511552214622497559e-01
8.622027635574340820e-01
-1.511321365833282471e-01
8.316873311996459961e-01
1.159625172615051270e+00
6.792950630187988281e-02
-6.042923927307128906e-01
4.018350601196289062e+00
2.080552577972412109e+00
-2.161445617675781250e-01
7.800132036209106445e-01
5.000000000000000000e+00
-1.386119127273559570e+00
1.268462181091308594e+00
1.151029348373413086e+00
-3.960832357406616211e-01
-2.007657289505004883e-01
-2.543792724609375000e-01
1.451430916786193848e-01
9.562373161315917969e-03
6.844091415405273438e-01
-6.373286247253417969e-01
-9.342852830886840820e-01
2.651282072067260742e+00
2.814683914184570312e-01
1.480433940887451172e+00
1.943319797515869141e+00
1.648704051971435547e+00
-1.522740721702575684e-01
-2.008282423019409180e+00
-1.874633312225341797e+00
4.693070948123931885e-01
2.262431144714355469e+00
-7.715581655502319336e-01
-4.560419023036956787e-01
5.000000000000000000e+00
-1.058166265487670898e+00
-1.980757713317871094e-02
2.290509939193725586e-01
1.462659716606140137e+00
1.733845949172973633e+00
9.397873878479003906e-01
3.066205382347106934e-01
6.145402193069458008e-01
4.514291286468505859e+00
-1.012152671813964844e+00
-8.738876581192016602e-01
5.875236988067626953e-01
-4.398680686950683594e+00
3.418877124786376953e+00
6.875624656677246094e-01
-7.122132778167724609e-01
-1.186124086380004883e-01
4.218820333480834961e-01
-3.175014019012451172e+00
1.449228525161743164e-01
-2.443656921386718750e-01
7.017268538475036621e-01
5.000000000000000000e+00
-2.209615707397460938e-01
3.032330274581909180e-01
3.157890081405639648e+00
-3.596246242523193359e-02
-2.507529258728027344e-01
-3.838779330253601074e-01
4.432404041290283203e-02
-1.011034250259399414e+00
-1.603899121284484863e+00
-1.363887429237365723e+00
6.225997209548950195e-02
-5.869197845458984375e-01
4.755687713623046875e+00
1.579969882965087891e+00
5.325288772583007812e-01
-1.956729173660278320e+00
3.113077640533447266e+00
2.477009296417236328e-01
1.549754738807678223e+00
1.260114312171936035e+00
-2.661103010177612305e+00
1.621909260749816895e+00
-2.667280435562133789e-01
7.225351929664611816e-01
-2.760301828384399414e-01
1.619065999984741211e+00
1.095918297767639160e+00
6.207584738731384277e-01
-1.442323923110961914e+00
6.399761438369750977e-01
-4.482849836349487305e-01
-2.563699483871459961e-01
6.440616846084594727e-01
-8.777141571044921875e-01
1.221670508384704590e-01
2.469607830047607422e+00
7.966047525405883789e-01
2.179782152175903320e+00
-2.387627124786376953e+00
3.833918809890747070e+00
3.427961349487304688e+00
-7.205319404602050781e-02
1.479905605316162109e+00
2.090897560119628906e-01
-1.524132490158081055e-01
1.100218296051025391e-01
1.545643329620361328e+00
4.891025066375732422e+00
5.761339664459228516e-01
-5.749315023422241211e-01
7.301380038261413574e-01
-1.723547935485839844e+00
5.000000000000000000e+00
-4.889073371887207031e-01
6.618303060531616211e-01
4.089193344116210938e+00
3.145370483398437500e-01
2.951661825180053711e+00
1.310947656631469727e+00
2.823669433593750000e+00
-3.078004121780395508e-01
4.196967601776123047e+00
2.600182294845581055e-01
-7.162261009216308594e-02
5.950952768325805664e-01
1.906731128692626953e-01
7.521955966949462891e-01
-2.534275054931640625e-01
3.805537223815917969e-01
-1.151606798171997070e+00
3.638240814208984375e+00
-2.878890037536621094e-01
-8.763742446899414062e-01
1.199029326438903809e+00
-2.349321603775024414e+00
-2.045138478279113770e-01
-1.277483820915222168e+00
1.392808258533477783e-01
1.286163687705993652e+00
4.151595830917358398e-01
3.405554056167602539e+00
-4.281599521636962891e-01
3.882025718688964844e+00
-8.007915019989013672e-01
2.802124321460723877e-01
1.800266504287719727e+00
4.816210269927978516e+00
-2.650858163833618164e-01
-1.192896366119384766e-01
-9.646987915039062500e-01
-1.614831447601318359e+00
3.066058635711669922e+00
-4.032729864120483398e-01
2.999174594879150391e+00
1.757754087448120117e+00
1.884544849395751953e+00
-2.872318029403686523e-01
-5.389165878295898438e-01
-1.128070831298828125e+00
-8.144205808639526367e-01
-8.057429790496826172e-01
9.530781507492065430e-01
4.516254067420959473e-01
-5.348045229911804199e-01
7.816534042358398438e-01
-2.134505748748779297e+00
-6.279206275939941406e-02
3.511391878128051758e-01
-3.118639588356018066e-01
4.499059677124023438e+00
-8.996136188507080078e-01
1.445071697235107422e+00
2.485555171966552734e+00
-4.005050659179687500e-02
-1.558116197586059570e+00
1.483244895935058594e+00
2.204389572143554688e-01
3.039534091949462891e-01
8.190266489982604980e-01
5.000000000000000000e+00
1.390772819519042969e+00
5.000000000000000000e+00
3.216516375541687012e-01
-7.178535461425781250e-01
-1.753254532814025879e+00
-5.619667172431945801e-01
-1.074228286743164062e+00
4.140406608581542969e+00
8.656522035598754883e-01
1.091830253601074219e+00
3.507217764854431152e-01
-1.916540145874023438e+00
1.145785689353942871e+00
3.011133074760437012e-01
3.014364242553710938e-01
-1.044083833694458008e-01
3.449650526046752930e+00
1.036349415779113770e+00
2.737175941467285156e+00
-2.271183252334594727e+00
-6.074707508087158203e-01
5.852711200714111328e-02
2.368184328079223633e+00
-9.151095151901245117e-01
1.401744604110717773e+00
2.518039345741271973e-01
3.188244700431823730e-01
1.148504734039306641e+00
5.023882389068603516e-01
1.655768394470214844e+00
-4.896059036254882812e-01
-6.509695053100585938e-01
2.288653552532196045e-01
8.463591337203979492e-02
4.108957767486572266e+00
-3.036427497863769531e-01
1.746444344520568848e+00
9.568338394165039062e-01
2.294237613677978516e-01
1.660788774490356445e+00
4.896656990051269531e+00
-1.368990182876586914e+00
-3.251293897628784180e-01
5.296632051467895508e-01
-2.929738759994506836e-01
2.612733840942382812e+00
4.779196739196777344e+00
-1.024990081787109375e+00
5.000000000000000000e+00
3.551019430160522461e-01
3.862009048461914062e+00
2.864479064941406250e+00
2.977563142776489258e-01
4.231280088424682617e-01
3.337678015232086182e-01
1.765197515487670898e+00
-1.355180740356445312e-01
-4.617726802825927734e-01
-2.568299174308776855e-01
2.023794651031494141e-01
-8.098227977752685547e-01
2.752861738204956055e+00
8.162937760353088379e-01
3.355343341827392578e-01
-7.070357799530029297e-01
8.330812454223632812e-01
1.581541657447814941e+00
4.647939682006835938e+00
2.665256261825561523e+00
1.117706537246704102e+00
8.277924656867980957e-01
-1.225635051727294922e+00
6.317565441131591797e-01
-7.710288763046264648e-01
-1.367958426475524902e+00
3.530810832977294922e+00
-1.772975921630859375e-01
4.548447608947753906e+00
2.374576330184936523e-01
2.677884340286254883e+00
-1.938453912734985352e+00
4.636415481567382812e+00
1.671305894851684570e-01
1.622963428497314453e+00
3.494316101074218750e+00
-1.899008750915527344e-01
6.706817150115966797e-01
-5.354521274566650391e-01
-1.078452587127685547e+00
-5.192601680755615234e-02
-1.357293128967285156e-01
9.779902696609497070e-01
5.721775293350219727e-01
1.504459261894226074e+00
2.861657619476318359e+00
3.276194810867309570e+00
8.628086447715759277e-01
-5.401496887207031250e-01
-1.561722159385681152e-02
2.670630455017089844e+00
4.062679290771484375e+00
-2.728451490402221680e-01
7.729901075363159180e-01
5.140315294265747070e-01
-3.017058372497558594e-01
-1.600813865661621094e-01
5.284934639930725098e-01
-6.682748198509216309e-01
5.825042128562927246e-01
1.718253850936889648e+00
-7.977061271667480469e-01
6.176838874816894531e-01
2.542171001434326172e+00
4.848742008209228516e+00
-2.233298718929290771e-01
2.779622554779052734e+00
9.867530465126037598e-01
-6.782954931259155273e-01
1.111361503601074219e+00
6.823824644088745117e-01
3.718888044357299805e+00
1.326891899108886719e+00
-4.286680817604064941e-01
-3.013575673103332520e-01
-2.218250036239624023e-01
-7.872345447540283203e-01
5.000000000000000000e+00
1.197987318038940430e+00
3.139680385589599609e+00
5.387794971466064453e-01
4.262637138366699219e+00
-7.302756309509277344e-01
4.237308502197265625e+00
1.004090309143066406e+00
-1.412073373794555664e-01
4.705054283142089844e+00
-6.816589832305908203e-01
1.498501300811767578e-01
2.417338132858276367e+00
-4.779150485992431641e-01
6.548709869384765625e-01
2.047106981277465820e+00
-6.417902708053588867e-01
-1.332731962203979492e+00
-2.505800724029541016e-01
-5.115637779235839844e-01
5.000000000000000000e+00
1.277096509933471680e+00
-1.725188255310058594e+00
8.838977813720703125e-01
3.487404823303222656e+00
-1.663236618041992188e+00
3.607861280441284180e+00
-2.498396635055541992e-01
3.580706834793090820e+00
3.196305036544799805e+00
-1.386836767196655273e+00
-3.619310855865478516e-01
-2.863060235977172852e-01
7.349579930305480957e-01
9.607508778572082520e-01
-4.877141714096069336e-01
1.020989894866943359e+00
-6.160415410995483398e-01
-2.542772293090820312e-01
7.438904047012329102e-01
4.798944950103759766e+00
-1.038980960845947266e+00
2.972019195556640625e+00
-1.997350454330444336e-01
-1.204460859298706055e-01
2.253689289093017578e+00
1.685547113418579102e+00
6.856660842895507812e-01
-1.391442537307739258e+00
1.002226591110229492e+00
2.632985115051269531e-01
1.551819086074829102e+00
5.750961303710937500e-01
2.373269200325012207e-02
-2.006852626800537109e-01
4.761121749877929688e+00
3.615703821182250977e+00
1.322008371353149414e+00
-2.253618717193603516e+00
-1.839435100555419922e-01
4.581986427307128906e+00
4.932261705398559570e-01
-7.817807197570800781e-01
-1.148614883422851562e+00
4.384677112102508545e-01
5.764572620391845703e-01
-2.695622682571411133e+00
4.721868038177490234e-01
-1.117160320281982422e-01
2.209488630294799805e+00
2.265545845031738281e+00
1.523948788642883301e+00
1.980357170104980469e-01
-1.113167524337768555e+00
8.775941133499145508e-01
-8.843624591827392578e-01
-1.340903759002685547e+00
2.496412992477416992e-01
1.453370094299316406e+00
3.424313068389892578e-01
8.897338509559631348e-01
4.854720115661621094e+00
3.239560365676879883e+00
1.593807458877563477e+00
-1.858429461717605591e-01
1.505047202110290527e+00
7.541614174842834473e-01
5.298898220062255859e-01
1.064688205718994141e+00
4.114104747772216797e+00
5.000000000000000000e+00
-8.465740084648132324e-01
-1.275677680969238281e-01
1.179421246051788330e-01
-1.514978408813476562e+00
4.554551839828491211e-02
4.327478408813476562e+00
4.211991429328918457e-01
4.674753189086914062e+00
2.586478233337402344e+00
5.000000000000000000e+00
