4.604427516460418701e-01
-6.467586755752563477e-02
-2.935301661491394043e-01
-2.839935302734375000e+00
1.742296516895294189e-01
-1.309959053993225098e+00
-4.711588621139526367e-01
6.694509983062744141e-01
-3.047004461288452148e+00
2.227172851562500000e-01
4.488715171813964844e+00
3.964404582977294922e+00
5.734024643898010254e-01
4.927693367004394531e+00
3.047693967819213867e-01
-1.098487854003906250e+00
6.227791309356689453e-01
-5.055934906005859375e+00
1.627823114395141602e-01
5.311928987503051758e-01
1.089041948318481445e+00
1.413314342498779297e-01
-2.830959558486938477e+00
1.593779921531677246e+00
3.928097486495971680e-01
-1.193033695220947266e+00
-1.754289865493774414e-01
2.565408945083618164e+00
3.813466548919677734e+00
1.310564756393432617e+00
-1.567297458648681641e+00
-2.499545812606811523e-01
-9.044346809387207031e-01
1.575551033020019531e-01
-3.548669815063476562e-01
2.809844017028808594e+00
2.516185522079467773e+00
4.754857063293457031e+00
4.231855392456054688e+00
1.530533194541931152e+00
-1.420176029205322266e-02
1.976227521896362305e+00
-1.912039518356323242e-01
1.831144928932189941e+00
2.170966863632202148e+00
3.655804395675659180e-01
-1.077928423881530762e+00
-8.494980335235595703e-01
-6.684180498123168945e-01
-5.536586046218872070e-02
-1.264317512512207031e+00
1.095962047576904297e+00
5.000000000000000000e+00
1.378574371337890625e+00
-8.803451061248779297e-02
-9.500050544738769531e-02
-9.790552854537963867e-01
8.530980944633483887e-01
2.674044132232666016e+00
1.110941171646118164e-01
-2.379895448684692383e-01
5.000000000000000000e+00
8.368524312973022461e-01
1.362241625785827637e+00
-3.353508710861206055e-01
-7.568128108978271484e-01
-2.492953777313232422e+00
2.265947818756103516e+00
2.847266197204589844e-01
1.025329828262329102e+00
1.185081124305725098e+00
5.515675544738769531e-01
-1.292366981506347656e-01
-1.874646902084350586e+00
4.977226257324218750e-03
-9.444600343704223633e-01
4.011844396591186523e-01
2.018577098846435547e+00
-5.279676318168640137e-01
9.448596239089965820e-01
6.300989389419555664e-01
3.471911430358886719e+00
1.256947040557861328e+00
5.000000000000000000e+00
8.428115844726562500e-01
3.371866226196289062e+00
-8.899164199829101562e-01
-1.991014480590820312e-01
-1.383274555206298828e+00
-9.638993740081787109e-01
-2.667094945907592773e+00
4.866439819335937500e+00
-1.571656465530395508e-01
9.403933286666870117e-01
-1.176174879074096680e-01
2.445940971374511719e+00
6.187270283699035645e-01
1.616635084152221680e+00
8.893829584121704102e-01
5.000000000000000000e+00
-6.392283439636230469e-01
8.686703443527221680e-01
-7.234619855880737305e-01
1.190417766571044922e+00
-7.693567276000976562e-01
-4.023220539093017578e-01
2.555674910545349121e-01
2.017886638641357422e-01
2.524554729461669922e-02
-8.129060268402099609e-02
1.563420295715332031e-01
1.090396642684936523e+00
6.109988689422607422e-01
3.302472829818725586e-02
4.675696372985839844e+00
2.429664134979248047e-01
-2.268850803375244141e-03
4.682611942291259766e+00
4.211629867553710938e+00
1.855807304382324219e+00
-1.622459888458251953e-01
-1.992830038070678711e-01
3.684691905975341797e+00
9.877331256866455078e-01
-5.765373706817626953e-01
-6.498255729675292969e-01
-1.286159753799438477e+00
-2.761489152908325195e-01
-4.612493515014648438e-01
-2.240580916404724121e-01
7.434725761413574219e-01
-6.637322902679443359e-02
2.044866085052490234e+00
-8.541595935821533203e-01
1.204052209854125977e+00
1.691430926322937012e+00
-5.857558250427246094e-01
7.340139150619506836e-01
2.587065696716308594e+00
-1.400721073150634766e-02
-1.363875865936279297e+00
2.034525871276855469e+00
1.224287748336791992e-01
-8.404406905174255371e-01
4.841071128845214844e+00
-4.087402820587158203e-01
-6.799366474151611328e-01
2.703229188919067383e-01
3.312879800796508789e-02
4.662775993347167969e-02
9.792670011520385742e-01
5.000000000000000000e+00
7.369856834411621094e-01
3.500957489013671875e-01
-5.776168107986450195e-01
1.441215515136718750e+00
-6.991963386535644531e-01
-2.483179569244384766e-01
5.000000000000000000e+00
3.909659862518310547e+00
-1.383784413337707520e+00
-1.388488650321960449e+00
1.618830561637878418e+00
-5.267810821533203125e-02
1.139095425605773926e+00
-2.119956254959106445e+00
1.981034278869628906e-01
-8.742713928222656250e-02
-6.175227761268615723e-01
-2.123681902885437012e-01
2.433177232742309570e-01
-1.586331129074096680e-01
1.700689792633056641e-01
7.076596021652221680e-01
-9.077891707420349121e-01
-4.621250033378601074e-01
-2.142313718795776367e-01
3.034096360206604004e-01
4.559443295001983643e-01
3.229668140411376953e-01
-2.276897430419921875e-03
-1.701764225959777832e+00
5.947393178939819336e-02
-9.207975864410400391e-01
1.321346044540405273e+00
4.629357457160949707e-01
5.000000000000000000e+00
4.272029399871826172e-01
1.348678350448608398e+00
4.402554512023925781e+00
1.396340131759643555e-01
4.543572664260864258e-02
-2.799212932586669922e-02
8.619656562805175781e-01
6.109870672225952148e-01
-5.096334218978881836e-02
4.088437080383300781e+00
-1.067194819450378418e+00
2.946929335594177246e-01
-2.190451383590698242e+00
4.676004409790039062e+00
4.269138336181640625e+00
-1.375464677810668945e+00
3.899199664592742920e-01
2.995854616165161133e-01
-3.778398633003234863e-01
1.750127077102661133e-01
9.996134042739868164e-02
-1.646984219551086426e+00
-2.597997188568115234e-01
1.641419887542724609e+00
3.528904914855957031e-01
-1.869012832641601562e+00
1.548676729202270508e+00
1.507462739944458008e+00
3.988020896911621094e+00
3.795471191406250000e+00
-1.669280529022216797e-01
-1.580031394958496094e+00
5.000000000000000000e+00
-7.578953504562377930e-01
4.791900157928466797e+00
-1.474084854125976562e-01
-2.430215477943420410e-01
3.343803882598876953e-01
5.305480957031250000e-02
4.202532768249511719e+00
1.831640601158142090e-01
6.335383653640747070e-01
5.745654106140136719e-01
4.365960597991943359e+00
-1.972460746765136719e-02
-7.866201400756835938e-01
-3.339567184448242188e-01
2.405993938446044922e-01
5.000000000000000000e+00
9.613758921623229980e-01
2.465275526046752930e-01
5.576234459877014160e-01
-5.398858785629272461e-01
5.539907217025756836e-01
1.303913593292236328e-01
5.000000000000000000e+00
1.232464075088500977e+00
1.014542579650878906e-01
-3.250751495361328125e-01
1.982291579246520996e+00
2.125959157943725586e+00
1.152479887008666992e+00
3.924331426620483398e+00
2.807746171951293945e+00
-1.012737870216369629e+00
-7.532535791397094727e-01
-2.396914720535278320e+00
-1.233997941017150879e-01
-3.389066457748413086e-01
3.782749176025390625e-03
4.781273841857910156e+00
7.342896461486816406e-01
2.737447023391723633e-01
5.139627456665039062e-01
-1.753334522247314453e+00
-5.225430130958557129e-01
2.000523805618286133e-01
3.428709745407104492e+00
-3.180319070816040039e-01
1.050087451934814453e+00
-8.920523524284362793e-01
1.634688854217529297e+00
-1.258307099342346191e+00
1.043306827545166016e+00
1.670709848403930664e-01
7.000102996826171875e-01
1.118610203266143799e-01
-4.903924465179443359e+00
1.094436049461364746e+00
-4.676198363304138184e-01
2.497225522994995117e+00
9.014730453491210938e-01
-3.410347104072570801e-01
2.683491110801696777e-01
-5.414038896560668945e-02
-1.932022571563720703e-01
2.987133741378784180e+00
-1.018504619598388672e+00
1.233547568321228027e+00
3.300111889839172363e-01
-2.288984060287475586e-01
1.773492574691772461e+00
1.166866183280944824e+00
2.114411115646362305e+00
-1.960515379905700684e+00
8.292320966720581055e-01
-3.781838417053222656e-01
8.036791086196899414e-01
1.280800700187683105e+00
9.298111200332641602e-01
-5.648431777954101562e-01
-1.267333030700683594e-01
1.816282272338867188e+00
9.535863399505615234e-01
-1.650315046310424805e+00
2.209663391113281250e-03
3.612532615661621094e-01
9.982455968856811523e-01
9.108451008796691895e-02
-2.411030530929565430e-01
-5.352838039398193359e-01
-5.823254585266113281e-03
1.581564545631408691e+00
1.077512502670288086e+00
-3.804757595062255859e+00
-1.400326251983642578e+00
5.000000000000000000e+00
1.956499814987182617e-01
8.908428549766540527e-01
6.395195126533508301e-01
1.715528845787048340e+00
5.100702643394470215e-01
6.241004467010498047e-01
4.718686640262603760e-01
2.912965536117553711e+00
1.281984806060791016e+00
-5.157284736633300781e-01
-9.884735941886901855e-01
6.564414501190185547e-01
5.876183509826660156e-03
-2.188992500305175781e-02
5.986818075180053711e-01
-3.757511973381042480e-01
2.075453281402587891e+00
3.734550476074218750e-01
4.566013336181640625e+00
5.000000000000000000e+00
-1.602101325988769531e-02
1.199863791465759277e+00
5.972676277160644531e-01
-9.521974325180053711e-01
1.503663957118988037e-01
5.631577968597412109e-02
9.168202877044677734e-01
-1.689434647560119629e-01
1.260511875152587891e-01
7.682566642761230469e-01
2.114292621612548828e+00
2.282456398010253906e+00
3.767616271972656250e+00
-6.928799748420715332e-01
4.030331611633300781e+00
4.596673488616943359e+00
-1.455507278442382812e-01
1.146540641784667969e+00
8.594294786453247070e-01
1.309764027595520020e+00
3.099657893180847168e-01
-1.708830833435058594e+00
-8.192265033721923828e-01
-8.592934608459472656e-01
3.989710807800292969e+00
6.332055926322937012e-01
-1.327045798301696777e+00
1.193812370300292969e+00
-1.936603784561157227e-01
-9.387242794036865234e-02
-3.393440246582031250e-01
3.340154170989990234e+00
5.000000000000000000e+00
-5.435490608215332031e-01
4.377034664154052734e+00
2.569655179977416992e-01
2.367389202117919922e-01
4.932566642761230469e+00
3.006613254547119141e-01
2.694901943206787109e+00
3.637528419494628906e-02
3.348340988159179688e-01
7.027645111083984375e-01
7.965315580368041992e-01
4.762092113494873047e+00
1.038942933082580566e+00
2.358666896820068359e+00
3.962702751159667969e-01
3.318165302276611328e+00
-4.790019989013671875e-01
4.033262729644775391e+00
1.986283063888549805e-02
1.847075581550598145e+00
3.792691230773925781e+00
-8.143647909164428711e-01
1.623674154281616211e+00
1.061928033828735352e+00
-1.700114607810974121e-01
-3.044064044952392578e-01
2.331097722053527832e-01
3.133210659027099609e+00
5.017203092575073242e-01
4.053186476230621338e-01
6.413286924362182617e-01
1.439697861671447754e+00
-7.494815587997436523e-01
4.434931755065917969e+00
1.424365282058715820e+00
-1.604311466217041016e-01
-2.287380456924438477e+00
5.065817832946777344e-01
2.105143547058105469e+00
2.202199459075927734e+00
-1.620058774948120117e+00
-1.446615099906921387e+00
1.591540813446044922e+00
1.077125668525695801e+00
1.026806831359863281e+00
-8.469521999359130859e-02
1.843689799308776855e+00
4.013455867767333984e+00
-5.035495758056640625e-01
2.032644748687744141e-01
-2.623614072799682617e-01
-3.174374699592590332e-01
5.000000000000000000e+00
1.877713561058044434e+00
-7.967185974121093750e-02
3.313306808471679688e+00
-8.815643787384033203e-01
-5.819911003112792969e+00
-1.119979858398437500e+00
-6.305937767028808594e-01
3.833993673324584961e-01
2.796064615249633789e-01
-1.676458001136779785e+00
-7.138513326644897461e-01
4.759839534759521484e+00
7.082566022872924805e-01
-1.083186864852905273e+00
1.771749258041381836e+00
1.598588228225708008e-01
1.478019237518310547e+00
4.340588152408599854e-01
-5.507135391235351562e-01
9.396321773529052734e-01
-6.439241170883178711e-01
2.387647867202758789e+00
6.272532939910888672e-01
2.003695964813232422e-01
1.615818738937377930e-01
-1.197121262550354004e+00
9.872983694076538086e-01
3.686671733856201172e+00
-6.914772987365722656e-01
-8.323268294334411621e-01
1.861040234565734863e+00
1.579101085662841797e-01
-6.561655998229980469e-01
-6.131186485290527344e-01
4.502313137054443359e+00
-3.387392759323120117e-01
2.994410991668701172e-01
2.630920886993408203e+00
3.656219244003295898e-01
-1.788280010223388672e-01
5.000000000000000000e+00
7.246041297912597656e-02
2.581128478050231934e-01
1.872234940528869629e+00
1.748452544212341309e+00
1.724221706390380859e+00
7.085624933242797852e-01
3.302819728851318359e+00
4.502183914184570312e+00
-4.467568397521972656e-01
-1.467173099517822266e-01
5.000000000000000000e+00
4.949726581573486328e+00
-2.858775854110717773e-01
1.513254046440124512e+00
1.197473287582397461e+00
-5.191550254821777344e-01
1.473219990730285645e+00
-2.644740641117095947e-01
6.516151428222656250e-01
-9.586620330810546875e-01
-6.285750865936279297e-01
-1.603420734405517578e+00
3.759752273559570312e+00
5.075180530548095703e-01
3.654498100280761719e+00
3.470472097396850586e+00
-1.458063244819641113e+00
4.579473495483398438e+00
9.150658249855041504e-01
-7.638840079307556152e-01
-1.997086405754089355e-01
4.280483722686767578e-02
1.119856834411621094e+00
9.463797211647033691e-01
-2.211604118347167969e-01
8.507484197616577148e-01
-2.588378190994262695e-01
1.969217181205749512e+00
5.389273166656494141e-02
2.962133884429931641e-01
4.287457466125488281e+00
7.735100388526916504e-01
3.753158569335937500e+00
-3.296157121658325195e-01
-1.275334358215332031e-01
-2.792203426361083984e-01
-1.126744151115417480e+00
6.508803367614746094e-01
2.110107421875000000e+00
1.761050820350646973e+00
4.732249736785888672e+00
-1.025864958763122559e+00
5.000000000000000000e+00
-5.697405338287353516e-02
-8.429626226425170898e-01
3.182530403137207031e-03
5.000000000000000000e+00
-1.557315111160278320e+00
2.890729308128356934e-01
-6.217674016952514648e-01
-2.005708456039428711e+00
6.677361726760864258e-01
3.699191212654113770e-01
6.192877292633056641e-01
-1.065867900848388672e+00
3.693583309650421143e-01
3.473159372806549072e-01
-1.980855464935302734e-01
8.613969087600708008e-01
-1.609162330627441406e+00
1.755987167358398438e+00
-3.172806501388549805e-01
-4.389786720275878906e-01
3.710604190826416016e+00
5.925122499465942383e-01
1.983287334442138672e-01
1.452512025833129883e+00
8.268415927886962891e-01
3.377536535263061523e-01
4.363400936126708984e+00
7.624983787536621094e-01
-6.342709064483642578e-03
-4.434942007064819336e-01
1.833045482635498047e-02
1.674830913543701172e-01
8.345746994018554688e-02
5.000000000000000000e+00
3.901092052459716797e+00
-2.874711751937866211e-01
2.614387512207031250e+00
4.958145618438720703e-01
-1.716350317001342773e-01
2.295095920562744141e+00
1.281394243240356445e+00
6.514676809310913086e-01
4.216403007507324219e+00
-8.178182840347290039e-01
-7.730938196182250977e-01
5.000000000000000000e+00
1.151834249496459961e+00
9.658188819885253906e-01
-5.632783174514770508e-01
-3.554261326789855957e-01
-1.377259850502014160e+00
4.486954212188720703e+00
4.606146812438964844e+00
-3.009669780731201172e+00
9.918528795242309570e-01
3.521587848663330078e-01
5.000000000000000000e+00
-1.808454990386962891e-01
5.974277257919311523e-01
-6.386172771453857422e-01
4.944533109664916992e-01
1.472161531448364258e+00
1.059299707412719727e-02
-9.858285188674926758e-01
1.548069477081298828e+00
-6.495494842529296875e-01
7.393022179603576660e-01
4.881201267242431641e+00
-1.491544246673583984e-01
6.234270334243774414e-02
1.219827532768249512e-01
2.208695650100708008e+00
-1.842847347259521484e+00
1.040882945060729980e+00
7.117987275123596191e-01
2.432808876037597656e+00
-6.895091533660888672e-01
2.764567136764526367e-01
-5.536391735076904297e-01
3.942943096160888672e+00
1.025519371032714844e-01
6.755616664886474609e-01
-5.494987964630126953e-02
2.161129713058471680e-01
4.826002418994903564e-01
5.400948524475097656e-01
5.319379568099975586e-01
-9.403518438339233398e-01
4.148839950561523438e+00
5.000000000000000000e+00
5.000000000000000000e+00
5.902889966964721680e-01
2.853602409362792969e+00
4.986473321914672852e-01
4.928709983825683594e+00
2.641681432723999023e-01
5.000000000000000000e+00
2.013221979141235352e-01
2.414206743240356445e+00
-5.609411001205444336e-01
-1.689690351486206055e-02
1.472634792327880859e+00
3.301748275756835938e+00
5.821484327316284180e-02
6.929364204406738281e-01
-2.214767456054687500e+00
-7.591681480407714844e-01
3.138355970382690430e+00
-6.564724445343017578e-01
-9.460645914077758789e-02
-1.287874102592468262e+00
1.231812477111816406e+00
8.433303833007812500e-01
3.535064458847045898e-01
5.281609892845153809e-01
6.604306697845458984e-01
4.538189172744750977e-01
7.685166597366333008e-01
-3.718557357788085938e-01
-4.658498764038085938e+00
7.719891071319580078e-01
1.049065589904785156e-01
1.399762034416198730e+00
-1.106606602668762207e+00
-3.070859909057617188e-01
3.814160823822021484e+00
-7.934401035308837891e-01
-3.819720745086669922e-01
-1.351184606552124023e+00
9.764434099197387695e-01
2.507386207580566406e+00
-6.158246994018554688e-01
4.787336349487304688e+00
3.124163150787353516e+00
-5.093954801559448242e-01
4.553213119506835938e-01
1.268266439437866211e+00
1.795055866241455078e-01
9.511454105377197266e-01
1.647548675537109375e-01
8.001862764358520508e-01
-6.308865547180175781e-02
-9.479141235351562500e-02
-1.235022544860839844e-01
-4.212830066680908203e-01
3.699433803558349609e-01
-4.290584325790405273e-01
2.462842464447021484e-01
4.541859626770019531e+00
-2.595340907573699951e-01
-1.003448367118835449e-01
-5.547668933868408203e-01
-7.133579254150390625e-01
-1.103510737419128418e+00
9.843667745590209961e-01
9.952783584594726562e-02
-7.309079170227050781e-02
2.074055671691894531e-01
5.943851470947265625e-01
2.779024839401245117e-02
-1.439451098442077637e+00
-1.680589914321899414e-01
2.776236534118652344e-01
-1.324535965919494629e+00
1.104821443557739258e+00
2.596030473709106445e+00
1.828049182891845703e+00
6.986550092697143555e-01
5.000000000000000000e+00
-1.648234128952026367e-01
2.423396110534667969e-01
-4.924762248992919922e-01
4.572322845458984375e+00
2.228177070617675781e+00
2.002869844436645508e-01
-1.751842498779296875e-01
-1.426038026809692383e+00
4.336493968963623047e+00
3.731520652770996094e+00
-1.668133497238159180e+00
-1.168031573295593262e+00
5.432227849960327148e-01
2.106471061706542969e-01
-3.854370117187500000e-02
-2.207364559173583984e+00
5.000000000000000000e+00
-2.291604042053222656e+00
4.947651863098144531e+00
1.939972400665283203e+00
9.577878713607788086e-01
2.727340459823608398e+00
1.516449451446533203e-01
7.062432169914245605e-01
9.742311239242553711e-01
2.328200340270996094e+00
-3.006711006164550781e-01
2.756919622421264648e+00
7.008432745933532715e-01
2.383156716823577881e-01
-5.259206295013427734e-01
-3.683783113956451416e-01
1.681974411010742188e+00
-7.097347974777221680e-01
7.092305421829223633e-01
-1.287476420402526855e-01
5.277082920074462891e-01
-7.618985176086425781e-01
-3.665692806243896484e-01
1.054719090461730957e+00
2.595095634460449219e+00
3.358170270919799805e+00
1.716132760047912598e-01
-1.645397424697875977e+00
1.095337510108947754e+00
1.478178501129150391e-01
2.193543910980224609e-01
-2.300592184066772461e+00
2.964325547218322754e-01
4.023713588714599609e+00
-6.547188758850097656e-02
8.645752668380737305e-01
-5.818173289299011230e-02
1.471295952796936035e-01
-1.011123299598693848e+00
1.407853603363037109e+00
1.034213304519653320e-01
-4.477376937866210938e-01
6.501054167747497559e-01
4.998392105102539062e+00
-1.917626857757568359e-01
3.167538642883300781e-01
-1.368949770927429199e+00
-1.804523468017578125e-01
3.703334808349609375e+00
-1.636546850204467773e+00
3.873221635818481445e+00
2.276666164398193359e-01
-5.555427670478820801e-01
4.130090475082397461e-01
3.160548210144042969e-02
-7.334899902343750000e-02
1.013210296630859375e+00
4.248014450073242188e+00
-4.766003489494323730e-01
5.000000000000000000e+00
4.418602943420410156e+00
1.574294328689575195e+00
4.548837661743164062e+00
6.250571012496948242e-01
5.000000000000000000e+00
-1.510033607482910156e-01
2.671780347824096680e+00
1.066943407058715820e-01
-2.279469490051269531e+00
4.996246337890625000e+00
1.484312295913696289e+00
3.757661342620849609e+00
1.119788408279418945e+00
-5.407214164733886719e-03
-1.239107847213745117e-01
1.517283916473388672e-01
2.486605167388916016e+00
4.130236148834228516e+00
1.526569843292236328e+00
5.000000000000000000e+00
3.670425415039062500e-01
3.952529430389404297e-01
4.458600521087646484e+00
4.528558731079101562e+00
-4.194176197052001953e-01
-1.220428705215454102e+00
1.910725116729736328e+00
2.556165695190429688e+00
-4.041240215301513672e-01
1.304323554039001465e+00
2.659885287284851074e-01
4.853762149810791016e+00
-8.297009468078613281e-01
2.854212284088134766e+00
-1.062477350234985352e+00
-8.640122413635253906e-02
4.236810207366943359e-01
-8.275169134140014648e-02
-1.786990761756896973e+00
7.026600837707519531e-02
-7.929008603096008301e-01
4.622737407684326172e+00
4.339087963104248047e+00
4.722070693969726562e-01
2.138270139694213867e-01
5.433249473571777344e-01
-6.526961326599121094e-01
3.667819499969482422e-01
-8.480286598205566406e-01
-1.588129878044128418e+00
7.516824007034301758e-01
4.834088325500488281e+00
-6.109600067138671875e-01
-1.613020777702331543e+00
2.746962547302246094e+00
-1.050488650798797607e-01
3.747939586639404297e+00
1.610608100891113281e-01
5.000000000000000000e+00
-6.292378902435302734e-02
-2.546617984771728516e-01
4.621282577514648438e+00
5.000000000000000000e+00
1.466657638549804688e+00
1.220965385437011719e-01
-1.048085689544677734e-01
-6.240046024322509766e-02
4.363206863403320312e+00
2.450016498565673828e+00
1.534742832183837891e+00
4.686019897460937500e+00
3.468748927116394043e-02
-4.667045474052429199e-01
3.706902265548706055e-02
2.462757587432861328e+00
2.437220811843872070e-01
-1.150361895561218262e+00
-9.796437025070190430e-01
-4.643574953079223633e-01
-1.059523940086364746e+00
-1.034063220024108887e+00
4.760348796844482422e+00
3.369549989700317383e+00
2.521681308746337891e+00
-1.793448328971862793e+00
9.634278416633605957e-01
-4.709692001342773438e-01
3.811649799346923828e+00
-8.532130718231201172e-02
7.123749256134033203e-01
9.173457622528076172e-01
1.131951689720153809e+00
-3.088210225105285645e-01
-1.175250768661499023e+00
-1.070845961570739746e+00
-5.370205640792846680e-01
9.751291275024414062e-01
4.785632491111755371e-01
7.358331680297851562e-01
4.850671291351318359e-01
2.436860799789428711e-01
-4.479327052831649780e-02
4.551164150238037109e+00
1.315948724746704102e+00
2.777408123016357422e+00
6.719732880592346191e-01
2.095732927322387695e+00
1.611027836799621582e+00
4.056407928466796875e+00
-2.181379795074462891e-01
1.811074733734130859e+00
3.430233478546142578e+00
4.917777061462402344e+00
2.319579124450683594e-01
3.063194274902343750e+00
7.964420318603515625e-02
7.910897135734558105e-01
-5.645805597305297852e-01
4.112400054931640625e+00
1.814500093460083008e-01
2.701757907867431641e+00
2.605487346649169922e+00
-7.090830802917480469e-01
2.958622694015502930e+00
1.821194887161254883e-01
4.767942905426025391e+00
3.373866319656372070e+00
7.060999274253845215e-01
2.447428703308105469e-01
1.829148054122924805e+00
3.263393640518188477e-01
1.619135618209838867e+00
3.910665035247802734e+00
1.239611864089965820e+00
3.710055351257324219e-01
-7.168877124786376953e-02
2.682620048522949219e+00
7.286679744720458984e-01
1.147512435913085938e+00
1.784663915634155273e+00
2.515056610107421875e+00
-4.458097219467163086e-01
-1.211034059524536133e-01
2.053984642028808594e+00
2.189016580581665039e+00
-2.272613644599914551e-01
1.569182157516479492e+00
2.694337368011474609e-01
1.045144677162170410e+00
-1.127636909484863281e+00
4.257635474205017090e-01
