5.000000000000000000e+00
4.932777881622314453e+00
-3.347177505493164062e-01
7.036198377609252930e-01
1.011332511901855469e+00
-6.584882736206054688e-01
6.386770009994506836e-01
-3.101232051849365234e-01
5.533528327941894531e-01
9.215767979621887207e-01
2.237264633178710938e+00
5.036976337432861328e-01
6.313810348510742188e-01
5.000000000000000000e+00
-1.890020847320556641e+00
2.727437496185302734e+00
-8.862636089324951172e-01
1.110295772552490234e+00
1.904861450195312500e+00
5.000000000000000000e+00
5.680505633354187012e-01
3.044317960739135742e-01
2.109614849090576172e+00
5.254143476486206055e-01
-4.905223846435546875e-01
4.357208609580993652e-01
1.838466525077819824e+00
7.050747871398925781e-01
-5.210289955139160156e-01
-7.808738946914672852e-01
1.773409962654113770e+00
1.201370954513549805e+00
1.128628730773925781e+00
2.809022665023803711e-01
-1.337748765945434570e-01
3.906799793243408203e+00
1.651732921600341797e-01
9.065040349960327148e-01
-1.020416378974914551e+00
-9.492254257202148438e-02
1.353437662124633789e+00
1.621122360229492188e+00
-6.240723729133605957e-01
-1.093740344047546387e+00
1.082667827606201172e+00
-9.763462543487548828e-01
-1.366330146789550781e+00
5.346090793609619141e-01
1.405815482139587402e+00
9.133307933807373047e-01
3.729546546936035156e+00
-1.089742422103881836e+00
1.801704883575439453e+00
3.645741939544677734e-01
1.820143818855285645e+00
-1.128812909126281738e+00
-8.616275787353515625e-01
1.573278427124023438e+00
2.218462705612182617e+00
1.127739548683166504e+00
-1.262830972671508789e+00
7.138735055923461914e-01
-7.724981307983398438e-01
4.979373931884765625e+00
2.321940422058105469e+00
2.575160264968872070e+00
-1.584985852241516113e+00
2.690527439117431641e+00
-1.978958725929260254e+00
1.443115115165710449e+00
-1.331870198249816895e+00
6.253055334091186523e-01
9.542051553726196289e-01
7.734535336494445801e-01
-5.379379987716674805e-01
3.662239909172058105e-01
1.528817653656005859e+00
2.598246932029724121e-01
-1.446120500564575195e+00
2.339249849319458008e+00
3.125074505805969238e-01
-2.211922168731689453e+00
-1.017328023910522461e+00
-2.879193425178527832e-02
2.518569469451904297e+00
-7.378885746002197266e-01
1.383334398269653320e+00
1.902672290802001953e+00
6.204165816307067871e-01
1.209638416767120361e-01
1.011060237884521484e+00
-1.385813951492309570e-01
-8.955920934677124023e-01
-5.990824699401855469e-01
-3.466628789901733398e-01
-1.052497625350952148e-01
-5.594158172607421875e-02
6.601362228393554688e-01
4.519104957580566406e-03
-4.006208181381225586e-01
5.382323265075683594e-01
5.937485694885253906e-01
4.884819030761718750e+00
5.148301720619201660e-01
-1.106019020080566406e-01
1.070248126983642578e+00
3.953398466110229492e-01
1.243678331375122070e-01
-6.524443626403808594e-02
5.000000000000000000e+00
1.857115328311920166e-01
4.449707984924316406e+00
2.398435354232788086e+00
4.039462208747863770e-01
-1.210083961486816406e-01
4.431043148040771484e+00
5.881974697113037109e-01
1.022018790245056152e-01
-1.050980329513549805e+00
1.225154757499694824e+00
2.832316875457763672e+00
-3.807843923568725586e-01
-2.135480642318725586e-01
2.878491878509521484e-01
3.777661919593811035e-01
9.709528088569641113e-01
2.469769954681396484e+00
2.426323413848876953e+00
2.652884960174560547e+00
-1.173242807388305664e+00
5.801379680633544922e-01
3.788832902908325195e+00
-1.685984969139099121e+00
6.455159187316894531e-02
1.114254474639892578e+00
1.381409168243408203e-02
-5.144581794738769531e-01
2.951587438583374023e-01
-2.609314620494842529e-01
8.252133131027221680e-01
9.579751491546630859e-01
3.115036725997924805e+00
-2.973751425743103027e-01
1.260863542556762695e-01
5.470228195190429688e-02
1.441191196441650391e+00
1.842205762863159180e+00
5.000000000000000000e+00
3.933234214782714844e-01
-1.857992410659790039e-01
8.749234676361083984e-01
1.422381401062011719e+00
-6.118545532226562500e-01
6.528614163398742676e-01
-3.668855428695678711e-01
3.807454347610473633e+00
2.264878153800964355e-01
7.388168573379516602e-01
8.972660303115844727e-01
-1.860101819038391113e+00
8.899124264717102051e-01
3.107398748397827148e-01
-6.123030185699462891e-01
1.353625059127807617e-01
5.000000000000000000e+00
4.287282824516296387e-01
7.540689706802368164e-01
3.066344499588012695e+00
9.634351730346679688e-01
4.178151607513427734e+00
1.501751184463500977e+00
5.000000000000000000e+00
9.107172489166259766e-01
4.224612236022949219e+00
6.201783418655395508e-01
-1.558542013168334961e+00
-8.587096929550170898e-01
7.423812150955200195e-01
1.340633153915405273e+00
-1.890188455581665039e-01
4.907114982604980469e+00
7.055798768997192383e-01
6.334434747695922852e-01
-5.620129704475402832e-01
2.657395362854003906e+00
-3.641111850738525391e-01
-6.296284198760986328e-01
2.915244102478027344e-01
1.990184664726257324e+00
-2.806503772735595703e-01
-2.014635562896728516e+00
-1.183986663818359375e+00
3.889023303985595703e+00
5.000000000000000000e+00
-5.883672833442687988e-01
-1.241353988647460938e+00
1.748210191726684570e-01
4.710109710693359375e+00
7.915388941764831543e-01
-2.192798614501953125e+00
-1.802271842956542969e+00
9.607447981834411621e-01
5.895816087722778320e-01
-1.470789909362792969e-01
8.789823651313781738e-01
7.965698242187500000e-01
2.429004430770874023e+00
2.822283506393432617e-01
2.732447385787963867e-01
-1.073582410812377930e+00
-1.807479500770568848e+00
-6.019819974899291992e-01
-7.431859970092773438e-01
-7.777121067047119141e-01
1.310043931007385254e+00
2.579072952270507812e+00
4.022100448608398438e+00
1.585720300674438477e+00
-1.733415007591247559e+00
-8.633694648742675781e-01
5.846514701843261719e-01
5.000000000000000000e+00
-5.119965672492980957e-01
1.445477008819580078e-01
1.016216278076171875e-01
1.991483449935913086e+00
3.443422317504882812e+00
-9.223678112030029297e-01
-1.205761075019836426e+00
-7.215802669525146484e-01
-1.002530455589294434e-01
1.233812689781188965e+00
-1.045382261276245117e+00
1.791165828704833984e+00
9.617741107940673828e-01
3.818516016006469727e+00
4.559891700744628906e+00
5.000000000000000000e+00
4.292278766632080078e+00
1.954764127731323242e-01
-1.553442478179931641e-01
4.694406986236572266e+00
-3.563109040260314941e-02
3.972552299499511719e+00
2.145143747329711914e+00
4.694486618041992188e+00
3.175021409988403320e-01
4.250079154968261719e+00
1.808393001556396484e-01
8.387163281440734863e-01
1.528295636177062988e+00
-7.570336461067199707e-01
-7.893192768096923828e-02
2.316763997077941895e-01
5.386969447135925293e-01
1.058819293975830078e+00
4.000793695449829102e-01
-1.159954071044921875e+00
-2.310184240341186523e-01
2.839579284191131592e-01
1.003075122833251953e+00
5.635278224945068359e-01
1.940390467643737793e+00
-2.819328308105468750e-01
9.830163717269897461e-01
7.830493450164794922e-01
2.142029285430908203e+00
-2.535832166671752930e+00
1.210541725158691406e+00
2.886551141738891602e+00
3.962997198104858398e+00
4.072051048278808594e+00
-6.422549486160278320e-01
1.066089868545532227e-01
-4.260444641113281250e-02
-6.602181196212768555e-01
-3.326231241226196289e-01
2.210461854934692383e+00
2.574229240417480469e-02
-6.181445121765136719e-01
5.000000000000000000e+00
-6.494675874710083008e-01
-9.364409446716308594e-01
2.038395404815673828e+00
3.390033483505249023e+00
1.224974036216735840e+00
1.950054049491882324e+00
3.933228254318237305e+00
4.661525249481201172e+00
-1.409785389900207520e+00
1.970957517623901367e-01
-1.386449933052062988e-01
4.504826545715332031e+00
-1.033289074897766113e+00
2.922189235687255859e-01
-1.204062581062316895e+00
2.720273733139038086e-01
5.000000000000000000e+00
4.169947147369384766e+00
4.828848838806152344e+00
5.000000000000000000e+00
-3.042771816253662109e-01
-2.560591697692871094e-01
2.113198757171630859e+00
4.294277191162109375e+00
1.153148889541625977e+00
-2.097325801849365234e+00
5.000000000000000000e+00
1.390141129493713379e+00
2.111974954605102539e-01
-1.336220026016235352e+00
1.519642829895019531e+00
-9.660777449607849121e-01
1.829491019248962402e+00
1.164656877517700195e-02
-2.884508371353149414e-01
-1.816613674163818359e+00
3.713764667510986328e+00
3.447113037109375000e-01
-7.928494215011596680e-01
-4.757920265197753906e+00
-2.417853832244873047e+00
-9.761649370193481445e-02
8.880212903022766113e-01
-2.291605472564697266e-01
1.247773289680480957e+00
1.433002114295959473e+00
1.040120363235473633e+00
9.304894804954528809e-01
-1.209165811538696289e+00
-3.753757476806640625e-02
2.287024259567260742e+00
1.719620823860168457e+00
2.727479934692382812e-01
-2.334620952606201172e-01
-5.294962525367736816e-01
-8.416295051574707031e-02
-1.098138332366943359e+00
4.176306724548339844e-01
-4.947233200073242188e-01
9.656813144683837891e-01
-6.901013851165771484e-01
2.415400266647338867e+00
4.109426736831665039e-01
5.747959613800048828e-01
8.285121321678161621e-01
4.415389060974121094e+00
3.518970608711242676e-01
9.273493289947509766e-01
-2.140932798385620117e+00
1.448320865631103516e+00
2.901644706726074219e-01
1.095874428749084473e+00
1.875621914863586426e+00
-9.899052381515502930e-01
4.667379856109619141e+00
-5.327956080436706543e-01
3.440851211547851562e+00
4.041680693626403809e-01
-3.145837783813476562e-01
-9.055336713790893555e-01
-3.357299566268920898e-01
4.894450187683105469e+00
2.087828159332275391e+00
-6.973814368247985840e-01
-9.970338344573974609e-01
-1.225011348724365234e-01
3.538519144058227539e+00
-2.355173826217651367e-01
-2.560967206954956055e-01
1.506721735000610352e+00
-1.701567411422729492e+00
-5.268120765686035156e-02
2.459722518920898438e+00
3.802071809768676758e-01
5.000000000000000000e+00
-1.428217053413391113e+00
4.086110115051269531e+00
4.891345500946044922e-01
-1.942534446716308594e-01
1.047681927680969238e+00
4.180616378784179688e+00
3.002098202705383301e-02
4.708706855773925781e+00
-6.747293472290039062e-01
2.929556369781494141e-02
2.320491313934326172e+00
4.686933040618896484e+00
8.851794004440307617e-01
4.378116607666015625e+00
5.519495606422424316e-01
9.320910573005676270e-01
8.418273925781250000e-02
4.062676429748535156e-02
6.916865110397338867e-01
4.217627048492431641e-01
5.417573451995849609e-01
2.193991184234619141e+00
-5.036135911941528320e-01
-7.382392883300781250e-03
3.630403280258178711e-01
2.128143310546875000e-01
2.742251157760620117e-01
1.138846755027770996e+00
6.083393096923828125e-02
-1.920963048934936523e+00
-4.757516384124755859e-01
-2.637037038803100586e-01
-5.895847082138061523e-01
-2.124058485031127930e+00
-1.150047540664672852e+00
1.031130313873291016e+00
2.023865222930908203e+00
8.379406332969665527e-01
2.466388940811157227e-01
5.761870145797729492e-01
-6.754016876220703125e-02
-2.609083652496337891e+00
3.510599851608276367e+00
-2.235542297363281250e+00
1.179683208465576172e-02
-3.958516716957092285e-01
6.339856386184692383e-01
1.918526887893676758e+00
-1.913816928863525391e-01
3.173022270202636719e+00
5.000000000000000000e+00
-1.202574253082275391e+00
-5.600670576095581055e-01
4.837441921234130859e+00
4.384210586547851562e+00
9.227955937385559082e-01
1.602936983108520508e-01
2.783262252807617188e+00
2.349584102630615234e+00
3.711910247802734375e+00
-1.801629066467285156e-01
-6.000018119812011719e-01
5.000000000000000000e+00
3.049540519714355469e-01
-2.019660472869873047e-01
-2.238783836364746094e-01
2.426999211311340332e-01
2.175547122955322266e+00
-7.241334319114685059e-01
2.362539768218994141e-01
-8.250471353530883789e-01
4.082808494567871094e+00
2.598101139068603516e+00
3.289501667022705078e-01
7.743053436279296875e-01
-6.140677928924560547e-01
1.529471635818481445e+00
-5.798763036727905273e-01
-8.106327056884765625e-02
2.353514194488525391e+00
1.920591235160827637e+00
-3.953653573989868164e-01
4.863607406616210938e+00
-1.233470439910888672e-02
1.285012960433959961e-01
-7.344199419021606445e-01
2.247893810272216797e-02
3.250450611114501953e+00
1.281570196151733398e-01
-6.201956272125244141e-01
6.148921251296997070e-01
2.564099431037902832e-01
-7.587468624114990234e-02
-3.615922927856445312e-01
9.796232581138610840e-01
3.057204484939575195e+00
7.970427274703979492e-01
-1.587902188301086426e+00
8.239781260490417480e-01
6.232397556304931641e-01
-2.200036644935607910e-01
8.048747777938842773e-01
-3.733181953430175781e-02
3.586728811264038086e+00
4.514572143554687500e+00
-2.361685752868652344e+00
1.704009771347045898e-01
1.432921886444091797e+00
-1.893860101699829102e-02
6.572178602218627930e-01
-8.305661678314208984e-01
-5.484561920166015625e-01
1.171738028526306152e+00
3.307622671127319336e-01
2.201833724975585938e+00
1.179262399673461914e-01
-1.971651315689086914e-01
9.847032427787780762e-01
1.025242507457733154e-01
4.382466793060302734e+00
3.344588279724121094e-01
1.264248967170715332e+00
2.250586271286010742e+00
-9.069654941558837891e-01
2.161008834838867188e+00
-1.053026676177978516e+00
3.262426614761352539e+00
-7.288646697998046875e-01
3.514769792556762695e+00
9.625977277755737305e-01
2.018470525741577148e+00
4.815479516983032227e-01
2.768454551696777344e+00
2.860651016235351562e-01
5.000000000000000000e+00
-1.011062860488891602e-01
-9.764469265937805176e-01
1.262179613113403320e+00
1.518960237503051758e+00
-1.617078781127929688e-01
-7.135397195816040039e-01
-8.049988746643066406e-02
3.965385437011718750e+00
2.126847505569458008e-01
-3.591722846031188965e-01
-1.607084274291992188e-02
4.254680156707763672e+00
5.000000000000000000e+00
5.790812969207763672e-01
9.546279907226562500e-03
3.637750744819641113e-01
5.000000000000000000e+00
-6.234984397888183594e-01
5.785906314849853516e-02
6.214718818664550781e-01
-1.759703159332275391e-01
-1.074185252189636230e+00
5.341060757637023926e-01
-2.555757761001586914e-01
1.229624748229980469e+00
2.440612554550170898e+00
2.019237279891967773e-01
3.894671916961669922e+00
-1.696840047836303711e+00
-4.737839102745056152e-02
7.460211515426635742e-01
4.155925750732421875e+00
2.345938086509704590e-01
7.664811611175537109e-01
6.459989547729492188e-01
3.659386634826660156e-01
3.322742581367492676e-01
2.279020786285400391e+00
-1.650008112192153931e-01
8.919310569763183594e-01
-1.411353349685668945e+00
3.809493541717529297e+00
5.000000000000000000e+00
4.396764755249023438e+00
8.361913561820983887e-01
-3.009461164474487305e-01
3.218790292739868164e+00
-1.689901351928710938e-01
4.846580028533935547e-01
4.285999298095703125e+00
9.360338449478149414e-01
2.536395788192749023e+00
4.093607664108276367e-01
2.938123703002929688e+00
4.825305938720703125e-01
5.460603237152099609e-01
3.864799737930297852e-01
-6.718341112136840820e-01
5.000000000000000000e+00
1.713127613067626953e+00
9.629168510437011719e-01
5.545358657836914062e-01
-1.046967864036560059e+00
1.093819499015808105e+00
1.554440259933471680e-01
-6.883445978164672852e-01
3.995776891708374023e+00
5.678943395614624023e-01
5.671256780624389648e-01
6.367381215095520020e-01
3.653183937072753906e+00
1.289987802505493164e+00
-1.070906400680541992e+00
9.057360887527465820e-01
-5.802178382873535156e-02
-3.298512697219848633e-01
-9.600081443786621094e-01
-1.427359580993652344e-01
-3.811656236648559570e+00
-1.049462199211120605e+00
3.984677791595458984e-01
3.381879091262817383e+00
3.158733844757080078e-01
6.708399057388305664e-01
-1.066689729690551758e+00
8.716892600059509277e-01
-4.809210598468780518e-01
4.413052558898925781e+00
3.577501773834228516e+00
6.859267950057983398e-01
3.694518089294433594e+00
2.174153804779052734e+00
-3.611285686492919922e-01
2.359219074249267578e+00
1.567075967788696289e+00
-5.187926888465881348e-01
4.402670383453369141e+00
1.829622626304626465e+00
3.273336172103881836e+00
-4.959214925765991211e-01
9.654098153114318848e-01
3.406397104263305664e-01
4.006527900695800781e+00
9.503815770149230957e-01
7.609767913818359375e-01
-6.086354255676269531e-01
2.459746599197387695e-02
-3.885807991027832031e-01
2.635755062103271484e+00
-1.819376349449157715e+00
8.526985049247741699e-01
-1.567135453224182129e+00
5.000000000000000000e+00
-1.723034977912902832e-01
-6.612712144851684570e-02
-4.816035032272338867e-01
1.726291179656982422e-01
-6.074048280715942383e-01
-1.610965728759765625e-01
6.892266273498535156e-01
-7.983939647674560547e-01
1.784314155578613281e+00
-1.149273276329040527e+00
-4.020144939422607422e-01
3.089777469635009766e+00
-3.406668901443481445e-01
3.107735157012939453e+00
2.740050554275512695e+00
5.926085710525512695e-01
2.458751201629638672e-01
1.347441822290420532e-01
-3.214765191078186035e-01
-1.931939363479614258e+00
-1.001203060150146484e-02
4.772154808044433594e+00
2.183171749114990234e+00
-2.761641740798950195e-01
1.723028898239135742e+00
2.475094795227050781e-02
1.972758769989013672e+00
2.004587650299072266e-02
2.665447711944580078e+00
-7.226064801216125488e-01
1.682853698730468750e-02
7.891988754272460938e-02
2.729453563690185547e+00
5.000000000000000000e+00
2.091833949089050293e-01
2.251616954803466797e+00
4.852473735809326172e-02
2.131740570068359375e+00
4.478246688842773438e+00
2.537872314453125000e+00
1.403164863586425781e-01
3.356101512908935547e+00
2.329832315444946289e+00
4.020707607269287109e+00
-1.053122401237487793e+00
-5.505485534667968750e-01
2.934038639068603516e-02
-4.915540814399719238e-01
-2.536296844482421875e-01
5.422022342681884766e-01
6.929798126220703125e-01
8.149537444114685059e-01
3.061397552490234375e+00
7.431981563568115234e-01
2.485186338424682617e+00
4.528439044952392578e-02
9.475989937782287598e-01
3.759126901626586914e+00
5.170953273773193359e-01
6.219868659973144531e-01
2.665062665939331055e+00
4.909180641174316406e+00
-2.614840984344482422e+00
3.516083717346191406e+00
3.305454254150390625e-01
4.011288166046142578e+00
6.668936610221862793e-01
2.092279195785522461e-01
-1.506412029266357422e-02
2.057809114456176758e+00
1.600991606712341309e+00
5.000000000000000000e+00
2.601543664932250977e+00
-1.518188953399658203e+00
1.773040294647216797e+00
6.266225576400756836e-01
-9.801802635192871094e-01
9.162783622741699219e-02
7.467699050903320312e-02
4.843309521675109863e-01
9.370851516723632812e-02
-4.720252752304077148e-01
1.502387642860412598e+00
-1.279749870300292969e-01
2.580544948577880859e+00
-1.477025747299194336e-01
3.759024739265441895e-01
3.459160327911376953e-01
7.955033779144287109e-01
-3.032048940658569336e-01
5.000000000000000000e+00
8.339156508445739746e-01
1.068165898323059082e+00
5.000000000000000000e+00
1.398109793663024902e+00
-2.064243555068969727e-01
-1.267268061637878418e-01
-6.263312101364135742e-01
4.506510734558105469e+00
-8.168184757232666016e-01
3.757489919662475586e+00
-6.033176183700561523e-01
-6.027054786682128906e-02
3.108344674110412598e-01
1.426609158515930176e-01
6.285284757614135742e-01
1.128850102424621582e+00
-6.136250495910644531e-02
5.494291782379150391e-01
2.813359260559082031e+00
3.949551820755004883e+00
3.519833087921142578e+00
-2.292768359184265137e-01
-2.686495780944824219e-01
1.343504667282104492e+00
4.831817626953125000e+00
4.517518043518066406e+00
-8.967852592468261719e-01
8.242706060409545898e-01
2.127525806427001953e-01
6.136842966079711914e-01
1.523998498916625977e+00
9.003607034683227539e-01
-1.806501507759094238e+00
2.825040340423583984e+00
1.659183979034423828e+00
-6.582682132720947266e-01
-1.103049755096435547e+00
-6.174162626266479492e-01
2.877711772918701172e+00
1.248556375503540039e+00
1.068744897842407227e+00
5.000000000000000000e+00
1.035054206848144531e+00
1.342296600341796875e-03
9.098063111305236816e-01
4.123122215270996094e+00
3.391358256340026855e-01
-6.470781564712524414e-01
-7.130144834518432617e-01
-6.733774542808532715e-01
1.091206073760986328e+00
1.044974803924560547e+00
1.731967210769653320e+00
7.066715955734252930e-01
6.239390969276428223e-01
-8.387889862060546875e-01
8.408464193344116211e-01
4.042625427246093750e+00
5.402634143829345703e-01
-7.289248704910278320e-02
4.074790954589843750e+00
-1.668812513351440430e+00
-1.583868265151977539e+00
-1.991804122924804688e+00
-8.124980926513671875e-01
-1.223392486572265625e+00
-1.176572680473327637e+00
4.369457244873046875e+00
4.334384799003601074e-01
5.610686540603637695e-01
4.182696342468261719e-02
3.827586174011230469e+00
-1.005147099494934082e+00
9.200425148010253906e-01
1.153937578201293945e-01
7.556879520416259766e-02
2.417242527008056641e+00
-1.792555928230285645e+00
-3.327786922454833984e-02
2.623374938964843750e+00
3.510192394256591797e+00
4.118515014648437500e+00
-1.658451557159423828e+00
-1.148419022560119629e+00
2.680237531661987305e+00
1.543173074722290039e+00
9.380030632019042969e-02
1.939450502395629883e-01
-1.258480548858642578e-01
-1.209502458572387695e+00
4.529568672180175781e+00
-1.473901271820068359e-01
-2.790960073471069336e-01
6.878521442413330078e-01
-6.243373155593872070e-01
8.059071898460388184e-01
1.165543556213378906e+00
-1.808201789855957031e+00
1.121696233749389648e+00
2.645805835723876953e+00
1.986895084381103516e+00
9.251706600189208984e-01
1.196271777153015137e+00
1.519073247909545898e-01
4.358593940734863281e+00
1.342499971389770508e+00
1.356037497520446777e+00
3.430175304412841797e+00
2.195394515991210938e+00
-9.524953365325927734e-01
-5.007674694061279297e-01
4.785684347152709961e-01
4.450119018554687500e+00
4.114787578582763672e+00
5.041764378547668457e-01
-2.509531378746032715e-01
-4.729545116424560547e-01
3.705745935440063477e-01
5.033209323883056641e-01
6.852726936340332031e-01
1.155182123184204102e-01
-2.803075313568115234e-01
2.440381050109863281e-01
-3.263994455337524414e-01
6.404929161071777344e-01
5.000000000000000000e+00
-5.471298694610595703e-01
5.166857838630676270e-01
5.447435379028320312e-01
-5.293465852737426758e-01
9.637119174003601074e-01
-1.022377371788024902e+00
-6.421536207199096680e-01
-1.251148700714111328e+00
-1.205936670303344727e-01
1.353809237480163574e-01
1.784799218177795410e+00
-8.143348693847656250e-01
7.752209901809692383e-01
9.723263978958129883e-02
8.887703418731689453e-01
-2.631873488426208496e-01
7.051336765289306641e-02
1.424340963363647461e+00
4.161455154418945312e+00
-1.628957629203796387e+00
4.039348363876342773e-01
4.496957063674926758e-01
-1.357429742813110352e+00
1.163409829139709473e+00
5.558347702026367188e-01
9.285068511962890625e-02
1.082849264144897461e+00
-6.801624298095703125e-01
1.297090888023376465e+00
2.392864525318145752e-01
8.311511874198913574e-01
-1.533266782760620117e+00
-4.433928132057189941e-01
5.360251665115356445e-01
2.712728023529052734e+00
-1.291265845298767090e+00
2.059997558593750000e+00
1.069823741912841797e+00
3.932778596878051758e+00
-9.778015613555908203e-01
4.168267250061035156e-01
1.519410610198974609e-01
-6.802988052368164062e-01
-1.247965335845947266e+00
-1.068774700164794922e+00
4.491366147994995117e-01
1.419125795364379883e-01
1.226110339164733887e+00
4.623753428459167480e-01
4.786417961120605469e+00
1.512231826782226562e-01
-3.814586400985717773e-01
9.559193253517150879e-01
-1.189175248146057129e+00
1.902703046798706055e+00
3.258315563201904297e+00
4.061966419219970703e+00
-4.637241363525390625e-02
-1.537454247474670410e+00
-3.829909563064575195e-01
2.834757566452026367e-01
4.113083481788635254e-01
2.179578304290771484e+00
-1.309285402297973633e+00
4.386784553527832031e+00
-3.631019592285156250e-01
3.073915958404541016e+00
-2.370742797851562500e+00
4.725711822509765625e+00
