1.472887873649597168e+00
2.093686819076538086e+00
4.305144309997558594e+00
-9.405944347381591797e-01
-8.313144445419311523e-01
7.362730503082275391e-01
3.243249893188476562e+00
2.904963493347167969e-01
-3.634405136108398438e-01
4.856392145156860352e-01
3.533752858638763428e-01
-1.381015300750732422e+00
4.410871982574462891e+00
-2.278352081775665283e-01
-3.745247125625610352e-01
-4.811770915985107422e-01
-1.929197669029235840e+00
4.932612180709838867e-01
1.603237152099609375e+00
8.262050151824951172e-01
-6.961367130279541016e-01
-1.851348161697387695e+00
-5.710794925689697266e-01
4.843890666961669922e-02
-3.713216781616210938e-01
3.203379511833190918e-01
5.000000000000000000e+00
4.359576225280761719e+00
-5.063144564628601074e-01
-6.950289011001586914e-01
5.115768909454345703e-01
-2.949881553649902344e+00
3.176198005676269531e+00
4.991067886352539062e+00
3.936060667037963867e-01
-7.138637304306030273e-01
4.064265251159667969e+00
2.787234783172607422e-01
5.999243259429931641e-02
1.714734435081481934e+00
-4.024238586425781250e-01
-1.688706398010253906e+00
7.863793969154357910e-01
8.784699440002441406e-01
3.950338363647460938e-01
2.628704309463500977e-01
3.929471015930175781e+00
5.281081199645996094e-01
-1.753815412521362305e-01
-3.493060827255249023e+00
3.527499675750732422e+00
5.000000000000000000e+00
3.412432372570037842e-01
4.223518967628479004e-01
3.111061334609985352e+00
9.667623043060302734e-01
7.948883175849914551e-01
1.696938991546630859e+00
3.684402465820312500e+00
2.675424218177795410e-01
-1.490848064422607422e-01
5.000000000000000000e+00
4.783630371093750000e+00
-3.790833950042724609e-01
-1.903615593910217285e-01
4.417657852172851562e-03
4.356595039367675781e+00
2.451460838317871094e+00
-3.900833129882812500e-01
1.146070241928100586e+00
1.513377428054809570e-01
-4.969948530197143555e-01
-1.548114538192749023e+00
2.052371978759765625e+00
-4.508516788482666016e-01
4.872117996215820312e+00
-1.161481142044067383e-01
1.470885753631591797e+00
-9.650241136550903320e-01
2.199645042419433594e-01
5.000000000000000000e+00
-3.967394828796386719e-01
2.419246435165405273e-01
5.000000000000000000e+00
-2.222617864608764648e-01
3.507834196090698242e+00
1.951715350151062012e-01
1.538795948028564453e+00
7.876586914062500000e-01
-1.387674808502197266e-01
1.399145007133483887e+00
5.000000000000000000e+00
3.842118978500366211e-01
5.000000000000000000e+00
4.433473348617553711e-01
1.658000946044921875e+00
2.262559890747070312e+00
2.524798393249511719e+00
-9.010541439056396484e-02
4.789196491241455078e+00
-2.120395421981811523e+00
2.080289125442504883e-01
-2.555823326110839844e-01
-1.736547350883483887e-01
4.088317871093750000e+00
4.120845794677734375e+00
7.055890560150146484e-01
-1.145982503890991211e+00
3.400377035140991211e-01
4.675415039062500000e+00
-3.034946918487548828e-01
2.107964515686035156e+00
2.005738735198974609e+00
1.706214249134063721e-01
-3.845320940017700195e-01
1.253194808959960938e+00
4.524426460266113281e+00
3.808993339538574219e+00
3.099334239959716797e-02
1.251473188400268555e+00
-4.308238029479980469e-01
4.159676551818847656e+00
3.499631643295288086e+00
-1.236221790313720703e+00
1.146300315856933594e+00
-2.874159812927246094e-02
4.627214431762695312e+00
1.205883026123046875e-01
1.530963182449340820e+00
3.891462087631225586e-01
3.892874002456665039e+00
1.582051515579223633e-01
2.891763448715209961e-01
5.000000000000000000e+00
1.703507661819458008e+00
-6.818641424179077148e-01
-1.594332933425903320e+00
5.427937507629394531e-01
-4.344479143619537354e-01
3.948140144348144531e-01
5.277928113937377930e-01
-1.314389705657958984e-01
2.559722661972045898e+00
-4.703232049942016602e-01
-6.171309947967529297e-01
6.109502315521240234e-01
-1.036914944648742676e+00
-8.558493852615356445e-01
2.694019675254821777e-01
-4.907374382019042969e-01
1.943493604660034180e+00
4.555027484893798828e+00
1.823832988739013672e-01
4.963747024536132812e+00
-3.355715870857238770e-01
3.189141035079956055e+00
-1.627229750156402588e-01
1.282718777656555176e+00
-1.335430145263671875e-02
1.033505201339721680e+00
4.326488971710205078e-01
4.242907047271728516e+00
5.000000000000000000e+00
-2.286224365234375000e-01
2.332213878631591797e+00
7.926589846611022949e-01
-1.111407399177551270e+00
7.011651992797851562e-01
9.710762500762939453e-01
-1.491022586822509766e+00
-1.705455780029296875e-02
-3.731431961059570312e-01
-4.433021545410156250e-01
2.224411964416503906e-01
4.668174982070922852e-01
1.557159423828125000e-01
-3.860832452774047852e-01
4.530117511749267578e+00
-5.011358261108398438e-01
2.586996793746948242e+00
-1.930282115936279297e-01
6.695941090583801270e-01
-1.409930706024169922e+00
-4.633561372756958008e-01
1.618492603302001953e-01
-2.061266899108886719e-01
2.736363887786865234e+00
5.000000000000000000e+00
5.931389331817626953e-01
2.189105033874511719e+00
1.572006583213806152e+00
3.729889392852783203e-01
2.503963947296142578e+00
4.873231887817382812e+00
1.428898572921752930e-01
6.089661121368408203e-01
-5.891461372375488281e-01
-2.062972545623779297e+00
-9.312698841094970703e-01
1.109744071960449219e+00
1.148720622062683105e+00
2.811442613601684570e-01
1.619009613990783691e+00
8.116363883018493652e-01
-1.544796705245971680e+00
4.656383991241455078e-01
3.544330596923828125e-02
4.016047000885009766e+00
1.084935426712036133e+00
3.001811504364013672e+00
-7.181794643402099609e-01
-1.287940502166748047e+00
1.034643650054931641e-01
2.726000547409057617e-01
-1.705806970596313477e+00
2.385516643524169922e+00
-1.212034225463867188e+00
-6.811293363571166992e-01
1.522588968276977539e+00
-2.178733825683593750e+00
-5.124944448471069336e-02
2.414837360382080078e+00
2.205861806869506836e-01
-1.430614829063415527e+00
-1.736106872558593750e-01
4.270338058471679688e+00
-1.559477090835571289e+00
6.260247230529785156e-01
-2.094757556915283203e-02
-2.483832359313964844e+00
-4.603670239448547363e-01
6.052758693695068359e-01
2.759660482406616211e-01
4.215317368507385254e-01
-2.397020578384399414e+00
-4.135543107986450195e-01
3.196194767951965332e-01
2.803654909133911133e+00
3.959413766860961914e-01
1.254668831825256348e+00
9.115773439407348633e-01
5.498059988021850586e-01
7.737213373184204102e-01
-1.065631151199340820e+00
-2.100394964218139648e-01
-3.146677017211914062e-01
5.000000000000000000e+00
5.000000000000000000e+00
-5.777074098587036133e-01
-3.579463958740234375e-01
-4.649579524993896484e-02
-3.107487678527832031e+00
7.845211029052734375e-01
4.371608495712280273e-01
4.995953083038330078e+00
3.044225573539733887e-01
-2.172780990600585938e+00
1.018424510955810547e+00
-3.201723098754882812e-02
3.218537569046020508e-01
-8.792211413383483887e-01
-7.355520725250244141e-01
2.946582555770874023e+00
-1.152591705322265625e-01
8.194034695625305176e-01
4.660385608673095703e+00
5.000000000000000000e+00
2.198315143585205078e+00
4.626462936401367188e+00
-9.707592725753784180e-01
8.623123168945312500e-03
-2.422142028808593750e-02
-3.063418865203857422e-01
1.852135658264160156e-01
3.412835597991943359e+00
-5.800942182540893555e-01
-3.793463706970214844e+00
4.333519935607910156e-02
1.863387107849121094e+00
-2.855473756790161133e-01
-1.039506793022155762e+00
6.114838719367980957e-01
2.019169569015502930e+00
1.658477544784545898e+00
1.611223697662353516e+00
3.805030822753906250e+00
-4.612830877304077148e-01
7.981629967689514160e-01
5.787317156791687012e-01
3.928541541099548340e-01
5.000000000000000000e+00
1.468356847763061523e+00
-5.864371657371520996e-01
-1.114308595657348633e+00
2.481919825077056885e-01
5.000000000000000000e+00
-1.799205541610717773e-01
2.525429725646972656e+00
5.718060135841369629e-01
3.739109039306640625e-01
-6.555259227752685547e-02
4.286927223205566406e+00
-3.265619277954101562e-01
-7.652164697647094727e-01
5.000000000000000000e+00
9.919610619544982910e-01
4.382360279560089111e-01
2.321060180664062500e+00
2.221559047698974609e+00
2.576640367507934570e+00
1.943132996559143066e+00
-6.138536930084228516e-01
3.816459655761718750e+00
1.042356491088867188e-01
2.144993782043457031e+00
1.724503040313720703e-01
-3.678846359252929688e-02
-8.119177818298339844e-02
-3.673318028450012207e-01
4.211016654968261719e+00
5.556050539016723633e-01
1.315292596817016602e+00
-7.138303518295288086e-01
1.198761343955993652e+00
3.787295818328857422e-01
6.613442897796630859e-01
2.694299459457397461e+00
-8.783888816833496094e-02
3.905665874481201172e+00
4.576020240783691406e+00
4.680862426757812500e+00
-1.708896517753601074e+00
1.764746308326721191e-01
-1.191534996032714844e-01
-2.466949939727783203e+00
3.350331783294677734e-01
4.638777256011962891e+00
-6.392598152160644531e-01
9.605411291122436523e-01
2.908888101577758789e+00
-4.726552963256835938e-01
5.000000000000000000e+00
-2.906566619873046875e+00
3.014322519302368164e-01
-7.809567451477050781e-02
6.721806526184082031e-02
1.870155215263366699e+00
-1.444927453994750977e-01
3.140879869461059570e-01
6.899285316467285156e-01
-5.183165073394775391e-01
2.224199771881103516e-01
5.137069523334503174e-02
1.966272592544555664e-01
3.295755386352539062e-01
5.602206587791442871e-01
1.071125626564025879e+00
2.683912277221679688e+00
9.276539087295532227e-02
3.827980160713195801e-01
2.491906166076660156e+00
1.049870967864990234e+00
-7.271203994750976562e-01
7.968481779098510742e-01
7.074129581451416016e-02
3.587709903717041016e+00
-1.871465325355529785e+00
3.777861118316650391e+00
-1.410861372947692871e+00
-1.980326771736145020e-01
1.363314628601074219e+00
4.828803539276123047e+00
4.084390401840209961e-01
7.752782106399536133e-01
2.369073867797851562e+00
-1.628835797309875488e+00
8.258122205734252930e-02
1.798200607299804688e-02
7.317960262298583984e-04
-8.769112825393676758e-01
5.492427349090576172e-01
-1.967611312866210938e-01
1.894419193267822266e-01
2.462412357330322266e+00
3.666311264038085938e+00
1.314218997955322266e+00
-1.050479173660278320e+00
1.409207582473754883e-01
4.058352112770080566e-01
-5.234467387199401855e-01
-4.490654468536376953e-01
2.422607660293579102e+00
7.531081438064575195e-01
1.438899040222167969e-01
4.683274745941162109e+00
1.862421512603759766e+00
-1.123631715774536133e+00
-3.147676587104797363e-01
1.566409468650817871e+00
-9.295683503150939941e-01
1.055627584457397461e+00
-1.022323369979858398e+00
8.347576856613159180e-01
4.059821605682373047e+00
-8.582757711410522461e-01
-2.023422241210937500e+00
2.471381425857543945e-01
-1.307027220726013184e+00
-7.733166217803955078e-02
1.358886957168579102e-01
1.636197090148925781e+00
2.769134521484375000e+00
1.924713373184204102e+00
-3.270708322525024414e-01
7.199097871780395508e-01
4.170014858245849609e-01
-5.188258886337280273e-01
3.126834630966186523e-01
1.029712080955505371e+00
-1.382386684417724609e-01
3.664778947830200195e+00
4.596229553222656250e+00
1.277621984481811523e-01
-7.872533798217773438e-02
4.664119720458984375e+00
9.443175792694091797e-01
-8.661026954650878906e-01
3.522588014602661133e-01
2.973647713661193848e-01
-5.823564529418945312e-02
4.516601085662841797e+00
-1.240159392356872559e+00
1.470628976821899414e-01
3.015283346176147461e-01
1.387598037719726562e+00
-2.033571004867553711e-01
-6.133863925933837891e-01
-3.925223350524902344e-01
-6.618309020996093750e-02
3.554956912994384766e-01
-6.000510454177856445e-01
6.364377737045288086e-01
-1.868965983390808105e+00
3.950127601623535156e+00
2.185216903686523438e+00
2.576233148574829102e-01
2.883122205734252930e+00
2.053592681884765625e+00
-2.107064723968505859e-01
1.438389062881469727e+00
2.183789253234863281e+00
1.183312654495239258e+00
1.478654742240905762e+00
3.785208225250244141e+00
-4.043846130371093750e-01
-1.082692146301269531e-01
1.575803756713867188e-02
1.411675095558166504e+00
1.618930339813232422e+00
-1.285584449768066406e+00
4.692280888557434082e-01
2.796178340911865234e+00
4.515532016754150391e+00
5.000000000000000000e+00
2.950354576110839844e+00
-7.027541399002075195e-01
4.267549991607666016e+00
1.057817459106445312e+00
7.672214508056640625e-01
-4.564634561538696289e-01
-5.227687358856201172e-01
1.090148448944091797e+00
5.000000000000000000e+00
3.530912637710571289e+00
4.786755561828613281e+00
-1.230571746826171875e+00
9.954887628555297852e-02
2.349406480789184570e-02
1.706057786941528320e-01
-1.525775909423828125e+00
-3.130622863769531250e+00
1.903347969055175781e+00
6.948277950286865234e-01
3.816068172454833984e+00
1.401232481002807617e-01
1.876487255096435547e+00
8.719642162322998047e-01
2.313654124736785889e-01
-6.306877136230468750e-01
-1.332255601882934570e+00
5.000000000000000000e+00
3.597557067871093750e+00
-1.571359634399414062e-01
1.496200799942016602e+00
-3.621634244918823242e-01
3.669018745422363281e+00
2.789616584777832031e-01
5.148991346359252930e-01
-3.343199491500854492e-01
-4.291971921920776367e-01
5.000000000000000000e+00
1.077700853347778320e+00
1.501324892044067383e+00
3.298518657684326172e-01
2.606761455535888672e-02
-1.559138298034667969e-01
-6.241105794906616211e-01
9.074597358703613281e-01
-1.489430427551269531e+00
1.280403852462768555e+00
8.171008825302124023e-01
4.163211345672607422e+00
1.563596725463867188e+00
6.392023563385009766e-01
-1.078717350959777832e+00
4.666258692741394043e-01
1.078153491020202637e+00
5.000000000000000000e+00
-9.706434011459350586e-01
6.622864007949829102e-01
-1.200569868087768555e+00
4.513089656829833984e+00
4.718341350555419922e+00
1.824651002883911133e+00
5.000000000000000000e+00
4.450576305389404297e-01
3.737965106964111328e+00
-1.459848880767822266e-01
-9.566830396652221680e-01
9.481668472290039062e-03
2.264232873916625977e+00
3.805077075958251953e-01
8.594530820846557617e-02
7.122731208801269531e-02
-3.305163383483886719e-01
-1.416098475456237793e-01
-5.504738092422485352e-01
2.789032459259033203e-02
3.522909879684448242e-01
8.277356624603271484e-01
-5.473923683166503906e-02
-2.972311377525329590e-01
-6.730778813362121582e-01
3.050947427749633789e+00
-5.513181686401367188e-01
9.091809988021850586e-01
-5.791461467742919922e-02
1.387143135070800781e-02
3.948909044265747070e-02
-2.747093439102172852e-01
2.327891826629638672e+00
4.605724334716796875e+00
3.686807632446289062e+00
1.853149890899658203e+00
1.967833399772644043e+00
1.611965417861938477e+00
-1.602534413337707520e+00
6.587589383125305176e-01
-2.840233743190765381e-01
2.504507064819335938e+00
5.759060382843017578e-01
-2.464453577995300293e-01
1.296213269233703613e+00
4.235399961471557617e-01
3.607075214385986328e-01
-8.310055732727050781e-02
6.564459800720214844e-01
-7.299411296844482422e-01
7.602236270904541016e-01
-5.254602432250976562e-02
9.936529994010925293e-01
-1.027067899703979492e-01
4.645680785179138184e-01
3.142604351043701172e+00
-6.131622791290283203e-01
1.633316278457641602e+00
-9.555959701538085938e-02
4.162230968475341797e+00
-8.710933923721313477e-01
-6.340951919555664062e-01
-9.443632364273071289e-01
4.403970718383789062e+00
8.797292709350585938e-01
2.063283443450927734e+00
-1.323167681694030762e-01
3.932619094848632812e+00
1.986573934555053711e+00
1.634356379508972168e+00
4.041249275207519531e+00
-4.101470708847045898e-01
4.900238037109375000e+00
3.636079788208007812e+00
2.688983440399169922e+00
-5.432981252670288086e-01
4.302980899810791016e+00
-3.115414381027221680e-01
-1.673943996429443359e-01
1.534426331520080566e+00
-2.740558624267578125e+00
1.445245742797851562e-02
-6.312168240547180176e-01
4.765674591064453125e+00
-2.879836559295654297e-01
4.807383060455322266e+00
-8.994011878967285156e-01
8.558964729309082031e-01
8.665228486061096191e-01
4.330269813537597656e+00
5.603823661804199219e-01
3.851306438446044922e-02
1.618405103683471680e+00
-6.391173839569091797e+00
-2.640739679336547852e-01
9.207564592361450195e-01
-3.852735757827758789e-01
1.123672723770141602e-02
-1.449698567390441895e+00
4.175899982452392578e+00
4.089825630187988281e+00
2.627155542373657227e+00
-2.533772289752960205e-01
1.648064136505126953e+00
-5.837457180023193359e-01
2.140643596649169922e-01
8.727290630340576172e-01
1.997975111007690430e-01
-1.688220977783203125e+00
2.508574724197387695e-01
9.659719467163085938e-01
1.863238811492919922e+00
4.333617687225341797e-01
6.898795366287231445e-01
4.184636116027832031e+00
-1.697093248367309570e-01
-1.027523994445800781e+00
1.480315208435058594e+00
4.621284008026123047e-01
1.731075286865234375e+00
1.638142108917236328e+00
-4.748132705688476562e+00
-1.940014362335205078e-01
1.511265754699707031e+00
1.840800285339355469e+00
-9.383404850959777832e-01
9.696390032768249512e-01
3.722436904907226562e+00
1.816081762313842773e+00
-1.070892810821533203e+00
4.250068664550781250e-01
5.000000000000000000e+00
3.183542490005493164e-01
-1.556910395622253418e+00
2.035467624664306641e-01
-3.931319713592529297e-01
1.871547698974609375e-01
2.623691320419311523e+00
-2.623565196990966797e-01
-6.399124860763549805e-03
-1.313348054885864258e+00
3.409057617187500000e+00
2.227187156677246094e-03
6.086418628692626953e-01
-7.154309749603271484e-02
2.418658137321472168e-01
9.601544737815856934e-01
-1.493003368377685547e+00
4.194776535034179688e+00
-8.461221456527709961e-01
-3.510200977325439453e-02
2.671496868133544922e-01
2.076201915740966797e+00
4.184974670410156250e+00
-2.687174677848815918e-01
2.201501846313476562e+00
3.916668891906738281e-02
4.383927822113037109e+00
2.457327842712402344e+00
8.706717491149902344e-01
1.888010621070861816e+00
-6.512770056724548340e-01
-5.562704205513000488e-01
-1.086874485015869141e+00
1.382711529731750488e+00
-1.520302057266235352e+00
3.503571748733520508e+00
5.000000000000000000e+00
-2.758666276931762695e-01
2.158180952072143555e+00
4.283474922180175781e+00
2.114532470703125000e+00
-1.115076541900634766e+00
8.951979875564575195e-01
-1.856132745742797852e+00
2.095805883407592773e+00
2.064831256866455078e-01
4.137284278869628906e+00
8.264925479888916016e-01
-1.020382046699523926e-01
3.741008996963500977e+00
3.526800870895385742e-01
-2.614686489105224609e-01
3.333149909973144531e+00
2.772258996963500977e+00
2.099133729934692383e+00
3.406328558921813965e-01
1.883875131607055664e-01
3.013825654983520508e+00
2.792237281799316406e+00
2.684371709823608398e+00
9.254183769226074219e-01
4.376853942871093750e+00
3.986770391464233398e+00
8.121535778045654297e-01
2.178823232650756836e+00
1.846168279647827148e+00
5.277078151702880859e-01
-3.781147003173828125e+00
5.000000000000000000e+00
3.050097227096557617e-01
-8.181118965148925781e-02
3.987562656402587891e+00
-1.070251613855361938e-01
2.933240175247192383e+00
-1.453692317008972168e-01
6.661247014999389648e-01
1.302001833915710449e+00
-2.262598276138305664e-01
1.081107854843139648e-01
-6.576861143112182617e-01
-2.127180099487304688e-01
-6.219992637634277344e-01
5.446920394897460938e-01
1.090814590454101562e+00
-2.368283033370971680e+00
-9.646773338317871094e-02
-2.718925476074218750e-01
-1.014623761177062988e+00
-1.141532063484191895e-01
2.278491258621215820e+00
4.920928478240966797e+00
1.431966662406921387e+00
1.074231624603271484e+00
-7.243286371231079102e-01
2.156478643417358398e+00
1.282437086105346680e+00
-1.006349325180053711e-01
-8.564092516899108887e-01
-1.022291779518127441e+00
1.462899923324584961e+00
6.389242410659790039e-01
3.713665962219238281e+00
2.311381340026855469e+00
-5.139479637145996094e+00
4.175063610076904297e+00
1.073498606681823730e+00
-1.418455362319946289e+00
-2.065554141998291016e+00
-4.547129869461059570e-01
2.163580179214477539e+00
-1.576905965805053711e+00
-1.188042640686035156e+00
-1.523492336273193359e-01
-3.805224895477294922e-01
3.160608768463134766e+00
-8.344724178314208984e-01
-9.853721857070922852e-01
-6.206310391426086426e-01
1.102700471878051758e+00
1.803235411643981934e-01
-1.963015556335449219e+00
1.749624013900756836e+00
1.058914065361022949e-01
4.409235715866088867e-01
-7.899150252342224121e-02
5.000000000000000000e+00
-1.629308700561523438e+00
5.000000000000000000e+00
-9.639382362365722656e-02
-4.491221904754638672e-02
2.181123971939086914e+00
-5.054210424423217773e-01
-1.699183702468872070e+00
-1.912717342376708984e+00
1.117067337036132812e-01
3.963798284530639648e-01
3.848792314529418945e+00
1.183597803115844727e+00
-1.567400455474853516e+00
1.415499925613403320e+00
1.900720596313476562e-01
-1.040977120399475098e+00
-4.139708876609802246e-01
9.045142531394958496e-01
4.529020309448242188e+00
1.379582881927490234e+00
2.864118099212646484e+00
1.473329305648803711e+00
2.963081836700439453e+00
1.485893726348876953e-01
8.760438561439514160e-01
2.407445907592773438e-01
4.994746208190917969e+00
2.623657703399658203e+00
-2.253323793411254883e-01
1.467180371284484863e+00
-1.492231845855712891e+00
1.425255298614501953e+00
2.050363540649414062e+00
-2.554140090942382812e-01
2.996523380279541016e-01
2.217168569564819336e+00
-1.330067515373229980e+00
-6.822077035903930664e-01
2.829465866088867188e-01
6.591683626174926758e-02
5.181059837341308594e-01
-7.189500331878662109e-02
-8.313326835632324219e-01
-9.066536426544189453e-01
7.779020071029663086e-01
4.370586395263671875e+00
6.993222832679748535e-01
-7.797175645828247070e-01
3.376139402389526367e-01
1.454448699951171875e-02
4.292047500610351562e+00
-3.837875127792358398e-01
1.193813920021057129e+00
-1.358531713485717773e-01
1.381385326385498047e-01
7.109588384628295898e-01
9.175121784210205078e-01
-3.539216518402099609e-02
-2.557807922363281250e+00
5.466425418853759766e-02
-4.888046979904174805e-01
-1.264891862869262695e+00
-7.678056955337524414e-01
7.354934215545654297e-01
5.559563636779785156e-03
-1.324795484542846680e-01
-1.746055245399475098e+00
5.000000000000000000e+00
1.046794652938842773e-01
5.133355855941772461e-01
1.421428918838500977e+00
2.371252775192260742e+00
4.298436641693115234e-02
-2.511333703994750977e+00
2.011493921279907227e+00
1.646053791046142578e-01
9.288977980613708496e-01
3.814054012298583984e+00
1.632291913032531738e+00
-3.682496547698974609e-01
-3.900671005249023438e-01
4.095279693603515625e+00
5.000957250595092773e-01
4.169701576232910156e+00
4.944283485412597656e+00
1.140089154243469238e+00
2.973328113555908203e+00
-6.877522468566894531e-01
4.807280540466308594e+00
-2.835733890533447266e-01
5.000000000000000000e+00
-9.001541137695312500e-02
-5.730779170989990234e-01
-6.141386032104492188e-01
9.391784667968750000e-03
3.370419144630432129e-01
-3.774315118789672852e-02
4.139486551284790039e-01
5.143830776214599609e-01
1.979884505271911621e-01
3.388622999191284180e-01
2.373915314674377441e-01
-4.341578483581542969e-02
9.233880043029785156e-02
8.687684535980224609e-01
4.286321401596069336e-01
1.271914005279541016e+00
-1.641455888748168945e-01
4.707811355590820312e+00
4.004166126251220703e-01
7.299561500549316406e-01
5.228301882743835449e-02
4.868817329406738281e-02
-4.597687721252441406e-02
1.560404539108276367e+00
-1.390860080718994141e+00
2.966929674148559570e-01
-1.108751058578491211e+00
-4.688422679901123047e-01
1.761648893356323242e+00
-8.520957231521606445e-01
-6.195235252380371094e-01
-1.421014070510864258e-01
-1.851449012756347656e-01
1.119422674179077148e+00
3.590961933135986328e+00
2.679831027984619141e+00
-7.363650798797607422e-01
1.150454044342041016e+00
-1.467840671539306641e-01
2.481251657009124756e-01
4.236927986145019531e+00
-3.493252754211425781e+00
7.619136571884155273e-01
-8.735997676849365234e-01
