1.822320222854614258e-01
1.994769811630249023e+00
-2.532023787498474121e-01
5.000000000000000000e+00
-2.178144693374633789e+00
2.961616516113281250e-01
-2.523862123489379883e-01
1.693258285522460938e-01
-9.971952438354492188e-02
-5.834410190582275391e-01
1.538249731063842773e+00
3.173899650573730469e-01
-4.744695425033569336e-01
2.403112411499023438e+00
1.430603742599487305e+00
3.821884393692016602e-01
2.749252796173095703e+00
2.850773334503173828e-01
-1.932566165924072266e+00
2.617052078247070312e+00
4.645483970642089844e+00
2.113010883331298828e-01
2.569529771804809570e+00
2.372946023941040039e+00
1.071277379989624023e+00
-1.707705736160278320e+00
-2.620820403099060059e-01
-6.874452829360961914e-01
9.869925975799560547e-01
-1.884428024291992188e+00
-3.775268793106079102e-02
7.404505610466003418e-01
4.064435005187988281e+00
1.060269355773925781e+00
-8.104354143142700195e-01
5.000000000000000000e+00
-1.285152316093444824e+00
5.000000000000000000e+00
2.431094169616699219e+00
2.674709796905517578e+00
-1.612222194671630859e-02
-1.157244324684143066e+00
2.539993286132812500e+00
5.991029739379882812e-02
3.694386720657348633e+00
5.000000000000000000e+00
-2.069294452667236328e-02
1.018523097038269043e+00
-1.071646094322204590e+00
-2.329024076461791992e-01
-7.993798255920410156e-01
5.000000000000000000e+00
1.767836093902587891e+00
3.000438809394836426e-01
3.350867271423339844e+00
1.319456338882446289e+00
1.116239786148071289e+00
-7.291244268417358398e-01
6.489932537078857422e-01
-3.991492390632629395e-01
-1.531755924224853516e-01
6.777489781379699707e-01
4.341598033905029297e+00
4.423627853393554688e-01
4.156917333602905273e-02
-1.486583352088928223e+00
9.723932743072509766e-01
5.000000000000000000e+00
3.100092172622680664e+00
2.305937290191650391e+00
-6.918374300003051758e-01
-3.699691295623779297e-01
8.004863262176513672e-01
-6.539125442504882812e-01
4.125057458877563477e-01
6.704127788543701172e-01
-1.112899780273437500e+00
1.592909812927246094e+00
2.269252300262451172e+00
4.214620113372802734e+00
3.487337827682495117e-01
1.043825984001159668e+00
1.298599481582641602e+00
6.816763877868652344e-01
5.000000000000000000e+00
1.280937075614929199e+00
3.608115911483764648e-01
-2.615946531295776367e-01
-1.123346090316772461e-01
2.994681596755981445e-01
3.446562290191650391e-01
1.261453628540039062e+00
1.883876323699951172e-01
6.371713280677795410e-01
1.100486516952514648e+00
-7.616795301437377930e-01
4.593653202056884766e+00
-1.321513414382934570e+00
1.756012201309204102e+00
4.687382578849792480e-01
3.950363636016845703e+00
-1.469838619232177734e+00
4.736834526062011719e+00
-4.332749843597412109e-01
4.146665096282958984e+00
-3.213521718978881836e+00
4.564389705657958984e+00
1.379633307456970215e+00
1.453669548034667969e+00
1.898764371871948242e+00
-1.860010623931884766e-02
-6.734327077865600586e-01
2.788277149200439453e+00
-3.323651552200317383e-01
-4.034440517425537109e-01
4.718872010707855225e-01
9.977228045463562012e-01
3.888051509857177734e+00
-1.985804080963134766e+00
7.943779230117797852e-01
3.575584888458251953e-01
6.273984909057617188e-03
1.424030661582946777e+00
2.314130544662475586e+00
-2.375746011734008789e+00
8.556177616119384766e-01
3.721857309341430664e+00
2.706252336502075195e-01
2.022184133529663086e+00
1.126173853874206543e+00
2.633240461349487305e+00
-9.521658420562744141e-01
3.716105937957763672e+00
-1.594387769699096680e+00
2.628917694091796875e+00
1.993639469146728516e-01
-1.646944761276245117e+00
1.877697706222534180e+00
-7.927973270416259766e-01
1.120135545730590820e+00
2.565585672855377197e-01
-2.893185615539550781e-02
-6.797993779182434082e-01
1.716043949127197266e-01
1.361158728599548340e+00
-7.693167328834533691e-01
-1.068577408790588379e+00
-2.045509815216064453e-01
1.030247449874877930e+00
-2.698838710784912109e-02
6.658654212951660156e-01
6.071084737777709961e-01
1.833176851272583008e+00
-9.121561050415039062e-02
6.401953697204589844e-01
-9.617912769317626953e-01
-3.419840335845947266e-01
4.288792610168457031e-01
3.498854160308837891e+00
-2.805157184600830078e+00
-7.351253032684326172e-01
-2.994869947433471680e-01
-8.510453701019287109e-01
-9.693144559860229492e-01
1.096102952957153320e+00
4.064268589019775391e+00
1.503831982612609863e+00
7.713041305541992188e-01
1.689629435539245605e+00
-1.899253606796264648e+00
8.441181182861328125e-01
5.000000000000000000e+00
-2.061710834503173828e+00
7.686272859573364258e-01
5.000000000000000000e+00
-1.812332868576049805e-01
1.052572876214981079e-01
4.244604110717773438e+00
2.531936168670654297e+00
2.393389940261840820e-01
7.170548439025878906e-01
5.000000000000000000e+00
8.272063732147216797e-01
-8.937654495239257812e-01
3.160994648933410645e-01
8.237128257751464844e-01
2.524030447006225586e+00
-4.644339084625244141e-01
3.406983613967895508e-01
-5.154061317443847656e-01
1.446702599525451660e+00
-1.398825645446777344e-02
9.546520709991455078e-01
-4.327811717987060547e+00
2.107113838195800781e+00
3.023298978805541992e-01
7.009050846099853516e-01
3.914364874362945557e-01
3.659479618072509766e+00
1.297581434249877930e+00
9.333420991897583008e-01
6.626322269439697266e-01
3.166126251220703125e+00
-7.416585683822631836e-01
-1.778822660446166992e+00
1.626346349716186523e+00
4.717858791351318359e+00
5.000000000000000000e+00
4.778094768524169922e+00
-5.551576614379882812e-01
3.848662376403808594e+00
4.403238773345947266e+00
4.057129383087158203e+00
-8.378333449363708496e-01
7.374995350837707520e-01
3.429172039031982422e-01
2.557029485702514648e+00
-6.045444011688232422e-01
-6.494808197021484375e-02
5.000000000000000000e+00
6.050710678100585938e-01
7.283062338829040527e-01
2.286724090576171875e+00
3.470366954803466797e+00
8.899354934692382812e-02
-1.644056916236877441e+00
5.000000000000000000e+00
3.951225996017456055e+00
1.038531064987182617e-01
1.145941376686096191e+00
9.157985448837280273e-01
-1.053088903427124023e+00
8.280035257339477539e-01
4.151025295257568359e+00
-5.930716991424560547e-01
-4.784797430038452148e-01
6.203174591064453125e-03
1.028650283813476562e+00
-1.009230613708496094e-01
4.775258302688598633e-01
4.864433288574218750e+00
-7.296329736709594727e-01
-7.214083671569824219e-01
8.390618562698364258e-01
-5.810582637786865234e-01
2.152632951736450195e+00
-1.373013257980346680e-01
2.353307008743286133e+00
-2.502501487731933594e+00
-4.192228317260742188e-01
2.414044141769409180e+00
-4.955907821655273438e+00
-1.537006378173828125e+00
3.625639081001281738e-01
1.691614866256713867e+00
4.592526912689208984e+00
-2.717051982879638672e+00
2.997742891311645508e+00
6.774626970291137695e-01
6.644957065582275391e-01
3.782742977142333984e+00
1.272287964820861816e+00
-1.482518792152404785e+00
7.758334279060363770e-02
6.875252723693847656e-01
-2.053523063659667969e-01
1.385997533798217773e+00
-9.294520020484924316e-01
-1.775885224342346191e-01
-1.286329150199890137e+00
9.976308345794677734e-01
2.075871467590332031e+00
3.244135379791259766e-01
7.521772384643554688e-01
-1.114922285079956055e+00
-2.189293384552001953e+00
2.354800462722778320e+00
4.754503250122070312e+00
-2.074220418930053711e+00
-1.025302410125732422e+00
3.138936519622802734e+00
-1.903407573699951172e-01
3.213309049606323242e-01
-6.034567356109619141e-01
-2.127173185348510742e+00
-7.030944228172302246e-01
2.454299449920654297e+00
-1.651267170906066895e+00
-3.598403930664062500e-02
-3.971970081329345703e-01
-3.741756677627563477e-01
4.789921045303344727e-01
8.891140222549438477e-01
5.000000000000000000e+00
-9.263164997100830078e-01
4.799643516540527344e+00
7.159590721130371094e-01
3.066618204116821289e+00
2.159691095352172852e+00
2.066748142242431641e-01
4.950828075408935547e+00
5.000000000000000000e+00
-9.903876781463623047e-01
1.839472174644470215e+00
-1.315830469131469727e+00
2.424220561981201172e+00
9.105017185211181641e-01
-1.756522178649902344e+00
-6.600178480148315430e-01
-1.250668644905090332e+00
2.244816303253173828e+00
2.166494846343994141e+00
-1.261334419250488281e-01
2.921867370605468750e-02
2.028614759445190430e+00
-7.845197916030883789e-01
2.699730396270751953e-01
-1.169824123382568359e+00
-3.701933622360229492e-01
-3.642514944076538086e-01
4.774015426635742188e+00
-6.216312050819396973e-01
6.232116222381591797e-01
-1.607209444046020508e-01
-1.175882220268249512e+00
2.757934331893920898e-01
4.770491123199462891e-01
1.148391723632812500e+00
3.876184225082397461e-01
4.807479858398437500e+00
-1.211667895317077637e+00
4.185526967048645020e-01
6.000961065292358398e-01
-9.696519374847412109e-02
1.225030422210693359e-02
1.197760105133056641e+00
3.763526082038879395e-01
-5.379844903945922852e-01
-1.427077054977416992e+00
-2.892856001853942871e-01
-5.555641651153564453e-02
-1.296592831611633301e+00
2.347451686859130859e+00
-5.850734710693359375e-01
7.949901819229125977e-01
-1.215450286865234375e+00
-6.846194267272949219e-01
1.046277046203613281e+00
-2.319797277450561523e-01
3.524995803833007812e+00
-9.562589526176452637e-01
4.279964923858642578e+00
2.380422592163085938e+00
-3.351974487304687500e-02
2.059415817260742188e+00
2.199542760848999023e+00
2.859943509101867676e-01
-1.332700967788696289e+00
3.900126457214355469e+00
1.046141386032104492e+00
-8.519623279571533203e-01
8.394477367401123047e-01
1.797599315643310547e+00
-2.475954294204711914e+00
1.175004839897155762e-01
3.158290386199951172e+00
-8.788766860961914062e-01
-1.115571737289428711e+00
5.212908983230590820e-01
2.313992977142333984e+00
-1.216064691543579102e-01
-1.417618989944458008e-01
1.467457056045532227e+00
-2.098538875579833984e-01
-3.086385726928710938e-01
5.000000000000000000e+00
-1.067716479301452637e+00
3.130164146423339844e+00
-1.541694164276123047e+00
3.356235027313232422e-01
3.694135665893554688e+00
2.673204243183135986e-01
7.082830667495727539e-01
-4.999403953552246094e-01
2.025306224822998047e+00
-2.744536399841308594e-01
4.957676410675048828e+00
2.170097827911376953e-01
2.062865495681762695e-01
5.984050035476684570e-01
-1.561825513839721680e+00
1.954622626304626465e+00
-4.507357478141784668e-01
3.644178152084350586e+00
9.061588048934936523e-01
5.000000000000000000e+00
-2.390836477279663086e-01
5.000000000000000000e+00
-4.805945158004760742e-01
4.815373420715332031e+00
2.018152236938476562e+00
-3.190209865570068359e-01
2.996990919113159180e+00
5.347068309783935547e-01
1.343951225280761719e+00
3.133479118347167969e+00
-6.365597248077392578e-01
-1.610522627830505371e+00
3.697844743728637695e-01
-8.025618791580200195e-01
3.131476640701293945e-01
1.135711669921875000e-01
1.651186227798461914e+00
-6.126165390014648438e-02
-2.078883647918701172e-01
2.888951301574707031e-01
2.595715522766113281e-01
8.027326464653015137e-01
8.870929479598999023e-01
-8.380571007728576660e-02
-5.065259933471679688e-01
1.824437260627746582e+00
-2.468015909194946289e+00
4.034269332885742188e+00
8.042912483215332031e-01
-1.649935603141784668e+00
-9.578449726104736328e-01
-2.905558347702026367e-01
-4.376325607299804688e-01
4.624841690063476562e+00
-1.877760410308837891e+00
1.872790932655334473e+00
2.036603689193725586e-01
-1.199193000793457031e-01
-2.590291500091552734e-01
-8.723194599151611328e-01
8.524528741836547852e-01
8.395045995712280273e-02
9.724526405334472656e-01
6.296503543853759766e-02
1.419072270393371582e+00
4.530738830566406250e+00
5.577217936515808105e-01
1.783769726753234863e+00
8.987045288085937500e-01
3.183367967605590820e+00
-7.826924324035644531e-02
-4.016543626785278320e-01
5.072224140167236328e-01
8.104538917541503906e-01
1.310143470764160156e-01
2.790041208267211914e+00
-2.545932292938232422e+00
3.622807979583740234e+00
3.734474658966064453e+00
-1.292496562004089355e+00
-4.847251176834106445e-01
-2.511498928070068359e+00
-2.263445854187011719e-01
3.278329372406005859e-01
3.475692272186279297e-01
1.067453265190124512e+00
4.026512622833251953e+00
-9.000133275985717773e-01
-7.256207466125488281e-01
-6.665825843811035156e-01
9.310244917869567871e-01
2.232334613800048828e-01
1.637770771980285645e+00
1.503252983093261719e-01
-8.329031467437744141e-01
5.000000000000000000e+00
7.154926657676696777e-01
-2.579314708709716797e-01
1.062754988670349121e+00
2.092635869979858398e+00
-4.900075197219848633e-01
-4.929007887840270996e-01
-6.680488586425781250e-04
4.744910001754760742e-01
1.450425386428833008e-01
-1.242750287055969238e-01
2.762382030487060547e-01
2.043846368789672852e+00
8.583746552467346191e-01
8.018612861633300781e-02
2.561641454696655273e+00
1.036250591278076172e-02
1.823582530021667480e+00
2.179475069046020508e+00
3.580249547958374023e-01
-3.272933959960937500e-01
-3.382096290588378906e-01
2.429255962371826172e+00
1.262031793594360352e+00
6.568439006805419922e-01
1.577478170394897461e+00
-6.972975730895996094e-01
-5.721671581268310547e-01
-9.328038692474365234e-01
-2.126431465148925781e-02
1.627447247505187988e+00
1.633555173873901367e+00
1.070797443389892578e+00
1.576730370521545410e+00
-8.707334995269775391e-01
-3.874536752700805664e-01
2.108315706253051758e+00
1.022708177566528320e+00
3.104044437408447266e+00
-2.162499427795410156e-01
-1.837150454521179199e-01
-1.832154273986816406e+00
-1.338963627815246582e+00
4.394390106201171875e+00
-4.441931247711181641e-01
-4.087513983249664307e-01
-1.710273027420043945e-01
6.160215735435485840e-01
3.175802230834960938e-01
-2.183265686035156250e-01
5.000000000000000000e+00
-9.533066749572753906e-01
-7.666456699371337891e-01
2.172322750091552734e+00
-5.459182262420654297e-01
9.181013703346252441e-01
-1.376372575759887695e-02
-3.938806056976318359e-01
8.158882260322570801e-01
2.488702535629272461e-03
3.779722690582275391e+00
9.041130542755126953e-02
-1.707233190536499023e+00
8.181405067443847656e-02
-1.250038504600524902e+00
2.398773431777954102e-01
2.214834451675415039e+00
1.733284473419189453e+00
-3.926027417182922363e-01
-3.029167652130126953e-02
1.191415071487426758e+00
2.723755121231079102e+00
-9.948438405990600586e-01
5.675688982009887695e-01
-5.444254875183105469e-01
1.151024818420410156e+00
8.967588543891906738e-01
-2.466049790382385254e-01
1.972252964973449707e+00
4.125685691833496094e+00
-7.780857682228088379e-01
3.964890956878662109e+00
1.004589557647705078e+00
1.625765562057495117e-01
-1.803886890411376953e+00
6.731235980987548828e-01
-8.825645446777343750e-01
2.104224681854248047e+00
-5.513987541198730469e-01
1.165352582931518555e+00
1.289773583412170410e+00
8.494888544082641602e-01
-2.656045258045196533e-01
-5.974662899971008301e-01
4.878117442131042480e-01
1.793207883834838867e+00
1.568598508834838867e+00
-1.147372484207153320e+00
1.312329173088073730e-01
2.546942949295043945e+00
1.204442739486694336e+00
5.744044780731201172e-01
1.119008421897888184e+00
9.565007686614990234e-02
-1.165101051330566406e+00
-1.530824899673461914e+00
-6.782863140106201172e-01
-1.176916956901550293e+00
-9.500524520874023438e+00
3.093069553375244141e+00
4.066827297210693359e-01
-5.468583106994628906e-02
3.460736989974975586e+00
-2.365096211433410645e-01
1.790993332862854004e+00
-6.895902156829833984e-01
2.034509181976318359e-02
-8.599977493286132812e-01
-2.166975140571594238e-01
5.163160562515258789e-01
2.641534805297851562e-02
1.008314847946166992e+00
1.869704484939575195e+00
5.429160594940185547e-01
4.512824058532714844e+00
-3.267710208892822266e-01
-2.210491895675659180e-01
7.410333156585693359e-01
-8.850646018981933594e-01
-1.201322793960571289e+00
4.452191352844238281e+00
-1.698578596115112305e+00
-7.552950829267501831e-02
9.058429598808288574e-01
8.065127134323120117e-01
1.135961055755615234e+00
5.000000000000000000e+00
2.724635601043701172e-01
1.008846998214721680e+00
2.975416183471679688e-02
-7.330545186996459961e-01
-2.443537116050720215e-01
1.388668715953826904e-01
-2.443329989910125732e-01
1.340108871459960938e+00
4.216869354248046875e+00
1.499112844467163086e+00
3.995075225830078125e-01
-9.994269609451293945e-01
5.000000000000000000e+00
-3.005846738815307617e-01
4.116966724395751953e-01
2.655319690704345703e+00
-7.131539583206176758e-01
5.000000000000000000e+00
6.827329397201538086e-01
-1.922375798225402832e+00
3.549805641174316406e+00
4.697164535522460938e+00
2.601419687271118164e-01
-2.266854047775268555e-01
5.000000000000000000e+00
-2.156263589859008789e-02
-4.249408245086669922e-01
3.402760028839111328e+00
-9.550160765647888184e-01
-2.662833929061889648e-01
7.853033542633056641e-01
8.000925779342651367e-01
-6.637949943542480469e-01
2.579237222671508789e-01
5.851780176162719727e-01
3.948014080524444580e-01
3.789820671081542969e+00
3.629283666610717773e+00
6.158362627029418945e-01
-1.938382148742675781e+00
1.035285711288452148e+00
-2.262675762176513672e-01
-1.818746089935302734e+00
4.912276744842529297e+00
1.844206571578979492e+00
5.442433357238769531e-01
4.763403534889221191e-01
2.167823553085327148e+00
-1.985549926757812500e-03
8.393514156341552734e-02
4.073910117149353027e-01
4.499214649200439453e+00
-8.476641178131103516e-01
1.493797063827514648e+00
2.243168354034423828e-01
-1.585572957992553711e-02
-1.232358336448669434e+00
-1.118386268615722656e+00
-4.317097663879394531e-01
-2.668595314025878906e-02
-2.910281419754028320e-01
-3.310207128524780273e-01
3.360521793365478516e-02
9.158292412757873535e-01
7.447232007980346680e-01
8.466250896453857422e-01
1.015236854553222656e+00
-6.086785197257995605e-01
4.858938455581665039e-01
7.437459230422973633e-01
-3.886542320251464844e-01
-3.299465179443359375e-01
-1.178153991699218750e+00
3.760845184326171875e+00
-1.052480340003967285e+00
-3.515752553939819336e-01
-3.991397619247436523e-01
1.343650221824645996e-01
1.090870380401611328e+00
9.678602218627929688e-02
-9.573356509208679199e-01
7.438334226608276367e-01
3.807731270790100098e-01
-1.105860471725463867e-01
2.227036952972412109e-01
-6.482604742050170898e-01
-1.487958431243896484e+00
3.838437795639038086e-01
5.000000000000000000e+00
1.874790191650390625e+00
-5.466783046722412109e-01
1.318557858467102051e-01
4.117245674133300781e+00
2.044124364852905273e+00
-1.403345346450805664e+00
-6.840777397155761719e-02
4.389570057392120361e-01
-1.827105879783630371e-01
6.253229975700378418e-01
3.711204290390014648e+00
-2.636081218719482422e+00
5.000000000000000000e+00
2.201329469680786133e-01
-3.498852252960205078e-02
3.179067850112915039e+00
4.230759620666503906e+00
2.637144327163696289e-01
-4.357450008392333984e-01
3.901174306869506836e+00
2.366599440574645996e-01
-1.482214808464050293e+00
6.427860856056213379e-01
-4.750117659568786621e-01
5.697847008705139160e-01
1.577187299728393555e+00
-3.553845882415771484e-01
2.455389261245727539e+00
-3.986450433731079102e-01
-7.436016798019409180e-01
3.123792648315429688e+00
-1.874366164207458496e+00
-1.817940473556518555e-01
4.668848514556884766e+00
2.010747909545898438e+00
2.535058498382568359e+00
1.127343654632568359e+00
1.484826564788818359e+00
1.000843644142150879e+00
-1.210266709327697754e+00
-1.274432778358459473e+00
-4.006338119506835938e-01
9.828209877014160156e-02
2.504277467727661133e+00
2.022503852844238281e+00
1.923825144767761230e-01
-2.439009189605712891e+00
-8.293720483779907227e-01
2.368012905120849609e+00
5.000000000000000000e+00
3.191735744476318359e-01
4.442186832427978516e+00
-1.171485304832458496e+00
-5.486702919006347656e-02
9.855272173881530762e-01
-1.641038179397583008e+00
5.000000000000000000e+00
9.470539093017578125e-01
2.795815467834472656e-03
3.112038373947143555e-01
3.962915182113647461e+00
-9.420781135559082031e-01
2.510557889938354492e+00
1.526942014694213867e+00
3.374361515045166016e+00
1.462333321571350098e+00
4.549758434295654297e+00
4.658800125122070312e+00
3.233025074005126953e+00
-3.421771526336669922e-01
6.941483616828918457e-01
6.762564182281494141e-01
-6.201623678207397461e-01
1.021716833114624023e+00
3.934107780456542969e+00
-1.345890760421752930e+00
5.000000000000000000e+00
2.987201213836669922e-01
2.284349918365478516e+00
-1.100780367851257324e-01
1.710660099983215332e+00
2.883213758468627930e-01
-1.442709684371948242e+00
-1.275613903999328613e+00
-5.117568969726562500e-01
1.073256015777587891e+00
6.459872722625732422e-01
1.058528661727905273e+00
7.068088054656982422e-01
4.166922569274902344e-01
9.433428049087524414e-01
-1.375728845596313477e-01
-2.108712196350097656e-01
5.837097764015197754e-01
1.266553640365600586e+00
1.052796840667724609e-01
3.017983198165893555e+00
4.399884223937988281e+00
-9.996931552886962891e-01
-1.508592367172241211e-01
5.000000000000000000e+00
-2.346140146255493164e-01
6.317309141159057617e-01
1.215013504028320312e+00
1.099743843078613281e-01
7.833597660064697266e-01
4.700645446777343750e+00
2.874138355255126953e-01
-1.898075580596923828e+00
3.125042915344238281e-01
9.605628848075866699e-01
1.900105476379394531e+00
8.227187395095825195e-01
-9.755746126174926758e-01
1.510642766952514648e-01
-1.099581718444824219e-01
1.174805164337158203e-01
-1.090726852416992188e+00
1.589249372482299805e+00
3.436464309692382812e+00
1.840221643447875977e+00
1.064824819564819336e+00
1.254412055015563965e+00
2.060980319976806641e+00
-1.375615477561950684e+00
-1.911188840866088867e+00
-1.320538401603698730e+00
7.114905118942260742e-01
4.480323314666748047e+00
3.794458389282226562e+00
-2.670091390609741211e-01
6.805378198623657227e-01
5.648922920227050781e-02
-3.042588233947753906e-01
2.208305358886718750e+00
1.052606940269470215e+00
4.828042030334472656e+00
-6.916879415512084961e-01
-1.285336732864379883e+00
1.003998994827270508e+00
3.203890800476074219e+00
-7.524242401123046875e-01
-3.199269771575927734e-01
2.733716964721679688e-01
2.388074398040771484e+00
-2.089819908142089844e+00
1.203991889953613281e+00
-5.213228464126586914e-01
5.000000000000000000e+00
5.054776668548583984e-01
5.000000000000000000e+00
2.421312093734741211e+00
8.202230334281921387e-01
1.521291732788085938e-01
1.601880192756652832e+00
4.065351486206054688e+00
4.228034973144531250e+00
-1.080291628837585449e+00
3.491715192794799805e-01
1.389629840850830078e-01
-1.331286430358886719e-01
8.565970659255981445e-01
1.395889997482299805e+00
8.038592338562011719e-01
3.208575725555419922e+00
-7.059391736984252930e-01
-3.160027265548706055e-01
4.659438133239746094e-01
-3.938736915588378906e-01
2.089658379554748535e-01
2.460608482360839844e+00
1.365035653114318848e+00
3.802978992462158203e-02
-7.738758325576782227e-01
2.244137287139892578e+00
-1.233216524124145508e-01
-2.081096172332763672e-01
1.054413318634033203e-01
1.978468179702758789e+00
4.943455696105957031e+00
-6.469639539718627930e-01
-6.252110004425048828e-02
-1.531355381011962891e-01
3.758340477943420410e-01
-1.499414443969726562e-02
7.723219394683837891e-01
3.302754163742065430e-01
2.821358680725097656e+00
1.396310091018676758e+00
-6.105022430419921875e-01
4.826655864715576172e+00
1.386526823043823242e-01
-3.179268360137939453e+00
8.563853502273559570e-01
5.000000000000000000e+00
-1.464074850082397461e-01
-2.384396195411682129e-01
3.531418442726135254e-01
-1.696779727935791016e-01
1.212518095970153809e+00
8.076202869415283203e-01
-8.600143432617187500e+00
4.562258720397949219e-01
-1.912808656692504883e+00
1.728694438934326172e-01
-3.024439811706542969e+00
-1.456730365753173828e-01
-1.067637205123901367e+00
-5.889933109283447266e-01
2.126351356506347656e+00
-7.757943868637084961e-01
-8.691246509552001953e-01
3.976207077503204346e-01
