8.300979733467102051e-01
9.538220763206481934e-01
2.585129976272583008e+00
1.815287113189697266e+00
-5.565208196640014648e-01
5.000000000000000000e+00
3.919695615768432617e-01
3.171799182891845703e+00
4.733879566192626953e+00
-8.445549011230468750e-02
-1.046970844268798828e+00
-5.919440984725952148e-01
9.304515123367309570e-01
-5.937215089797973633e-01
1.549062252044677734e+00
4.652142524719238281e+00
5.658782124519348145e-01
-4.435172557830810547e+00
-2.540467262268066406e+00
9.537190198898315430e-01
-1.592879772186279297e+00
-7.245885133743286133e-01
-5.928279161453247070e-01
2.985188484191894531e+00
4.462895393371582031e+00
1.397000551223754883e+00
7.110288143157958984e-01
5.000000000000000000e+00
-2.524113893508911133e+00
-8.363291025161743164e-01
-1.522804021835327148e+00
-1.523896217346191406e+00
1.898309707641601562e+00
3.457261323928833008e-01
5.000000000000000000e+00
4.881009101867675781e+00
2.487976551055908203e-01
-5.678521394729614258e-01
4.715020179748535156e+00
1.044448614120483398e-01
5.065910816192626953e-01
-6.797570586204528809e-01
2.140640020370483398e+00
1.422874808311462402e+00
-3.061374425888061523e-01
9.800044298171997070e-01
-1.451171040534973145e+00
1.915341138839721680e+00
3.934624195098876953e+00
1.544217228889465332e+00
4.669964313507080078e-01
5.064799189567565918e-01
1.789445877075195312e-01
-1.549467802047729492e+00
6.936650276184082031e-01
3.522236347198486328e-01
-9.601655006408691406e-01
1.505978226661682129e+00
-1.952065944671630859e+00
-3.318566560745239258e+00
1.841025352478027344e-01
3.427988529205322266e+00
1.204538822174072266e+00
5.679154396057128906e-01
-1.302896738052368164e-01
3.072082519531250000e+00
1.868912458419799805e+00
1.022182464599609375e+00
3.518545627593994141e-01
3.937302589416503906e+00
-6.982817649841308594e-01
7.383294105529785156e-01
7.392460107803344727e-01
-1.438544034957885742e+00
-4.125573635101318359e-01
-6.084293127059936523e-02
5.083667635917663574e-01
6.716210842132568359e-01
4.420728683471679688e+00
-1.215190172195434570e+00
-7.608194351196289062e-01
1.546514630317687988e-01
-2.901782989501953125e-01
3.353490233421325684e-01
-6.576966643333435059e-01
-2.096367359161376953e+00
1.560865640640258789e-01
1.071945905685424805e+00
5.000000000000000000e+00
6.236766576766967773e-01
2.959951162338256836e-01
3.908821105957031250e+00
-2.805337905883789062e-01
4.249017238616943359e-01
1.942158699035644531e+00
1.498874425888061523e+00
-1.451783895492553711e+00
5.000000000000000000e+00
-6.451640129089355469e-01
-2.215733528137207031e+00
2.568911910057067871e-01
-4.117739677429199219e+00
-7.114061117172241211e-01
3.480654954910278320e-01
3.751596927642822266e+00
-3.647339344024658203e-02
5.784047842025756836e-01
4.471385002136230469e+00
-3.501217365264892578e-01
3.551242589950561523e+00
3.945822119712829590e-01
5.665494799613952637e-01
2.355970740318298340e-01
9.103313684463500977e-01
3.145840644836425781e+00
6.002116203308105469e-01
-6.110321283340454102e-01
-4.349102973937988281e-01
2.020454406738281250e-01
1.508075714111328125e+00
7.636904716491699219e-01
-3.376692533493041992e+00
4.818786621093750000e+00
5.989668965339660645e-01
2.921997308731079102e-01
3.006342649459838867e-01
-1.549062728881835938e-01
9.700608253479003906e-01
4.340791702270507812e-02
5.000000000000000000e+00
4.552358627319335938e+00
4.028225898742675781e+00
-3.932008743286132812e-01
-1.919659852981567383e+00
1.824423074722290039e-01
1.418312907218933105e+00
-5.244922637939453125e-02
7.890417575836181641e-01
2.137269973754882812e-01
5.533695220947265625e-01
-1.648451089859008789e+00
6.058323383331298828e-02
-1.099247813224792480e+00
-5.517858266830444336e-01
4.740262031555175781e-02
-4.988336563110351562e-01
1.694811701774597168e+00
-5.889326333999633789e-01
-3.542020916938781738e-01
-1.793026924133300781e+00
1.005309820175170898e-01
2.078563690185546875e+00
-1.325375437736511230e+00
5.000000000000000000e+00
1.300773382186889648e+00
1.532410383224487305e-01
4.560565948486328125e-01
3.524393737316131592e-01
8.452782034873962402e-01
4.502023696899414062e+00
-1.965038776397705078e-01
1.016802549362182617e+00
6.523695588111877441e-01
5.000000000000000000e+00
1.375423908233642578e+00
-2.176865339279174805e-01
-3.646483421325683594e-01
-3.664731383323669434e-01
-3.307527899742126465e-01
1.606493473052978516e+00
-1.801198840141296387e+00
-6.873221397399902344e-01
1.318871378898620605e+00
-2.050316095352172852e+00
5.000000000000000000e+00
-3.065470457077026367e-01
1.796831369400024414e+00
8.979802727699279785e-01
4.003322124481201172e+00
-3.368020057678222656e-03
-6.638193130493164062e-02
-1.463474035263061523e-01
4.908605098724365234e+00
4.535914659500122070e-01
-3.643296957015991211e-01
5.000000000000000000e+00
9.767491817474365234e-01
1.538079738616943359e+00
-4.835164546966552734e-02
1.407544732093811035e+00
1.480095982551574707e-01
-9.412133693695068359e-01
-5.407662987709045410e-01
-2.985555171966552734e+00
8.378897309303283691e-01
-8.421719074249267578e-02
7.569769620895385742e-01
1.962179899215698242e+00
1.783270120620727539e+00
3.920528411865234375e+00
-4.464136362075805664e-01
2.427309751510620117e-01
4.451166629791259766e+00
-1.171572446823120117e+00
-6.237909793853759766e-01
1.958778619766235352e+00
2.282366991043090820e+00
8.136415481567382812e-02
4.669325351715087891e+00
3.642544746398925781e-01
3.207684040069580078e+00
-3.832106590270996094e-01
4.935033321380615234e-01
6.748551130294799805e-01
-3.276229500770568848e-01
2.158602237701416016e+00
-1.908844470977783203e+00
1.473859667778015137e+00
-2.754352092742919922e-01
-1.483082771301269531e-02
-4.305255413055419922e-02
9.376466870307922363e-01
8.613682985305786133e-01
-4.893519282341003418e-01
4.476714134216308594e-02
8.723962306976318359e-02
-1.014265656471252441e+00
8.803457617759704590e-01
4.411405920982360840e-01
5.954535007476806641e-01
2.578500747680664062e+00
-6.526277065277099609e-01
-2.252030372619628906e-01
3.490395545959472656e+00
-1.587778925895690918e+00
2.688414573669433594e+00
-8.972504138946533203e-01
7.253174781799316406e-01
-5.573974847793579102e-01
1.018593072891235352e+00
5.000000000000000000e+00
-6.379352211952209473e-01
2.463309764862060547e-01
4.557914733886718750e-01
2.183403491973876953e+00
1.457778692245483398e+00
-6.196556687355041504e-01
5.860531330108642578e-01
1.407148361206054688e+00
1.046178936958312988e-01
1.460117101669311523e-02
-1.330614209175109863e+00
-1.094959497451782227e+00
2.480516910552978516e+00
-1.750692725181579590e+00
1.283194303512573242e+00
-6.940197944641113281e-02
4.887721061706542969e+00
2.428574800491333008e+00
-3.585067510604858398e+00
-1.187459468841552734e+00
4.840090274810791016e-01
-9.141719937324523926e-01
1.401628851890563965e-01
1.067955374717712402e+00
-3.481563329696655273e-01
1.184635400772094727e+00
3.229438066482543945e-01
1.292715549468994141e+00
-1.424660682678222656e+00
-6.034528017044067383e-01
2.718623876571655273e-01
-1.442117810249328613e+00
2.298548221588134766e-01
1.390100717544555664e-01
4.646210193634033203e+00
-1.398558020591735840e+00
7.109758853912353516e-01
-3.745609521865844727e-01
-2.910454273223876953e-01
-6.339309215545654297e-01
9.970977902412414551e-01
4.883398056030273438e+00
-1.480819582939147949e+00
-2.663826942443847656e-02
3.303769350051879883e+00
-2.401497364044189453e-01
1.426165580749511719e+00
4.337654113769531250e+00
-1.897544264793395996e-01
5.000000000000000000e+00
4.202537536621093750e+00
3.994265794754028320e+00
1.528753995895385742e+00
-3.018948435783386230e-01
1.776122212409973145e+00
2.555115222930908203e-01
3.970329046249389648e+00
2.047071695327758789e+00
-8.376438617706298828e-01
7.020432949066162109e-01
3.626812934875488281e+00
-1.261633276939392090e+00
1.281189084053039551e+00
-6.690440773963928223e-01
-3.438390493392944336e-01
1.179734230041503906e+00
-1.961176395416259766e-01
4.632043838500976562e-02
2.627667188644409180e-01
7.428300380706787109e-01
-2.917319536209106445e-02
2.559122085571289062e+00
-1.604933738708496094e-01
3.383219242095947266e-02
-9.602422714233398438e-01
-1.753206133842468262e+00
4.430792808532714844e+00
6.825164556503295898e-01
4.033151149749755859e+00
7.792848348617553711e-01
-5.426692962646484375e-01
1.587250471115112305e+00
4.777947664260864258e-01
4.860591888427734375e-02
8.891139626502990723e-01
-2.966911792755126953e-01
-7.880154252052307129e-02
-7.669199705123901367e-01
-1.382558643817901611e-01
9.931393861770629883e-01
1.159127950668334961e-01
2.207295894622802734e-01
-2.717415094375610352e-01
5.000000000000000000e+00
5.509102344512939453e-01
1.196905612945556641e+00
1.398853063583374023e-01
1.623454570770263672e+00
-3.263452053070068359e-01
4.886530876159667969e+00
1.904553294181823730e+00
6.070497035980224609e-01
3.154620528221130371e-01
4.223341941833496094e-01
2.463515996932983398e-01
4.731285572052001953e-01
3.051148891448974609e+00
4.523450374603271484e+00
9.503486752510070801e-01
-3.059033751487731934e-01
-4.871083498001098633e-01
2.771224260330200195e+00
4.777381896972656250e+00
6.833188533782958984e-01
4.722583770751953125e+00
-1.406987905502319336e-01
3.432452678680419922e+00
-8.468735218048095703e-02
-2.805531024932861328e-02
4.421549737453460693e-01
1.232239484786987305e+00
-5.143624544143676758e-01
4.165086150169372559e-02
3.275588750839233398e-01
-3.420486927032470703e+00
1.461267471313476562e-03
7.785966396331787109e-01
7.790625095367431641e-02
-9.259389638900756836e-01
6.541243791580200195e-01
-7.179412841796875000e-01
3.413984060287475586e+00
7.213335633277893066e-01
-1.844592094421386719e-01
-1.121573567390441895e+00
8.147450685501098633e-01
-6.061878204345703125e-01
-2.056476593017578125e+00
2.132753133773803711e+00
4.094362258911132812e+00
-5.446412563323974609e-01
3.418656587600708008e-01
-1.811326742172241211e-01
6.677033305168151855e-01
-4.207729101181030273e-01
-1.181459546089172363e+00
-3.210122585296630859e-01
2.823787927627563477e-01
6.198778748512268066e-01
2.235760450363159180e+00
4.138889789581298828e+00
3.515675544738769531e+00
-3.402810692787170410e-01
3.390390396118164062e+00
-1.646468937397003174e-01
-1.233176946640014648e+00
1.451210141181945801e+00
2.138484477996826172e+00
5.778506994247436523e-01
3.954460620880126953e-01
1.725407600402832031e+00
1.026935815811157227e+00
1.306303024291992188e+00
1.146367788314819336e-01
8.287913203239440918e-01
-8.931332826614379883e-02
2.057113647460937500e-01
4.667614698410034180e-01
4.173788070678710938e+00
1.091763973236083984e+00
-8.072042465209960938e-02
-1.705622673034667969e-02
-2.029085397720336914e+00
4.805496692657470703e+00
-2.608903408050537109e+00
-2.518105506896972656e+00
-5.986739397048950195e-01
6.550138592720031738e-01
-1.529650688171386719e+00
-5.540066957473754883e-01
-5.451405644416809082e-01
4.795494675636291504e-01
3.512197732925415039e+00
3.481264412403106689e-02
9.729513525962829590e-02
9.737262725830078125e-01
-1.570452451705932617e-01
-8.423841595649719238e-01
-2.948014497756958008e+00
-4.959989786148071289e-01
7.799462080001831055e-01
5.000000000000000000e+00
3.785395622253417969e-01
3.520453214645385742e+00
8.845366239547729492e-01
-3.637276291847229004e-01
1.721023321151733398e-01
-2.539045333862304688e+00
4.544132232666015625e+00
-1.921085119247436523e-01
1.631491184234619141e+00
-2.289074957370758057e-01
3.910329341888427734e+00
1.256617784500122070e+00
4.663329124450683594e+00
3.934580087661743164e-02
-4.462819099426269531e-01
-7.662265300750732422e-01
4.201773643493652344e+00
1.078467011451721191e+00
5.394294261932373047e-01
8.689137697219848633e-01
6.579093337059020996e-01
-6.709091663360595703e-01
-6.050795316696166992e-01
-2.202033996582031250e-02
-2.535538673400878906e-01
-1.010631799697875977e+00
-1.577026724815368652e+00
2.517847061157226562e+00
1.928162574768066406e-01
-7.462004423141479492e-01
8.985091447830200195e-01
-2.482719421386718750e-01
1.462507009506225586e+00
6.003723740577697754e-01
7.386543750762939453e-01
3.505183458328247070e-01
3.925563693046569824e-01
3.343748748302459717e-01
-1.955914616584777832e+00
9.617862701416015625e-01
-1.948418259620666504e+00
8.673633337020874023e-01
1.573938131332397461e-02
1.228814840316772461e+00
-2.464056015014648438e-01
1.306182384490966797e+00
-3.574708700180053711e-01
9.688978195190429688e-01
-5.839982032775878906e-01
-4.540944695472717285e-01
4.480874061584472656e+00
2.906218290328979492e+00
6.919908523559570312e-01
-9.409694671630859375e-01
2.222768068313598633e-01
1.282560348510742188e+00
-3.281435966491699219e-01
-9.561356306076049805e-01
-8.552857637405395508e-01
3.486781835556030273e+00
1.819913983345031738e+00
1.796669721603393555e+00
-2.643781602382659912e-01
-8.663337230682373047e-01
4.747197031974792480e-01
1.193805336952209473e+00
8.655936717987060547e-01
3.216383218765258789e+00
1.149435162544250488e+00
-6.621531248092651367e-01
-5.038771629333496094e-01
4.038569927215576172e-01
7.555140256881713867e-01
5.000000000000000000e+00
4.405398368835449219e+00
3.831827640533447266e-02
-3.639730215072631836e-01
-1.005244493484497070e+00
3.546249866485595703e-01
9.626359939575195312e-01
2.688328027725219727e-01
4.980683326721191406e-03
-4.501479864120483398e-01
2.201274871826171875e+00
1.263031482696533203e+00
-6.156593561172485352e-01
-1.570517063140869141e+00
4.658181667327880859e-01
1.088591694831848145e+00
1.837106943130493164e-01
8.800579309463500977e-01
-7.283509969711303711e-01
2.695890903472900391e+00
-3.231953859329223633e+00
4.883801460266113281e+00
1.828166604042053223e+00
-3.404200077056884766e-01
-4.609298706054687500e-02
1.073639035224914551e+00
3.824913978576660156e+00
3.569373130798339844e+00
-4.889959096908569336e-02
-1.272734999656677246e-01
2.654431164264678955e-01
4.584243774414062500e+00
-9.898817539215087891e-02
1.148745894432067871e+00
3.535729408264160156e+00
-1.460483074188232422e-01
-3.816539049148559570e-01
3.428996205329895020e-01
3.576540946960449219e-01
6.842008829116821289e-01
2.521947383880615234e+00
5.264877080917358398e-01
2.471028327941894531e+00
1.362894773483276367e-01
1.225171923637390137e+00
3.478683948516845703e+00
1.777350902557373047e-01
-1.796372532844543457e-01
4.022593021392822266e+00
-2.943984270095825195e-01
4.065907001495361328e-01
5.716121196746826172e-02
9.969830513000488281e-03
-1.133913278579711914e+00
-7.924975156784057617e-01
1.700296401977539062e-01
-1.238299489021301270e+00
-1.088746786117553711e-01
4.028474807739257812e+00
-8.913764953613281250e-01
-1.275032877922058105e+00
5.000000000000000000e+00
3.065252900123596191e-01
3.608821392059326172e+00
5.571460723876953125e-02
5.000000000000000000e+00
-3.474413156509399414e-01
4.905749320983886719e+00
-1.982883214950561523e-01
-2.519644021987915039e+00
4.530708312988281250e+00
3.257638216018676758e-01
5.000000000000000000e+00
8.947900533676147461e-01
4.595912694931030273e-01
4.168454170227050781e+00
1.484417915344238281e-01
-5.999935865402221680e-01
5.255376100540161133e-01
-2.764306068420410156e-01
-2.264836788177490234e+00
4.242210388183593750e+00
1.704287171363830566e+00
-1.663453340530395508e+00
-1.559722423553466797e-01
4.287499189376831055e-01
-3.338903188705444336e-01
1.031173348426818848e+00
1.611487627029418945e+00
3.511181831359863281e+00
1.755292177200317383e+00
1.269074678421020508e-01
-1.226557016372680664e+00
5.165966749191284180e-01
7.027654647827148438e-01
-3.455433845520019531e-01
1.117036342620849609e-01
-5.650306940078735352e-01
1.438450574874877930e+00
1.279969215393066406e+00
5.634261965751647949e-01
1.386893033981323242e+00
2.132380247116088867e+00
2.472872734069824219e-01
2.730911970138549805e-01
2.052266120910644531e+00
1.226158142089843750e-01
5.000000000000000000e+00
3.600631237030029297e+00
9.884319305419921875e-01
-1.745524525642395020e+00
1.102242946624755859e+00
3.314483165740966797e-02
1.620957612991333008e+00
3.621029853820800781e+00
4.268969535827636719e+00
-8.960509300231933594e-01
6.731648445129394531e-01
-2.863796234130859375e+00
2.400147914886474609e-01
2.086629867553710938e+00
7.874641418457031250e-01
1.077794551849365234e+00
3.480917215347290039e-01
2.843385457992553711e+00
2.771317958831787109e-02
9.285707473754882812e-01
-1.915946960449218750e+00
-6.854999065399169922e-01
2.956356525421142578e+00
1.394737601280212402e+00
-1.493925333023071289e+00
9.147908091545104980e-01
4.611539363861083984e+00
5.000000000000000000e+00
-1.290691137313842773e+00
4.200579524040222168e-01
3.898975849151611328e+00
3.810349106788635254e-01
1.535778045654296875e-01
5.641090869903564453e-01
8.810037970542907715e-01
4.314092397689819336e-01
-1.244240999221801758e+00
-6.571066379547119141e-01
4.569080352783203125e+00
4.438704252243041992e-01
1.372423648834228516e+00
-1.978266239166259766e+00
1.171306133270263672e+00
-6.141268610954284668e-01
7.761174440383911133e-01
2.347210407257080078e+00
4.320070147514343262e-01
1.702821254730224609e+00
3.622035503387451172e+00
1.235795497894287109e+00
-6.866984367370605469e-01
5.000000000000000000e+00
5.000000000000000000e+00
3.194989442825317383e+00
7.201220989227294922e-01
-3.182330131530761719e+00
3.717876911163330078e+00
-3.217134475708007812e-01
3.498482704162597656e+00
5.000000000000000000e+00
-2.235313892364501953e+00
-1.188729166984558105e+00
-7.785938978195190430e-01
-4.028081893920898438e-02
1.694389581680297852e-01
4.757603645324707031e+00
-5.492073297500610352e-01
6.894984841346740723e-01
3.140714168548583984e-01
-1.132051825523376465e+00
5.000000000000000000e+00
5.000000000000000000e+00
2.453339099884033203e-02
1.680012464523315430e+00
2.392573118209838867e+00
2.463682651519775391e+00
2.090076208114624023e-01
1.906215906143188477e+00
-5.867823362350463867e-01
2.582201719284057617e+00
-1.022230505943298340e+00
3.113904595375061035e-01
1.905258774757385254e+00
1.229762315750122070e+00
-3.670716762542724609e+00
5.021426677703857422e-01
4.456585407257080078e+00
1.722850799560546875e-01
4.051931381225585938e+00
4.869462966918945312e+00
-1.815653562545776367e+00
3.093935251235961914e+00
-1.100038886070251465e+00
-2.422988891601562500e+00
-1.480929732322692871e+00
1.355049014091491699e+00
5.401352643966674805e-01
1.689585089683532715e+00
2.567040681838989258e+00
3.380636572837829590e-01
5.000000000000000000e+00
3.079744577407836914e-01
5.655055046081542969e-01
-3.179550170898437500e-03
-3.211246728897094727e-01
4.832470417022705078e+00
1.530215501785278320e+00
4.383335590362548828e+00
-6.990311145782470703e-01
-1.375094294548034668e+00
2.032528519630432129e-01
-6.539162397384643555e-01
-1.118343353271484375e+00
3.537842035293579102e-01
1.577485799789428711e-01
-2.739105224609375000e-01
9.123933315277099609e-02
1.656807065010070801e+00
-4.410665035247802734e-01
5.618660449981689453e-01
-7.812622785568237305e-01
1.414167881011962891e-02
-9.902298450469970703e-03
3.911064863204956055e-01
-4.270250797271728516e-01
-5.282762050628662109e-01
2.873128652572631836e-01
-5.332521200180053711e-01
1.010991096496582031e+00
-7.166867256164550781e-01
4.361244440078735352e-01
-3.519182205200195312e-01
-1.030850887298583984e+00
1.578444004058837891e+00
2.782577276229858398e+00
9.107201099395751953e-01
2.571098804473876953e-01
3.189496278762817383e+00
2.289369583129882812e+00
3.051162719726562500e+00
4.711060523986816406e+00
6.891987323760986328e-01
-3.880637288093566895e-01
4.490507125854492188e+00
3.070123434066772461e+00
4.800991058349609375e+00
3.636634349822998047e-01
1.078400015830993652e+00
2.091056704521179199e-01
-1.210046172142028809e+00
1.049687147140502930e+00
-1.143554210662841797e+00
1.057507514953613281e+00
3.626306056976318359e-01
2.401394844055175781e+00
2.345851421356201172e+00
-1.071793437004089355e-01
7.033126354217529297e-01
5.241605043411254883e-01
-1.747035741806030273e+00
-5.733057260513305664e-01
3.350352287292480469e+00
1.351340174674987793e+00
3.257717609405517578e+00
3.113195419311523438e+00
3.080703258514404297e+00
4.859912395477294922e-01
-4.815936088562011719e-03
3.981593251228332520e-01
4.012533426284790039e-01
1.458097696304321289e+00
-7.403101921081542969e-01
9.449520111083984375e-01
1.786748051643371582e+00
2.779124975204467773e+00
1.479461669921875000e+00
1.255171537399291992e+00
3.515323162078857422e+00
4.387466907501220703e+00
1.140071153640747070e-01
-1.556087017059326172e+00
-5.649189949035644531e-01
-1.079505205154418945e+00
1.560567975044250488e+00
-3.400403261184692383e-01
1.840246915817260742e-01
5.535719394683837891e-01
9.267967939376831055e-01
4.174768924713134766e-02
2.515236139297485352e+00
1.488049030303955078e-01
-2.495783329010009766e+00
-5.603985786437988281e-01
3.510439872741699219e+00
4.518840312957763672e-01
-2.451441287994384766e-01
9.251295328140258789e-01
1.250513076782226562e+00
-1.778460741043090820e-01
4.370754241943359375e+00
-3.078999519348144531e-01
1.530745029449462891e-01
-1.557382225990295410e+00
6.839513778686523438e-02
-1.568244814872741699e+00
4.813021183013916016e+00
-1.798551082611083984e-01
-8.561920523643493652e-01
1.021763086318969727e-01
1.916383504867553711e-01
1.343633174896240234e+00
1.391897320747375488e+00
2.501890659332275391e-01
1.857143878936767578e+00
-8.787961006164550781e-01
3.940225362777709961e+00
7.574532032012939453e-01
2.265103578567504883e+00
5.000000000000000000e+00
-5.378739833831787109e-01
2.257483005523681641e+00
2.717269659042358398e-01
5.000000000000000000e+00
2.790614843368530273e+00
-2.694558143615722656e+00
-1.531244516372680664e-01
3.453341424465179443e-01
4.591153144836425781e+00
-1.697208046913146973e+00
5.919954776763916016e-01
1.039724349975585938e-01
4.199705123901367188e+00
8.737870454788208008e-01
2.582203626632690430e+00
2.715792655944824219e-01
5.000000000000000000e+00
5.000000000000000000e+00
3.643408298492431641e+00
1.338470101356506348e+00
1.553834080696105957e-01
2.687950134277343750e+00
-6.525613069534301758e-01
2.266995906829833984e-01
-8.672796487808227539e-01
8.059933185577392578e-01
-1.676222085952758789e-01
-1.865143775939941406e-01
-2.022315859794616699e-01
4.020577669143676758e-01
-2.554074525833129883e-01
5.000000000000000000e+00
3.159879446029663086e+00
9.105908870697021484e-02
2.289676666259765625e-01
1.888997673988342285e+00
3.628573417663574219e-01
-9.026306867599487305e-02
1.994427561759948730e+00
-9.099259376525878906e-01
1.619506359100341797e+00
-1.036987304687500000e-01
2.237260103225708008e+00
-4.352011680603027344e-01
-5.141830444335937500e-02
3.517430782318115234e+00
-5.885672569274902344e-01
7.526862621307373047e-02
-3.589571714401245117e-01
8.180173039436340332e-01
1.443399190902709961e-01
1.837784051895141602e+00
8.969807624816894531e-02
-9.697561264038085938e-01
2.935467362403869629e-01
3.585100650787353516e+00
-1.484472751617431641e-01
7.035330533981323242e-01
2.355965375900268555e-01
6.475942134857177734e-01
-5.081789493560791016e-01
8.470773696899414062e-03
4.709419727325439453e+00
-9.712979793548583984e-01
3.877567768096923828e+00
3.611389636993408203e+00
1.250411629676818848e+00
1.208316087722778320e-01
7.310795187950134277e-01
-1.059118986129760742e+00
-7.192010879516601562e-01
-7.669949531555175781e-02
-1.390393614768981934e+00
1.841816902160644531e+00
4.849300861358642578e+00
-1.176276206970214844e+00
-2.337718009948730469e-02
-4.734272956848144531e-01
