6.994068026542663574e-01
3.985802173614501953e+00
-2.076909542083740234e+00
6.584227085113525391e-01
2.078509092330932617e+00
-1.212975025177001953e+00
3.843622207641601562e-01
1.272104501724243164e+00
3.301142454147338867e-01
3.116419315338134766e+00
7.472435235977172852e-01
-1.713204026222229004e+00
-3.238385915756225586e-01
2.337441742420196533e-01
1.317399740219116211e-01
-3.198876380920410156e-01
1.041704773902893066e+00
-3.986546993255615234e-01
-1.171215891838073730e+00
-5.365242958068847656e-01
-5.724308490753173828e-01
5.000000000000000000e+00
-9.565663337707519531e-02
1.740100383758544922e-01
5.000000000000000000e+00
1.852461099624633789e-01
4.415352344512939453e+00
5.000000000000000000e+00
-2.502484619617462158e-01
-5.517784357070922852e-01
-2.839149236679077148e-01
5.000000000000000000e+00
-3.465100526809692383e-01
1.563714027404785156e+00
4.636025428771972656e-02
1.047487974166870117e+00
-1.152221083641052246e+00
6.338285207748413086e-01
4.285119056701660156e+00
-8.938426971435546875e-01
5.000000000000000000e+00
-1.194271683692932129e+00
3.733525276184082031e+00
-4.935698509216308594e-01
5.000000000000000000e+00
1.376140117645263672e-01
-1.985960721969604492e+00
7.733418941497802734e-01
-1.417405009269714355e+00
5.501653552055358887e-01
1.816465258598327637e-01
1.196014881134033203e-01
1.440534591674804688e-01
-1.351565122604370117e-01
1.144831180572509766e-01
5.000000000000000000e+00
5.000000000000000000e+00
2.136405944824218750e+00
4.733194828033447266e+00
-3.490691184997558594e-01
2.379381656646728516e-02
5.943322181701660156e-02
3.874583244323730469e+00
2.278008460998535156e+00
3.097444772720336914e-01
3.525841236114501953e-02
-4.793777465820312500e-01
5.000000000000000000e+00
8.452796936035156250e-02
4.602258205413818359e-01
3.347558975219726562e-01
4.998569488525390625e-01
7.709550857543945312e-01
3.214880228042602539e-01
3.767080307006835938e-01
-1.495058536529541016e-01
1.124405741691589355e+00
4.920176029205322266e+00
-3.362905979156494141e-01
2.543731689453125000e+00
4.754525184631347656e+00
-9.805706739425659180e-01
1.882045626640319824e+00
3.959406614303588867e+00
3.342202305793762207e-01
3.424651622772216797e-01
3.937061309814453125e+00
4.825205802917480469e+00
4.038366675376892090e-01
5.815839767456054688e-02
-7.869904041290283203e-01
7.892882823944091797e-01
6.480059027671813965e-01
1.177014946937561035e+00
-8.058512210845947266e-01
1.673745036125183105e+00
-2.372232913970947266e+00
-1.550574302673339844e-01
-1.835734248161315918e-01
4.941215515136718750e+00
1.117425322532653809e+00
3.775259971618652344e+00
6.639741659164428711e-01
-1.395224571228027344e+00
4.565086364746093750e-01
1.775045394897460938e-01
-7.579755783081054688e-02
2.322409152984619141e-01
4.071988105773925781e+00
-2.532398700714111328e-01
2.000592947006225586e-01
2.665373086929321289e-01
-5.803431272506713867e-01
1.725376725196838379e+00
7.323341369628906250e-01
-3.175381422042846680e-01
9.257540106773376465e-01
3.968424558639526367e+00
2.792833805084228516e+00
1.276416778564453125e+00
-1.138790726661682129e+00
1.969779133796691895e+00
-1.223607063293457031e-01
1.831773042678833008e+00
6.385955214500427246e-01
1.401203513145446777e+00
-4.064961671829223633e-01
1.312973856925964355e+00
-8.002033233642578125e-01
8.812723159790039062e-01
-2.174342155456542969e+00
5.000000000000000000e+00
5.000000000000000000e+00
4.580359458923339844e-01
-1.310815095901489258e+00
-1.013123512268066406e+00
-9.446917772293090820e-01
-9.160141944885253906e-01
2.534794330596923828e+00
-1.360870122909545898e+00
1.094396829605102539e+00
1.590056896209716797e+00
8.986657857894897461e-01
-1.289445042610168457e+00
2.170426368713378906e+00
1.836264133453369141e-01
4.327908515930175781e+00
5.000000000000000000e+00
1.486127972602844238e+00
-1.548398375511169434e+00
-5.228477716445922852e-01
4.349191188812255859e+00
5.859422683715820312e-01
-3.783138096332550049e-01
-6.349397897720336914e-01
3.263137340545654297e-01
5.898467302322387695e-01
-1.854689955711364746e+00
-5.030405521392822266e-01
5.000000000000000000e+00
2.255796670913696289e+00
5.457407236099243164e-01
8.236206769943237305e-01
3.224670886993408203e-01
2.922625541687011719e-01
3.956986665725708008e-01
4.476005554199218750e+00
1.669081449508666992e-01
9.689681529998779297e-01
1.108099699020385742e+00
5.001907348632812500e-01
-1.952356100082397461e-01
2.539783716201782227e-02
4.373619079589843750e+00
6.670022606849670410e-01
4.843503832817077637e-01
4.886534690856933594e+00
-1.964287757873535156e-01
-2.280449628829956055e+00
9.582871198654174805e-01
3.551796674728393555e-01
7.093641161918640137e-01
-3.934876918792724609e-01
-1.815765500068664551e-01
1.538466215133666992e-01
1.529942989349365234e+00
5.846189260482788086e-01
-2.788276672363281250e-01
-4.220345020294189453e-01
4.250597000122070312e+00
2.108521938323974609e+00
-2.419532537460327148e-01
-5.205417871475219727e-01
9.767011404037475586e-01
-4.459053277969360352e-01
-3.295980393886566162e-01
8.756253719329833984e-01
-4.508616924285888672e-01
1.953925251960754395e+00
1.889616966247558594e+00
4.860660076141357422e+00
-9.117436408996582031e-02
4.880849361419677734e+00
2.079018592834472656e+00
2.463311910629272461e+00
4.840136468410491943e-01
-3.278315067291259766e-01
-3.649076521396636963e-01
-4.235875606536865234e-01
6.148718595504760742e-01
1.635631799697875977e+00
1.306557416915893555e+00
1.015928268432617188e+00
-9.041322469711303711e-01
1.367384314537048340e+00
3.061242103576660156e-01
-1.679361343383789062e+00
5.724043846130371094e-01
5.514466166496276855e-01
7.508857250213623047e-01
-6.916587352752685547e-01
-1.798745691776275635e-01
1.490348577499389648e-01
-1.178402900695800781e+00
1.138857007026672363e+00
2.147060871124267578e+00
-2.491248607635498047e+00
-5.326251983642578125e-01
-1.798167228698730469e-01
5.860447883605957031e-01
2.120486259460449219e+00
3.137463331222534180e-01
5.084519386291503906e-01
9.827243089675903320e-01
4.505920886993408203e+00
5.382845401763916016e-01
-1.480469703674316406e-01
6.237113475799560547e-01
4.572889804840087891e+00
-6.570669412612915039e-01
3.105838894844055176e-01
3.189952373504638672e-01
-1.932895183563232422e-01
1.234301447868347168e+00
4.157867431640625000e-01
-1.946705579757690430e-02
3.124027252197265625e-01
-7.539246082305908203e-01
4.026752710342407227e-01
2.241822957992553711e+00
3.970474958419799805e+00
1.498689532279968262e+00
8.831430673599243164e-01
-1.025247573852539062e-01
-6.531531810760498047e-01
4.687232971191406250e+00
-5.893831253051757812e-01
6.725544333457946777e-01
1.054836511611938477e+00
-2.930743694305419922e-01
-9.264445304870605469e-01
-1.236653685569763184e+00
2.143851518630981445e-01
1.222411513328552246e+00
2.342140674591064453e-02
-1.771909713745117188e+00
4.952911376953125000e+00
1.404695510864257812e+00
1.040813446044921875e+00
-5.225684046745300293e-01
1.566669940948486328e+00
1.815400123596191406e-01
5.152783393859863281e-01
3.144518613815307617e+00
4.054730892181396484e+00
2.629538536071777344e+00
-3.064028024673461914e-01
8.701129555702209473e-01
3.880404710769653320e+00
2.086365699768066406e+00
-1.293420791625976562e-04
4.470648765563964844e+00
-3.810324668884277344e-01
1.222778558731079102e+00
5.972731113433837891e-02
8.728724122047424316e-01
3.371405124664306641e+00
2.717520236968994141e+00
1.403622627258300781e-01
2.289774417877197266e+00
6.501392126083374023e-01
1.053473711013793945e+00
-9.436769485473632812e-01
4.374648094177246094e+00
-7.437171936035156250e-01
3.856008052825927734e-01
8.735460042953491211e-01
-3.129805326461791992e-01
-6.889888048171997070e-01
-4.295316934585571289e-01
1.136658668518066406e+00
3.133948802947998047e+00
1.293005824089050293e+00
3.114537239074707031e+00
3.670621633529663086e+00
5.000000000000000000e+00
-1.657873988151550293e-01
4.445924758911132812e+00
-1.292941451072692871e+00
3.690794706344604492e-01
-6.266883611679077148e-01
-3.129485249519348145e-02
-7.811019420623779297e-01
-2.051045417785644531e+00
3.326690196990966797e-02
-6.923886537551879883e-01
-1.116320371627807617e+00
-1.082184910774230957e+00
1.269847154617309570e+00
9.798792004585266113e-01
-3.264734029769897461e+00
1.550126671791076660e-01
-7.255637645721435547e-02
5.749237537384033203e-01
3.105716228485107422e+00
2.365912199020385742e-01
-3.669500350952148438e-03
5.000000000000000000e+00
4.261665821075439453e+00
2.996310472488403320e+00
1.406097412109375000e-01
4.138219356536865234e-01
2.711441516876220703e-01
2.274739742279052734e-01
-1.473199129104614258e-01
4.013871192932128906e+00
5.000000000000000000e+00
3.659432172775268555e+00
6.670796871185302734e-02
2.715538024902343750e+00
-3.259418010711669922e-01
1.131287336349487305e+00
2.742567062377929688e+00
-2.294564247131347656e-02
9.898739457130432129e-01
6.314547061920166016e-01
1.916024208068847656e+00
-3.287321329116821289e-02
3.793464303016662598e-01
4.802478313446044922e+00
-7.668448686599731445e-01
7.172464728355407715e-01
2.676836252212524414e-01
1.112102150917053223e+00
5.000000000000000000e+00
1.001200437545776367e+00
6.292382478713989258e-01
1.397739171981811523e+00
3.402701020240783691e-01
1.876085758209228516e+00
4.060823321342468262e-01
2.613749027252197266e+00
9.776408672332763672e-01
-1.098678231239318848e+00
-8.781867027282714844e-01
1.025060653686523438e+00
1.317511796951293945e-01
2.531517028808593750e+00
-7.581710815429687500e-04
4.060319900512695312e+00
2.045424222946166992e+00
-1.088225245475769043e-01
5.655164718627929688e-01
4.583393335342407227e-01
1.772122025489807129e+00
1.768240451812744141e+00
2.564609050750732422e-01
3.185692310333251953e+00
1.213897943496704102e+00
6.254160404205322266e-02
-1.378301382064819336e+00
-1.546179056167602539e-01
9.055542945861816406e-01
4.816043376922607422e-01
3.391695499420166016e+00
-3.906827569007873535e-01
4.302937030792236328e+00
4.087311744689941406e+00
-7.762242555618286133e-01
-1.123734951019287109e+00
-2.059985399246215820e-01
4.774326324462890625e+00
1.496375799179077148e+00
2.442870140075683594e+00
5.000000000000000000e+00
-1.877205371856689453e-01
1.002440929412841797e+00
7.988430261611938477e-01
2.713665246963500977e+00
1.127554535865783691e+00
-8.195560574531555176e-01
5.812817811965942383e-01
4.512990951538085938e+00
1.463634729385375977e+00
1.003698348999023438e+00
-8.603441715240478516e-01
5.000000000000000000e+00
-5.112440586090087891e-01
-7.022851705551147461e-01
-4.149270057678222656e-01
4.444084644317626953e+00
1.035260915756225586e+00
-1.869129657745361328e+00
3.552711009979248047e-01
4.593211650848388672e+00
1.035935878753662109e+00
1.363695621490478516e+00
3.646818876266479492e+00
2.128440618515014648e+00
-1.855633854866027832e-01
7.678079605102539062e-01
4.574644088745117188e+00
-1.246273517608642578e+00
-1.124522686004638672e+00
3.673933744430541992e-01
-9.618461132049560547e-03
-2.726683020591735840e-02
-1.228238344192504883e-01
6.016892790794372559e-01
-1.772505283355712891e+00
-7.253880500793457031e-01
-1.837099432945251465e+00
-1.507582902908325195e+00
-3.299006223678588867e-01
9.132447242736816406e-01
-9.349887371063232422e-01
-1.399983644485473633e+00
-1.179437518119812012e+00
-1.286418437957763672e+00
-2.505905628204345703e-01
2.481926441192626953e+00
5.171239376068115234e-01
-1.388522148132324219e+00
-5.998078584671020508e-01
3.838001728057861328e+00
-1.534704923629760742e+00
1.231772899627685547e-01
3.812455415725708008e+00
2.147726058959960938e+00
-1.761122941970825195e-01
-7.900612354278564453e-01
1.044596910476684570e+00
2.438262462615966797e+00
4.051322937011718750e-01
-2.755558490753173828e-01
-2.427766323089599609e-01
-1.271271109580993652e-01
4.429739952087402344e+00
1.124753952026367188e-01
2.596142292022705078e-01
3.880267143249511719e+00
5.614848136901855469e-01
6.072874069213867188e-01
-6.582272052764892578e-02
9.207041263580322266e-01
9.093605279922485352e-01
1.469284057617187500e+00
7.026827335357666016e-01
1.117077112197875977e+00
-4.852581024169921875e-02
-1.800815224647521973e+00
2.236986160278320312e-01
1.522666215896606445e+00
5.630452632904052734e-01
-4.471747875213623047e-01
7.394324541091918945e-01
1.573965549468994141e-01
8.616077303886413574e-01
-4.089276194572448730e-01
-6.500995159149169922e-01
2.000398874282836914e+00
3.286612033843994141e-02
3.433431386947631836e-01
7.170993089675903320e-01
-1.592844724655151367e-01
4.851423740386962891e+00
7.087703943252563477e-01
1.739551782608032227e+00
-1.671816349029541016e+00
-7.577383518218994141e-02
4.630349874496459961e-01
-8.864541053771972656e-01
-4.645819664001464844e-01
1.644485473632812500e+00
7.427742481231689453e-01
4.720660209655761719e+00
5.000000000000000000e+00
5.424764156341552734e-01
2.692126035690307617e-01
-6.270768642425537109e-01
2.222656726837158203e+00
-3.118324279785156250e-01
-5.391561985015869141e-01
-9.982514381408691406e-02
3.203270912170410156e+00
-3.792752623558044434e-01
2.532158374786376953e+00
-3.128390312194824219e-01
3.012844324111938477e-01
-2.117141246795654297e+00
2.973001003265380859e-01
4.468808174133300781e+00
1.415322065353393555e+00
5.855064392089843750e-01
-1.153917193412780762e+00
8.968086242675781250e-01
2.203882694244384766e+00
9.318208694458007812e-01
-8.883505463600158691e-01
1.452767133712768555e+00
-2.572535276412963867e-01
3.648778200149536133e-01
7.684182524681091309e-01
1.955223083496093750e+00
6.299353837966918945e-01
-4.107773303985595703e-02
9.569503068923950195e-01
3.635377168655395508e+00
1.039182543754577637e-01
1.358220815658569336e+00
-2.780585289001464844e-01
-2.270979881286621094e+00
3.654648065567016602e-01
-1.116847991943359375e-01
-1.179675459861755371e-01
3.850321769714355469e-01
2.013693571090698242e+00
4.272075295448303223e-01
-3.443327188491821289e+00
2.113614082336425781e-01
1.589715480804443359e-02
-5.017831325531005859e-01
2.717642307281494141e+00
-1.369962692260742188e-01
-6.094983816146850586e-01
4.577313899993896484e+00
1.110759258270263672e+00
-2.729275226593017578e-01
5.039430856704711914e-01
-1.261711120605468750e-01
1.228215098381042480e-01
1.704606533050537109e+00
9.559129476547241211e-01
-1.817641258239746094e-01
1.661251664161682129e+00
-1.590628981590270996e+00
-5.645748972892761230e-01
4.510697364807128906e+00
1.595875978469848633e+00
6.730817556381225586e-01
-8.078020811080932617e-01
-7.704079151153564453e-02
1.357800126075744629e+00
-4.070460796356201172e-02
1.972840428352355957e-01
-4.531107544898986816e-01
3.763881444931030273e+00
1.915421187877655029e-01
5.000000000000000000e+00
6.311836242675781250e-01
2.839210987091064453e+00
-3.376960754394531250e-03
9.283459186553955078e-02
2.595516204833984375e+00
-2.789390087127685547e-01
1.203141212463378906e+00
6.950235366821289062e-01
1.633523464202880859e+00
7.878198623657226562e-01
-4.577100872993469238e-01
-9.565124511718750000e-01
4.506026506423950195e-01
-8.851000070571899414e-01
5.741881728172302246e-01
-9.582802057266235352e-01
4.478413581848144531e+00
3.490268290042877197e-01
-8.354436159133911133e-01
5.000000000000000000e+00
-9.480383396148681641e-01
1.268971204757690430e+00
-2.079968214035034180e+00
-2.468044757843017578e-01
-2.422331333160400391e+00
-6.236689090728759766e-01
4.162595748901367188e+00
4.700484275817871094e+00
6.546682119369506836e-01
-1.016060829162597656e+00
3.136769771575927734e+00
-4.880350828170776367e-01
-3.532242774963378906e-01
4.685024023056030273e-01
3.480436086654663086e+00
5.000000000000000000e+00
-9.529864788055419922e-01
4.031080722808837891e+00
4.259109497070312500e-02
2.551937580108642578e+00
5.626797676086425781e-01
4.881900310516357422e+00
1.088316440582275391e-01
3.561640977859497070e-01
-2.079674005508422852e-01
3.980150699615478516e+00
1.397354602813720703e-01
6.043285131454467773e-01
1.393025159835815430e+00
4.908924102783203125e+00
4.693229675292968750e+00
1.000262260437011719e+00
-1.061276435852050781e+00
4.217560768127441406e+00
1.886784195899963379e+00
-6.114917993545532227e-01
1.557924985885620117e+00
-6.181122779846191406e+00
-4.514273405075073242e-01
4.421590328216552734e+00
-1.291546821594238281e-01
-1.189266324043273926e+00
1.954795122146606445e-01
-5.941478013992309570e-01
5.335953831672668457e-01
6.753081083297729492e-01
3.314369916915893555e-01
-3.945204019546508789e-01
-2.576746940612792969e-01
3.078731298446655273e+00
4.643862843513488770e-01
5.703270435333251953e-02
-1.367846488952636719e+00
2.904068470001220703e+00
-4.153844118118286133e-01
1.331733465194702148e-01
-2.957193851470947266e-01
1.729664802551269531e-01
-1.248640537261962891e+00
2.085500955581665039e+00
-3.434342145919799805e-01
-8.805637359619140625e-01
1.700255155563354492e+00
2.234098315238952637e-02
-3.885550498962402344e-01
8.199490308761596680e-01
-8.727537393569946289e-01
1.761208057403564453e+00
-1.148507356643676758e+00
4.063961029052734375e+00
1.231353878974914551e+00
2.842540502548217773e+00
3.120639324188232422e+00
3.935656547546386719e+00
1.705845832824707031e+00
4.729477405548095703e+00
-3.033186197280883789e-01
3.742666482925415039e+00
4.450511932373046875e-02
-3.330752849578857422e-01
2.247114896774291992e+00
5.368219614028930664e-01
1.807669401168823242e+00
1.309066534042358398e+00
-2.191720008850097656e-01
-2.669389247894287109e-01
1.207899093627929688e+00
-5.772089958190917969e-02
3.064524173736572266e+00
3.988168716430664062e+00
-4.438782930374145508e-01
1.520198583602905273e+00
4.487653732299804688e+00
-8.114062547683715820e-01
3.938354849815368652e-01
5.000000000000000000e+00
9.137884378433227539e-01
9.943949580192565918e-01
4.097659111022949219e+00
7.032617926597595215e-01
6.876506805419921875e-01
-4.607130587100982666e-01
6.769171953201293945e-01
-7.151281833648681641e-01
3.640827238559722900e-01
5.346863269805908203e-01
-6.725256443023681641e-01
3.689074039459228516e+00
2.141083717346191406e+00
-3.851197957992553711e-01
-1.204185485839843750e+00
-8.411891460418701172e-01
3.005377054214477539e-01
-3.468496799468994141e-01
-1.228407025337219238e-01
-3.568702936172485352e-02
-4.201459884643554688e-01
1.547209978103637695e+00
-8.360946178436279297e-02
-4.310826659202575684e-01
-1.492693424224853516e-01
3.446688055992126465e-01
-8.016945123672485352e-01
3.796980381011962891e-01
4.263085126876831055e-02
7.482206821441650391e-02
8.685076832771301270e-01
4.055146872997283936e-01
-2.756277322769165039e-01
1.592946052551269531e+00
-1.355342864990234375e-01
-1.078762650489807129e+00
2.568481206893920898e+00
4.730898737907409668e-01
-1.686553120613098145e+00
2.461820125579833984e+00
1.191045641899108887e+00
3.449588418006896973e-01
1.869393706321716309e+00
-1.452774524688720703e+00
1.064178466796875000e+00
5.000000000000000000e+00
3.095378875732421875e-01
-8.926868438720703125e-03
9.155314564704895020e-01
-5.827275514602661133e-01
-2.398031353950500488e-01
3.373866081237792969e-01
-2.564456462860107422e-01
1.106851577758789062e+00
-1.546677470207214355e+00
1.752935647964477539e-01
6.395442485809326172e-01
-4.732577800750732422e-01
1.835513114929199219e-01
1.134009242057800293e+00
4.316929817199707031e+00
-1.160819411277770996e+00
6.251292824745178223e-01
9.934930205345153809e-01
4.623699188232421875e+00
-5.829577445983886719e-01
-5.304322242736816406e-01
3.135647058486938477e+00
2.336986541748046875e+00
-1.158833503723144531e-02
4.786585807800292969e+00
1.369442343711853027e-01
4.424160957336425781e+00
-2.224800586700439453e-01
2.133117914199829102e+00
-1.359744071960449219e-01
-8.504792451858520508e-01
3.967714548110961914e+00
-2.435486316680908203e-01
-1.303509235382080078e+00
4.780699729919433594e+00
9.965681433677673340e-01
-9.934926033020019531e-02
5.141383409500122070e-01
5.000000000000000000e+00
-1.200583338737487793e+00
5.000000000000000000e+00
2.242213726043701172e+00
3.792271137237548828e+00
7.248983383178710938e-01
-8.491428494453430176e-01
1.076388716697692871e+00
1.398368835449218750e+00
1.763249158859252930e+00
-1.638884544372558594e-01
-5.847508907318115234e-01
1.635634899139404297e-02
8.814096450805664062e-01
2.854543924331665039e+00
1.790489912033081055e+00
5.541839599609375000e-01
-2.796006202697753906e-02
-2.559577703475952148e+00
-2.231019496917724609e+00
9.715094566345214844e-01
-1.046334505081176758e+00
3.981269121170043945e+00
1.108531951904296875e-01
5.000000000000000000e+00
1.257268309593200684e+00
-9.385895729064941406e-02
1.868722438812255859e+00
-5.942137241363525391e-01
3.356266021728515625e-01
-3.269958496093750000e-02
-8.745855689048767090e-01
-2.782829403877258301e-01
1.319382309913635254e+00
4.684162616729736328e+00
7.343456745147705078e-01
-5.771596431732177734e-01
3.534976243972778320e-01
1.259592771530151367e+00
6.391088366508483887e-01
4.805658340454101562e+00
-5.294271707534790039e-01
-2.634229660034179688e-01
4.555628299713134766e-01
-1.775307655334472656e-01
6.390929222106933594e-01
1.085962057113647461e+00
8.041349649429321289e-01
-1.272097826004028320e-01
2.311696290969848633e+00
-1.216035604476928711e+00
-2.730257511138916016e-01
8.917930126190185547e-01
1.798228025436401367e+00
1.996065855026245117e+00
9.807382225990295410e-01
-1.835961461067199707e+00
1.387488007545471191e+00
1.513680338859558105e+00
2.263597249984741211e-01
9.939058423042297363e-01
4.876759529113769531e+00
3.164710998535156250e-01
-8.026956319808959961e-01
3.340837717056274414e+00
6.102892160415649414e-01
-1.174452066421508789e+00
-2.245431840419769287e-01
9.188563823699951172e-01
3.005521297454833984e-01
-1.249817132949829102e+00
4.180327653884887695e-01
-9.089210033416748047e-01
3.648914098739624023e-01
1.180246591567993164e+00
1.429825305938720703e+00
2.767301797866821289e-01
3.198592424392700195e+00
-7.153798341751098633e-01
1.198564291000366211e+00
6.026490926742553711e-01
-9.432495832443237305e-01
-5.875319242477416992e-01
1.272861361503601074e+00
2.693675518035888672e+00
-1.530346870422363281e+00
5.000000000000000000e+00
4.930247783660888672e+00
2.682475090026855469e+00
2.997479915618896484e+00
3.591359853744506836e-01
4.145165979862213135e-01
-2.955937385559082031e-02
4.375370502471923828e+00
-5.768949389457702637e-01
4.720970392227172852e-01
-3.322601318359375000e-03
-9.662208557128906250e-01
5.805292129516601562e-01
2.615427732467651367e+00
4.447519302368164062e+00
3.673990011215209961e+00
-5.759204864501953125e+00
5.263677835464477539e-01
4.890357017517089844e+00
5.102932453155517578e-02
1.672425031661987305e+00
5.898275375366210938e-01
4.617464542388916016e+00
6.128334999084472656e-01
2.472648620605468750e-01
-1.675660848617553711e+00
9.918110370635986328e-01
3.539493083953857422e+00
-8.152149915695190430e-01
-3.841509819030761719e-01
-1.218406438827514648e+00
-9.053387641906738281e-01
3.807267665863037109e+00
-5.194852352142333984e-01
3.748769760131835938e-01
-1.590229392051696777e+00
-1.031895279884338379e+00
-2.256298303604125977e+00
5.000000000000000000e+00
2.775546789169311523e+00
4.832619190216064453e+00
1.693552732467651367e-02
1.678463935852050781e+00
4.239785671234130859e-01
1.469581127166748047e+00
-5.338602066040039062e-01
-1.602104187011718750e+00
-1.391481399536132812e+00
2.060499668121337891e+00
1.459868907928466797e+00
-1.486324071884155273e-01
4.681635797023773193e-01
4.432376623153686523e-01
-1.468788862228393555e+00
2.402460098266601562e+00
