-3.542406558990478516e-01
-6.128466129302978516e-01
5.618250370025634766e-01
3.650109767913818359e-01
-1.046465516090393066e+00
-2.407522678375244141e+00
-3.250549435615539551e-01
-7.816360592842102051e-01
2.685935497283935547e-01
7.215535640716552734e-02
9.331929087638854980e-01
-4.589953422546386719e+00
-7.868418693542480469e-01
-9.051653742790222168e-01
4.720314741134643555e-01
-3.570738315582275391e+00
-1.359658837318420410e+00
6.948091983795166016e-01
-2.484095096588134766e+00
-7.941185235977172852e-01
-1.443597793579101562e+00
3.949840068817138672e-01
1.198393225669860840e+00
-6.919082403182983398e-01
6.785368919372558594e-01
-1.118653655052185059e+00
-1.026816248893737793e+00
-3.562700748443603516e-01
-2.237876653671264648e-01
-3.486621379852294922e-01
-5.395558476448059082e-01
8.038501739501953125e-01
-2.290287017822265625e+00
-1.468100547790527344e-01
3.394865989685058594e-02
-2.712236642837524414e-01
-1.804692864418029785e+00
-1.754428148269653320e-01
-1.374794483184814453e+00
2.786085009574890137e-01
-4.377566576004028320e-01
6.217861175537109375e-02
2.610240280628204346e-01
8.956746459007263184e-01
-4.625332951545715332e-01
-3.418006896972656250e-01
-1.494180560111999512e+00
-6.434357166290283203e-02
-1.330872297286987305e+00
6.073054075241088867e-01
-5.837420225143432617e-01
-2.139789104461669922e+00
-1.429047822952270508e+00
-6.303249597549438477e-01
-8.827134370803833008e-01
1.202118873596191406e+00
-5.937075614929199219e-01
-5.474537611007690430e-01
-1.930079221725463867e+00
-7.168911695480346680e-01
-3.602218627929687500e-02
-3.997265100479125977e-01
-9.602880477905273438e-02
-1.825757026672363281e+00
-4.419502019882202148e-01
-3.236344456672668457e-02
-2.504127025604248047e-01
-9.149074554443359375e-01
-1.616188764572143555e+00
4.930356144905090332e-01
1.520409107208251953e+00
2.005221843719482422e-01
-1.550981760025024414e+00
-2.511951923370361328e-01
1.569125175476074219e+00
5.305820703506469727e-02
2.056390047073364258e-02
-3.276209831237792969e+00
8.195115327835083008e-01
-3.023968935012817383e-01
7.568740844726562500e-01
-1.296986341476440430e-01
-4.229929447174072266e-01
2.085954189300537109e+00
-5.488333702087402344e-01
7.787042260169982910e-01
-3.476017713546752930e-01
-8.515617847442626953e-01
-7.953145503997802734e-01
-1.314718246459960938e+00
8.867192268371582031e-02
-4.695141315460205078e-01
-4.146639108657836914e-01
-9.526170492172241211e-01
-9.089446067810058594e-02
-7.130683660507202148e-01
3.762596249580383301e-01
-6.432777643203735352e-01
5.480980873107910156e-02
7.347065210342407227e-01
-5.351542830467224121e-01
-4.495024681091308594e-03
-5.912485718727111816e-01
-4.719245433807373047e-02
-4.741398692131042480e-01
-4.431715011596679688e-01
-2.278850078582763672e-01
-5.792578458786010742e-01
-1.071874499320983887e+00
-1.001251935958862305e-01
-1.025890469551086426e+00
-1.464516162872314453e+00
6.848192214965820312e-02
3.633880615234375000e-02
-1.654142618179321289e+00
-8.457723855972290039e-01
-4.654561519622802734e+00
3.530957102775573730e-01
-3.782439827919006348e-01
-1.435485363006591797e+00
-1.058077812194824219e-02
-1.685935735702514648e+00
-7.072379589080810547e-01
5.899866819381713867e-01
-2.860263586044311523e-01
-3.995248079299926758e-01
-1.316923856735229492e+00
2.938940525054931641e-01
7.569158077239990234e-02
-3.195987939834594727e-01
9.631252884864807129e-01
6.613043546676635742e-01
-2.577120661735534668e-01
1.041643619537353516e-01
5.889991521835327148e-01
-1.441968798637390137e+00
-1.806044101715087891e+00
-2.983031511306762695e+00
-3.736286163330078125e-01
-1.722721815109252930e+00
7.965939044952392578e-01
-6.714142560958862305e-01
-1.471168994903564453e+00
7.215429544448852539e-01
5.786257982254028320e-01
-8.561737537384033203e-01
-8.907879590988159180e-01
3.627908229827880859e-01
-6.182973384857177734e+00
4.512879252433776855e-01
1.062637567520141602e+00
-7.528301477432250977e-01
4.487172365188598633e-01
-2.723799943923950195e-01
6.148181557655334473e-01
3.720763921737670898e-01
-2.964317798614501953e-01
-7.803628444671630859e-01
-4.910202026367187500e-01
-3.320580720901489258e-01
1.024167537689208984e-01
-6.119904518127441406e-01
-3.952509164810180664e-01
-2.220705747604370117e-01
1.803605556488037109e-01
-1.613209724426269531e+00
-9.001317024230957031e-01
1.218670606613159180e-01
-4.045865535736083984e+00
2.179396152496337891e-02
-2.586923360824584961e+00
-1.617558479309082031e+00
9.143157005310058594e-01
1.439754962921142578e-01
1.092545628547668457e+00
-6.669055223464965820e-01
2.925194501876831055e-01
-6.841105222702026367e-01
-3.462764024734497070e-01
-5.765037536621093750e-01
-4.705429077148437500e-03
9.264787435531616211e-01
5.720643401145935059e-01
-7.806364297866821289e-01
-6.825647354125976562e-01
-1.771713495254516602e+00
-1.767216444015502930e+00
-1.188033819198608398e+00
-9.030473232269287109e-01
-8.940095901489257812e-01
-5.291060209274291992e-01
-1.159023046493530273e-01
5.800986289978027344e-02
1.477022528648376465e+00
-3.799109458923339844e-01
4.766446352005004883e-02
-1.011491417884826660e+00
-1.909812688827514648e-01
3.167648315429687500e-01
-4.583357572555541992e-01
-1.487283229827880859e+00
7.587132453918457031e-01
-1.574796438217163086e-01
-1.691587209701538086e+00
-1.968129873275756836e-01
4.652166962623596191e-01
-8.378918170928955078e-01
6.252505779266357422e-01
-1.667856335639953613e+00
-6.873946189880371094e-01
-9.105641841888427734e-01
-1.307201385498046875e-01
1.079177498817443848e+00
-6.528022289276123047e-01
8.401459455490112305e-01
-3.176152706146240234e-01
-1.239146590232849121e+00
7.462422251701354980e-01
-7.376658916473388672e-01
-1.266212224960327148e+00
-6.881618499755859375e-02
-1.043422698974609375e+00
-1.253476858139038086e+00
6.393657922744750977e-01
8.826415538787841797e-01
-1.585932850837707520e+00
-1.265693187713623047e+00
1.964764595031738281e-01
6.969098448753356934e-01
-5.443069934844970703e-01
-5.118120908737182617e-01
-7.643621563911437988e-01
7.167191505432128906e-01
-2.322843790054321289e+00
-1.429485559463500977e+00
-9.191561937332153320e-01
1.755374431610107422e+00
5.327105522155761719e-02
-6.723283529281616211e-01
-1.546963453292846680e-01
2.918429374694824219e-01
-9.604201316833496094e-01
-2.018275260925292969e-01
1.574461460113525391e-01
-5.991423130035400391e-01
-1.187449693679809570e-01
-2.571251392364501953e-01
-2.016258239746093750e-01
-1.331437826156616211e-01
1.392158746719360352e+00
2.181093692779541016e-01
-1.349792122840881348e+00
-1.547962427139282227e-01
-5.573081970214843750e-01
5.902290344238281250e-03
-1.201744556427001953e+00
-3.797973990440368652e-01
-2.781923770904541016e+00
-4.505100846290588379e-01
4.653363227844238281e-01
3.009566068649291992e-01
-8.662337064743041992e-02
4.634250402450561523e-01
-1.513999104499816895e+00
-1.099554300308227539e-01
-8.849410414695739746e-01
-6.689918041229248047e-02
-1.808328628540039062e-01
-5.298389196395874023e-01
-3.535713553428649902e-01
-8.301833868026733398e-01
-1.361758947372436523e+00
-1.712358117103576660e+00
-2.391028404235839844e-01
6.437209844589233398e-01
-1.438560724258422852e+00
-1.714639544486999512e+00
-8.692213892936706543e-01
-3.170709013938903809e-01
-3.028141260147094727e-01
-2.635557651519775391e-01
-1.210702300071716309e+00
1.133954763412475586e+00
-6.648867130279541016e-01
5.025665760040283203e-01
-4.723701477050781250e+00
3.537180721759796143e-01
4.113982915878295898e-01
-1.237283945083618164e-01
4.020144045352935791e-01
3.744197487831115723e-01
3.725670576095581055e-01
1.482031941413879395e-01
1.053660392761230469e+00
-3.404926300048828125e+00
2.107748985290527344e-01
-1.047790050506591797e-01
-5.783887505531311035e-01
-1.995578765869140625e+00
6.361343860626220703e-01
-7.670643329620361328e-01
-5.615304112434387207e-01
3.211448192596435547e-01
-4.246942996978759766e-01
7.520151138305664062e-02
-1.603978633880615234e+00
3.825367093086242676e-01
8.599233627319335938e-02
-4.809281826019287109e-01
1.504437446594238281e+00
1.151079177856445312e+00
-1.808171272277832031e+00
-1.374814271926879883e+00
-5.353279113769531250e-01
1.181714534759521484e-01
-2.445855855941772461e+00
6.426402330398559570e-01
5.708644390106201172e-01
7.619098424911499023e-01
-1.509642601013183594e+00
-9.934031963348388672e-01
-1.116773962974548340e+00
4.639863967895507812e-01
3.804017603397369385e-02
2.701233625411987305e-01
-1.998696327209472656e+00
4.314340353012084961e-01
-1.069451808929443359e+00
1.787445783615112305e+00
-1.474977850914001465e+00
-4.527101516723632812e-01
-1.179302573204040527e+00
-1.099038004875183105e+00
1.892951965332031250e+00
-1.145378112792968750e+00
4.723005294799804688e-01
-1.775235831737518311e-01
-5.150578022003173828e-01
9.136573076248168945e-01
-5.595496892929077148e-01
-1.979547142982482910e-01
8.724842071533203125e-01
7.283830642700195312e-02
2.382737636566162109e+00
6.650843620300292969e-01
-8.435955047607421875e-01
-1.921167135238647461e+00
2.451974153518676758e-02
9.303478002548217773e-01
2.695895433425903320e-01
1.844882965087890625e-01
-1.139601469039916992e-01
5.446164011955261230e-01
-1.094506382942199707e+00
-1.484017014503479004e+00
-6.567089557647705078e-01
4.261392354965209961e-01
-3.376284122467041016e+00
2.615260839462280273e+00
-2.054770946502685547e+00
5.413496494293212891e-02
-1.198968172073364258e+00
-6.583532691001892090e-01
-6.312255859375000000e-01
4.628458023071289062e-01
-2.197345495223999023e-01
-1.355073094367980957e+00
5.535144805908203125e-01
-7.492736577987670898e-01
-6.247391700744628906e-01
-1.244498491287231445e-01
-1.809442162513732910e+00
1.523060798645019531e-01
-7.069041728973388672e-01
-2.922859907150268555e+00
2.960963845252990723e-01
3.658126592636108398e-01
1.164188623428344727e+00
-1.235490083694458008e+00
1.110191583633422852e+00
5.742270946502685547e-01
-1.543946862220764160e+00
-1.355435490608215332e+00
-1.505485773086547852e+00
-1.515563488006591797e+00
-9.829807281494140625e-02
-2.481968879699707031e+00
-6.882495880126953125e-01
6.276917457580566406e-02
-4.928302764892578125e-02
-1.895167350769042969e+00
5.991113185882568359e-02
-6.140491962432861328e-01
-1.017199516296386719e+00
-1.299054503440856934e+00
-1.298425316810607910e+00
-5.285081863403320312e-01
9.583115577697753906e-02
-7.799537777900695801e-01
-2.372291803359985352e+00
7.181774377822875977e-01
9.663354158401489258e-01
-3.037833452224731445e+00
-2.548526763916015625e+00
-3.686888456344604492e+00
-3.503636360168457031e+00
1.137526988983154297e+00
-3.241385817527770996e-01
-1.163493633270263672e+00
-1.677411794662475586e-01
-3.051205158233642578e+00
-8.811271190643310547e-01
-2.345234870910644531e+00
-1.469337940216064453e-01
-4.399697780609130859e-01
2.618592381477355957e-01
-5.031371116638183594e-02
-6.369067430496215820e-01
-1.886916875839233398e+00
-1.704947590827941895e+00
-1.519675612449645996e+00
-3.245932579040527344e+00
-3.183419704437255859e-01
-2.562463283538818359e-02
-1.009485602378845215e+00
7.810258865356445312e-02
1.701774597167968750e-01
-1.222378849983215332e+00
-3.037185668945312500e+00
-1.029294848442077637e+00
5.845055580139160156e-01
-1.295623064041137695e+00
-2.469475746154785156e+00
7.591330409049987793e-01
8.392429947853088379e-01
1.758484959602355957e+00
-1.467993378639221191e+00
1.786539554595947266e-01
-3.140339851379394531e-01
-1.177548646926879883e+00
-1.163940548896789551e+00
2.489175796508789062e-01
-6.816171407699584961e-01
-1.233794212341308594e+00
-9.411233663558959961e-01
-5.661596059799194336e-01
2.722286581993103027e-01
-4.227741956710815430e-01
-2.084401249885559082e-01
-4.348831176757812500e-01
2.329936623573303223e-01
3.425562381744384766e-02
1.965525150299072266e-01
-8.259139657020568848e-01
-2.898048162460327148e-01
-1.616801261901855469e+00
-1.666353940963745117e-01
-4.849672317504882812e-02
1.685324907302856445e-01
-7.578113675117492676e-01
-2.574625968933105469e+00
-8.993427753448486328e-01
2.333503246307373047e+00
-6.687306165695190430e-01
7.746915221214294434e-01
4.748487472534179688e-02
7.677716016769409180e-02
4.155240058898925781e-01
9.853279590606689453e-02
-3.272389769554138184e-01
-6.127583980560302734e-01
3.800388574600219727e-01
-7.732763290405273438e-01
2.055637836456298828e-01
-1.108851790428161621e+00
-2.332512736320495605e-01
-7.739622592926025391e-01
-4.591941833496093750e-02
-6.617466211318969727e-01
2.648408412933349609e-01
-7.627331614494323730e-01
-7.219457626342773438e-02
-3.536532640457153320e+00
-1.804200410842895508e+00
-2.230943441390991211e+00
-1.101092696189880371e+00
-5.229115486145019531e-02
2.318010330200195312e-01
-1.842719316482543945e-01
1.122994899749755859e+00
-6.535841226577758789e-01
-1.264283895492553711e+00
4.715068340301513672e-01
7.353924512863159180e-01
-7.750144004821777344e-01
-1.172841787338256836e-01
-4.789540767669677734e-01
-1.049365758895874023e+00
6.182615756988525391e-01
-8.001849651336669922e-01
1.173797845840454102e-01
4.987389445304870605e-01
-3.137536048889160156e-01
-3.683981895446777344e-01
-6.755585670471191406e-01
1.588838100433349609e-01
-3.066058754920959473e-01
-2.206085920333862305e+00
-1.869678735733032227e+00
-4.863213300704956055e-01
-4.481709003448486328e-02
-5.326027870178222656e-01
-1.117288827896118164e+00
-2.868743240833282471e-01
-4.297391176223754883e-01
6.045776605606079102e-02
3.383872210979461670e-01
-7.174680233001708984e-01
-2.879148483276367188e+00
-1.316723823547363281e+00
-4.619485139846801758e-02
-7.490367889404296875e-01
-2.313356161117553711e+00
-4.942011833190917969e-02
-1.475397348403930664e+00
-4.263088703155517578e-01
-2.557606697082519531e-01
7.710824012756347656e-01
-1.875717639923095703e+00
-1.048370957374572754e+00
3.904340267181396484e-01
5.007569789886474609e-01
-6.242686510086059570e-01
2.987370491027832031e-01
3.247848153114318848e-01
3.436083793640136719e-01
2.049342393875122070e-01
1.856733560562133789e-01
-6.740919351577758789e-01
1.583498716354370117e-01
-1.723053216934204102e+00
-1.180480480194091797e+00
-2.455416202545166016e+00
-4.703901410102844238e-01
-1.718861460685729980e+00
-2.170863151550292969e-01
-9.595241546630859375e-01
4.587374925613403320e-01
-3.751425147056579590e-01
2.231116890907287598e-01
-3.518317937850952148e-01
-1.547408103942871094e-02
-3.522708415985107422e-01
-1.053846716880798340e+00
-1.736983060836791992e-01
-8.240818977355957031e-01
-1.690500259399414062e+00
5.564284324645996094e-02
-1.491436243057250977e+00
-1.593679189682006836e-02
-2.602344274520874023e+00
-5.934192180633544922e+00
-6.734664440155029297e-01
-3.794864416122436523e-01
7.058212161064147949e-01
-1.050066947937011719e-02
-5.203073024749755859e-01
4.868538379669189453e-01
2.393727302551269531e-01
-2.379240989685058594e-01
-1.832257509231567383e-01
-6.237654685974121094e-01
-8.506363630294799805e-02
1.261262655258178711e+00
-8.078531622886657715e-01
-9.348094463348388672e-01
-1.275553941726684570e+00
-4.071478545665740967e-01
7.732644081115722656e-01
-4.770312309265136719e-01
-7.558534145355224609e-01
5.614292621612548828e-02
-8.646372556686401367e-01
-1.604375839233398438e-01
-3.963243961334228516e-02
3.872056603431701660e-01
-2.145893573760986328e-01
-1.199292302131652832e+00
7.586220502853393555e-01
3.532686233520507812e-01
-1.596671581268310547e+00
-9.508677721023559570e-01
1.249594688415527344e-01
-2.034363746643066406e+00
-1.455906867980957031e+00
-1.821127176284790039e+00
1.932930946350097656e-02
1.300024032592773438e+00
-1.554008722305297852e+00
9.129120111465454102e-01
-4.165109634399414062e+00
-6.474325656890869141e-01
-8.940984606742858887e-01
-3.647724390029907227e-01
3.728595972061157227e-01
-8.332645893096923828e-02
8.999801278114318848e-01
-5.990099906921386719e-01
-2.221146106719970703e+00
-2.063605189323425293e-01
-7.367753982543945312e-02
-3.863024711608886719e-02
5.458598136901855469e-01
-3.781564235687255859e-01
-1.033777236938476562e+00
3.895407915115356445e-01
-1.166958332061767578e+00
4.792388677597045898e-01
1.738201379776000977e-01
-1.233856081962585449e+00
-7.805829048156738281e-01
-2.227706909179687500e-01
4.726871252059936523e-01
-6.303489208221435547e-02
-4.242603182792663574e-01
-7.274776697158813477e-01
-1.560125589370727539e+00
-1.278957128524780273e-01
-1.451126337051391602e+00
3.847083151340484619e-01
-3.611025810241699219e-01
-1.756888866424560547e+00
-1.696714043617248535e+00
-3.226400136947631836e+00
3.933386802673339844e-01
-2.649852037429809570e-01
-7.198449373245239258e-01
6.083275079727172852e-01
2.580116391181945801e-01
8.459019660949707031e-02
-1.546882152557373047e+00
-5.003926753997802734e-01
-2.067105174064636230e-01
-7.228362560272216797e-01
-2.594243288040161133e+00
-7.140284776687622070e-01
-1.944583654403686523e-01
-8.549392223358154297e-01
-2.979856133460998535e-01
4.361188411712646484e-01
-6.270449161529541016e-01
-3.103604316711425781e+00
1.092911005020141602e+00
5.849518775939941406e-01
-1.467823982238769531e-01
-2.627871036529541016e-01
-2.944803535938262939e-01
-1.026107668876647949e+00
-1.446795463562011719e+00
-3.099906444549560547e-01
2.700208127498626709e-01
3.671679496765136719e-01
-1.122993230819702148e-01
-1.642053127288818359e+00
-1.928448677062988281e-02
-1.206192255020141602e+00
-7.183815240859985352e-01
2.931624650955200195e-02
-4.007438421249389648e-01
-8.519288301467895508e-01
6.246378421783447266e-01
6.376731395721435547e-01
2.434757947921752930e-01
-2.032714605331420898e+00
1.357178688049316406e+00
-1.724926590919494629e+00
6.720570325851440430e-01
-1.236567378044128418e+00
-2.276385545730590820e+00
5.983207225799560547e-01
-2.952861785888671875e-02
-1.696466684341430664e+00
-5.530343055725097656e-01
1.528879404067993164e-01
6.966623067855834961e-01
-9.819841384887695312e-02
1.983156204223632812e-01
-2.271586656570434570e-01
2.984163761138916016e-01
-3.319865465164184570e-01
5.992753505706787109e-01
7.505060434341430664e-01
-2.585045099258422852e-01
-1.032041192054748535e+00
-2.935841083526611328e-01
-4.650335311889648438e-01
8.737044334411621094e-01
3.439385890960693359e-01
-3.792640566825866699e-01
-7.301124572753906250e+00
-3.248218774795532227e+00
-3.781893253326416016e-01
3.304184675216674805e-01
7.469071745872497559e-01
5.426626205444335938e-01
-1.276348114013671875e+00
-3.146216869354248047e-01
5.524064302444458008e-01
-2.323000431060791016e+00
-8.350143432617187500e-01
-1.099755406379699707e+00
5.477569103240966797e-01
1.766371726989746094e-02
1.716982245445251465e+00
8.758909106254577637e-01
2.217980623245239258e-01
2.595750093460083008e-01
-3.179733276367187500e+00
-1.242976069450378418e+00
-4.245656728744506836e-01
2.740144729614257812e-01
-2.164260447025299072e-01
-3.863492012023925781e-01
-1.021813392639160156e+00
6.715247631072998047e-01
-5.318340063095092773e-01
-6.804834604263305664e-01
-1.313355207443237305e+00
6.147801280021667480e-01
-3.782318830490112305e-01
-8.305477499961853027e-01
6.949656009674072266e-01
8.667227029800415039e-01
-4.486501693725585938e+00
-7.278345823287963867e-01
3.810440003871917725e-01
4.725624322891235352e-01
-2.704157829284667969e-01
9.754616022109985352e-01
-1.692758083343505859e+00
8.519400954246520996e-01
-1.737012505531311035e+00
-2.459371089935302734e-02
3.830597400665283203e-01
-1.073955178260803223e+00
-2.820148944854736328e+00
-4.513491392135620117e-01
5.922382473945617676e-01
-7.354643344879150391e-01
-6.854169368743896484e-01
-1.486478805541992188e+00
-3.301002979278564453e-01
-1.257580399513244629e+00
-3.404961824417114258e-01
1.304412364959716797e+00
-7.102481126785278320e-01
-4.021544456481933594e-01
-3.439856052398681641e+00
-8.375762701034545898e-01
1.319992542266845703e-01
-5.515137910842895508e-01
-4.508855342864990234e-01
-7.163474559783935547e-01
-5.537403821945190430e-01
-6.488069295883178711e-01
5.815172195434570312e-02
8.541043400764465332e-01
8.405415415763854980e-01
-6.263817548751831055e-01
-2.224528789520263672e-01
-1.764201879501342773e+00
-2.429444313049316406e+00
-6.756830215454101562e-02
1.044223904609680176e-01
-8.555471897125244141e-01
-1.137861490249633789e+00
-1.392204880714416504e+00
-1.082917213439941406e+00
1.404965758323669434e+00
-2.092503786087036133e+00
4.246072173118591309e-01
-1.708138465881347656e+00
-1.893803000450134277e+00
-9.092569351196289062e-01
5.232905149459838867e-01
-5.339422225952148438e-01
-1.500405907630920410e+00
2.611801147460937500e+00
-4.136865139007568359e-01
-1.250364184379577637e+00
-1.008704304695129395e+00
-1.392369627952575684e+00
6.221309900283813477e-01
-1.912717819213867188e-01
-7.268029451370239258e-01
2.565292119979858398e-01
3.155703544616699219e-01
-1.609239339828491211e+00
-3.002800941467285156e+00
2.673604488372802734e-01
-9.308750629425048828e-01
1.575679779052734375e-01
1.068087100982666016e+00
-6.766040325164794922e-01
-7.984811067581176758e-01
-1.953495264053344727e+00
-1.759516000747680664e-01
-5.260003805160522461e-01
-8.733177185058593750e-02
1.868977546691894531e-01
5.035031437873840332e-01
-7.319080829620361328e-01
-2.049637317657470703e+00
-1.419196486473083496e+00
-1.576136350631713867e-01
1.210583686828613281e+00
1.005579233169555664e+00
1.228155732154846191e+00
-3.887777328491210938e-01
-6.984565258026123047e-01
-2.968185842037200928e-01
1.174073576927185059e+00
-3.091304540634155273e+00
-2.246361255645751953e+00
-3.165688514709472656e-01
1.000610828399658203e+00
1.151926755905151367e+00
2.483957409858703613e-01
-1.238511085510253906e+00
4.487087726593017578e-01
1.244312763214111328e+00
-9.207577705383300781e-01
-1.920755028724670410e+00
-5.222914218902587891e-01
-1.492055654525756836e+00
2.295314073562622070e-01
-3.663313388824462891e-01
8.965681791305541992e-01
4.926375150680541992e-01
-3.511135578155517578e-01
-5.333407521247863770e-01
-6.989318132400512695e-02
-8.494324684143066406e-01
1.063018083572387695e+00
3.753094971179962158e-01
-9.646416902542114258e-01
-6.233286857604980469e-02
6.300456523895263672e-01
1.049706339836120605e+00
1.711683273315429688e-01
-1.028052568435668945e+00
-2.210330963134765625e-02
-1.941415905952453613e+00
4.769790172576904297e-02
-2.722623348236083984e-01
-8.696606159210205078e-01
-7.274138927459716797e-02
-1.318448781967163086e-01
1.109870553016662598e+00
-6.322588920593261719e-01
3.913322687149047852e-01
-3.349995613098144531e-01
-5.947122573852539062e-01
-8.904185295104980469e-01
-7.414038181304931641e-01
-3.215123414993286133e-01
-1.443874716758728027e+00
-1.770204663276672363e+00
3.980844497680664062e+00
-5.509063005447387695e-01
1.561450958251953125e-01
3.444791436195373535e-01
-8.448613882064819336e-01
-4.870663285255432129e-01
-2.918331384658813477e+00
1.521384716033935547e-02
-8.919764757156372070e-01
-3.167208433151245117e-01
1.005006790161132812e+00
-2.520536184310913086e-01
-3.024092912673950195e+00
-9.604036808013916016e-03
-5.508031845092773438e-01
3.086645007133483887e-01
-3.850190162658691406e+00
-2.003623962402343750e+00
8.257671594619750977e-01
-2.900025248527526855e-01
-8.491458892822265625e-01
-2.760297775268554688e+00
-1.036653995513916016e+00
-1.266537427902221680e+00
-6.255723237991333008e-01
-1.100325137376785278e-01
-2.183360457420349121e-01
-4.073778390884399414e-01
1.664562821388244629e-01
-3.870413303375244141e-01
7.074393033981323242e-01
-1.752048730850219727e+00
-2.812792062759399414e-01
-8.076606988906860352e-01
1.922998428344726562e-01
-7.694975137710571289e-01
-7.389176487922668457e-01
-6.250904798507690430e-01
-1.720758557319641113e+00
-2.901542186737060547e-01
-4.527040123939514160e-01
-6.844520568847656250e-01
