-1.063309907913208008e+00
-5.519502758979797363e-01
1.598228216171264648e-01
1.160230040550231934e-01
1.038535356521606445e+00
-9.094783067703247070e-01
6.459570527076721191e-01
-1.375072956085205078e+00
-1.253050565719604492e-01
-2.510621786117553711e+00
5.878816843032836914e-01
-1.706660032272338867e+00
-1.126098632812500000e+00
-5.260348320007324219e-02
-7.578272819519042969e-01
1.084279417991638184e+00
-5.629721879959106445e-01
1.079961776733398438e+00
3.868870139122009277e-01
-1.002908587455749512e+00
-1.196725964546203613e+00
3.552180528640747070e-01
-1.460663080215454102e+00
-1.056992530822753906e+00
-1.350392937660217285e+00
-2.731348037719726562e+00
-1.299861788749694824e+00
-4.609158039093017578e-01
-3.317226171493530273e-01
-4.830388426780700684e-01
4.272825717926025391e-01
-7.877888679504394531e-01
-7.616971731185913086e-01
-1.872252821922302246e+00
-1.726010560989379883e+00
3.538668155670166016e-02
-2.287055015563964844e+00
-1.873701214790344238e+00
-1.777072191238403320e+00
-1.081664562225341797e+00
-2.417994022369384766e+00
-2.785718202590942383e+00
-2.361482143402099609e+00
3.313291668891906738e-01
1.295961141586303711e-01
1.383365154266357422e+00
-6.838612556457519531e-01
-4.151213169097900391e-02
-5.152653455734252930e-01
-9.472756385803222656e-01
8.179948329925537109e-01
-1.052929520606994629e+00
-8.259071707725524902e-01
-1.525878906250000000e-02
-1.153651714324951172e+00
-3.784923553466796875e-01
1.006447672843933105e-01
-1.196392297744750977e+00
-1.011929988861083984e+00
-1.554331064224243164e+00
-9.069395065307617188e-02
-2.785670757293701172e+00
-2.668169021606445312e+00
4.378403425216674805e-01
3.994028568267822266e-01
-1.034736633300781250e-01
-4.864746332168579102e-01
1.794544458389282227e-01
-3.971242904663085938e-02
-3.766981363296508789e-01
2.546186447143554688e-01
-1.075518131256103516e+00
4.240040779113769531e-01
-2.617727518081665039e-01
-3.075995445251464844e-01
-2.408467292785644531e+00
6.077585220336914062e-01
-1.797397017478942871e+00
-6.716787815093994141e-01
1.661965847015380859e-01
5.721560120582580566e-01
-6.877290010452270508e-01
9.776865243911743164e-01
3.611485958099365234e-01
1.144965291023254395e-01
3.085338473320007324e-01
-1.850415825843811035e+00
1.884782314300537109e-02
-9.013588428497314453e-01
4.889762401580810547e-01
-2.589532852172851562e+00
-8.213538527488708496e-01
-1.039540529251098633e+00
-4.846793413162231445e-02
-1.543251752853393555e+00
6.880952715873718262e-01
-2.974598169326782227e+00
-1.994935154914855957e+00
-8.528709411621093750e-02
7.306766510009765625e-02
-7.913817167282104492e-01
-6.190975904464721680e-01
1.299116492271423340e+00
-9.933716654777526855e-01
-2.299875736236572266e+00
-1.090247392654418945e+00
-5.026151537895202637e-01
8.724114298820495605e-01
-1.890697717666625977e+00
3.729236721992492676e-01
-3.111522197723388672e-01
1.359122872352600098e+00
-5.077500939369201660e-01
2.742621898651123047e-01
-5.932554006576538086e-01
-7.906262874603271484e-01
-1.167751550674438477e+00
-1.865909576416015625e+00
1.913962483406066895e+00
-8.726805448532104492e-01
-3.901548385620117188e-01
-2.138018608093261719e-03
-1.159120321273803711e+00
2.338928699493408203e+00
-1.558615088462829590e+00
-7.407526969909667969e-01
1.635697484016418457e-01
-2.261259555816650391e-01
-7.052493095397949219e-01
-1.519036769866943359e+00
4.124221801757812500e-01
-1.002215147018432617e-01
4.851413369178771973e-01
-1.040657877922058105e+00
-5.055545568466186523e-01
-1.622958779335021973e+00
-8.063890933990478516e-01
4.831111431121826172e-01
5.697253942489624023e-01
1.171202659606933594e-01
-4.274063110351562500e-01
9.385824203491210938e-03
-9.781935214996337891e-01
3.970415592193603516e-01
-5.506739616394042969e-01
8.923156261444091797e-01
-8.359794616699218750e-01
-1.045705318450927734e+00
9.404939413070678711e-02
-9.160789251327514648e-01
-2.437450885772705078e-01
-1.832897663116455078e-01
-1.207457542419433594e+00
1.101037263870239258e+00
-1.299862265586853027e-01
3.924707174301147461e-01
-9.978786706924438477e-01
-1.608283281326293945e+00
3.808316886425018311e-01
-1.410564184188842773e-01
2.954344749450683594e-01
-6.144728660583496094e-01
-5.066570639610290527e-02
-3.234020233154296875e+00
-7.734851837158203125e-01
4.677665233612060547e-01
-2.752261459827423096e-01
-1.479918956756591797e-01
3.059455156326293945e-01
-1.465553045272827148e-01
3.982169032096862793e-01
8.436297774314880371e-01
-1.213112831115722656e+00
-1.953917741775512695e-01
-1.341901421546936035e+00
4.429501295089721680e-02
1.802587211132049561e-01
-5.924880504608154297e-02
-7.420386075973510742e-01
-1.024218797683715820e-01
1.501429080963134766e-01
-4.787890911102294922e-01
-8.192047476768493652e-01
-3.912264108657836914e-01
1.012740731239318848e-01
-6.100516319274902344e-01
-7.748247385025024414e-01
-4.029905200004577637e-01
-2.789668440818786621e-01
1.627573966979980469e-01
4.872697591781616211e-02
-5.996863842010498047e-01
-3.626745939254760742e-01
-8.953176736831665039e-01
-3.503714799880981445e-01
-3.816723823547363281e-02
-6.804229021072387695e-01
4.266107082366943359e-02
-7.726073265075683594e-01
-4.467568993568420410e-01
-2.743672132492065430e-01
7.931525111198425293e-01
-4.106026887893676758e-02
-2.189799308776855469e+00
5.485526323318481445e-01
-5.819451808929443359e-02
9.839725494384765625e-02
2.941659092903137207e-01
7.366323471069335938e-02
6.957936286926269531e-02
-7.588986158370971680e-01
-8.030418157577514648e-01
3.013269901275634766e-01
-7.477922439575195312e-01
-4.547393321990966797e-02
-7.053246498107910156e-01
5.905015468597412109e-01
5.752528309822082520e-01
-2.789745330810546875e-01
-4.765911102294921875e-01
-5.464177131652832031e-01
-2.265790224075317383e+00
-7.097014188766479492e-01
3.111205101013183594e-01
-3.753478527069091797e+00
-7.346063852310180664e-01
-6.715878248214721680e-01
-5.602651834487915039e-01
-8.657836914062500000e-02
-1.398019909858703613e+00
-1.088099718093872070e+00
-2.035542726516723633e-01
3.185414075851440430e-01
-2.766216397285461426e-01
-1.807875871658325195e+00
1.225345134735107422e-01
-7.645459175109863281e-01
-1.062223434448242188e+00
-4.222853183746337891e-01
1.002503871917724609e+00
9.377026557922363281e-02
-1.885804414749145508e+00
5.538990497589111328e-01
-5.791283249855041504e-01
-9.107506275177001953e-01
2.963447570800781250e-02
-3.647950887680053711e-01
-6.334449648857116699e-01
-2.478090524673461914e-01
-2.687056541442871094e+00
1.181659698486328125e+00
-1.053655982017517090e+00
-3.119598627090454102e-01
-3.998299837112426758e-01
1.008012175559997559e+00
8.601856231689453125e-02
-1.474856019020080566e+00
5.580415725708007812e-01
1.897040009498596191e-01
-5.010657310485839844e-01
1.893765926361083984e-01
-9.409220218658447266e-01
-7.388770580291748047e-02
-1.154308080673217773e+00
-4.878048300743103027e-01
-2.648753643035888672e+00
-9.424821138381958008e-01
4.599065184593200684e-01
-2.115113735198974609e-01
-9.005190134048461914e-01
-1.035207509994506836e-01
5.609321594238281250e-01
-1.050523877143859863e+00
-4.696849584579467773e-01
-3.111652851104736328e+00
4.651103019714355469e-01
-7.646394968032836914e-01
1.885864973068237305e+00
-1.081320881843566895e+00
-1.142862558364868164e+00
-9.020369052886962891e-01
-3.096032619476318359e+00
-3.223891258239746094e-01
1.302306652069091797e-01
-2.442502975463867188e-01
-3.381633996963500977e+00
4.790019989013671875e-02
-4.388594627380371094e-01
7.667970657348632812e-01
-7.195725440979003906e-01
-1.285784244537353516e-01
-5.834886431694030762e-01
-1.508634090423583984e-01
-7.734411358833312988e-01
-1.390604496002197266e+00
5.171482563018798828e-01
-1.197988390922546387e-01
-5.603871345520019531e-01
-9.050546884536743164e-01
-1.681079030036926270e+00
-9.414185881614685059e-01
-4.610924720764160156e-01
-4.928146600723266602e-01
-3.241967678070068359e+00
2.966523170471191406e-03
3.372417688369750977e-01
-5.210539698600769043e-01
2.696185111999511719e-01
9.873068332672119141e-02
3.229753971099853516e-01
-8.124532699584960938e-01
1.594129562377929688e+00
-9.639127254486083984e-01
-2.869772672653198242e+00
3.346948623657226562e-01
-1.199976921081542969e+00
-5.324376821517944336e-01
-1.529115080833435059e+00
5.635625123977661133e-01
-1.500882148742675781e+00
-2.367244958877563477e-01
-1.321688890457153320e+00
-1.843761682510375977e+00
4.320774078369140625e-01
-7.019306421279907227e-01
8.414268493652343750e-01
-2.310611009597778320e-01
-4.932819604873657227e-01
3.835533857345581055e-01
2.583352327346801758e-01
-8.769376277923583984e-01
-7.341372966766357422e-01
-3.010528087615966797e-01
-8.191033601760864258e-01
-6.907644271850585938e-01
1.124948263168334961e-01
-6.419064998626708984e-01
-1.570439815521240234e+00
-1.391621828079223633e+00
-9.943056106567382812e-02
3.096652030944824219e-02
-1.081013917922973633e+00
-5.081342458724975586e-01
-1.132420539855957031e+00
-6.079032421112060547e-01
1.019655227661132812e+00
-1.315563440322875977e+00
-1.046322822570800781e+00
-7.586635351181030273e-01
-1.523313522338867188e-01
-7.910321950912475586e-01
-5.317520499229431152e-01
-1.043303370475769043e+00
-3.253015518188476562e+00
-9.548821449279785156e-01
-1.180471301078796387e+00
-8.556371927261352539e-02
-2.975924611091613770e-01
-6.444818973541259766e-01
-1.150331139564514160e+00
1.326422691345214844e-01
-2.276754379272460938e-01
-4.411008834838867188e+00
8.017513751983642578e-01
-7.901945114135742188e-01
8.989937305450439453e-01
-2.783329248428344727e+00
-6.650644540786743164e-01
-8.643192648887634277e-01
-8.222842216491699219e-01
4.605935811996459961e-01
-6.086559295654296875e-01
-1.168997764587402344e+00
-7.490320205688476562e-01
-1.336112260818481445e+00
-1.106025338172912598e+00
1.137132644653320312e-01
-7.440052032470703125e-01
7.879190444946289062e-01
-1.706364393234252930e+00
-1.662785410881042480e-01
4.836928844451904297e-01
-7.200726270675659180e-01
-1.810827851295471191e+00
-6.510236263275146484e-01
-1.464916586875915527e+00
2.419042587280273438e-01
-1.311634182929992676e-01
3.936129808425903320e-02
-9.312741160392761230e-01
-1.702383995056152344e+00
-1.919291973114013672e+00
-3.364970922470092773e+00
-4.496203422546386719e+00
5.219256877899169922e-02
-6.750488281250000000e-02
3.574275970458984375e-01
1.410871744155883789e-01
1.333690643310546875e+00
-3.339757919311523438e-01
-8.931313753128051758e-01
-5.425476074218750000e+00
-1.427113413810729980e+00
-7.604934573173522949e-01
2.717439532279968262e-01
1.091746091842651367e-01
-6.017489433288574219e-01
-5.698680877685546875e-03
2.933859825134277344e-03
-1.724699735641479492e+00
-1.515840530395507812e+00
3.126615285873413086e-01
-4.488338470458984375e+00
-5.243768095970153809e-01
-7.830017805099487305e-01
-2.180320262908935547e+00
-7.574580907821655273e-01
-2.592897415161132812e-02
-2.829480171203613281e+00
-2.943040728569030762e-01
-1.069657325744628906e+00
-3.685195446014404297e-01
-4.336080551147460938e-01
-6.942633390426635742e-01
-1.247990608215332031e+00
-1.569858551025390625e+00
-1.160003900527954102e+00
5.142956376075744629e-01
-1.086230516433715820e+00
-8.730725049972534180e-01
-4.230644702911376953e-01
-1.738123774528503418e+00
2.535713911056518555e-01
-3.008578419685363770e-01
3.258776664733886719e-02
-5.424317121505737305e-01
-7.975308895111083984e-01
2.623674869537353516e-01
-4.198250770568847656e-01
1.480935215950012207e+00
-6.281676888465881348e-01
-3.843169212341308594e-01
-2.189046144485473633e-01
5.639346837997436523e-01
-9.848256707191467285e-01
-3.194516181945800781e+00
-9.629987478256225586e-01
5.790584087371826172e-01
1.920378208160400391e-01
-1.332624673843383789e+00
-9.951497316360473633e-01
1.848202943801879883e-01
-6.860089302062988281e-02
6.166834831237792969e-01
-1.760702013969421387e+00
1.677039146423339844e+00
-7.266318798065185547e-02
-1.770849347114562988e+00
-8.749735355377197266e-01
-4.786106348037719727e-01
-1.436116695404052734e-01
-2.031974315643310547e+00
1.847321271896362305e+00
8.447142839431762695e-01
-3.215992927551269531e+00
3.645610809326171875e-02
6.645138263702392578e-01
-9.974575042724609375e-02
-6.113436222076416016e-01
-1.889898538589477539e+00
-6.641063690185546875e-01
-2.204998493194580078e+00
-3.591012954711914062e+00
7.889521121978759766e-01
-3.033964395523071289e+00
1.170943021774291992e+00
-8.295071125030517578e-01
-7.523232698440551758e-01
1.039534330368041992e+00
-1.661010026931762695e+00
1.211068987846374512e+00
3.507018089294433594e-02
-1.399467587471008301e+00
-8.491834402084350586e-01
-1.024675607681274414e+00
-5.368897914886474609e-01
-6.962651014328002930e-01
-1.115787029266357422e+00
-2.930202722549438477e+00
-1.164811134338378906e+00
-5.364975929260253906e-01
-9.832427501678466797e-01
5.666685104370117188e-02
1.169373989105224609e+00
-1.349412083625793457e+00
-7.045912742614746094e-01
-2.495460510253906250e-01
-1.361797571182250977e+00
-7.708084583282470703e-01
1.195385932922363281e+00
-1.774219751358032227e+00
4.369845390319824219e-01
-6.406062841415405273e-01
-1.161111235618591309e+00
-1.083122014999389648e+00
2.382732629776000977e-01
-2.109364271163940430e+00
-1.365427374839782715e-01
-1.942716956138610840e+00
3.133869171142578125e-02
-5.106170177459716797e-01
-1.534911990165710449e-01
-2.063562631607055664e+00
-8.067055940628051758e-01
5.180317163467407227e-02
2.511420249938964844e-01
-2.135133743286132812e-01
-3.440337181091308594e+00
-7.749001979827880859e-01
1.934002637863159180e-01
6.126723289489746094e-01
8.925090432167053223e-01
-8.555085062980651855e-01
-1.556394100189208984e-01
4.579713344573974609e-01
-1.697414159774780273e+00
-2.431569099426269531e-01
-1.099555969238281250e+00
-1.013761997222900391e+00
1.456760883331298828e+00
-8.210412263870239258e-01
-4.156519174575805664e-01
1.435695886611938477e-01
-5.780301094055175781e-01
-8.610966205596923828e-01
-2.465302348136901855e-01
-6.927504539489746094e-01
-7.627799510955810547e-01
-2.380733251571655273e+00
-1.877627372741699219e+00
-1.448897004127502441e+00
1.458824872970581055e+00
-2.028695344924926758e-01
-9.246451854705810547e-01
1.145825982093811035e-01
-1.544104814529418945e+00
-1.610602855682373047e+00
2.310949563980102539e-02
-2.415444850921630859e-01
-6.730134487152099609e-01
-5.836313962936401367e-01
3.455305099487304688e-02
-9.483175277709960938e-01
8.337978124618530273e-01
-1.355585932731628418e+00
-4.452463388442993164e-01
-9.525189399719238281e-01
-2.654539346694946289e-01
2.917037010192871094e-01
1.232430577278137207e+00
-1.100915431976318359e+00
1.029343366622924805e+00
-2.382076978683471680e-01
2.395923733711242676e-01
-8.162908554077148438e-01
-2.024203538894653320e+00
1.114345788955688477e-01
7.750279903411865234e-01
-1.949275493621826172e+00
4.427095055580139160e-01
-2.528210163116455078e+00
-1.427688598632812500e-01
1.582598686218261719e-02
7.627791166305541992e-01
-4.363655447959899902e-01
-1.254563331604003906e-01
-1.927352905273437500e+00
4.730119705200195312e-01
-1.748972415924072266e+00
5.917000770568847656e-01
-9.696807861328125000e-01
4.601515531539916992e-01
-1.062852978706359863e+00
-7.057044506072998047e-01
-2.907900810241699219e-01
-1.579435467720031738e+00
5.351616144180297852e-01
-4.139647483825683594e-01
2.678239345550537109e-01
-5.090190172195434570e-01
-4.601216316223144531e-02
-3.845434188842773438e-01
-1.604709506034851074e+00
-4.428255558013916016e-01
-9.283205270767211914e-01
-1.947200775146484375e+00
-8.222808837890625000e-01
-8.893631696701049805e-01
4.386444091796875000e-01
-1.468302845954895020e+00
-1.394438385963439941e+00
-3.199245929718017578e-01
3.658770322799682617e-01
-2.626616954803466797e+00
-1.731887817382812500e+00
-6.534320712089538574e-01
1.028645753860473633e+00
3.578695058822631836e-01
-1.160891532897949219e+00
1.105368375778198242e+00
-1.069322228431701660e-01
8.246510028839111328e-01
-3.769329786300659180e-01
-1.499488115310668945e+00
-5.691078901290893555e-01
-3.502278804779052734e+00
-1.355568408966064453e+00
1.415972709655761719e-01
-4.353598356246948242e-01
4.244121313095092773e-01
9.831730723381042480e-01
-6.272403001785278320e-01
-1.552958488464355469e-01
1.284241676330566406e-02
-3.731775283813476562e-02
-3.656897544860839844e-01
-2.148201227188110352e+00
8.096386194229125977e-01
-1.650036573410034180e-01
-1.848852634429931641e+00
2.442504763603210449e-01
-1.476238250732421875e+00
-5.332366824150085449e-01
-7.177901268005371094e-01
-4.602205753326416016e-01
4.903581738471984863e-01
-4.237638711929321289e-01
-1.406955718994140625e+00
4.861739277839660645e-01
-1.258007526397705078e+00
-2.455382585525512695e+00
-1.927805662155151367e+00
1.402016878128051758e-01
-1.486422777175903320e+00
-2.116066455841064453e+00
-4.532628059387207031e-01
2.861443758010864258e-01
3.862421512603759766e-01
1.580514907836914062e-01
-5.177882909774780273e-01
2.230982542037963867e+00
-9.882930517196655273e-01
9.909421801567077637e-01
-1.207133769989013672e+00
-3.124662637710571289e-01
-3.177343606948852539e-01
-1.794810056686401367e+00
-2.830760478973388672e-01
8.007587790489196777e-01
-3.228896856307983398e-01
-1.477636575698852539e+00
-2.175807476043701172e+00
-2.144613265991210938e-01
-9.310599565505981445e-01
-1.854342937469482422e+00
3.814146518707275391e-01
-7.737016677856445312e-01
-1.387616872787475586e+00
-3.289299011230468750e+00
8.650077581405639648e-01
2.216716110706329346e-01
-2.538435935974121094e+00
4.121527671813964844e-01
-5.622161626815795898e-01
-5.272426605224609375e-01
6.877920627593994141e-01
-2.978892326354980469e-01
-2.130973339080810547e+00
-2.682974338531494141e-01
-8.966337442398071289e-01
-2.075733184814453125e+00
-3.218382358551025391e+00
-7.787324190139770508e-01
-1.892120003700256348e+00
-5.490810871124267578e-01
-4.327086806297302246e-01
-7.484613656997680664e-01
4.197839498519897461e-01
7.546067237854003906e-02
-3.511703014373779297e-01
-1.413538932800292969e+00
-7.554850578308105469e-01
-1.978864312171936035e+00
-8.774594068527221680e-01
3.380894660949707031e-03
-1.014749288558959961e+00
-1.390213727951049805e+00
6.873241662979125977e-01
1.872273683547973633e-01
3.907662630081176758e-02
3.238476514816284180e-01
-2.749840021133422852e-01
2.682758569717407227e-01
-9.557063579559326172e-01
7.909384965896606445e-01
5.184490680694580078e-01
3.329350352287292480e-01
-7.164506912231445312e-01
-4.920915961265563965e-01
-4.215049266815185547e+00
-1.549430608749389648e+00
9.290323257446289062e-01
-1.698916554450988770e+00
-6.204520463943481445e-01
-2.080529928207397461e-01
3.185727596282958984e-01
-1.553831100463867188e-01
-1.588659286499023438e+00
-2.367165088653564453e-01
-1.207557201385498047e+00
-1.806739568710327148e-01
-1.270049095153808594e+00
-9.224200248718261719e-02
-1.524463891983032227e-01
-1.996457576751708984e-01
-6.704596281051635742e-01
-1.582209229469299316e+00
3.254061937332153320e-02
-8.581560850143432617e-01
-1.234456777572631836e+00
9.340238571166992188e-02
-2.936018705368041992e-01
2.156945466995239258e-01
-1.089404225349426270e+00
-1.210630536079406738e+00
-1.194110751152038574e+00
-5.042929649353027344e-01
3.961217999458312988e-01
7.153325080871582031e-01
4.473835229873657227e-01
-7.987033128738403320e-01
-1.491260528564453125e-01
-1.533676385879516602e-01
-6.697791218757629395e-01
4.298069477081298828e-01
-6.399109363555908203e-01
4.983538389205932617e-01
-4.456247687339782715e-01
-6.407899856567382812e-01
-7.584485411643981934e-01
-6.406994462013244629e-01
3.469837307929992676e-01
-5.132728219032287598e-01
-2.179465293884277344e-01
-2.325882911682128906e-01
1.278768301010131836e+00
-4.075155258178710938e-01
-1.052410960197448730e+00
-2.267276763916015625e+00
-9.070147275924682617e-01
-1.316226720809936523e+00
8.748716115951538086e-01
-8.442234992980957031e-02
2.354849576950073242e-01
-3.419339418411254883e+00
-5.917077064514160156e-01
-1.134868860244750977e+00
4.715675115585327148e-01
-1.790534973144531250e+00
-5.968528985977172852e-01
2.625621557235717773e-01
-4.010471403598785400e-01
-9.469745159149169922e-01
-9.349606037139892578e-01
-4.006648063659667969e-01
-1.832808971405029297e+00
-7.252943515777587891e-01
1.076320886611938477e+00
-2.269737958908081055e+00
2.548801898956298828e+00
-2.041557788848876953e+00
-2.422738075256347656e-01
6.517360806465148926e-01
1.307196617126464844e+00
-2.024373531341552734e+00
3.226023912429809570e-01
-6.877777576446533203e-01
6.286705732345581055e-01
4.192916154861450195e-01
4.617780447006225586e-01
-1.360984325408935547e+00
-1.133609890937805176e+00
-2.474240541458129883e+00
-1.784495472908020020e+00
-2.286901473999023438e+00
-3.684854507446289062e-02
-1.916877031326293945e-01
-1.419558644294738770e+00
-7.301154136657714844e-01
-8.684999942779541016e-01
-1.822446465492248535e+00
-8.413475751876831055e-01
6.022655963897705078e-02
-1.202360630035400391e+00
-7.641063928604125977e-01
-1.794745922088623047e-01
-3.805854320526123047e-01
-7.906993627548217773e-01
5.379922389984130859e-01
3.719725012779235840e-01
-1.668474674224853516e-01
-1.263330698013305664e+00
-5.179457068443298340e-01
-1.154753208160400391e+00
5.216046571731567383e-01
6.346085071563720703e-01
-2.205882072448730469e+00
-8.631908893585205078e-01
-4.505099654197692871e-01
-7.503781318664550781e-01
-2.308182001113891602e+00
-3.119844198226928711e-01
-1.524446249008178711e+00
2.320675253868103027e-01
-1.856514215469360352e-01
1.671936511993408203e-01
-6.346120834350585938e-01
-1.503487944602966309e+00
-3.085475921630859375e+00
7.718204855918884277e-01
1.560644626617431641e+00
5.160102844238281250e-01
9.964730739593505859e-01
1.132701516151428223e+00
-2.446619033813476562e+00
-1.127657055854797363e+00
8.702945709228515625e-02
-8.002486228942871094e-01
7.329389452934265137e-01
1.540784120559692383e+00
-6.220687627792358398e-01
-2.557444095611572266e+00
8.619785308837890625e-03
1.382744550704956055e+00
-2.214944362640380859e-01
-8.255544304847717285e-01
1.666027903556823730e-01
3.597264289855957031e-01
6.465010643005371094e-01
-3.234112262725830078e-01
1.684827804565429688e-01
-1.996447920799255371e+00
-9.761855602264404297e-01
-2.241536140441894531e+00
-3.862921476364135742e+00
-6.051235198974609375e-01
-3.045158147811889648e+00
-4.694656133651733398e-01
1.637402772903442383e-01
-1.256590962409973145e+00
2.856696248054504395e-01
-7.096830606460571289e-01
-2.350916862487792969e+00
1.313608407974243164e+00
3.598991632461547852e-01
-1.580727100372314453e-02
-1.318569660186767578e+00
1.177631855010986328e+00
5.424931645393371582e-01
-2.514212131500244141e-01
6.112544536590576172e-01
-1.451675057411193848e+00
7.960826158523559570e-02
-1.974301099777221680e+00
1.610624790191650391e-01
-7.072693109512329102e-02
-1.706696867942810059e+00
-1.387738585472106934e-01
-5.066097974777221680e-01
2.827409505844116211e-01
-1.260849475860595703e+00
-1.109221935272216797e+00
4.860895872116088867e-02
1.887501835823059082e+00
-1.827102899551391602e-01
-5.427243709564208984e-01
-5.046238899230957031e-01
-6.531165838241577148e-01
5.418758392333984375e-01
-2.342686653137207031e+00
-7.439553737640380859e-02
-4.970114231109619141e-01
-1.727098226547241211e-01
-2.170145988464355469e+00
4.148353636264801025e-01
-2.132151126861572266e-01
-6.684460043907165527e-01
-5.208449363708496094e-01
-8.338542580604553223e-01
-7.396059036254882812e-01
-1.071344852447509766e+00
5.072667598724365234e-01
-1.665739059448242188e+00
1.275262951850891113e+00
-2.116390705108642578e+00
4.052072763442993164e-01
1.317567825317382812e+00
-2.663334131240844727e+00
1.057509183883666992e-01
-6.105000972747802734e-01
