-9.744235277175903320e-01
-1.558779716491699219e+00
3.996145725250244141e-01
-5.622671842575073242e-01
-4.798986911773681641e-01
-1.274071216583251953e+00
2.385771274566650391e-01
-4.419457912445068359e-02
-9.195531010627746582e-01
-9.512321949005126953e-01
1.808065891265869141e+00
3.995100259780883789e-01
-1.718158125877380371e-01
-2.035787820816040039e+00
3.170590996742248535e-01
-2.428727149963378906e-01
-4.089746952056884766e+00
-1.096918284893035889e-01
1.613479614257812500e+00
-4.739761352539062500e-04
-2.093538522720336914e+00
-2.534987926483154297e-01
-1.513199806213378906e+00
2.057474851608276367e-01
-3.492935895919799805e-01
-1.266477108001708984e-01
-2.468583583831787109e+00
-5.949892401695251465e-01
-2.211943149566650391e+00
-6.113035678863525391e-01
9.242253899574279785e-01
2.486189603805541992e-01
-7.685848474502563477e-01
-1.138760447502136230e+00
-1.197883129119873047e+00
7.514519691467285156e-01
-1.336681127548217773e+00
-5.171251296997070312e-02
-6.791362762451171875e-01
6.441256999969482422e-01
1.933482587337493896e-01
-1.139080882072448730e+00
5.633449554443359375e-02
7.449240684509277344e-01
-1.703481078147888184e+00
-7.548009157180786133e-01
1.248023986816406250e+00
-1.887515664100646973e+00
-5.094937086105346680e-01
-2.940661907196044922e+00
-1.620945930480957031e-01
3.241301774978637695e-01
-7.415113449096679688e-01
-1.161793947219848633e+00
-5.077003240585327148e-01
2.342319488525390625e-02
-4.684742093086242676e-01
-3.253080844879150391e-01
5.412586927413940430e-01
5.160790681838989258e-02
-2.179229259490966797e-02
4.943572878837585449e-01
8.243006467819213867e-02
-1.780348539352416992e+00
-4.450688362121582031e-01
-5.333969593048095703e-01
-6.442403793334960938e-02
-7.411087751388549805e-01
1.427420377731323242e-01
-1.318398952484130859e+00
-3.819067478179931641e-01
-1.287596225738525391e+00
-1.034879088401794434e-01
2.374608516693115234e-01
-5.628984570503234863e-01
-7.992120385169982910e-01
5.999551415443420410e-01
4.090889692306518555e-01
5.257794857025146484e-01
-8.679060935974121094e-01
-1.772825717926025391e-01
4.797357320785522461e-01
4.277122020721435547e-01
1.015535354614257812e+00
-4.065296649932861328e-01
2.039974927902221680e-02
-1.346615076065063477e+00
-2.890596389770507812e-01
-1.552038788795471191e+00
1.594675183296203613e-01
4.940448403358459473e-01
6.979566812515258789e-01
-7.565922737121582031e-01
-1.150344133377075195e+00
4.337774515151977539e-01
-2.838543176651000977e+00
-1.203474640846252441e+00
-2.061063289642333984e+00
2.876394987106323242e-01
-1.214921355247497559e+00
3.050479888916015625e-01
-4.048106670379638672e-01
-8.748861551284790039e-01
1.271778345108032227e-01
-1.636401176452636719e+00
4.548507332801818848e-01
-2.070198059082031250e+00
1.704826354980468750e-01
8.778739571571350098e-01
-9.937906861305236816e-01
-9.748688340187072754e-01
-1.679266929626464844e+00
-1.463091492652893066e+00
-8.593227863311767578e-01
-9.383109211921691895e-01
-2.023463249206542969e-01
1.122702121734619141e+00
-6.815332174301147461e-01
4.708175659179687500e-01
-4.350733757019042969e-02
6.267566680908203125e-01
1.081277012825012207e+00
-5.970366001129150391e-01
-2.427666187286376953e-01
-2.638867616653442383e+00
6.723877191543579102e-01
-5.563533306121826172e-02
-8.782175183296203613e-01
-1.748684763908386230e+00
-5.025268793106079102e-01
-3.757891654968261719e-01
-9.591577053070068359e-01
-1.921684741973876953e-01
-1.286806583404541016e+00
-1.319684386253356934e+00
-2.014711856842041016e+00
-3.506504058837890625e+00
-2.509672164916992188e+00
-1.488630890846252441e+00
2.335399985313415527e-01
-5.381230115890502930e-01
-1.639644384384155273e+00
4.416468143463134766e-01
-5.242668390274047852e-01
2.494367957115173340e-01
-3.360208034515380859e+00
-1.845559120178222656e+00
2.339571118354797363e-01
-1.076351404190063477e+00
-2.056382417678833008e+00
-2.726886272430419922e-01
-1.063534021377563477e+00
-2.989354133605957031e-01
-7.478786110877990723e-01
-9.214186668395996094e-02
-1.418393015861511230e+00
-4.865003824234008789e-01
2.659153938293457031e-02
-7.968922853469848633e-01
-1.933432221412658691e+00
9.644550085067749023e-01
-2.703565120697021484e+00
-1.683855056762695312e-01
3.436453938484191895e-01
1.425921916961669922e-02
-4.317690730094909668e-01
-7.888770103454589844e-01
9.537267684936523438e-02
-5.116931200027465820e-01
-1.649292111396789551e-01
7.104460597038269043e-01
9.823536872863769531e-02
-1.380067229270935059e+00
-6.501092910766601562e-01
5.117515921592712402e-01
-2.597327709197998047e+00
2.144283056259155273e-01
1.391666293144226074e+00
1.042978763580322266e+00
-9.854637384414672852e-01
1.662677526473999023e-01
4.488995075225830078e-01
-2.403120994567871094e-01
-6.946187019348144531e-01
1.134575605392456055e+00
2.883040904998779297e-02
-8.332785367965698242e-01
3.713543415069580078e-01
-7.110336422920227051e-02
-1.039296388626098633e+00
-7.062151432037353516e-01
3.052654266357421875e-01
6.793761253356933594e-02
-6.731749773025512695e-01
-1.269910812377929688e+00
-1.771414160728454590e+00
2.695085108280181885e-01
-3.031682968139648438e-01
3.457819223403930664e-01
1.036977767944335938e-01
8.601686954498291016e-01
-2.121087312698364258e-01
4.486616849899291992e-01
4.510730504989624023e-02
7.966434955596923828e-02
-1.264962077140808105e+00
-1.208926320075988770e+00
-1.649879455566406250e+00
-1.230925917625427246e+00
5.097104609012603760e-02
-6.886174678802490234e-01
-4.066928863525390625e+00
-3.972046971321105957e-01
5.147565603256225586e-01
-6.705758571624755859e-01
-1.558373689651489258e+00
1.164111971855163574e+00
6.293390393257141113e-01
-1.000529289245605469e+00
-6.356242299079895020e-01
-1.031132221221923828e+00
-8.316909074783325195e-01
-1.666517257690429688e-01
-1.750241518020629883e-01
-3.210597038269042969e-01
-1.512565612792968750e-01
2.878684997558593750e-01
-1.455636262893676758e+00
-8.631181716918945312e-02
3.702973127365112305e-01
-2.131993770599365234e-01
-4.838818311691284180e-02
-1.720994472503662109e+00
8.061659932136535645e-01
-7.841000556945800781e-01
2.876812219619750977e-02
4.292513132095336914e-01
-2.871800899505615234e+00
7.043424844741821289e-01
-1.719537138938903809e+00
-1.560543775558471680e+00
7.127568721771240234e-01
-1.981839537620544434e-01
-6.740821599960327148e-01
1.940270662307739258e-01
-4.148620367050170898e-01
-6.417382359504699707e-01
-7.653081417083740234e-01
-3.730630636215209961e+00
-4.851573705673217773e-01
-2.805035114288330078e+00
-3.427392840385437012e-01
-1.465699434280395508e+00
3.115115642547607422e+00
6.944271326065063477e-01
-7.464178800582885742e-01
-1.122636318206787109e+00
-9.357130527496337891e-01
5.847753882408142090e-01
1.689007401466369629e+00
-1.180489659309387207e+00
1.105041742324829102e+00
-9.346193075180053711e-02
-1.779147386550903320e-01
-3.629128932952880859e+00
-2.789714097976684570e+00
-6.344559669494628906e+00
-2.006422519683837891e+00
1.199032664299011230e+00
2.746095657348632812e-01
-1.152452826499938965e-01
-1.779777765274047852e+00
-8.002190589904785156e-01
-1.116818428039550781e+00
-1.396653532981872559e+00
-1.450029015541076660e-01
-1.335521817207336426e+00
2.831250131130218506e-01
2.751225233078002930e-02
-2.754939794540405273e-01
1.863774955272674561e-01
-2.318038940429687500e-01
-5.961227416992187500e-01
8.554100990295410156e-02
-5.461726784706115723e-01
-1.221803903579711914e+00
-3.203058242797851562e+00
4.201552867889404297e-01
-5.158465862274169922e+00
-4.100847840309143066e-01
-4.647254943847656250e-01
-8.835077285766601562e-02
-7.327047586441040039e-01
-3.940920829772949219e-01
-4.259686470031738281e-01
-1.737011075019836426e+00
-1.141104698181152344e+00
2.953475713729858398e-01
-7.489627599716186523e-01
-2.349548816680908203e+00
4.905490279197692871e-01
2.681075334548950195e-01
1.023958683013916016e+00
-1.289251685142517090e+00
-6.466631889343261719e-01
-4.705559611320495605e-01
-2.771771430969238281e+00
4.344680905342102051e-01
-3.918277025222778320e-01
1.445511937141418457e+00
-2.697858810424804688e-01
3.221909403800964355e-01
6.039119958877563477e-01
-2.613559246063232422e+00
-1.136001467704772949e+00
-7.363187074661254883e-01
-1.166799902915954590e+00
-1.355653882026672363e+00
-1.027572393417358398e+00
-4.649069309234619141e-01
7.151717543601989746e-01
6.889405250549316406e-01
3.254916667938232422e-01
3.465828895568847656e-01
2.286078333854675293e-01
1.277706503868103027e+00
3.345489501953125000e-03
-1.376345276832580566e+00
-1.114500761032104492e-01
-3.144917488098144531e-01
1.193200826644897461e+00
-2.609435319900512695e-01
6.113915443420410156e-01
1.926212310791015625e-01
-1.095786690711975098e-01
-2.763034820556640625e+00
-1.042520046234130859e+00
2.076919078826904297e-01
-2.123716831207275391e+00
2.946925759315490723e-01
-1.907638311386108398e+00
-3.382277488708496094e-01
-1.135081768035888672e+00
-8.057816028594970703e-01
-2.862739562988281250e-01
-2.188016176223754883e-01
-1.050371408462524414e+00
6.362832784652709961e-01
-3.248327970504760742e-01
-1.971939921379089355e+00
-1.119741201400756836e+00
-4.743219614028930664e-01
-7.307177186012268066e-01
-1.954655647277832031e-01
1.889278888702392578e-01
-1.693814635276794434e+00
-1.783991813659667969e+00
1.016530990600585938e-01
-9.352159500122070312e-02
-1.222707033157348633e+00
-8.305832147598266602e-01
-3.295910358428955078e-02
-2.666531205177307129e-01
-2.020765542984008789e-01
-4.030514955520629883e-01
-6.348500251770019531e-01
-2.967834472656250000e-01
-1.507215738296508789e+00
-1.161072731018066406e+00
3.243910074234008789e-01
-7.320761680603027344e-02
-1.265956521034240723e+00
-5.268788337707519531e-01
-3.028392791748046875e-01
-2.957879781723022461e+00
-5.387672781944274902e-01
-8.092458248138427734e-01
2.720847725868225098e-01
1.256141185760498047e+00
9.619693756103515625e-01
3.417971134185791016e-01
-5.515831708908081055e-02
3.521968722343444824e-01
7.785205841064453125e-01
-2.581838369369506836e-01
-1.689901709556579590e+00
-5.443477630615234375e-02
3.057767450809478760e-01
-1.516248703002929688e+00
-1.676434040069580078e+00
-2.734877467155456543e-01
3.153557777404785156e-01
-5.656993389129638672e-01
-2.536492824554443359e+00
-3.939261436462402344e-01
8.714680671691894531e-01
-3.826287984848022461e-01
-3.808386921882629395e-01
3.037941455841064453e-01
-1.262668132781982422e+00
-7.087464928627014160e-01
2.231216907501220703e+00
-3.655117750167846680e-01
-1.383245706558227539e+00
6.933073997497558594e-01
7.149763107299804688e-01
-1.864791512489318848e-01
-2.471884489059448242e-01
-1.108505487442016602e+00
-7.053403854370117188e-01
6.834447383880615234e-03
-1.787244081497192383e+00
-9.394143819808959961e-01
-4.306099414825439453e-01
4.108630418777465820e-01
-5.201935768127441406e-01
1.904336214065551758e-01
4.576796293258666992e-01
1.736667156219482422e-01
-4.060858488082885742e-01
-9.330137968063354492e-01
-6.361152529716491699e-01
7.173766493797302246e-01
-1.947510242462158203e-01
-2.681568861007690430e+00
-5.448156595230102539e-01
-9.107918739318847656e-01
-4.032849073410034180e-01
-1.029014587402343750e-03
1.462551712989807129e+00
-4.922017455101013184e-01
-3.958929181098937988e-01
-1.123335361480712891e+00
2.355337142944335938e-03
-1.122059345245361328e+00
2.743867039680480957e-01
-4.066083431243896484e-01
-8.402830362319946289e-01
-1.685920953750610352e-01
5.089951157569885254e-01
-1.976403474807739258e+00
-1.800413131713867188e-01
1.077641963958740234e+00
2.180320024490356445e-01
-1.989620685577392578e+00
-2.242061614990234375e+00
-9.725001454353332520e-01
-1.097341179847717285e-01
-1.170258522033691406e+00
-1.019354462623596191e+00
-1.533397436141967773e+00
9.768491983413696289e-01
-1.525669097900390625e-01
3.543983697891235352e-01
-8.518422245979309082e-01
7.593333721160888672e-01
2.519479990005493164e-01
-7.908054590225219727e-01
-7.846256494522094727e-01
-7.980176210403442383e-01
-1.554715037345886230e-01
-3.414257764816284180e-01
-2.720615625381469727e+00
-2.946366667747497559e-01
-6.291351318359375000e-01
1.170552968978881836e-01
-3.899817466735839844e-01
-1.291752934455871582e+00
-1.461205959320068359e+00
-2.113409042358398438e-01
-1.646720409393310547e+00
-1.247470378875732422e-01
-1.859906554222106934e+00
-1.835886240005493164e-01
-2.257227897644042969e-02
-6.510627269744873047e-01
-1.676869392395019531e-02
-3.367427587509155273e-01
-6.197648644447326660e-01
-6.742166280746459961e-01
-1.150762081146240234e+00
-4.318449497222900391e-01
3.047293424606323242e-01
-2.829520702362060547e-01
-9.100546836853027344e-01
3.431851267814636230e-01
-5.986869335174560547e-02
-1.179603338241577148e+00
-1.033588409423828125e+00
-1.066801190376281738e+00
-2.398116111755371094e+00
3.707752227783203125e-01
-2.681052684783935547e-01
-7.541277408599853516e-01
3.061473369598388672e-02
1.182315349578857422e-01
-5.624848008155822754e-01
1.091790199279785156e-01
6.465249061584472656e-01
-5.720514059066772461e-01
-1.497762680053710938e+00
-8.948240280151367188e-01
3.804081678390502930e-01
-8.902062177658081055e-01
3.755320310592651367e-01
-6.427625417709350586e-01
-2.408171653747558594e+00
8.070631027221679688e-01
-1.029011011123657227e-01
6.990790367126464844e-01
-4.881087541580200195e-01
4.879988431930541992e-01
-1.181741237640380859e+00
4.053313136100769043e-01
-1.631640911102294922e+00
7.342267036437988281e-02
2.498084306716918945e-02
-1.477327227592468262e+00
-3.751140832901000977e-01
-4.614162445068359375e-01
-2.302827835083007812e+00
-6.005017161369323730e-01
-2.180916070938110352e-01
-1.520175814628601074e+00
1.184172987937927246e+00
7.472866773605346680e-01
6.799681782722473145e-01
-1.202476501464843750e+00
6.451606750488281250e-04
2.317864894866943359e-01
-1.369775772094726562e+00
-1.103637695312500000e+00
-5.538594722747802734e-02
9.200711250305175781e-01
-1.142646312713623047e+00
-1.857077479362487793e+00
-2.047078132629394531e+00
8.136882781982421875e-01
-9.426935315132141113e-01
-1.524262547492980957e+00
-3.814959526062011719e-01
-9.274979829788208008e-01
-2.108394145965576172e+00
-9.918260574340820312e-01
-4.703518152236938477e-01
4.185585975646972656e-01
-1.114632129669189453e+00
3.711017966270446777e-02
-1.207829952239990234e+00
1.172267198562622070e+00
-6.485450267791748047e-01
9.377171993255615234e-01
-3.195572495460510254e-01
-2.329133033752441406e+00
-6.597948074340820312e-02
-4.325515031814575195e-02
-2.068845033645629883e+00
-3.289113044738769531e-01
1.009358882904052734e+00
9.421161413192749023e-01
3.259783983230590820e-01
-1.759265184402465820e+00
-4.360681772232055664e-01
-9.725294113159179688e-01
-1.923048496246337891e-01
7.808113098144531250e-02
-1.542052030563354492e-01
-7.759221792221069336e-01
1.148900389671325684e+00
-1.914749145507812500e-01
-9.228241443634033203e-01
-9.215368032455444336e-01
-4.471030831336975098e-02
8.170563578605651855e-01
-3.210914134979248047e+00
-9.528124332427978516e-02
-1.080217838287353516e+00
-2.438660144805908203e+00
-9.252858161926269531e-01
9.907630681991577148e-01
8.690713047981262207e-01
-1.343711137771606445e+00
7.095563411712646484e-02
-5.193953514099121094e-01
-3.759973049163818359e-01
-1.314436197280883789e+00
-2.449265718460083008e-01
1.860345602035522461e-01
-1.180917501449584961e+00
-2.958407640457153320e+00
-7.338006496429443359e-01
-4.676759243011474609e-01
1.424619674682617188e+00
-8.891085386276245117e-01
-1.068484783172607422e-01
-3.202190399169921875e+00
1.017026305198669434e-01
-4.717128872871398926e-01
2.510498762130737305e-01
-7.154195308685302734e-01
1.200953245162963867e+00
-2.049306392669677734e+00
-1.267563819885253906e+00
-1.701015353202819824e+00
2.822836637496948242e-01
-3.330450773239135742e+00
-7.635464668273925781e-01
-1.928577423095703125e-01
-1.668801307678222656e-01
-1.826614141464233398e-01
-1.077028512954711914e-01
-2.522058010101318359e+00
-7.057601809501647949e-01
3.743531107902526855e-01
-1.022639036178588867e+00
-8.952153921127319336e-01
-1.731689929962158203e+00
-4.262518286705017090e-01
-7.688893079757690430e-01
-1.926816463470458984e+00
-8.706533908843994141e-02
-1.928017139434814453e-01
-6.177638173103332520e-01
-4.631092548370361328e-01
3.188908100128173828e-03
-4.980969429016113281e-02
-1.154865503311157227e+00
-1.254497766494750977e-01
-7.178070545196533203e-01
1.941776275634765625e-02
-1.762406349182128906e+00
-1.145409047603607178e-01
-6.633925437927246094e-02
-8.368670940399169922e-02
1.132111549377441406e+00
-2.897617816925048828e-01
-1.010440707206726074e+00
-1.364894628524780273e+00
1.508336067199707031e-01
-5.998027324676513672e-02
-1.347479581832885742e+00
-1.492364287376403809e+00
1.229419708251953125e-01
-1.112824678421020508e+00
-5.118014812469482422e-01
-4.935457706451416016e-01
-6.730282306671142578e-01
1.496506631374359131e-01
-4.126621484756469727e-01
-3.577930927276611328e-01
4.450877308845520020e-01
-2.944640636444091797e+00
-1.814354419708251953e+00
5.403636693954467773e-01
-2.532954216003417969e-01
4.125414490699768066e-01
1.137634873390197754e+00
-1.522788763046264648e+00
-1.832594990730285645e+00
-9.551823139190673828e-03
-5.901527404785156250e-02
-2.840629816055297852e-01
8.248412013053894043e-01
-1.712577223777770996e+00
-3.140025138854980469e-01
4.506661891937255859e-01
5.640995502471923828e-02
-4.428880214691162109e-01
6.233369112014770508e-01
-2.045498371124267578e+00
-7.636072635650634766e-01
-1.742871999740600586e+00
-1.167817115783691406e+00
4.868489503860473633e-01
5.676198005676269531e-02
-1.197223663330078125e+00
-1.379850625991821289e+00
1.052232027053833008e+00
2.656093835830688477e-01
-8.218477964401245117e-01
-3.673877716064453125e-01
-3.987392663955688477e+00
-2.678679227828979492e-01
-4.917670488357543945e-01
2.439999580383300781e-02
-3.278991699218750000e+00
-6.157509088516235352e-01
-5.040138959884643555e-01
8.060911297798156738e-01
-2.282790541648864746e-01
6.808356046676635742e-01
-1.745191812515258789e-01
1.880507826805114746e+00
4.392851591110229492e-01
1.406644582748413086e-01
-4.012037515640258789e-01
-5.775094032287597656e-01
-1.163234710693359375e+00
-2.573685944080352783e-01
3.929014205932617188e-01
5.109792947769165039e-01
9.014406800270080566e-01
4.860680103302001953e-01
-1.486733555793762207e-01
-1.017950534820556641e+00
-1.770234704017639160e-01
-2.170211791992187500e+00
-9.806323051452636719e-01
-8.844702243804931641e-01
-3.673334121704101562e-01
9.775363802909851074e-01
6.703076362609863281e-01
-8.222680091857910156e-01
6.496430039405822754e-01
-1.178770422935485840e+00
-1.121549844741821289e+00
2.789216041564941406e-01
-1.473520994186401367e+00
-2.068164348602294922e-01
-2.157603263854980469e+00
-4.167843818664550781e+00
1.141488552093505859e-02
8.769274353981018066e-01
-6.191390156745910645e-01
-3.114265203475952148e+00
-1.555721998214721680e+00
-2.536178827285766602e-01
9.657801985740661621e-01
2.350869774818420410e-01
-3.221178054809570312e-01
-1.062358617782592773e-01
-3.572934865951538086e-01
-1.082951188087463379e+00
-8.710931539535522461e-01
-5.613706111907958984e-01
2.713084220886230469e-01
-8.746464252471923828e-01
-4.845604896545410156e-01
1.297702908515930176e+00
1.420493125915527344e-01
-3.016911029815673828e+00
-1.878755807876586914e+00
-1.471016287803649902e+00
-3.373762071132659912e-01
1.891012191772460938e+00
-1.247521519660949707e+00
-1.287396192550659180e+00
6.777284145355224609e-01
7.772622108459472656e-01
5.469522476196289062e-01
3.996517658233642578e-01
-9.677194356918334961e-01
-3.188146352767944336e-01
-3.441691398620605469e-02
5.618574619293212891e-01
-5.812870264053344727e-01
-1.141490936279296875e-01
1.042780518531799316e+00
-7.003093957901000977e-01
5.002713203430175781e-02
-7.514151573181152344e+00
-1.409065961837768555e+00
-1.262555122375488281e+00
-4.532450437545776367e-01
3.221292495727539062e-01
-2.525715827941894531e-01
-3.136694431304931641e-03
1.018012762069702148e+00
1.691041707992553711e+00
-7.185549139976501465e-01
-2.336621284484863281e-02
-1.828839778900146484e+00
-1.156343817710876465e-01
1.963269948959350586e+00
-9.009050130844116211e-01
-1.770088672637939453e+00
6.305376291275024414e-01
-7.909539937973022461e-01
1.370082139968872070e+00
-1.449766755104064941e-01
-1.251073837280273438e+00
7.743772268295288086e-01
-8.766642212867736816e-01
1.216169476509094238e+00
-4.207044839859008789e-01
4.820241928100585938e-01
-6.490833759307861328e-01
-2.383821487426757812e+00
-3.649677038192749023e-01
-6.414723396301269531e-02
-1.699180126190185547e+00
-7.446360588073730469e-02
-2.162478864192962646e-01
3.370654582977294922e-02
-8.019810914993286133e-01
8.028206229209899902e-02
-7.150682210922241211e-01
-5.598236322402954102e-01
-1.933378577232360840e+00
-6.953201293945312500e-01
6.525797843933105469e-01
1.022285699844360352e+00
-2.434527873992919922e-01
-9.929970502853393555e-01
-9.497174024581909180e-01
1.202607154846191406e-01
-4.715394973754882812e-01
-2.718444466590881348e-01
-3.970457315444946289e-01
2.332206964492797852e-01
1.201553344726562500e-01
-3.628376126289367676e-01
-7.510797977447509766e-01
2.074950337409973145e-01
-2.002942562103271484e+00
1.323168992996215820e+00
-1.745446920394897461e-01
-1.292408466339111328e+00
-3.599958419799804688e-01
-2.007152557373046875e+00
5.054517984390258789e-01
-5.357176065444946289e-01
-2.445396900177001953e+00
1.519358456134796143e-01
-7.805321216583251953e-01
-6.811963319778442383e-01
-2.961216211318969727e+00
-6.783696413040161133e-01
-1.164275527000427246e+00
1.031661033630371094e-02
-1.079022645950317383e+00
4.033641219139099121e-01
-4.038346409797668457e-01
-1.268620491027832031e+00
-4.712343215942382812e-01
1.305143833160400391e-01
-9.986120462417602539e-02
-5.617904663085937500e-02
-1.590282917022705078e+00
-1.615627050399780273e+00
1.547596693038940430e+00
6.967018842697143555e-01
-2.119671821594238281e+00
-7.483676075935363770e-01
-5.500845909118652344e-01
1.974898338317871094e+00
9.173572063446044922e-03
1.751773357391357422e-01
-2.254682779312133789e-01
-1.412516117095947266e+00
-2.468022346496582031e+00
-5.119633078575134277e-01
-3.570791482925415039e-01
4.897119402885437012e-01
-6.743768453598022461e-01
-7.917909622192382812e-01
3.947932720184326172e-01
-1.517957568168640137e+00
-1.012911677360534668e+00
-1.123437523841857910e+00
-2.961831092834472656e-01
-1.899003982543945312e-04
-5.450883507728576660e-01
-1.521593332290649414e-01
6.728954315185546875e-01
2.691471576690673828e-02
-5.690686702728271484e-01
-8.007539510726928711e-01
-1.283679008483886719e-01
3.349570035934448242e-01
-8.101520538330078125e-01
2.346458733081817627e-01
-8.390529155731201172e-01
-1.465773582458496094e+00
-3.393787145614624023e-01
-8.896532058715820312e-01
-1.850688695907592773e+00
2.897213101387023926e-01
7.628192901611328125e-01
3.488981723785400391e-02
-1.428713321685791016e+00
6.555279493331909180e-01
-8.695673942565917969e-01
9.821172356605529785e-01
-1.131601333618164062e-01
-2.277975559234619141e+00
5.137809514999389648e-01
-1.319014549255371094e+00
-1.929624080657958984e-01
1.407188177108764648e-01
-2.026871442794799805e+00
-4.256162643432617188e-01
-2.747921943664550781e+00
-8.740354776382446289e-01
-2.160481929779052734e+00
-1.114037632942199707e+00
3.743787407875061035e-01
-5.797553658485412598e-01
-7.215391397476196289e-01
-8.787126541137695312e-01
-8.649029731750488281e-01
-1.492776989936828613e+00
-1.625878572463989258e+00
7.240266799926757812e-01
-4.714103341102600098e-01
4.360461235046386719e-02
-3.856146335601806641e-01
-1.833605766296386719e-01
-3.271845579147338867e-01
-6.826877593994140625e-01
