-7.790794372558593750e-01
-2.312030792236328125e+00
1.040236234664916992e+00
2.059912681579589844e-02
6.109774112701416016e-01
-4.373948574066162109e-01
2.790999412536621094e-02
1.388975381851196289e-01
-2.981650829315185547e-01
-1.151003360748291016e+00
3.140157461166381836e-01
1.481789350509643555e-02
-2.063072919845581055e-01
-8.214348554611206055e-02
-1.968231201171875000e+00
4.379689693450927734e-01
1.286674618721008301e+00
-4.353611469268798828e-01
-3.759856224060058594e-01
1.328402161598205566e+00
-1.771923065185546875e+00
-1.914934992790222168e+00
6.127904653549194336e-01
-8.043772578239440918e-01
-6.991896629333496094e-01
-7.363173961639404297e-01
-5.654665827751159668e-01
1.982376813888549805e+00
4.241170883178710938e-01
-1.687810897827148438e+00
-6.795110702514648438e-01
-1.269192695617675781e+00
-6.208322048187255859e-01
4.456971883773803711e-01
-1.771808624267578125e+00
-2.584658861160278320e-01
-5.778325796127319336e-01
-1.595385670661926270e+00
4.392778873443603516e-01
-2.936254978179931641e+00
-2.921441793441772461e-01
-7.475462555885314941e-01
-5.842821598052978516e-01
-4.427231550216674805e-01
-3.288381099700927734e-01
-8.722998499870300293e-01
1.638333797454833984e-01
-8.826766014099121094e-01
-1.945729732513427734e+00
-2.663329243659973145e-01
-2.637683629989624023e+00
7.573485374450683594e-03
-2.990036010742187500e-01
-1.032641172409057617e+00
-1.186269283294677734e+00
1.025956034660339355e+00
3.032065153121948242e+00
1.098792791366577148e+00
-1.562488317489624023e+00
1.247998476028442383e-01
-2.387669086456298828e-01
-9.114274978637695312e-01
-1.353162527084350586e-01
-7.211967110633850098e-01
-4.522299766540527344e-01
-1.894242167472839355e-01
5.766954421997070312e-01
-9.168004989624023438e-01
-2.994096279144287109e-02
-6.747872233390808105e-01
1.054589986801147461e+00
6.581851243972778320e-01
-3.642325401306152344e+00
-1.101350545883178711e+00
-8.283742070198059082e-01
-2.037442207336425781e+00
-1.103315830230712891e+00
8.285920619964599609e-01
-6.950702667236328125e-01
6.902933716773986816e-01
-6.139506697654724121e-01
1.734279632568359375e+00
9.660434722900390625e-02
-1.562781691551208496e+00
3.203474283218383789e-01
2.961872816085815430e-01
5.868206024169921875e-01
-3.963636755943298340e-01
-1.658976554870605469e+00
-2.486637592315673828e+00
-2.560700893402099609e+00
-7.580366134643554688e-01
2.637362480163574219e-01
-1.013586521148681641e-01
-7.020025253295898438e-01
-8.815845251083374023e-01
-4.252161979675292969e-01
-4.522533416748046875e-01
-1.480686545372009277e+00
6.874786019325256348e-01
-3.000774145126342773e+00
1.168229460716247559e+00
1.079867601394653320e+00
-1.639461517333984375e-01
-1.494396924972534180e-01
-1.079028606414794922e+00
2.164059877395629883e-01
-4.291377663612365723e-01
-1.697854995727539062e-01
5.587558746337890625e-01
5.041473507881164551e-01
-3.165737390518188477e-01
-2.778582572937011719e-01
-6.647611856460571289e-01
-1.239265441894531250e+00
-1.401072859764099121e+00
-9.058413505554199219e-01
-5.308926105499267578e-02
2.101083993911743164e-01
-1.239824533462524414e+00
-1.938031196594238281e+00
-9.269877672195434570e-01
-1.035720705986022949e+00
-2.970534324645996094e+00
-1.695612668991088867e+00
-7.037590146064758301e-01
1.122567057609558105e-01
-7.161136269569396973e-01
1.939384341239929199e-01
-1.371035099029541016e+00
-1.633557200431823730e+00
-6.272966265678405762e-01
8.283588886260986328e-01
-2.361953735351562500e+00
-2.160667657852172852e+00
6.915187835693359375e-02
-6.387406587600708008e-02
4.413117170333862305e-01
-6.027123928070068359e-01
-1.007814407348632812e+00
-3.407769203186035156e-01
-1.045482635498046875e+00
3.228014111518859863e-01
3.852014541625976562e-01
1.156663656234741211e+00
-3.476814031600952148e-01
-6.010868549346923828e-01
6.354557275772094727e-01
-3.562633395195007324e-01
-3.764805793762207031e-01
-2.719607353210449219e+00
1.187098026275634766e-01
-1.400697708129882812e+00
-3.335646390914916992e-01
5.950617790222167969e-01
1.013377904891967773e+00
-1.965894699096679688e+00
-5.015168190002441406e-01
1.340150833129882812e-03
-1.202040672302246094e+00
-1.322288155555725098e+00
-1.913854241371154785e+00
-7.400295734405517578e-01
6.117455959320068359e-01
-1.332826614379882812e+00
-1.403856873512268066e+00
-8.121504783630371094e-01
-3.676001429557800293e-01
-6.549917459487915039e-01
-6.431534290313720703e-01
6.021834015846252441e-01
-2.996122837066650391e-01
3.789944648742675781e-01
-1.977556467056274414e+00
-1.578764200210571289e+00
-2.121164798736572266e-01
8.598042726516723633e-01
-1.774207830429077148e+00
-9.694883823394775391e-01
7.592678070068359375e-01
-6.640162467956542969e-01
-2.760735750198364258e-01
-2.386281490325927734e-01
1.621246337890625000e-04
1.842548847198486328e-01
-1.683893680572509766e+00
-9.390775561332702637e-01
-6.553676128387451172e-01
-7.269437313079833984e-01
-1.080102682113647461e+00
6.913492083549499512e-01
-1.995727777481079102e+00
2.473413944244384766e-02
-1.182821512222290039e+00
1.462101042270660400e-01
-8.311735391616821289e-01
1.045401692390441895e+00
-8.985368013381958008e-01
-1.320386648178100586e+00
-7.814164161682128906e-01
-6.755762100219726562e-01
1.298545002937316895e-01
-5.376505851745605469e-02
-5.033402442932128906e-01
3.558303117752075195e-01
6.438233852386474609e-01
-1.494892120361328125e+00
2.082901000976562500e-01
5.841034650802612305e-01
-1.307818174362182617e+00
8.982509970664978027e-01
1.001664876937866211e+00
8.387214541435241699e-01
-2.381011247634887695e+00
-1.045494198799133301e+00
-9.177446365356445312e-01
9.936527609825134277e-01
-2.269917488098144531e+00
-6.509263515472412109e-01
6.322860717773437500e-04
6.281265020370483398e-01
-1.631744742393493652e+00
-3.597943782806396484e-01
-9.064091444015502930e-01
-7.195378541946411133e-01
-6.992332935333251953e-01
-1.061404585838317871e+00
-1.587378978729248047e-02
-1.045793771743774414e+00
-2.958118915557861328e-01
-7.531346082687377930e-01
4.246737360954284668e-01
-1.311458826065063477e+00
-4.899426698684692383e-01
-4.216341972351074219e-01
4.171495437622070312e-01
9.699167013168334961e-01
-4.031903743743896484e-01
-8.323137760162353516e-01
9.164842367172241211e-01
-1.474759817123413086e+00
5.505162477493286133e-01
-5.545174479484558105e-01
-9.461982250213623047e-01
-1.790118932723999023e+00
-1.144712805747985840e+00
4.445999264717102051e-01
1.056550264358520508e+00
-9.752402305603027344e-01
-7.796912193298339844e-01
-1.459464311599731445e+00
-1.040699720382690430e+00
-8.897256851196289062e-01
-2.248984336853027344e+00
6.645789146423339844e-01
-9.504518508911132812e-01
7.701945304870605469e-01
3.486520051956176758e-01
-8.287128210067749023e-01
-2.905740737915039062e+00
3.032833337783813477e-02
1.353458166122436523e-01
-2.035079956054687500e+00
2.157057225704193115e-01
-6.499816179275512695e-01
-8.756428956985473633e-01
-4.378259181976318359e-02
-1.911449432373046875e-02
-4.173740148544311523e-01
-4.477133750915527344e-01
-2.598761558532714844e+00
-1.622524261474609375e-01
-7.822465896606445312e-01
-1.362833261489868164e+00
6.641194224357604980e-01
-1.130892515182495117e+00
-4.732176065444946289e-01
-1.289675831794738770e+00
-1.634571790695190430e+00
4.489409923553466797e-02
-8.085978031158447266e-01
-1.533747076988220215e+00
7.027447223663330078e-02
-1.824395656585693359e-01
-6.508424878120422363e-01
-4.627881050109863281e-01
6.483303308486938477e-01
-3.089175224304199219e+00
-2.893106937408447266e-01
-2.296562671661376953e+00
9.163141250610351562e-01
-1.668324589729309082e+00
-1.078017115592956543e+00
-2.757476091384887695e+00
-2.085537195205688477e+00
1.880117654800415039e-01
1.363573074340820312e-01
-8.091373443603515625e-01
5.459787845611572266e-01
-1.066781997680664062e+00
-1.475332736968994141e+00
-8.207998275756835938e-01
4.933810234069824219e-02
-3.567401170730590820e-01
-1.458360910415649414e+00
-9.710344076156616211e-01
-2.670566082000732422e+00
-9.572660923004150391e-02
-1.075820803642272949e+00
2.195420265197753906e-01
-3.197280764579772949e-01
-1.603882193565368652e+00
-1.080229282379150391e-01
-4.694774150848388672e-01
-1.428880810737609863e+00
1.453711986541748047e-01
-1.318620562553405762e+00
-1.448489785194396973e+00
-9.149011373519897461e-01
-1.013551950454711914e+00
2.453051805496215820e-01
-1.872836351394653320e-01
1.379846811294555664e+00
-2.645214319229125977e+00
-2.624292850494384766e+00
-9.872882366180419922e-01
1.155323982238769531e-01
-8.505697250366210938e-01
1.201415061950683594e-01
1.051173210144042969e-01
-3.181934356689453125e-03
4.763202667236328125e-01
4.300977289676666260e-01
-2.129452228546142578e+00
-2.318018436431884766e+00
-2.788376808166503906e-01
3.319714069366455078e-01
-1.529348969459533691e+00
-4.364116191864013672e-01
-1.463699340820312500e-01
-3.698566198348999023e+00
-8.919728994369506836e-01
-1.260785907506942749e-01
-1.472803354263305664e-01
-1.965609550476074219e+00
-8.544058799743652344e-01
1.232686042785644531e-01
-1.694108724594116211e+00
-7.740941047668457031e-01
6.404744386672973633e-01
-1.871699094772338867e-02
-1.540195226669311523e+00
-1.803412437438964844e+00
-4.178606271743774414e-01
-1.064924001693725586e+00
-2.946136951446533203e+00
-5.023897886276245117e-01
-6.108579039573669434e-01
-3.363255262374877930e-01
-2.188858985900878906e-01
-3.485012054443359375e-02
4.670089483261108398e-02
-6.241619586944580078e-02
-3.656220436096191406e-01
4.699685573577880859e-01
-1.681844830513000488e+00
-1.546944856643676758e+00
-5.307117700576782227e-01
-1.384727954864501953e-01
1.496635675430297852e-01
3.309724330902099609e-01
-5.282131433486938477e-01
1.116171360015869141e+00
-9.383761882781982422e-02
-1.537085175514221191e+00
3.870894908905029297e-01
-1.890854835510253906e-01
3.150544762611389160e-01
-6.400138139724731445e-01
-3.955411911010742188e-02
5.641968250274658203e-01
-2.473876953125000000e+00
-1.665301322937011719e+00
-1.992685794830322266e-01
-2.353005409240722656e-01
3.106350898742675781e-01
-1.135218143463134766e-01
-6.030509471893310547e-01
-8.223657608032226562e-01
-2.258964776992797852e+00
-3.853678703308105469e-03
-1.464526057243347168e+00
-2.458862066268920898e-01
-9.996886253356933594e-01
-1.837415575981140137e+00
-1.218161582946777344e+00
-5.148040056228637695e-01
4.305007457733154297e-01
1.094260334968566895e+00
4.030939340591430664e-01
-2.175571203231811523e+00
6.043284535408020020e-01
-5.055269002914428711e-01
-7.249565124511718750e-01
-2.970736026763916016e-01
-3.303481340408325195e-01
-5.222343206405639648e-01
-1.193010091781616211e+00
-3.140062093734741211e-01
-1.499151945114135742e+00
-1.098656415939331055e+00
8.199709653854370117e-02
1.044051408767700195e+00
-1.228887677192687988e+00
-1.275497913360595703e+00
-3.064492702484130859e+00
2.994414567947387695e-01
-1.067278385162353516e+00
5.526882410049438477e-02
-8.903206586837768555e-01
1.136817932128906250e-01
-6.666355133056640625e-01
1.060332059860229492e-01
-8.053462505340576172e-01
7.258744239807128906e-01
-8.480031490325927734e-01
1.801784873008728027e+00
-1.644707620143890381e-01
-3.674371242523193359e-01
9.604692459106445312e-02
-1.174679994583129883e-01
-3.361568450927734375e-01
-2.485628366470336914e+00
-3.701374530792236328e-01
-2.264019012451171875e+00
5.279183387756347656e-02
3.524065017700195312e-03
4.024515151977539062e-01
-6.904232501983642578e-02
9.490270614624023438e-01
-7.517650127410888672e-01
9.937217235565185547e-01
1.660033464431762695e-01
-1.301435232162475586e-01
-1.639874458312988281e+00
-2.056775808334350586e+00
-1.882983088493347168e+00
9.692561626434326172e-01
-1.002875924110412598e+00
-6.274135112762451172e-01
7.638582587242126465e-01
2.065731763839721680e+00
-1.312431693077087402e+00
-1.586256980895996094e+00
-1.739411115646362305e+00
-2.142496109008789062e+00
7.734378576278686523e-01
-5.869299173355102539e-01
-2.539170384407043457e-01
-1.149838566780090332e+00
-5.986713171005249023e-01
-2.263969182968139648e-02
3.125171661376953125e-01
-1.430422067642211914e+00
-8.849408626556396484e-01
1.105241537094116211e+00
-6.744451522827148438e-01
-4.707938432693481445e-01
-7.799935340881347656e-02
2.401535511016845703e-01
-1.764291524887084961e-01
-3.103761672973632812e-01
-6.708461046218872070e-01
-6.597328186035156250e-01
1.620164275169372559e+00
1.409692525863647461e+00
4.657759964466094971e-01
4.479073286056518555e-01
8.889697194099426270e-01
-2.135667800903320312e+00
-8.424404263496398926e-01
-3.285737037658691406e-01
-4.949011802673339844e-01
-3.867068886756896973e-01
-4.803547859191894531e-01
-2.560343265533447266e+00
-1.683806300163269043e+00
-7.715805768966674805e-01
3.084620833396911621e-01
-8.805737495422363281e-01
6.107459068298339844e-01
8.394598960876464844e-03
2.179563045501708984e-02
5.686172246932983398e-01
-2.060698270797729492e+00
4.683058559894561768e-01
2.204735875129699707e-01
-1.097403526306152344e+00
-5.079842805862426758e-01
-9.471368789672851562e-01
-3.433762788772583008e-01
-2.506794929504394531e-01
-1.636514663696289062e-01
-4.908388853073120117e-01
-6.214032173156738281e-01
-2.356426477432250977e+00
-2.620105743408203125e-01
-2.298787832260131836e-01
-8.999145030975341797e-02
4.173262417316436768e-01
-2.089471220970153809e-01
4.599974155426025391e-01
-2.595604896545410156e+00
-1.722001671791076660e+00
-7.885841131210327148e-01
-1.323693990707397461e-01
8.104693889617919922e-02
-6.723843812942504883e-01
-2.225028276443481445e-01
-4.201382398605346680e-01
-6.405894756317138672e-01
-9.140908718109130859e-02
6.420173645019531250e-01
1.855028867721557617e-01
-1.471538186073303223e+00
-2.159768819808959961e+00
-1.891161441802978516e+00
-1.144444108009338379e+00
1.256725788116455078e-01
-1.032487392425537109e+00
-9.204486608505249023e-01
4.970253705978393555e-01
-4.554339647293090820e-01
-2.023598194122314453e+00
5.901613235473632812e-01
1.531428098678588867e-01
-2.986322402954101562e+00
-3.494143009185791016e+00
3.647593259811401367e-01
4.460612535476684570e-01
-7.347705364227294922e-01
4.990339279174804688e-01
-8.905529975891113281e-03
-9.953968524932861328e-01
-7.298977375030517578e-01
-1.207205057144165039e+00
-2.160214900970458984e+00
1.388405561447143555e-01
-5.396863222122192383e-01
-1.225528717041015625e-01
-1.340788722038269043e+00
-2.131806015968322754e-01
-1.062570095062255859e+00
-4.917695522308349609e-01
-1.445851802825927734e+00
9.448897838592529297e-02
5.773496627807617188e-02
-5.271281599998474121e-01
-2.392808198928833008e-01
-1.909746885299682617e+00
-7.306925058364868164e-01
-7.331259846687316895e-01
-1.168112039566040039e+00
-3.248724937438964844e-01
-2.328269183635711670e-01
-2.858502149581909180e+00
-1.018684148788452148e+00
-1.308737993240356445e+00
-7.982952594757080078e-01
1.309189796447753906e-01
-1.894379496574401855e+00
-2.986708164215087891e+00
5.713021755218505859e-01
-1.064774632453918457e+00
-1.892766475677490234e+00
-2.390798807144165039e+00
-6.334127783775329590e-01
-7.575975656509399414e-01
2.601031064987182617e-01
-1.318112611770629883e-01
-8.396573066711425781e-01
-7.419025897979736328e-01
-1.859235644340515137e+00
-8.340296745300292969e-01
-7.862514853477478027e-01
5.182524323463439941e-01
-2.801283836364746094e+00
-1.967520236968994141e+00
-1.405674219131469727e+00
1.820338070392608643e-01
-1.455116510391235352e+00
-3.516013026237487793e-01
3.114102125167846680e+00
-1.196829080581665039e-01
-2.363890409469604492e-01
5.723793506622314453e-01
-1.761342287063598633e-01
-1.015082597732543945e+00
4.251562356948852539e-01
-1.380423188209533691e+00
-1.570857048034667969e+00
-9.331817626953125000e-01
-2.326810359954833984e+00
-4.907383918762207031e-01
-5.174328088760375977e-01
-1.414277195930480957e+00
-2.628985643386840820e-01
3.443816900253295898e-01
-1.318630933761596680e+00
-1.056634902954101562e+00
-1.548272371292114258e+00
-6.871595382690429688e-01
-7.181996107101440430e-01
-5.807133913040161133e-01
-4.242103099822998047e-01
-2.121977210044860840e-01
-1.290570497512817383e-01
-8.048370480537414551e-01
-1.333584308624267578e+00
-1.250700354576110840e+00
-5.647587776184082031e-02
-3.638071060180664062e+00
-4.732637703418731689e-01
2.819216251373291016e-01
-1.427531242370605469e-02
-1.612117886543273926e+00
-3.620553016662597656e-02
4.336452484130859375e-01
-1.086188554763793945e-01
-6.748590469360351562e-01
-5.915961861610412598e-01
-9.542354941368103027e-01
-2.217859506607055664e+00
8.945441246032714844e-02
-5.889477729797363281e-01
-6.749779582023620605e-01
3.336495161056518555e-01
-7.014714479446411133e-01
-1.832909584045410156e-01
1.223454475402832031e-01
-1.467579603195190430e+00
-1.586235046386718750e+00
-2.463686466217041016e+00
-1.079995393753051758e+00
1.118813991546630859e+00
4.552513360977172852e-01
9.471966028213500977e-01
-2.056683063507080078e+00
-1.570291519165039062e-01
4.062438607215881348e-01
-2.973762750625610352e-01
-1.010130286216735840e+00
4.822729825973510742e-01
-1.269358396530151367e+00
-3.192308902740478516e+00
-4.446867704391479492e-01
6.438484191894531250e-01
1.997474431991577148e-01
5.867905020713806152e-01
1.011180877685546875e-01
-2.131629467010498047e+00
-1.163936614990234375e+00
-3.245019912719726562e-02
-3.985719084739685059e-01
3.958945274353027344e-01
1.435672044754028320e-01
-9.113450050354003906e-01
-1.667762994766235352e-01
4.725266695022583008e-01
-1.423966526985168457e+00
-3.129542469978332520e-01
7.365481257438659668e-01
-1.447712779045104980e-01
5.772128701210021973e-01
7.530779838562011719e-01
-5.001084804534912109e-01
1.774720549583435059e-01
3.991658091545104980e-01
-1.071633696556091309e+00
-4.011614322662353516e-01
5.539741516113281250e-01
9.580478072166442871e-01
-3.846980333328247070e-01
-6.732578277587890625e-01
1.173979878425598145e+00
2.388374805450439453e+00
1.060009002685546875e-02
-6.023943424224853516e-02
-1.244863748550415039e+00
-3.455554246902465820e-01
-2.384138822555541992e+00
4.750216305255889893e-01
4.885944128036499023e-01
-1.039458990097045898e+00
-2.000892162322998047e-01
-8.855569362640380859e-01
-1.584971547126770020e+00
-2.705613970756530762e-01
9.585082530975341797e-02
-1.996481418609619141e-02
-1.931121230125427246e+00
-1.101866960525512695e+00
-1.345930099487304688e-01
4.840575456619262695e-01
-2.348379492759704590e-01
-8.535777926445007324e-01
-8.176350593566894531e-02
-2.649501562118530273e-01
3.840713500976562500e-01
-1.283724904060363770e+00
-1.445908546447753906e-01
-6.219273805618286133e-01
-8.101484775543212891e-01
-1.120053768157958984e+00
6.573132276535034180e-01
-3.730876445770263672e-01
-1.139083147048950195e+00
-1.544112563133239746e+00
-7.283024787902832031e-01
-6.840685606002807617e-01
-1.678757786750793457e+00
-2.882772088050842285e-01
-7.779148817062377930e-01
-4.274405956268310547e+00
-9.591782093048095703e-02
-6.826398372650146484e-01
-9.020178318023681641e-01
-9.640705585479736328e-02
-2.515326499938964844e+00
1.342538952827453613e+00
-2.731239795684814453e-01
-9.940339922904968262e-01
2.557742118835449219e+00
-5.745090842247009277e-01
2.625250816345214844e-02
-7.603316307067871094e-01
9.061062335968017578e-01
-7.923251390457153320e-01
4.853531122207641602e-01
-6.219693422317504883e-01
-4.627692699432373047e-01
1.544724702835083008e-01
5.604092478752136230e-01
-7.234859466552734375e-02
-2.681091427803039551e-01
1.349098324775695801e+00
6.950443983078002930e-01
4.086208343505859375e-02
-4.424136579036712646e-01
2.684450149536132812e-02
-8.240900039672851562e-01
-1.240692138671875000e-01
-1.948348045349121094e+00
1.253299117088317871e-01
9.686055183410644531e-01
-3.999571800231933594e-01
-1.148017644882202148e+00
-1.542328715324401855e+00
-6.623437404632568359e-01
3.069251775741577148e-01
-1.581811904907226562e-02
3.139256000518798828e+00
2.561559677124023438e-01
4.664333462715148926e-01
-1.467411518096923828e+00
3.333735466003417969e-02
-3.561227321624755859e-01
-1.255574584007263184e+00
7.143029570579528809e-01
1.333371400833129883e-01
6.668527126312255859e-01
-7.950537204742431641e-01
-9.489680528640747070e-01
-4.389660358428955078e-01
-1.563080072402954102e+00
-1.337331295013427734e+00
-1.903662681579589844e-01
-3.184721469879150391e+00
1.201547741889953613e+00
-2.626284360885620117e-01
9.645056724548339844e-02
1.697297930717468262e+00
-2.427569031715393066e-01
-1.316686391830444336e+00
-1.232481002807617188e+00
-2.674473524093627930e-01
1.164077520370483398e+00
3.085619211196899414e-01
-2.556531906127929688e+00
8.967161178588867188e-03
-2.231180667877197266e-01
4.697807431221008301e-01
5.779728889465332031e-01
-1.273315310478210449e+00
-2.648589611053466797e-01
-2.086397171020507812e+00
3.920941352844238281e-01
1.751121282577514648e-01
-1.970385551452636719e+00
1.101663112640380859e-01
2.682993412017822266e-01
-6.620407104492187500e-03
-6.126916408538818359e-02
-3.567270040512084961e-01
3.719288110733032227e-01
-8.220191001892089844e-01
9.280601143836975098e-01
8.017226457595825195e-01
-6.939253807067871094e-01
-1.462739706039428711e-01
-1.236235022544860840e+00
-6.787411570549011230e-01
-1.426042914390563965e+00
3.903394937515258789e-01
-7.178570032119750977e-01
8.665572404861450195e-01
9.820675849914550781e-02
-8.548468351364135742e-01
-3.885001659393310547e+00
-1.502909064292907715e-01
8.370603322982788086e-01
2.132618427276611328e-01
-7.952558994293212891e-02
-5.162165760993957520e-01
6.224761009216308594e-01
1.083173036575317383e+00
-4.432114362716674805e-01
8.320426940917968750e-02
-3.815417289733886719e-01
2.603232860565185547e-02
-7.013278007507324219e-01
-2.257066726684570312e+00
4.694939851760864258e-01
-2.325795412063598633e+00
-9.497687816619873047e-01
2.073199748992919922e-01
-4.394248008728027344e+00
-4.346489906311035156e-03
2.725795507431030273e-01
1.206367254257202148e+00
-7.379922866821289062e-01
-2.875740766525268555e+00
1.740550100803375244e-01
3.098530769348144531e-01
2.926590442657470703e-01
-1.716021895408630371e+00
-5.661697387695312500e-01
3.055764436721801758e-01
-1.412281155586242676e+00
-6.990069150924682617e-02
9.048494696617126465e-01
-4.009668827056884766e-01
-1.844221830368041992e+00
4.421234130859375000e-01
-7.444245219230651855e-01
5.575032830238342285e-01
3.337090015411376953e-01
-1.276798844337463379e+00
7.176437973976135254e-01
1.118970870971679688e+00
5.109343528747558594e-01
-1.110381841659545898e+00
-3.816350698471069336e+00
-4.961581230163574219e-01
-3.301938772201538086e-01
2.161721885204315186e-01
-1.465301275253295898e+00
-1.216226100921630859e+00
1.680823564529418945e-01
1.175123453140258789e+00
-6.749691963195800781e-01
1.684778928756713867e-02
-4.393795728683471680e-01
-6.928074359893798828e-02
-5.803806781768798828e-01
2.993757724761962891e-01
-3.573726415634155273e-01
-1.048626184463500977e+00
8.593294620513916016e-01
1.018280386924743652e-01
-1.683439016342163086e+00
1.000471115112304688e+00
-9.961280822753906250e-01
-4.661469459533691406e-01
-1.158918142318725586e+00
-8.169651031494140625e-03
-8.190267086029052734e-01
-4.273765087127685547e-01
6.443928480148315430e-01
3.292358517646789551e-01
5.453407764434814453e-01
8.984163999557495117e-01
-2.855642557144165039e+00
1.200104951858520508e-01
-2.272766828536987305e+00
-2.346619367599487305e-01
1.603025197982788086e-02
-1.284892797470092773e+00
-7.163028717041015625e-01
-4.864254295825958252e-01
-9.223070144653320312e-01
-8.776900768280029297e-01
-1.147695899009704590e+00
-1.672291755676269531e-02
-1.343968391418457031e+00
5.006706714630126953e-02
-1.020711213350296021e-01
3.711760044097900391e-02
-2.885387241840362549e-01
-7.556176185607910156e-01
