-6.786983013153076172e-01
1.034439325332641602e+00
-1.944500207901000977e-01
-9.137137532234191895e-01
5.000000000000000000e+00
5.000000000000000000e+00
-2.817014455795288086e-01
3.545936107635498047e+00
-1.044823646545410156e+00
-3.443940877914428711e-01
1.730514764785766602e-01
8.990698456764221191e-01
1.511956453323364258e-01
-2.245191097259521484e+00
1.036441326141357422e-01
1.770168304443359375e+00
-1.385949373245239258e+00
2.135465860366821289e+00
-6.791024208068847656e-01
-1.322426557540893555e+00
-6.590309143066406250e-01
-6.145318746566772461e-01
-1.021214127540588379e+00
-3.582181334495544434e-01
4.117007732391357422e+00
1.046845197677612305e+00
-6.527876853942871094e-01
1.758107542991638184e+00
4.868511199951171875e+00
3.750097513198852539e+00
-6.476427912712097168e-01
5.000000000000000000e+00
1.533659577369689941e+00
-2.255018949508666992e-01
1.247819185256958008e+00
-2.694612026214599609e+00
2.761900901794433594e+00
-1.399979710578918457e+00
7.070394158363342285e-01
2.424399852752685547e+00
1.078193306922912598e+00
-6.077842712402343750e-01
1.633494019508361816e+00
3.134708166122436523e+00
-6.962037086486816406e-02
1.070169210433959961e-01
5.000000000000000000e+00
-6.631256341934204102e-01
1.595488309860229492e+00
-1.256537437438964844e-02
-2.493281841278076172e+00
8.009823560714721680e-01
2.269792705774307251e-01
3.602726459503173828e+00
1.921482324600219727e+00
-1.047601699829101562e+00
7.591361999511718750e-01
-4.500156402587890625e+00
4.624699950218200684e-01
-1.197315931320190430e+00
-1.572241187095642090e+00
-6.472131609916687012e-01
-2.562636137008666992e-01
8.120391368865966797e-01
3.149911165237426758e-01
-5.117137432098388672e-01
2.044472545385360718e-01
-3.304173946380615234e-01
6.066159605979919434e-01
3.376991748809814453e-01
-8.552833795547485352e-01
1.481938600540161133e+00
-9.529731273651123047e-01
5.003523826599121094e-01
1.005417555570602417e-01
5.340002179145812988e-01
5.128949284553527832e-01
1.360323786735534668e+00
8.853369355201721191e-01
-1.028555631637573242e+00
9.751333594322204590e-01
5.000000000000000000e+00
4.486992835998535156e+00
3.670159578323364258e-01
4.925565123558044434e-01
-7.252681255340576172e-02
2.167432308197021484e+00
-3.240098953247070312e-01
3.102305531501770020e-01
3.840716361999511719e+00
4.035298347473144531e+00
3.012619018554687500e-01
2.063128948211669922e+00
-3.282501697540283203e-01
-2.478680610656738281e-01
-1.161834955215454102e+00
-3.773727416992187500e-01
3.824005365371704102e+00
-2.449043273925781250e+00
-2.425517320632934570e+00
-3.054792881011962891e-01
-3.006015419960021973e-01
-7.405599355697631836e-01
8.657681941986083984e-02
-1.259682536125183105e+00
-2.589490413665771484e-01
1.330863237380981445e-01
4.431049346923828125e+00
-8.417818546295166016e-01
1.110480427742004395e+00
2.026840448379516602e-01
2.212828636169433594e+00
1.130772113800048828e+00
-2.479023933410644531e-01
4.702005386352539062e-01
1.692452430725097656e+00
5.164923667907714844e-01
-2.352857589721679688e-01
1.164780139923095703e+00
-1.602634310722351074e+00
4.711370468139648438e-01
4.546458244323730469e+00
1.326886415481567383e+00
1.002632141113281250e+00
-6.290894746780395508e-01
-2.272515296936035156e-01
-8.943176269531250000e-02
2.053442001342773438e-01
-2.794780015945434570e+00
5.000000000000000000e+00
2.217331409454345703e+00
4.811280369758605957e-01
-1.315546333789825439e-01
-3.938841819763183594e-02
-1.020360231399536133e+00
1.551166057586669922e+00
-9.084674119949340820e-01
-6.848077774047851562e-01
2.569778442382812500e+00
1.221942901611328125e+00
1.715832948684692383e+00
-7.630603313446044922e-01
-1.542555570602416992e+00
1.729808807373046875e+00
-5.757096409797668457e-01
-6.128526926040649414e-01
8.400297164916992188e-02
4.499325454235076904e-01
4.032313823699951172e-01
4.514980316162109375e+00
-4.059833288192749023e-01
2.223759174346923828e+00
-6.495314240455627441e-01
3.443148612976074219e+00
-9.051791429519653320e-01
3.392057418823242188e-01
5.000000000000000000e+00
-7.738194465637207031e-01
-1.959809064865112305e-01
-4.038469791412353516e-01
1.379683971405029297e+00
2.224609375000000000e+00
-5.333245992660522461e-01
3.818561792373657227e+00
-1.873339414596557617e-01
-7.257434725761413574e-01
5.000000000000000000e+00
4.395969390869140625e+00
4.660809040069580078e-02
-2.779752314090728760e-01
5.172084569931030273e-01
1.902105093002319336e+00
4.972684383392333984e-01
-1.437961339950561523e+00
5.123939514160156250e-01
-1.175971627235412598e+00
3.797446489334106445e-01
7.448434829711914062e-02
1.898107528686523438e+00
4.901387214660644531e+00
-1.186704635620117188e-02
4.680411338806152344e+00
3.531696081161499023e+00
9.235143661499023438e-04
-1.718398690223693848e+00
-9.681766033172607422e-01
-7.865512371063232422e-02
-4.205782413482666016e-01
-1.821811676025390625e+00
-2.437514066696166992e-01
4.859027385711669922e+00
4.150958061218261719e-01
7.829028367996215820e-01
6.962561011314392090e-01
-1.909656822681427002e-01
4.911303520202636719e+00
5.000000000000000000e+00
-2.084559202194213867e-02
2.771314859390258789e+00
1.332673788070678711e+00
-1.057092547416687012e-01
-1.148795843124389648e+00
-4.739315509796142578e-01
1.725661754608154297e-01
-2.581839561462402344e-01
-5.552372932434082031e-01
5.000000000000000000e+00
1.198305368423461914e+00
2.066861391067504883e+00
4.531471252441406250e+00
5.000000000000000000e+00
1.773761510848999023e-01
-1.309978246688842773e+00
6.277036666870117188e-01
-5.197355151176452637e-01
8.344618678092956543e-01
4.808239936828613281e+00
-2.695618867874145508e-01
1.039357185363769531e-01
2.289754152297973633e-01
-8.633543252944946289e-01
8.637102842330932617e-01
-6.053370237350463867e-02
7.295414209365844727e-01
-3.995227813720703125e-01
-1.787074804306030273e-01
9.626783132553100586e-01
-7.760267257690429688e-01
6.973842382431030273e-01
1.022247672080993652e+00
3.769880294799804688e+00
-5.041334629058837891e-01
-6.142918467521667480e-01
1.014742851257324219e-01
1.664818525314331055e-01
9.120334386825561523e-01
1.723417639732360840e-01
2.469092845916748047e+00
-6.476097702980041504e-01
-4.862245321273803711e-01
3.730528831481933594e+00
-3.219717025756835938e+00
2.632610201835632324e-01
1.166011214256286621e+00
2.212063074111938477e-01
1.137960910797119141e+00
-9.122974276542663574e-01
4.917147159576416016e-01
5.553410053253173828e-01
-4.024255275726318359e-02
4.647645950317382812e+00
1.141377568244934082e+00
-3.915401697158813477e-01
4.630818843841552734e+00
-1.479005813598632812e-01
9.317240715026855469e-01
-5.190798044204711914e-01
5.000000000000000000e+00
-1.038087606430053711e+00
2.565783262252807617e+00
4.337815046310424805e-01
-2.307674169540405273e+00
3.512588739395141602e-01
-5.019438266754150391e-01
3.608251810073852539e-01
5.328143835067749023e-01
9.071797132492065430e-02
4.550673484802246094e+00
3.129663467407226562e-01
-8.822077512741088867e-02
7.243350744247436523e-01
6.786550879478454590e-01
-6.797231435775756836e-01
-7.919809818267822266e-01
2.457349300384521484e-01
-1.158121228218078613e-01
1.934479355812072754e+00
3.579405546188354492e-01
-2.408512830734252930e-01
-1.924723386764526367e-01
-8.342496156692504883e-01
5.907195806503295898e-02
3.877245187759399414e-01
6.338026523590087891e-01
2.878476381301879883e+00
3.181419372558593750e-01
2.779282331466674805e+00
-1.271572947502136230e+00
4.106205940246582031e+00
-5.096378326416015625e-01
4.781612873077392578e+00
-1.705102443695068359e+00
6.043145060539245605e-01
1.099605560302734375e+00
5.700229406356811523e-01
-1.170941114425659180e+00
1.399874210357666016e+00
4.926240444183349609e+00
2.522104978561401367e-02
3.028079867362976074e-02
6.182514429092407227e-01
2.899540662765502930e+00
-6.675425767898559570e-01
-1.748011350631713867e+00
-1.022924900054931641e+00
3.193783998489379883e+00
-2.723739743232727051e-01
-9.676063656806945801e-01
-5.632961392402648926e-01
5.000000000000000000e+00
3.783182382583618164e+00
-7.456931471824645996e-01
-7.878029346466064453e-01
-2.574976682662963867e-01
-2.683010101318359375e-01
9.354088306427001953e-01
4.464613199234008789e-01
7.907824516296386719e-01
-3.390725851058959961e-01
6.412611007690429688e-01
-3.551379442214965820e-01
-4.764474630355834961e-01
1.295575499534606934e-01
3.244869470596313477e+00
4.526020050048828125e+00
1.907123088836669922e+00
-1.043028831481933594e-01
4.411818981170654297e+00
3.771340847015380859e-02
6.072614789009094238e-01
8.211797475814819336e-01
3.867482900619506836e+00
1.391156196594238281e+00
9.741638302803039551e-01
1.280978620052337646e-01
3.915712833404541016e-01
1.341788768768310547e+00
2.103246748447418213e-01
1.702042698860168457e+00
4.282534122467041016e-02
-4.155293107032775879e-01
3.337170124053955078e+00
4.949312210083007812e-01
5.649062991142272949e-01
4.265375137329101562e-01
-4.186785221099853516e-02
2.642934322357177734e+00
8.450967073440551758e-01
4.248603820800781250e+00
-3.609437942504882812e-01
-1.336444973945617676e+00
2.959407567977905273e-01
4.142032563686370850e-01
1.310473203659057617e+00
-3.007836937904357910e-01
8.044498562812805176e-01
-9.900748729705810547e-01
-9.287345409393310547e-02
-7.629328966140747070e-01
5.000000000000000000e+00
9.449389576911926270e-01
-1.072578310966491699e+00
-6.919925212860107422e-01
-8.117113113403320312e-01
-2.319772243499755859e-01
2.387676954269409180e+00
5.637596845626831055e-01
4.386526942253112793e-01
-1.444036960601806641e+00
8.050069212913513184e-02
7.683510184288024902e-01
7.060538530349731445e-01
8.643140196800231934e-01
4.976998567581176758e-01
4.350666999816894531e-01
5.000000000000000000e+00
2.087848186492919922e+00
4.410929203033447266e+00
1.899486780166625977e-01
6.553876399993896484e-01
2.415400266647338867e+00
6.136983633041381836e-01
-2.951960563659667969e-01
2.249440193176269531e+00
1.040978670120239258e+00
4.790448188781738281e+00
-1.369518876075744629e+00
5.000000000000000000e+00
4.034384727478027344e+00
-6.297316551208496094e-01
-5.734455585479736328e-01
-1.039658308029174805e+00
1.429055929183959961e+00
5.000000000000000000e+00
-9.844999313354492188e-01
-1.509068012237548828e+00
3.152350783348083496e-01
-3.479058980941772461e+00
5.603827238082885742e-01
-4.697765111923217773e-01
-8.171348571777343750e-01
-2.554178237915039062e-03
9.963158965110778809e-01
-5.168554782867431641e-01
3.081961154937744141e+00
2.420190811157226562e+00
-1.239656329154968262e+00
5.248730182647705078e-01
5.293344855308532715e-01
3.989542007446289062e+00
-1.072525978088378906e-03
2.171039104461669922e+00
-1.357917070388793945e+00
1.103118896484375000e+00
1.258203625679016113e+00
1.855977296829223633e+00
-8.500071763992309570e-01
3.823720812797546387e-01
8.060239553451538086e-01
1.240317225456237793e-01
-6.901843547821044922e-01
-1.471251130104064941e+00
2.448614597320556641e+00
-3.025888204574584961e-01
-1.218885183334350586e-02
-1.864333152770996094e-01
1.600576877593994141e+00
9.026055335998535156e-01
1.700302958488464355e-02
1.343364119529724121e-01
6.254322528839111328e-01
-2.987653017044067383e-01
5.856837034225463867e-01
1.467886447906494141e+00
-1.969915628433227539e-01
-4.818788766860961914e-01
3.206698298454284668e-01
-3.062380552291870117e-01
-3.632712364196777344e-02
1.157878041267395020e+00
2.080414295196533203e-01
-1.213123798370361328e-01
4.881115913391113281e+00
3.714540004730224609e+00
-6.087913513183593750e-01
4.674458503723144531e-02
5.000000000000000000e+00
3.472275733947753906e-01
9.045972824096679688e-01
4.780486106872558594e+00
-3.586659431457519531e-01
2.967302083969116211e+00
5.000000000000000000e+00
-2.744333982467651367e+00
-5.133414268493652344e-01
1.748397231101989746e+00
1.633947849273681641e+00
4.574116230010986328e+00
2.548056602478027344e+00
-1.554397344589233398e-01
-7.320266962051391602e-02
1.281777381896972656e+00
2.532398462295532227e+00
-1.313823342323303223e+00
3.843616843223571777e-01
6.129372715950012207e-01
1.222894072532653809e+00
-8.636735677719116211e-01
8.208234310150146484e-01
6.388651132583618164e-01
2.649684667587280273e+00
3.770097255706787109e+00
4.466413021087646484e+00
-1.156658768653869629e+00
-7.003700137138366699e-01
-8.746206760406494141e-02
6.541743278503417969e-01
7.386801838874816895e-01
5.000000000000000000e+00
-5.963627099990844727e-01
-1.197857856750488281e+00
1.773838877677917480e+00
2.302674055099487305e+00
-2.672023773193359375e+00
6.431065797805786133e-01
1.036469221115112305e+00
3.981786251068115234e+00
6.753535270690917969e-01
4.168456077575683594e+00
8.754842281341552734e-01
8.127708435058593750e-01
4.229633808135986328e+00
7.244229912757873535e-01
-1.836766242980957031e+00
2.163039922714233398e+00
1.203205823898315430e+00
-1.906204223632812500e-01
9.894258975982666016e-01
1.318543910980224609e+00
4.505921363830566406e+00
-1.868396401405334473e-01
-6.807433366775512695e-01
-9.893988966941833496e-01
-8.583593368530273438e-02
-1.395604133605957031e+00
1.727598667144775391e+00
8.710467815399169922e-02
9.890455007553100586e-01
-2.847093343734741211e-01
2.339239597320556641e+00
-7.744669914245605469e-02
1.809774160385131836e+00
-2.914667129516601562e-02
2.178329467773437500e+00
-1.210529446601867676e+00
5.512672662734985352e-02
-3.104677200317382812e-01
-1.089892864227294922e+00
3.540798187255859375e+00
-1.228736639022827148e-01
1.646804213523864746e-01
-2.060846388339996338e-01
6.584420800209045410e-01
-1.699856519699096680e-01
4.355262517929077148e-01
-5.559636354446411133e-01
-1.260964870452880859e-01
-2.137735366821289062e+00
-1.649043560028076172e-01
4.448092937469482422e+00
1.347998976707458496e-01
4.008607268333435059e-01
7.364901900291442871e-01
-6.250448226928710938e-01
-3.128831684589385986e-01
2.426065206527709961e-01
-1.843930482864379883e-01
-3.717851638793945312e-01
-6.070196628570556641e-01
7.428416013717651367e-01
-7.210175991058349609e-01
1.325502395629882812e-01
3.855342149734497070e+00
-1.091012954711914062e-01
2.215867996215820312e+00
-3.241591453552246094e-01
1.302375316619873047e+00
7.544785737991333008e-01
3.111422955989837646e-01
3.260562419891357422e+00
1.215927839279174805e+00
9.884309768676757812e-02
8.626186847686767578e-02
-2.183203399181365967e-01
-1.214265584945678711e+00
5.000000000000000000e+00
-4.121218919754028320e-01
3.445410728454589844e-01
2.064592599868774414e+00
1.140676856040954590e+00
9.772636890411376953e-01
-1.591153383255004883e+00
2.398558378219604492e+00
7.419774532318115234e-01
-1.637395620346069336e+00
-1.115874052047729492e+00
2.542870044708251953e-01
-1.891524195671081543e-01
2.544567584991455078e-01
4.162878990173339844e-01
2.059606552124023438e+00
5.000000000000000000e+00
3.162977695465087891e-01
8.879595398902893066e-01
6.150438785552978516e-01
-1.202567934989929199e+00
-3.001834392547607422e+00
-1.229689717292785645e-01
-1.890678882598876953e+00
-9.312665462493896484e-01
1.317019224166870117e+00
3.824178457260131836e+00
-4.535698890686035156e-01
-1.099615693092346191e-01
3.904063940048217773e+00
7.119271159172058105e-01
5.665224790573120117e-02
1.037117481231689453e+00
-1.558933258056640625e-01
-1.450496912002563477e-01
2.333018064498901367e+00
2.793339490890502930e-01
-7.618325948715209961e-01
-1.054709851741790771e-01
5.029789209365844727e-01
4.691046714782714844e+00
-1.078625798225402832e+00
4.850099086761474609e-01
5.000000000000000000e+00
2.059860467910766602e+00
-1.494150996208190918e+00
-6.678645610809326172e-01
9.880573749542236328e-01
2.206911563873291016e+00
-1.739200055599212646e-01
7.939544916152954102e-01
3.755617141723632812e-02
5.560743808746337891e-01
-6.415748596191406250e-02
8.109548687934875488e-01
7.031438350677490234e-01
1.008629202842712402e+00
4.723259806632995605e-01
2.520304679870605469e+00
1.523223876953125000e+00
2.646636962890625000e-01
4.835682868957519531e+00
2.295735359191894531e+00
1.165936231613159180e+00
4.677736759185791016e-01
2.796903848648071289e-01
-4.372938871383666992e-01
3.579356431961059570e+00
3.970099449157714844e+00
-8.696535825729370117e-01
4.339083671569824219e+00
2.626707553863525391e-01
-3.352147936820983887e-01
-3.499829173088073730e-01
3.815454721450805664e+00
-2.237882614135742188e-01
3.007879257202148438e-01
9.721218347549438477e-01
1.649789810180664062e-01
-2.050587534904479980e-01
2.736468315124511719e+00
2.901303768157958984e+00
-6.475456953048706055e-01
-9.779416322708129883e-01
4.668128013610839844e+00
-3.267765045166015625e+00
-9.537477493286132812e-01
-3.078279495239257812e-01
4.904675185680389404e-01
2.896424293518066406e+00
2.601240873336791992e-01
3.772232532501220703e-01
-3.570916652679443359e-01
3.595287084579467773e+00
3.716260194778442383e-01
4.429954051971435547e+00
2.275576114654541016e+00
9.224426746368408203e-02
5.265375375747680664e-01
2.226298809051513672e+00
3.857877254486083984e-01
2.112447261810302734e+00
-6.012811660766601562e-01
-2.392544746398925781e+00
2.783197402954101562e+00
-1.396324634552001953e-01
-1.051963329315185547e+00
-2.465590238571166992e-01
1.124782562255859375e-01
-9.804443120956420898e-01
4.131735563278198242e-01
8.398628234863281250e-02
-5.501346588134765625e-01
9.939551353454589844e-01
-1.036662697792053223e+00
-5.206656455993652344e-02
-4.791440486907958984e+00
5.000000000000000000e+00
-7.369917631149291992e-01
-1.148491501808166504e+00
4.848795890808105469e+00
-1.407262086868286133e-01
4.641276359558105469e+00
9.610978364944458008e-01
-9.065481424331665039e-01
2.877026796340942383e+00
-2.579774379730224609e+00
4.706861495971679688e+00
2.298159837722778320e+00
2.060106754302978516e+00
-9.826028347015380859e-01
1.098180651664733887e+00
4.155997037887573242e-01
-5.726279020309448242e-01
-1.094366073608398438e+00
6.067273616790771484e-01
-3.486323356628417969e-01
5.000000000000000000e+00
1.516727447509765625e+00
4.628969430923461914e-01
-1.757715106010437012e+00
4.163535594940185547e+00
-5.507737398147583008e-01
4.094934463500976562e-01
-2.247249186038970947e-01
3.148559808731079102e+00
-1.305201530456542969e+00
-8.463304042816162109e-01
-1.164041757583618164e-01
3.289538621902465820e-01
2.322530746459960938e-02
3.057511329650878906e+00
-1.612987279891967773e+00
-7.363528013229370117e-02
-1.248247385025024414e+00
3.747100234031677246e-01
1.340899348258972168e+00
-6.544165611267089844e-01
8.340708017349243164e-01
2.334272861480712891e-02
8.444548845291137695e-01
-8.440468311309814453e-01
-2.192686080932617188e+00
4.110250949859619141e+00
-2.228530406951904297e+00
-1.885305881500244141e+00
8.411312103271484375e-01
-3.744047582149505615e-01
4.460968971252441406e+00
7.421393394470214844e-01
-1.091954231262207031e+00
6.421087980270385742e-01
-2.026919126510620117e-01
-6.383454799652099609e-01
3.136549949645996094e+00
1.087581157684326172e+00
-2.550804615020751953e-02
-6.071232557296752930e-01
3.782126903533935547e+00
5.000000000000000000e+00
-1.560258865356445312e+00
-8.035226464271545410e-01
4.421603202819824219e+00
5.564711689949035645e-01
-8.590999841690063477e-01
2.747431397438049316e-01
-4.669612646102905273e-01
3.533820629119873047e+00
-3.380037546157836914e-01
2.205383777618408203e-01
-3.232756853103637695e-01
2.049959659576416016e+00
-5.723950862884521484e-01
-1.988366842269897461e+00
2.896557331085205078e+00
3.467628479003906250e+00
3.933437466621398926e-01
4.409450531005859375e+00
3.324489593505859375e-01
4.250627756118774414e-01
5.723244547843933105e-01
8.189451694488525391e-02
2.530774354934692383e+00
2.363498210906982422e-01
4.556789398193359375e+00
-7.061195373535156250e-02
-4.181870222091674805e-01
5.439749956130981445e-01
5.513985157012939453e-01
-5.813966989517211914e-01
-9.316369295120239258e-01
2.640606164932250977e-01
9.352491497993469238e-01
4.029005765914916992e-01
1.551260948181152344e-01
-1.779621124267578125e+00
-1.651783108711242676e+00
3.148676156997680664e-01
1.392113566398620605e-01
4.135622978210449219e+00
-4.640866518020629883e-01
8.490248322486877441e-01
1.690857648849487305e+00
2.136735439300537109e+00
5.443801283836364746e-01
-1.292634606361389160e+00
-1.620387315750122070e+00
-1.111944913864135742e-01
-1.094917058944702148e-01
-1.442518472671508789e+00
7.567686438560485840e-01
-6.148008108139038086e-01
7.737465500831604004e-01
4.496368408203125000e+00
-7.131340503692626953e-01
1.051042795181274414e+00
-6.213412284851074219e-01
-2.083584666252136230e-01
-1.129095435142517090e+00
5.532836914062500000e-01
-3.778343200683593750e-01
-2.312169671058654785e-01
3.811171770095825195e+00
4.792993068695068359e-01
-1.059889793395996094e-01
5.400260686874389648e-01
3.759698390960693359e+00
4.373703002929687500e-01
-2.286915779113769531e-01
2.860165834426879883e-01
-1.226651668548583984e-02
9.717623591423034668e-01
2.867594718933105469e+00
-1.554269313812255859e+00
-6.040745973587036133e-01
-2.403695583343505859e-01
5.000000000000000000e+00
-2.855356335639953613e-01
4.766643524169921875e+00
1.148613452911376953e+00
4.523131847381591797e+00
-1.224042296409606934e+00
2.606981277465820312e+00
-1.737682819366455078e-01
3.911686658859252930e+00
1.030556559562683105e+00
2.945526838302612305e-01
-1.079264283180236816e+00
-1.380515575408935547e+00
1.455768942832946777e+00
-4.312515258789062500e-01
8.042196035385131836e-01
-2.661324977874755859e+00
2.380133271217346191e-01
-6.079560518264770508e-02
5.000000000000000000e+00
-1.161450147628784180e+00
4.180176734924316406e+00
1.770966649055480957e-01
1.477677822113037109e+00
-1.437075495719909668e+00
1.310572385787963867e+00
3.288395643234252930e+00
2.524614334106445312e-03
4.480774879455566406e+00
-3.511106371879577637e-01
6.450980901718139648e-01
1.919335365295410156e+00
8.963739871978759766e-02
3.367661476135253906e+00
3.467608690261840820e-01
-1.196884751319885254e+00
1.920768737792968750e+00
3.259496688842773438e-01
1.356379985809326172e-01
5.000000000000000000e+00
-8.892776966094970703e-01
-1.566763758659362793e+00
-1.645205974578857422e+00
-5.449891090393066406e-02
-1.143499612808227539e-01
8.896723985671997070e-01
-5.781172513961791992e-01
-8.746933937072753906e-02
-3.748440742492675781e-01
4.525640010833740234e-01
4.070706844329833984e+00
9.639087915420532227e-01
5.000000000000000000e+00
1.231826066970825195e+00
-3.583322763442993164e-01
5.000000000000000000e+00
-7.644535303115844727e-01
-2.823026418685913086e+00
4.365088343620300293e-01
3.922600746154785156e+00
-3.454023003578186035e-01
4.469752311706542969e+00
5.931413769721984863e-01
-1.126884818077087402e+00
1.449224948883056641e-01
4.853296279907226562e-01
1.371749639511108398e-01
1.859856605529785156e+00
-9.651865959167480469e-01
-1.305775165557861328e+00
7.347574234008789062e-01
-4.616234302520751953e-01
4.165158271789550781e+00
-3.077337741851806641e+00
-2.577010154724121094e+00
5.000000000000000000e+00
7.435213327407836914e-01
-6.512910127639770508e-01
-2.247452735900878906e-01
3.834978103637695312e+00
8.256323337554931641e-01
6.311351060867309570e-01
9.027354717254638672e-01
-9.769328832626342773e-01
-6.321943998336791992e-01
-2.195301294326782227e+00
1.070310115814208984e+00
3.319597244262695312e-02
3.976838588714599609e-01
1.187469482421875000e+00
-8.403052687644958496e-01
-1.574993133544921875e-02
-7.172063589096069336e-01
5.000000000000000000e+00
1.639753222465515137e+00
5.000000000000000000e+00
1.868675470352172852e+00
-6.474062204360961914e-01
-3.914171457290649414e-02
