1.242748856544494629e+00
4.785518646240234375e+00
1.727670431137084961e+00
1.801887035369873047e+00
5.000000000000000000e+00
3.651311397552490234e+00
4.171729087829589844e+00
3.522673606872558594e+00
1.041788220405578613e+00
3.950316905975341797e-01
-1.529954671859741211e-01
-1.276442170143127441e+00
-1.875382900238037109e+00
5.000000000000000000e+00
8.841826319694519043e-01
1.056035399436950684e+00
-3.022119998931884766e-01
-6.176245212554931641e-02
5.000000000000000000e+00
-3.182030916213989258e-01
1.419831752777099609e+00
1.884336471557617188e+00
2.288330078125000000e+00
4.416234493255615234e-01
1.593083262443542480e+00
7.436924576759338379e-01
-7.586140632629394531e-01
-1.788569331169128418e+00
8.349301815032958984e-01
4.177604913711547852e-01
-3.915823698043823242e-01
6.230795979499816895e-01
7.886761426925659180e-02
6.752573847770690918e-01
4.172691822052001953e+00
-1.425653696060180664e-01
-5.992150306701660156e-01
-1.316710233688354492e+00
5.000000000000000000e+00
-1.219090223312377930e-01
-8.955538272857666016e-02
-4.186253547668457031e-01
-1.749931335449218750e+00
2.651680946350097656e+00
-3.652713894844055176e-01
-3.062144517898559570e-01
3.210453987121582031e-01
1.370677947998046875e+00
-6.285362243652343750e-01
1.049387693405151367e+00
-1.541744232177734375e+00
2.274286031723022461e+00
5.126472711563110352e-01
2.574601173400878906e-01
4.583679676055908203e+00
1.506396532058715820e-01
1.416304111480712891e-01
-7.441400289535522461e-01
1.025853514671325684e+00
1.935706377029418945e+00
4.495544433593750000e+00
7.939401865005493164e-01
-4.833316504955291748e-01
4.416735172271728516e+00
-1.855409145355224609e-02
-1.957781434059143066e+00
1.425737142562866211e-01
1.846287012100219727e+00
6.267566680908203125e-01
-1.056877255439758301e+00
4.104789257049560547e+00
-1.217986106872558594e+00
-6.146646738052368164e-01
9.777580499649047852e-01
4.844457626342773438e+00
-4.478845596313476562e-01
5.000000000000000000e+00
7.471892237663269043e-01
-2.586888074874877930e-01
7.542502880096435547e-01
5.000000000000000000e+00
-6.475791931152343750e-01
1.367753505706787109e+00
1.062051653861999512e+00
1.183685660362243652e+00
1.262011289596557617e+00
3.442569255828857422e+00
-7.457728385925292969e-01
-6.785410642623901367e-01
8.360329866409301758e-01
3.919707059860229492e+00
2.402987241744995117e+00
1.382314562797546387e-01
-8.520638942718505859e-02
4.318297386169433594e+00
-1.101335763931274414e+00
-8.327907323837280273e-01
4.441691875457763672e+00
7.355705499649047852e-01
-1.483576536178588867e+00
4.020334243774414062e+00
2.546844482421875000e-01
1.396323442459106445e-01
2.399872064590454102e+00
-2.495810031890869141e+00
4.793309211730957031e+00
-6.701120138168334961e-01
4.058743715286254883e-01
4.654443264007568359e-02
-1.199132204055786133e-01
1.665544986724853516e+00
-3.933572769165039062e-01
9.096336364746093750e-01
1.128396749496459961e+00
5.000000000000000000e+00
4.851313829421997070e-01
3.101713418960571289e+00
-1.613776922225952148e+00
-1.619555115699768066e+00
4.277337789535522461e-01
1.248639822006225586e-02
-3.859616518020629883e-01
1.064301729202270508e+00
-8.630778789520263672e-01
-7.250736951828002930e-01
3.988311886787414551e-01
1.421820282936096191e+00
-1.581048965454101562e-01
-1.994449496269226074e-01
4.365085959434509277e-01
3.935916185379028320e+00
2.182744741439819336e+00
5.000000000000000000e+00
3.911877870559692383e+00
-2.029358148574829102e-01
6.838319897651672363e-01
4.432905673980712891e+00
2.414124250411987305e+00
3.816699981689453125e-01
-2.467736721038818359e+00
8.711094856262207031e-01
3.711746215820312500e+00
4.405150413513183594e-01
1.387690544128417969e+00
6.757852435111999512e-01
-2.258720397949218750e-01
-6.490082740783691406e-01
-8.343935012817382812e-02
-5.000448226928710938e-02
4.484691619873046875e-01
4.675522446632385254e-01
3.860924959182739258e+00
8.682656288146972656e-02
1.479969978332519531e+00
5.626301765441894531e-01
9.176735281944274902e-01
2.910360336303710938e+00
3.756976842880249023e+00
1.147511363029479980e+00
3.060636520385742188e-01
4.140390396118164062e+00
-1.304734110832214355e+00
1.746224164962768555e+00
2.906322002410888672e+00
3.623191595077514648e+00
8.809804916381835938e-03
2.652492523193359375e-01
1.957797408103942871e-01
-7.353169918060302734e-01
1.703399419784545898e-01
5.000000000000000000e+00
-5.017230510711669922e-01
1.213270187377929688e+00
1.297131776809692383e+00
-1.160404682159423828e-01
5.032550096511840820e-01
-2.904484272003173828e-01
4.742945194244384766e+00
-1.488687038421630859e+00
-2.434230148792266846e-01
-2.393990993499755859e+00
3.886776924133300781e+00
1.884445309638977051e+00
7.520854473114013672e-02
-3.590893268585205078e+00
-7.714371681213378906e-01
4.119886875152587891e+00
-2.033572196960449219e-01
-1.211546510457992554e-01
4.607302665710449219e+00
3.015579700469970703e+00
-1.460478305816650391e-01
2.237445712089538574e-01
5.000000000000000000e+00
-1.220710158348083496e+00
-8.763277530670166016e-01
3.520834445953369141e-02
-6.467587351799011230e-01
8.642349243164062500e-01
-9.671977758407592773e-01
7.851792573928833008e-01
-1.761309146881103516e+00
1.737478613853454590e+00
-8.228397369384765625e-02
1.308359026908874512e+00
1.832649707794189453e-01
5.000000000000000000e+00
1.312024831771850586e+00
-3.617326021194458008e-01
9.085334539413452148e-01
-2.593109309673309326e-01
-2.941892147064208984e+00
2.149908542633056641e-01
-2.253288984298706055e+00
2.035216569900512695e+00
4.012187957763671875e+00
2.050467252731323242e+00
1.780804276466369629e+00
1.104458808898925781e+00
1.193633198738098145e+00
8.641752004623413086e-01
2.455674648284912109e+00
-1.948671936988830566e-01
-1.229798913002014160e+00
6.129772663116455078e-01
-1.100372552871704102e+00
1.384324550628662109e+00
6.218924522399902344e-01
-6.671786904335021973e-01
1.162570714950561523e-01
3.676838874816894531e+00
-1.986721754074096680e-01
4.503721714019775391e+00
-1.595315933227539062e+00
1.582182645797729492e-01
4.474702835083007812e+00
-1.536624073982238770e+00
1.218322277069091797e+00
4.705764770507812500e+00
5.778394937515258789e-01
1.160361886024475098e+00
2.382676601409912109e+00
6.409852504730224609e-01
2.322890281677246094e+00
3.728395938873291016e+00
7.320668697357177734e-01
2.132208108901977539e+00
-2.193977832794189453e-01
2.034790515899658203e+00
-3.977246284484863281e-01
4.078494071960449219e+00
-1.517971754074096680e+00
-3.672631978988647461e-01
1.352388858795166016e-01
-1.600598573684692383e+00
1.121244430541992188e+00
-9.958177804946899414e-01
2.276585340499877930e+00
1.866306066513061523e-01
8.302241563796997070e-01
-3.974075317382812500e-01
4.192811965942382812e+00
-1.287702441215515137e+00
1.215720057487487793e+00
4.424261569976806641e+00
7.855714559555053711e-01
8.673964738845825195e-01
4.811972618103027344e+00
2.341004610061645508e+00
4.376133441925048828e+00
1.131112575531005859e-01
3.110308647155761719e+00
1.603155732154846191e+00
-4.629377722740173340e-01
-4.625538587570190430e-01
1.152507364749908447e-01
2.588286399841308594e-01
-2.860743999481201172e-01
-1.332116127014160156e-01
1.248829245567321777e+00
5.000000000000000000e+00
-5.741524696350097656e-01
4.152699470520019531e+00
2.463046312332153320e-01
2.061026096343994141e-01
2.075830698013305664e-01
1.056671738624572754e+00
1.293637990951538086e+00
-2.431843042373657227e+00
4.414411544799804688e+00
3.908865690231323242e+00
-2.085266113281250000e-01
-1.110822558403015137e-01
-5.150125026702880859e-01
5.000000000000000000e+00
4.333559870719909668e-01
-3.149271011352539062e-02
-3.291413784027099609e-01
5.357134342193603516e-02
1.305801272392272949e+00
2.335127592086791992e-01
-9.857587814331054688e-01
1.275093793869018555e+00
9.027102589607238770e-01
-3.661518990993499756e-01
1.229895710945129395e+00
1.908603906631469727e-01
-5.331772565841674805e-01
1.192079782485961914e-01
4.875657856464385986e-01
-1.454903006553649902e+00
-7.092025876045227051e-01
-1.584022521972656250e+00
-9.972319602966308594e-01
-2.044866681098937988e-01
4.529553413391113281e+00
-2.682818174362182617e-01
2.848453521728515625e-01
1.646424531936645508e+00
5.000000000000000000e+00
5.000000000000000000e+00
4.381166458129882812e+00
2.592247247695922852e+00
-2.555483818054199219e+00
2.839541435241699219e-02
1.028964400291442871e+00
3.572551250457763672e+00
-7.382946014404296875e-01
3.037491798400878906e+00
-2.377049922943115234e-01
1.685470819473266602e+00
-1.374372839927673340e-01
2.955464839935302734e+00
2.468804359436035156e+00
2.162933349609375000e-01
-3.400509357452392578e-01
4.196593284606933594e+00
1.268703222274780273e+00
6.825107336044311523e-01
4.955093860626220703e-01
-5.455411672592163086e-01
1.166176438331604004e+00
1.390788555145263672e-01
-2.484925031661987305e+00
7.260085344314575195e-01
8.450114727020263672e-01
1.289195179939270020e+00
1.936154365539550781e+00
2.967115879058837891e+00
1.114250779151916504e+00
-1.350242376327514648e+00
4.442156314849853516e+00
1.919656038284301758e+00
1.827147603034973145e-01
4.439218640327453613e-01
-2.302313327789306641e+00
-4.949347972869873047e-01
1.940245270729064941e+00
-6.221909523010253906e-01
5.000000000000000000e+00
1.932971477508544922e-01
1.284157991409301758e+00
-3.171470761299133301e-01
-1.874064207077026367e-01
1.448297500610351562e-02
2.586300373077392578e-01
2.650019407272338867e+00
1.012334823608398438e+00
2.708096504211425781e+00
2.752300500869750977e-01
-8.402975797653198242e-01
4.176806449890136719e+00
-2.545988559722900391e+00
-7.121746540069580078e-01
-1.835631370544433594e+00
1.500973105430603027e+00
-3.749090433120727539e-01
-6.401076912879943848e-02
1.226233959197998047e+00
3.099409341812133789e-01
1.130759477615356445e+00
5.103027820587158203e-01
-6.484448313713073730e-01
4.359872817993164062e+00
-6.242280006408691406e-01
-2.593097686767578125e+00
2.878185510635375977e-01
-1.673763036727905273e+00
2.257806062698364258e-01
-1.045783996582031250e+00
5.000000000000000000e+00
4.522593021392822266e+00
2.390559196472167969e+00
5.428721904754638672e-01
-2.438079118728637695e-01
-9.936902523040771484e-01
7.095695734024047852e-01
-2.004037857055664062e+00
1.028857588768005371e+00
1.433524608612060547e+00
4.587678432464599609e+00
1.120121121406555176e+00
-1.011882901191711426e+00
-9.488362073898315430e-01
1.265215873718261719e-01
-1.093270778656005859e+00
3.236054897308349609e+00
2.109823226928710938e-01
3.675262928009033203e+00
2.851122856140136719e+00
-5.970859527587890625e-02
1.049943566322326660e+00
1.209438443183898926e+00
1.600964069366455078e-01
5.192415714263916016e-01
-5.711739063262939453e-01
-7.780933380126953125e-02
6.393057107925415039e-01
4.358156681060791016e+00
-5.894292593002319336e-01
1.136555671691894531e-01
-1.385570764541625977e-01
2.442701578140258789e+00
7.340124845504760742e-01
1.214456558227539062e-01
1.516227006912231445e+00
-1.193063974380493164e+00
-2.378498554229736328e+00
5.000000000000000000e+00
-4.914184808731079102e-01
1.649527668952941895e+00
-4.935146570205688477e-01
4.931805610656738281e+00
3.641217231750488281e+00
6.653535366058349609e-01
-4.395402669906616211e-01
6.044229269027709961e-01
1.049780726432800293e+00
6.131230592727661133e-01
1.800833582878112793e+00
6.377433538436889648e-01
3.650199174880981445e+00
-4.561847448348999023e-01
-7.109725475311279297e-01
-8.415193557739257812e-01
-1.576195955276489258e-01
-2.228250503540039062e-01
9.341610670089721680e-01
3.685856342315673828e+00
2.799545288085937500e+00
3.621712923049926758e-01
-4.253962934017181396e-01
4.063579559326171875e+00
-5.205283761024475098e-01
1.411691546440124512e+00
-7.190491557121276855e-01
-1.035244464874267578e-01
8.952240943908691406e-01
-3.089751601219177246e-01
1.013058662414550781e+00
3.743358373641967773e+00
-8.373967409133911133e-01
-1.237976551055908203e+00
2.633946537971496582e-01
7.211148738861083984e-01
8.056038618087768555e-01
5.000000000000000000e+00
2.121413707733154297e+00
-6.382274627685546875e-02
5.000000000000000000e+00
2.579047679901123047e-01
1.573915719985961914e+00
3.101122856140136719e+00
1.294249892234802246e+00
4.302331447601318359e+00
-5.196720361709594727e-01
2.530411243438720703e+00
2.241697549819946289e+00
-4.697102904319763184e-01
1.083721876144409180e+00
-2.292419433593750000e+00
8.826250433921813965e-01
4.290794849395751953e+00
-3.901998996734619141e-01
5.000000000000000000e+00
4.195528030395507812e+00
6.534372568130493164e-01
-6.868364810943603516e-01
2.477077245712280273e-01
-1.291726469993591309e+00
2.244761466979980469e+00
-3.665804862976074219e-02
1.465203762054443359e-01
5.799589157104492188e-01
-8.593100309371948242e-02
-9.005565643310546875e-01
3.211548328399658203e-01
-3.968310356140136719e-01
3.067654371261596680e-01
2.691818237304687500e+00
-7.140803337097167969e-02
-2.941493391990661621e-01
3.733116626739501953e+00
-3.822045326232910156e-01
-2.206847667694091797e-01
5.521073341369628906e-01
5.681123733520507812e-01
-1.952949285507202148e+00
-2.714306116104125977e-01
3.340457677841186523e-01
2.866317987442016602e+00
4.142342805862426758e-01
3.791356086730957031e-01
1.205826878547668457e+00
-7.539757490158081055e-01
-5.782190322875976562e+00
-8.698250055313110352e-01
-4.317003488540649414e-01
9.490723609924316406e-01
8.272877931594848633e-01
3.639027357101440430e+00
4.704029560089111328e-01
-8.995025157928466797e-01
-1.027061104774475098e+00
4.413748264312744141e+00
2.330653667449951172e+00
9.007518291473388672e-01
1.599091291427612305e-01
-2.049922943115234375e-01
6.807055473327636719e-01
4.731129407882690430e-01
-5.113327503204345703e-02
-4.665749669075012207e-01
9.494571685791015625e-01
-5.618131160736083984e-01
-2.679829597473144531e-01
4.242094993591308594e+00
1.286218404769897461e+00
2.621374130249023438e+00
-8.516601324081420898e-01
-4.910035133361816406e-01
1.853817701339721680e-01
3.922305107116699219e-01
1.717455387115478516e-01
3.038430452346801758e+00
3.954422950744628906e+00
5.000000000000000000e+00
-3.922315239906311035e-01
2.908629417419433594e+00
-4.520809650421142578e-02
1.109172821044921875e+00
9.466230869293212891e-02
4.783092021942138672e+00
1.211174488067626953e+00
2.284126758575439453e+00
-2.128627300262451172e-01
-2.781641483306884766e-02
4.640519142150878906e+00
1.829144954681396484e-01
4.801080703735351562e+00
4.162018299102783203e+00
-6.595561504364013672e-01
-3.478225469589233398e-01
6.015986204147338867e-01
-1.253068447113037109e-02
1.097783088684082031e+00
-9.008364677429199219e-01
3.993687152862548828e+00
-1.398040056228637695e+00
1.900345683097839355e-01
9.743448495864868164e-01
1.081194877624511719e-01
-1.352836847305297852e+00
8.588275909423828125e-01
-2.768407464027404785e-01
3.104317188262939453e-01
-1.109156608581542969e-01
2.698570489883422852e-02
-3.346581459045410156e-01
2.172022819519042969e+00
4.571949481964111328e+00
-7.353711128234863281e-02
1.425021648406982422e+00
2.656054258346557617e+00
-7.067131996154785156e-01
3.867079496383666992e+00
4.514609336853027344e+00
-4.011176228523254395e-01
-1.148010492324829102e+00
1.390135288238525391e+00
-2.129883527755737305e+00
3.422157526016235352e+00
2.525613546371459961e+00
-1.386633157730102539e+00
8.283801078796386719e-01
4.726929664611816406e-01
1.715440988540649414e+00
-2.205258607864379883e-01
2.463215589523315430e-01
1.060793161392211914e+00
8.468734025955200195e-01
4.418381214141845703e+00
1.180763602256774902e+00
3.845036029815673828e-02
1.088551282882690430e+00
-8.069131374359130859e-01
5.181014537811279297e-01
2.127972841262817383e+00
2.498704791069030762e-01
4.217454195022583008e-01
9.502109885215759277e-01
1.544508218765258789e+00
-2.242648839950561523e+00
-1.000000000000000000e+01
-1.111463308334350586e+00
4.542485237121582031e+00
-1.216930985450744629e+00
3.868780136108398438e-01
2.355170547962188721e-01
-3.849448561668395996e-01
1.091056227684020996e+00
9.788978099822998047e-02
-1.100685596466064453e+00
-6.769543886184692383e-01
-6.284892559051513672e-03
-3.133437633514404297e-01
1.371611356735229492e-01
7.944981455802917480e-01
-1.030892133712768555e-01
-5.266855955123901367e-01
1.309642553329467773e+00
-8.510198593139648438e-01
-1.835057258605957031e+00
1.199733018875122070e+00
-6.122815012931823730e-01
1.095830917358398438e+00
1.101898670196533203e+00
-5.143427848815917969e-01
1.478972196578979492e+00
-6.201806068420410156e-01
4.326970577239990234e-01
-7.716989517211914062e-02
4.458428621292114258e-01
1.384091377258300781e-02
1.066894054412841797e+00
8.530225753784179688e-01
-2.810441255569458008e-01
1.886546134948730469e+00
1.502033352851867676e+00
-1.407374382019042969e+00
-2.343407630920410156e+00
3.196986913681030273e+00
4.070298671722412109e-01
1.216072916984558105e+00
4.558319568634033203e+00
1.192585468292236328e+00
2.187210321426391602e-01
9.186038970947265625e-01
2.181946516036987305e+00
2.597390413284301758e+00
5.000000000000000000e+00
-1.304291367530822754e+00
1.527560949325561523e+00
2.031992912292480469e+00
3.183743953704833984e-01
-2.247676849365234375e+00
1.842825412750244141e-01
-5.566701889038085938e-01
4.660576820373535156e+00
-6.409613490104675293e-01
4.039190292358398438e+00
1.423177123069763184e+00
-6.042035222053527832e-01
-6.934076547622680664e-01
2.170094400644302368e-01
-2.057342529296875000e-01
6.889505386352539062e-01
3.299267888069152832e-01
5.000000000000000000e+00
3.332557678222656250e-01
2.167187213897705078e+00
-2.669149041175842285e-01
1.553298234939575195e-01
8.568584322929382324e-01
3.608810901641845703e-01
1.958553552627563477e+00
-2.257367372512817383e-01
1.121848821640014648e+00
-1.053185224533081055e+00
1.066945791244506836e-01
1.346166849136352539e+00
1.068879365921020508e+00
1.775882959365844727e+00
6.603621244430541992e-01
6.126642227172851562e-03
5.000000000000000000e+00
-1.864593029022216797e-01
1.150855541229248047e+00
2.386323213577270508e+00
6.832615137100219727e-01
1.616185426712036133e+00
-2.120984077453613281e+00
5.000000000000000000e+00
8.320184946060180664e-01
-3.639781475067138672e-01
-6.593385934829711914e-01
6.321842074394226074e-01
-1.744817972183227539e+00
-9.781175851821899414e-02
2.047763824462890625e+00
-3.404784202575683594e-02
7.497892975807189941e-01
3.686764717102050781e+00
7.832945585250854492e-01
2.571781873703002930e-01
-6.425909399986267090e-01
2.294686436653137207e-02
2.161163091659545898e+00
-9.403467178344726562e-02
1.003532171249389648e+00
5.000000000000000000e+00
1.581183671951293945e+00
1.219321012496948242e+00
3.643733501434326172e+00
2.356648445129394531e-01
1.745501160621643066e+00
-3.196398019790649414e-01
-1.010072827339172363e+00
-7.793700695037841797e-01
-6.792880296707153320e-01
-3.234612941741943359e-01
1.770595788955688477e+00
5.000000000000000000e+00
2.153830528259277344e+00
-3.459465503692626953e-01
9.559255838394165039e-02
-6.236507296562194824e-01
-1.388517379760742188e+00
-1.763566493988037109e+00
1.855085015296936035e+00
1.249147534370422363e+00
-1.490833759307861328e-01
-2.924289703369140625e-01
2.357461690902709961e+00
-1.495118141174316406e-01
-8.413516283035278320e-01
3.419542789459228516e+00
-3.091464042663574219e-01
1.892337799072265625e-01
-5.898095369338989258e-01
-9.652316570281982422e-02
2.094920873641967773e+00
4.019904732704162598e-01
4.792565107345581055e-01
-4.344224929809570312e-03
2.347397089004516602e+00
3.858794927597045898e+00
7.261899709701538086e-01
-7.067679762840270996e-01
4.319896697998046875e-01
7.477095127105712891e-01
-1.317872524261474609e+00
-3.200545310974121094e-01
2.018242120742797852e+00
2.895525097846984863e-01
5.956819057464599609e-01
2.396069765090942383e-01
3.623757362365722656e+00
-2.455725669860839844e+00
5.000000000000000000e+00
2.769634127616882324e-01
-2.460998296737670898e-01
-1.730327367782592773e+00
-8.634044528007507324e-01
3.149086952209472656e+00
-1.429680585861206055e-01
1.824780702590942383e+00
1.248665928840637207e+00
-1.976323723793029785e+00
1.351010799407958984e+00
4.625645637512207031e+00
1.103775143623352051e+00
3.157551288604736328e-01
3.015670776367187500e+00
2.847832441329956055e-02
-3.526356220245361328e-01
-7.054848670959472656e-01
-4.567643404006958008e-01
4.056479454040527344e+00
-5.445647239685058594e-01
5.000000000000000000e+00
-1.436647176742553711e-01
1.098914980888366699e+00
1.138113260269165039e+00
1.040316104888916016e+00
3.833217382431030273e+00
2.140614986419677734e+00
9.433143138885498047e-01
-2.345975637435913086e-01
3.484309673309326172e+00
-2.440137863159179688e-01
4.339867115020751953e+00
1.545608997344970703e+00
-1.961666822433471680e+00
-2.165051698684692383e-01
2.640772104263305664e+00
7.275556325912475586e-01
5.005059242248535156e-01
4.074108123779296875e+00
2.275986671447753906e-01
9.071396589279174805e-01
-3.203547000885009766e+00
6.708410978317260742e-01
4.558048248291015625e-01
-9.318492412567138672e-01
5.131638050079345703e-02
-2.101560235023498535e-01
4.550433158874511719e+00
-1.329787254333496094e+00
-1.806616187095642090e+00
4.860078811645507812e+00
3.987923622131347656e+00
3.634977340698242188e-02
-1.197636127471923828e-01
-6.525654792785644531e+00
6.067097187042236328e-02
2.341305732727050781e+00
1.415181159973144531e-01
-1.324252963066101074e+00
-3.222204446792602539e-01
-8.420087099075317383e-01
1.518989801406860352e+00
3.686454296112060547e+00
4.077377796173095703e+00
5.336338281631469727e-02
-5.177068710327148438e-02
9.686786532402038574e-01
-1.316493749618530273e-02
4.772529602050781250e+00
4.162250518798828125e+00
9.182878732681274414e-01
1.294368267059326172e+00
-1.578895330429077148e+00
-8.204023241996765137e-01
-4.272201061248779297e-01
-1.751969337463378906e+00
-5.487543344497680664e-01
2.143354892730712891e+00
-9.053620100021362305e-01
1.299723148345947266e+00
4.579763412475585938e+00
-1.041004061698913574e-01
6.182303428649902344e-01
9.274227619171142578e-01
-8.019695281982421875e-01
6.746228933334350586e-01
-1.244323253631591797e-01
-1.604309201240539551e+00
3.047459125518798828e+00
2.647651910781860352e+00
-1.248027324676513672e+00
5.577313899993896484e-01
2.585710287094116211e-01
3.364657759666442871e-01
-1.191806793212890625e+00
-1.158601164817810059e+00
5.934556722640991211e-01
5.032008886337280273e-01
-1.020929336547851562e+00
2.339048147201538086e+00
1.684609770774841309e+00
5.842840671539306641e-01
2.345482826232910156e+00
2.180459499359130859e-01
1.961529016494750977e+00
-5.356755852699279785e-01
2.989745616912841797e+00
1.343616127967834473e+00
1.089442491531372070e+00
1.655405282974243164e+00
-2.077928781509399414e-01
3.231026649475097656e+00
-9.645323753356933594e-01
-1.755018234252929688e-01
-1.905754685401916504e+00
7.033270597457885742e-02
-2.724338769912719727e-01
4.309563636779785156e+00
2.528093576431274414e+00
3.342298269271850586e-01
4.217814445495605469e+00
5.000000000000000000e+00
4.677797794342041016e+00
-3.479600548744201660e-01
2.795110464096069336e+00
1.771842479705810547e+00
-9.784014225006103516e-01
3.845249652862548828e+00
-2.806629180908203125e+00
-7.394245862960815430e-01
-1.800131797790527344e-02
-1.086263895034790039e+00
5.000000000000000000e+00
6.275963783264160156e-02
9.436773061752319336e-01
1.495270729064941406e-01
9.628832936286926270e-01
5.000000000000000000e+00
5.116639137268066406e-01
-8.726122379302978516e-01
