-7.332996129989624023e-01
2.268053770065307617e+00
3.667273759841918945e+00
2.924108505249023438e-01
9.341062307357788086e-01
-3.668214678764343262e-01
-9.911632537841796875e-02
-7.249122858047485352e-01
3.295866847038269043e-01
6.385128498077392578e-01
4.101693630218505859e-01
-1.882753372192382812e-01
4.116699695587158203e-01
1.638553023338317871e+00
4.221208095550537109e-01
-2.840707302093505859e-01
3.596265316009521484e-01
1.215913057327270508e+00
-1.612085103988647461e+00
-2.595763206481933594e-01
-5.533835291862487793e-01
5.000000000000000000e+00
-1.400728464126586914e+00
4.557530879974365234e+00
-5.422458648681640625e-01
-7.494094371795654297e-01
1.722549676895141602e+00
7.789589166641235352e-01
5.428475141525268555e-01
5.000000000000000000e+00
6.912523508071899414e-01
1.053238511085510254e+00
2.121021747589111328e-01
2.902269363403320312e-03
3.719198703765869141e+00
1.731148838996887207e+00
-2.482789516448974609e+00
1.693418025970458984e+00
3.938079357147216797e+00
1.169780015945434570e+00
-2.559046745300292969e-01
-9.995690584182739258e-01
4.661477565765380859e+00
2.652321577072143555e+00
5.000000000000000000e+00
2.278573036193847656e+00
2.194609165191650391e+00
2.467442989349365234e+00
-2.484728097915649414e-01
1.800731182098388672e+00
2.953619956970214844e-01
4.717987060546875000e+00
9.557557106018066406e-01
-1.265496015548706055e+00
2.724792361259460449e-01
2.450727462768554688e+00
-2.255336999893188477e+00
4.947452545166015625e+00
2.725846052169799805e+00
-7.001376152038574219e-02
-6.135567426681518555e-01
-1.714154005050659180e+00
3.905483722686767578e+00
-1.049377202987670898e+00
1.309597730636596680e+00
7.363780736923217773e-01
4.309405386447906494e-02
-3.897820115089416504e-01
1.356385946273803711e-01
2.271100997924804688e+00
-1.107899427413940430e+00
-3.768920421600341797e+00
7.782949209213256836e-01
1.326055526733398438e-01
7.423237562179565430e-01
8.727011680603027344e-01
1.444869875907897949e+00
-8.069397211074829102e-01
6.694763898849487305e-01
4.230528831481933594e+00
-7.708184719085693359e-01
4.914397597312927246e-01
2.368763089179992676e-01
-2.238855361938476562e+00
2.176325321197509766e+00
1.887871026992797852e+00
-1.365768909454345703e-01
-9.477176666259765625e-01
-2.083645164966583252e-01
1.653006792068481445e+00
-1.900194883346557617e+00
4.737884521484375000e+00
-2.070353031158447266e-01
4.628939628601074219e-01
1.225080132484436035e+00
7.380421161651611328e-01
-4.053383469581604004e-01
7.346549034118652344e-01
4.469109773635864258e-01
-2.176807880401611328e+00
-1.078486561775207520e+00
-5.383405685424804688e-01
1.831945180892944336e-01
2.662981748580932617e-01
3.113865852355957031e-03
-4.911551475524902344e-01
2.500874996185302734e-01
-4.994878172874450684e-01
1.247198343276977539e+00
-6.551910042762756348e-01
-3.018047213554382324e-01
4.525332450866699219e+00
-2.008401751518249512e-01
1.669267416000366211e+00
6.170173883438110352e-01
6.770467758178710938e-01
6.211087107658386230e-01
-2.641351222991943359e-01
-6.020128130912780762e-01
3.546198129653930664e+00
-1.076933383941650391e+00
5.000000000000000000e+00
7.204546928405761719e-01
-3.078007698059082031e-02
9.734539389610290527e-01
-1.636681795120239258e+00
-2.765649557113647461e-01
7.690396904945373535e-01
2.759180068969726562e-01
-8.935415744781494141e-01
-5.012658834457397461e-01
-6.772366166114807129e-01
-6.185996532440185547e-02
3.497834205627441406e-01
1.037838220596313477e+00
-1.693902254104614258e+00
7.412003278732299805e-01
9.132709503173828125e-01
3.269944190979003906e-01
-2.757934331893920898e-01
-6.663763523101806641e-02
2.093300819396972656e-01
2.124321937561035156e+00
2.228325605392456055e+00
2.035977244377136230e-01
2.237060666084289551e-01
6.927328109741210938e-01
1.114960908889770508e+00
-7.954850196838378906e-01
4.074809551239013672e+00
8.406421542167663574e-02
5.000000000000000000e+00
5.051133632659912109e-01
7.649654150009155273e-01
-7.051895260810852051e-01
3.956729173660278320e+00
-8.527774810791015625e-01
-3.415841460227966309e-01
3.511934280395507812e-01
9.004944562911987305e-02
4.634407758712768555e-01
9.031791090965270996e-01
-2.083850860595703125e+00
3.888511657714843750e-01
1.515867471694946289e+00
4.453132629394531250e+00
1.046510338783264160e-01
2.659745216369628906e+00
1.531105041503906250e-01
-2.626035809516906738e-01
2.362558841705322266e-01
5.730867981910705566e-01
-1.387588977813720703e+00
1.712560892105102539e+00
4.064663052558898926e-01
-3.858737945556640625e-01
-5.297610759735107422e-01
1.153419017791748047e-01
-1.606297254562377930e+00
1.885540008544921875e+00
-2.747125387191772461e+00
7.281179428100585938e-01
4.035969734191894531e+00
1.857213020324707031e+00
4.377704620361328125e+00
4.640382766723632812e+00
-1.145276069641113281e+00
6.378905177116394043e-01
5.960470438003540039e-02
8.261466026306152344e-02
1.026543259620666504e+00
4.418462753295898438e+00
-6.306149959564208984e-01
-3.990751504898071289e-01
3.798829317092895508e-01
-8.596192598342895508e-01
3.399458408355712891e+00
2.904716730117797852e-01
1.499622464179992676e-01
1.013230800628662109e+00
-5.169212222099304199e-01
1.744383573532104492e+00
-3.159956932067871094e-01
-1.408094167709350586e+00
1.053594589233398438e+00
8.974415659904479980e-01
9.222784042358398438e-01
4.231840372085571289e-01
-8.000588417053222656e-01
-7.171919941902160645e-01
5.596070289611816406e-01
1.117357015609741211e+00
5.000000000000000000e+00
-3.024826645851135254e-01
-4.746709465980529785e-01
3.575389385223388672e-01
8.797389268875122070e-01
1.272343993186950684e+00
3.715969085693359375e+00
2.068664312362670898e+00
5.000000000000000000e+00
-5.886946916580200195e-01
6.439178586006164551e-01
5.899485349655151367e-01
2.727413177490234375e-02
-4.700782895088195801e-01
5.170707702636718750e-01
1.069490194320678711e+00
-1.360487937927246094e+00
7.669196128845214844e-01
9.826397299766540527e-01
2.858352661132812500e-02
3.503373861312866211e-01
6.662595868110656738e-01
1.334715485572814941e+00
-2.317078709602355957e-01
2.525691509246826172e+00
6.101632714271545410e-01
-1.932043910026550293e+00
1.824040174484252930e+00
9.341595172882080078e-01
-7.598038911819458008e-01
2.398774623870849609e-01
4.226634025573730469e+00
4.154044151306152344e+00
-4.601475000381469727e-01
3.218300342559814453e-01
2.543249130249023438e-01
6.274970769882202148e-01
2.263141274452209473e-01
4.342474341392517090e-01
-2.116292715072631836e+00
5.000000000000000000e+00
-7.636620402336120605e-01
-1.222470998764038086e+00
2.029969215393066406e+00
5.000000000000000000e+00
-2.333048343658447266e+00
-1.549356937408447266e+00
-6.701128482818603516e-01
-1.163170576095581055e+00
-3.386318683624267578e-03
-8.981372117996215820e-01
7.407783269882202148e-01
9.801197052001953125e-01
-2.091180324554443359e+00
-4.045907258987426758e-01
2.263982057571411133e+00
7.883992791175842285e-01
6.304769515991210938e-01
-5.687320232391357422e-01
-2.039592266082763672e-01
5.061382055282592773e-01
2.138242006301879883e+00
4.980680942535400391e-01
-1.828477382659912109e-01
6.875233650207519531e-01
5.000000000000000000e+00
5.000000000000000000e+00
1.276964068412780762e+00
1.112540960311889648e-01
5.000000000000000000e+00
1.308068633079528809e-02
8.845251798629760742e-01
1.036105990409851074e+00
4.035928249359130859e-01
3.059359073638916016e+00
2.498220682144165039e+00
6.704603433609008789e-01
1.764193177223205566e-01
6.695184707641601562e-01
6.606674194335937500e-02
3.865156769752502441e-01
3.253789663314819336e+00
1.137096881866455078e+00
5.000000000000000000e+00
3.256211280822753906e-01
-2.216253995895385742e+00
-8.178795576095581055e-01
2.564082145690917969e-01
1.475590467453002930e-01
1.936370134353637695e+00
1.888424158096313477e-01
-3.014092445373535156e-01
3.561639785766601562e-02
9.266966581344604492e-01
8.740338087081909180e-01
-8.101856708526611328e-02
4.639097213745117188e+00
-9.336628913879394531e-01
4.015682339668273926e-01
9.496008157730102539e-01
7.369356155395507812e-01
1.096984505653381348e+00
-3.358522653579711914e-01
1.393886566162109375e+00
2.337703704833984375e-01
-1.140391826629638672e+00
6.416336894035339355e-01
1.640981078147888184e+00
-9.480506777763366699e-01
4.305896759033203125e-01
2.600071430206298828e+00
-1.320402741432189941e+00
-5.331776738166809082e-01
3.616996288299560547e+00
-1.274424791336059570e+00
-2.064217567443847656e+00
1.004701375961303711e+00
-6.211174726486206055e-01
9.833371639251708984e-02
1.562484264373779297e+00
7.217031717300415039e-01
-8.468782901763916016e-02
5.554461479187011719e-01
-5.957648158073425293e-01
1.960640668869018555e+00
6.929531097412109375e-01
1.758755445480346680e+00
1.969110369682312012e-01
-3.248431682586669922e-01
-9.233528375625610352e-02
3.251808166503906250e+00
-6.973950862884521484e-01
4.052160263061523438e+00
8.043758869171142578e-01
-3.008099794387817383e-01
1.936755418777465820e+00
2.000859260559082031e+00
5.000000000000000000e+00
-1.402301073074340820e+00
4.236232042312622070e-01
3.715140819549560547e-01
6.751199960708618164e-01
-4.089982509613037109e-01
4.764204978942871094e+00
-1.752577066421508789e+00
-1.492717981338500977e+00
-5.186687707901000977e-01
7.800035476684570312e-01
1.383554935455322266e-01
1.217329621315002441e+00
-8.454380035400390625e-01
-1.478030443191528320e+00
-8.644759654998779297e-01
7.931981682777404785e-01
-4.692898988723754883e-01
8.252348303794860840e-01
5.122642517089843750e-01
-1.760018229484558105e+00
1.569223999977111816e-01
-9.167850017547607422e-01
-2.217976093292236328e+00
4.206415653228759766e+00
2.231691122055053711e+00
1.294468641281127930e-01
-3.727231025695800781e-01
-1.815703988075256348e+00
6.051284074783325195e-02
-4.303991794586181641e-01
8.096007108688354492e-01
1.825009107589721680e+00
5.000000000000000000e+00
-1.344633460044860840e+00
-3.908158540725708008e-01
-5.413947701454162598e-01
1.075803041458129883e+00
4.556088447570800781e-01
-8.021584153175354004e-02
3.916585206985473633e+00
4.344756126403808594e+00
2.486147284507751465e-01
-5.753020048141479492e-01
-1.852358102798461914e+00
4.671783447265625000e+00
2.946348190307617188e-01
5.000000000000000000e+00
2.363387346267700195e+00
6.425698995590209961e-01
2.039688348770141602e+00
2.953690052032470703e+00
3.250681877136230469e+00
-2.043212652206420898e-01
-1.319629549980163574e-01
2.788670063018798828e+00
8.624631166458129883e-01
1.069586634635925293e+00
-2.539753913879394531e-03
-5.985053777694702148e-01
-2.085936069488525391e-02
6.932282447814941406e-02
2.517495870590209961e+00
-3.098803520202636719e+00
-8.651253581047058105e-01
3.164167404174804688e+00
-8.897972702980041504e-01
-2.109229564666748047e-01
-2.104659318923950195e+00
1.361889839172363281e+00
-3.495637178421020508e-01
-7.337290048599243164e-01
5.847754478454589844e-01
-9.366028308868408203e-01
1.336667656898498535e+00
2.157466888427734375e+00
6.158323287963867188e-01
1.404285192489624023e+00
1.812903881072998047e-01
6.167706847190856934e-02
-1.371704936027526855e+00
8.201211690902709961e-01
5.750705003738403320e-01
-7.389569282531738281e-02
-3.508357405662536621e-01
3.018372058868408203e-01
7.743044495582580566e-01
1.062386035919189453e+00
1.835160613059997559e+00
2.817498683929443359e+00
5.000000000000000000e+00
7.801374197006225586e-01
-8.887954950332641602e-01
-1.707674145698547363e+00
5.000000000000000000e+00
6.639218330383300781e-02
3.027689456939697266e-02
2.692844152450561523e+00
5.438036918640136719e-01
1.232124418020248413e-01
-2.186884880065917969e-01
2.075166702270507812e-01
1.877647399902343750e+00
-2.747545242309570312e-01
6.320223808288574219e-01
-1.968065500259399414e-01
4.878584861755371094e+00
-1.517096757888793945e+00
-2.613434791564941406e-01
3.755962371826171875e+00
1.103246569633483887e+00
9.891501665115356445e-01
-6.584432125091552734e-01
4.769739151000976562e+00
-1.154358148574829102e+00
4.882514953613281250e+00
4.887092113494873047e-01
-1.219737529754638672e-01
-5.972307920455932617e-01
1.365809440612792969e-01
9.257169365882873535e-01
-3.863257169723510742e-01
-1.378106355667114258e+00
5.056725144386291504e-01
1.622563004493713379e+00
7.949433326721191406e-01
-7.514539957046508789e-01
-4.040343761444091797e-01
-1.095963001251220703e+00
-7.870305776596069336e-01
-3.289294242858886719e-01
2.203782081604003906e+00
4.102890968322753906e+00
-5.376992225646972656e-01
-1.845484972000122070e-01
2.512496948242187500e+00
1.225497007369995117e+00
1.625512242317199707e-01
-3.176892995834350586e-01
3.373363018035888672e-01
1.709858179092407227e+00
1.405322432518005371e+00
3.769885540008544922e+00
1.377959847450256348e+00
9.220578670501708984e-01
5.000000000000000000e+00
-2.884358167648315430e-01
-2.885606288909912109e-01
-6.427189111709594727e-01
1.993747115135192871e+00
5.331895351409912109e-01
-1.773814857006072998e-01
3.444854021072387695e-01
-4.503635466098785400e-01
7.048661708831787109e-01
6.160974502563476562e-03
4.490372657775878906e+00
-9.193081855773925781e-01
6.864024996757507324e-01
4.434401035308837891e+00
-3.957072496414184570e-01
1.102064251899719238e+00
-2.301039099693298340e-01
-2.801017761230468750e-01
-1.164756774902343750e+00
3.005055665969848633e+00
1.825608611106872559e+00
1.560101509094238281e-01
1.531600952148437500e+00
-1.422589302062988281e+00
1.252628326416015625e+00
1.163859724998474121e+00
1.058528423309326172e-01
1.037360906600952148e+00
1.270581483840942383e+00
3.422917604446411133e+00
9.518411159515380859e-01
8.157572746276855469e-01
1.672417521476745605e-01
-1.145639181137084961e+00
2.122556924819946289e+00
-6.522231101989746094e+00
-3.614932298660278320e-01
2.323588371276855469e+00
-1.592936515808105469e-01
1.491268873214721680e-01
-3.275604009628295898e+00
8.359317779541015625e-01
2.772957801818847656e+00
4.691600799560546875e+00
1.591884493827819824e+00
1.614457368850708008e-01
1.972145676612854004e+00
5.000000000000000000e+00
3.702456355094909668e-01
-7.598058581352233887e-01
1.680927515029907227e+00
-8.618929386138916016e-01
6.144721508026123047e-01
-8.009984493255615234e-01
2.623018503189086914e+00
-8.504453897476196289e-01
3.989388465881347656e+00
5.000000000000000000e+00
9.578424096107482910e-01
-1.527797102928161621e+00
-2.758645415306091309e-01
4.961861073970794678e-01
2.130701065063476562e+00
3.108348608016967773e+00
5.000000000000000000e+00
-2.445636987686157227e-01
-1.198257088661193848e+00
1.009001731872558594e+00
5.095793008804321289e-01
-1.054658889770507812e-01
-6.542727947235107422e-01
5.303947925567626953e-01
2.202866077423095703e+00
-3.317924737930297852e-01
2.258022308349609375e+00
6.342693567276000977e-01
5.000000000000000000e+00
-3.660129308700561523e-01
-9.174988865852355957e-01
-8.055499792098999023e-01
5.000000000000000000e+00
1.240719676017761230e+00
4.427416324615478516e-01
2.145851135253906250e+00
-1.801780462265014648e-01
4.593502044677734375e+00
2.445293664932250977e-01
3.617523014545440674e-01
-8.154813051223754883e-01
2.118972539901733398e+00
3.369867801666259766e-02
1.462593078613281250e-01
-1.088956356048583984e+00
-9.853917360305786133e-02
-5.743393301963806152e-01
1.261032462120056152e+00
4.864685535430908203e-01
1.616875886917114258e+00
5.000000000000000000e+00
5.042716264724731445e-01
-1.194697260856628418e+00
-3.696630895137786865e-01
7.410253286361694336e-01
-1.099411725997924805e+00
-1.538725852966308594e+00
2.489087581634521484e+00
1.129782199859619141e-01
-4.296388626098632812e-01
-2.293345451354980469e+00
3.264517545700073242e+00
-2.158935070037841797e-01
-1.667058706283569336e+00
5.492414832115173340e-01
-2.513360977172851562e-01
-7.911931276321411133e-01
4.440484642982482910e-01
-4.881665706634521484e-01
1.033226013183593750e+00
2.143481492996215820e+00
5.000000000000000000e+00
-9.630721807479858398e-01
-7.007291316986083984e-01
1.223649501800537109e+00
-1.905271768569946289e+00
2.187954664230346680e+00
1.365378618240356445e+00
-2.367391347885131836e+00
-5.820608139038085938e-01
2.665341496467590332e-01
4.634428024291992188e+00
-4.983369112014770508e-01
4.709724426269531250e+00
-6.643461585044860840e-01
-1.453777790069580078e+00
-1.136063218116760254e+00
-7.894978523254394531e-01
3.035705685615539551e-01
-1.822918057441711426e+00
5.719482898712158203e-01
1.614292860031127930e-01
8.778824806213378906e-01
-6.190891265869140625e-01
-4.550602436065673828e-01
1.739455461502075195e+00
1.119333982467651367e+00
-6.911888122558593750e-01
7.492744922637939453e-02
-1.396559238433837891e+00
3.980021953582763672e+00
2.051430225372314453e+00
2.548210382461547852e+00
2.916934251785278320e+00
2.836720943450927734e-01
1.846625208854675293e-01
1.476943492889404297e+00
4.929842948913574219e-01
4.488980770111083984e-01
4.327113151550292969e+00
1.108291029930114746e+00
-4.118981361389160156e-01
9.101268649101257324e-01
7.008227109909057617e-01
-7.207244634628295898e-01
-9.413083791732788086e-01
5.000000000000000000e+00
2.182509899139404297e+00
-1.112763404846191406e+00
-3.777593374252319336e-01
-4.887124300003051758e-01
-1.690628528594970703e+00
4.666668415069580078e+00
1.278951764106750488e+00
-2.517087459564208984e-01
-2.442253828048706055e-01
-3.844377994537353516e+00
-2.047288417816162109e-01
1.240606307983398438e-01
1.593739509582519531e+00
-2.347382068634033203e+00
-7.137752175331115723e-01
9.750245809555053711e-01
-4.062223434448242188e-02
-1.008448243141174316e+00
-9.503185749053955078e-01
-1.749951839447021484e+00
1.756266117095947266e+00
2.288611888885498047e+00
1.801733613014221191e+00
-1.048609018325805664e+00
5.696161985397338867e-01
5.379142761230468750e-01
-2.066898345947265625e-02
4.263884067535400391e+00
-2.489279270172119141e+00
-6.585524082183837891e-01
2.263646125793457031e-01
2.013858556747436523e-01
-1.538302302360534668e-01
1.216168642044067383e+00
5.396344661712646484e-01
-3.142396926879882812e+00
5.000000000000000000e+00
1.792889237403869629e+00
2.015535831451416016e-01
1.126972079277038574e+00
-1.062068104743957520e+00
1.010914444923400879e+00
1.049417257308959961e+00
1.839517474174499512e+00
3.292298316955566406e-02
5.450856089591979980e-01
9.713132381439208984e-01
-2.406594753265380859e+00
5.841226577758789062e-01
-1.034771680831909180e+00
7.040073275566101074e-01
4.411408424377441406e+00
1.964637041091918945e+00
6.963324546813964844e-02
-9.545948505401611328e-01
-5.961208939552307129e-01
-4.919121265411376953e-01
4.163718700408935547e+00
1.047859668731689453e+00
4.416935920715332031e+00
7.052004933357238770e-01
-2.250111103057861328e-02
1.677801609039306641e-01
8.952900171279907227e-01
4.372161388397216797e+00
4.790080785751342773e-01
-1.350560545921325684e+00
-2.824816226959228516e+00
1.229701638221740723e+00
-1.471930742263793945e-01
5.132644176483154297e-01
8.385018110275268555e-01
-1.035025477409362793e+00
4.729759097099304199e-01
4.393084526062011719e+00
2.456134319305419922e+00
-1.925510168075561523e-01
4.731081008911132812e+00
-8.261251449584960938e-02
2.489955425262451172e-01
3.960531949996948242e-02
-1.061406850814819336e+00
3.489303588867187500e-01
1.180377125740051270e+00
7.797731757164001465e-01
-2.448237419128417969e+00
1.253366470336914062e-02
5.268653631210327148e-01
4.373269081115722656e-01
-1.376556158065795898e-01
-1.643858790397644043e+00
-3.835387229919433594e-01
-6.406818628311157227e-01
4.559414386749267578e-01
2.397720217704772949e-01
2.415674686431884766e+00
1.949283480644226074e-01
-1.395306468009948730e+00
4.186916351318359375e-02
8.416631221771240234e-01
1.093538999557495117e+00
2.770671844482421875e+00
2.379786968231201172e+00
-3.464283347129821777e-01
-4.833710193634033203e-02
2.546935081481933594e+00
3.970134735107421875e+00
1.902596354484558105e-01
-7.902909517288208008e-01
-2.517048120498657227e-01
2.702867031097412109e+00
2.279069572687149048e-01
-2.987671852111816406e+00
-1.445665240287780762e+00
-3.848803043365478516e-01
1.211576461791992188e-01
2.382633686065673828e+00
4.080349206924438477e-01
-6.256892681121826172e-01
4.366646289825439453e+00
4.430623054504394531e+00
7.093977928161621094e-02
3.493648767471313477e-01
1.167106628417968750e-01
-1.584295034408569336e-01
2.909360885620117188e+00
-2.135879993438720703e-01
1.975553035736083984e-01
-1.028977990150451660e+00
-1.149868965148925781e-01
-5.189301967620849609e-01
-1.045993685722351074e+00
-5.933067202568054199e-02
-7.492917180061340332e-01
2.773916721343994141e-01
6.043589115142822266e-01
-7.351297140121459961e-01
5.000000000000000000e+00
1.940671801567077637e-01
-6.690659523010253906e-01
6.392768621444702148e-01
-5.253146290779113770e-01
1.520528197288513184e-01
-4.520410299301147461e-01
8.785213232040405273e-01
5.000000000000000000e+00
-7.300450205802917480e-01
1.110374927520751953e-01
-1.691380381584167480e+00
4.039528965950012207e-01
-3.922815322875976562e-01
2.987416267395019531e+00
-3.918951749801635742e-02
2.845042943954467773e+00
1.907613873481750488e+00
9.731671810150146484e-01
5.839793682098388672e-01
4.375123977661132812e-02
-8.690468072891235352e-01
4.627582073211669922e+00
3.186366558074951172e+00
3.150022029876708984e-01
1.420930624008178711e-01
1.819766759872436523e-01
5.987906455993652344e-02
3.604033470153808594e+00
4.762862920761108398e-01
-5.922333002090454102e-01
3.271465301513671875e-01
3.648701190948486328e+00
1.802991390228271484e+00
-9.099423885345458984e-03
-5.149586200714111328e-01
2.407197475433349609e+00
1.827378273010253906e-01
1.710289716720581055e+00
3.567419052124023438e-01
-6.955523490905761719e-01
-1.407456636428833008e+00
-1.530339717864990234e+00
1.395659565925598145e+00
-5.216817855834960938e-01
5.808435678482055664e-01
4.151772975921630859e+00
-1.927825212478637695e-01
5.000000000000000000e+00
-1.426815032958984375e+00
5.000000000000000000e+00
-3.622138500213623047e-01
2.601896286010742188e+00
2.286374568939208984e+00
4.315248489379882812e+00
-6.544803380966186523e-01
2.385470867156982422e-01
2.477213144302368164e-01
5.000000000000000000e+00
1.011711001396179199e+00
8.564108014106750488e-01
8.413751721382141113e-01
-7.936199307441711426e-01
1.333593249320983887e+00
5.000000000000000000e+00
-2.340340614318847656e+00
4.180848598480224609e-02
4.400721788406372070e-01
1.564824938774108887e+00
7.755000591278076172e-01
-3.893254995346069336e-01
4.512215614318847656e+00
9.434484243392944336e-01
1.439682960510253906e+00
6.587287187576293945e-01
4.157016754150390625e+00
1.169818639755249023e-01
-3.991806507110595703e-02
-4.620904922485351562e-01
-4.275745153427124023e-01
1.427823185920715332e+00
-3.145070374011993408e-01
-2.348749637603759766e+00
-4.066267013549804688e-01
1.743033170700073242e+00
1.407287120819091797e+00
5.000000000000000000e+00
-4.263745546340942383e-01
4.322988510131835938e+00
1.060306429862976074e+00
-6.681455373764038086e-01
4.804470539093017578e-01
-1.588368415832519531e-02
2.900927066802978516e-01
4.194885253906250000e+00
-2.543663978576660156e-01
1.032628655433654785e+00
-2.545952796936035156e-03
6.673430204391479492e-01
1.392167568206787109e+00
-3.053984642028808594e-01
3.853541374206542969e+00
-1.200526714324951172e+00
5.000000000000000000e+00
1.473852992057800293e+00
4.986924171447753906e+00
-5.099039673805236816e-01
-9.216554164886474609e-01
7.973764538764953613e-01
6.069183349609375000e-01
5.713181495666503906e-01
8.251851797103881836e-02
4.615740776062011719e+00
