-5.926761627197265625e-01
-7.013313174247741699e-01
-1.278961420059204102e+00
-3.004635095596313477e+00
-2.897399902343750000e+00
5.142451524734497070e-01
1.320070266723632812e+00
6.754746437072753906e-01
-9.207228422164916992e-01
-4.041938781738281250e-01
-9.750568270683288574e-01
-1.546510577201843262e+00
-3.035819530487060547e-01
-7.045273780822753906e+00
-8.739908933639526367e-01
-4.763703346252441406e-01
-9.480535984039306641e-01
-1.374092102050781250e+00
-9.225544929504394531e-01
-2.710505127906799316e-01
-8.612344264984130859e-01
-2.100040435791015625e+00
-1.656126618385314941e+00
-7.883652448654174805e-01
-6.951570510864257812e-02
-1.714936256408691406e+00
5.211715698242187500e-01
1.392476439476013184e+00
1.420899629592895508e+00
-1.995277404785156250e-02
-7.719492912292480469e-02
-1.421268939971923828e+00
-5.339699387550354004e-01
2.374576330184936523e-01
-2.104063749313354492e+00
2.344724535942077637e-01
-1.197454214096069336e+00
-7.509031295776367188e-01
5.422273874282836914e-01
-1.294711232185363770e+00
-1.084303140640258789e+00
-2.869797945022583008e-01
-2.706398487091064453e+00
-9.424775838851928711e-01
1.742128133773803711e-01
-1.336590409278869629e+00
1.190081357955932617e+00
-1.520080685615539551e+00
-9.773092865943908691e-01
-6.753935813903808594e-01
-9.422316551208496094e-01
-8.480604887008666992e-01
7.285022735595703125e-02
-6.086466908454895020e-01
-7.645332813262939453e-02
-1.678027868270874023e+00
7.810700535774230957e-01
-3.036239147186279297e+00
-4.886184930801391602e-01
9.269819259643554688e-01
-1.176157832145690918e+00
-5.337445735931396484e-01
-9.430752992630004883e-01
-8.509238958358764648e-01
-1.467156052589416504e+00
5.757586956024169922e-01
-2.132924199104309082e-01
9.227066636085510254e-01
-9.586192369461059570e-01
-5.414165854454040527e-01
-1.600027084350585938e-03
-6.311090588569641113e-01
-3.865733146667480469e+00
-5.988836288452148438e-02
-9.259331226348876953e-02
-5.516749024391174316e-01
-1.689061164855957031e+00
9.852576255798339844e-02
-1.105450034141540527e+00
8.208611011505126953e-01
4.409563541412353516e-02
-2.990112304687500000e+00
2.451531887054443359e-01
-5.191099643707275391e-01
-1.277191996574401855e+00
2.582933902740478516e+00
-2.645413279533386230e-01
-7.355692386627197266e-01
-2.677094936370849609e-02
-3.628072261810302734e+00
1.761122941970825195e-01
-1.480247735977172852e+00
-5.837131738662719727e-01
-1.556380510330200195e+00
-5.650360584259033203e-01
-1.020266294479370117e+00
-3.911007046699523926e-01
2.987022399902343750e-01
-7.245603799819946289e-01
-1.227766036987304688e+00
1.040933132171630859e-01
1.487360239028930664e+00
-1.947937726974487305e+00
-6.379032135009765625e-01
-3.830163478851318359e-01
2.169749736785888672e-01
-9.301816821098327637e-01
1.008880257606506348e+00
-1.010168313980102539e+00
-4.500401020050048828e-01
-5.333932638168334961e-01
2.314735502004623413e-01
-1.124784231185913086e+00
5.308436751365661621e-01
6.516664028167724609e-01
-3.616321086883544922e-02
-7.374348640441894531e-01
-1.577043890953063965e+00
-1.508022308349609375e+00
1.021175146102905273e+00
-5.025655031204223633e-01
-1.468686103820800781e+00
7.636399269104003906e-01
-4.993573427200317383e-01
1.213790178298950195e-01
2.269214987754821777e-01
-1.503190040588378906e+00
-2.839909315109252930e+00
2.013988792896270752e-01
-1.216992616653442383e+00
-8.243677020072937012e-01
9.604781866073608398e-02
-7.521271705627441406e-02
1.100298166275024414e-01
-8.566089868545532227e-01
8.045041561126708984e-02
1.305524110794067383e-01
-3.796476840972900391e+00
-1.033869862556457520e+00
-2.869523763656616211e+00
-2.130761861801147461e+00
-9.505219459533691406e-01
-2.346472263336181641e+00
-6.115361452102661133e-01
-6.202584505081176758e-01
-1.965898633003234863e+00
9.531617164611816406e-03
-4.703326225280761719e-01
-8.880555629730224609e-02
-2.055518627166748047e-01
8.967841863632202148e-01
-2.259926319122314453e+00
-1.554358601570129395e+00
-2.153077602386474609e+00
8.756911754608154297e-02
2.548251152038574219e-01
-4.035859107971191406e-01
-1.948240041732788086e+00
-9.916046857833862305e-01
2.448862791061401367e-01
-6.704354286193847656e-02
2.552528381347656250e-01
-5.419838428497314453e-02
-1.287382602691650391e+00
-4.110181331634521484e-02
-5.197858810424804688e-02
1.019357919692993164e+00
2.474349737167358398e-01
-1.626176357269287109e+00
6.072126030921936035e-01
-6.242045164108276367e-01
-1.352690935134887695e+00
-1.164304733276367188e+00
-1.156983375549316406e-01
-1.568071246147155762e-01
-1.932692885398864746e+00
-8.993881940841674805e-01
-9.513598680496215820e-02
7.846443653106689453e-01
3.759857416152954102e-01
6.964445114135742188e-02
-4.453168511390686035e-01
2.647326588630676270e-01
-1.599741220474243164e+00
-1.174767255783081055e+00
-1.190835118293762207e+00
-1.432195186614990234e+00
-5.286530256271362305e-01
-1.041559457778930664e+00
-2.240443468093872070e+00
-8.490819931030273438e-01
-6.522825956344604492e-01
-4.916052818298339844e-01
3.442003726959228516e-01
1.089059114456176758e+00
-5.755308866500854492e-01
-7.253387570381164551e-01
-6.168786287307739258e-01
-1.172661781311035156e+00
-1.911314487457275391e+00
-1.103182792663574219e+00
-1.399732112884521484e+00
-1.063053607940673828e+00
-5.058068633079528809e-01
-4.311724901199340820e-01
-4.285775423049926758e-01
-3.653434514999389648e-01
-8.931172490119934082e-01
-2.052129745483398438e+00
-1.707858681678771973e+00
-1.075046777725219727e+00
-3.856278657913208008e-01
4.239510297775268555e-01
1.033721566200256348e+00
-1.067553162574768066e+00
-5.077815651893615723e-01
-1.639849185943603516e+00
-4.206698536872863770e-01
6.415522098541259766e-01
8.743340969085693359e-01
2.163332700729370117e-01
-3.194327354431152344e-01
-1.778654932975769043e+00
2.255826592445373535e-01
1.626270055770874023e+00
-1.835468053817749023e+00
5.327477455139160156e-01
-7.078551054000854492e-01
-1.007418632507324219e-01
-2.325695753097534180e-01
-1.042989492416381836e-01
3.506660461425781250e-03
1.232599139213562012e+00
-3.558952808380126953e-01
3.010818958282470703e-01
3.009399771690368652e-02
-6.485108137130737305e-01
-3.733209371566772461e-01
7.110284566879272461e-01
-1.205706834793090820e+00
1.030835747718811035e+00
-5.604223012924194336e-01
-1.023231863975524902e+00
1.918296098709106445e+00
1.174366831779479980e+00
-7.487896084785461426e-01
-2.115021228790283203e+00
1.111996173858642578e-02
-6.210322380065917969e-01
-2.269525051116943359e+00
3.681206703186035156e-02
-4.112732410430908203e-01
-3.815357685089111328e-01
-3.373972773551940918e-01
6.147445440292358398e-01
-1.515927791595458984e+00
-1.403881430625915527e+00
-2.567800045013427734e+00
-7.936918735504150391e-01
-6.281372308731079102e-01
-7.015370726585388184e-01
1.076167821884155273e-01
-1.432487607002258301e+00
-4.326343536376953125e-03
-2.742498219013214111e-01
-1.953541517257690430e+00
4.355270862579345703e-01
-1.496392607688903809e+00
-8.653072118759155273e-01
1.554919719696044922e+00
-2.165706157684326172e-01
-2.545535564422607422e-02
4.798247814178466797e-01
-3.141546249389648438e-01
-4.910188913345336914e-01
-7.606396675109863281e-01
-2.845064997673034668e-01
-2.561158180236816406e+00
1.294915556907653809e+00
-1.305494070053100586e+00
1.131807804107666016e+00
-8.823490142822265625e-01
-1.258979797363281250e+00
-7.274326086044311523e-01
-7.008731365203857422e-01
-2.573636174201965332e-01
-1.663339376449584961e+00
-3.525765419006347656e+00
-1.153668999671936035e+00
4.208292961120605469e-01
-2.623690605163574219e+00
-7.215678691864013672e-01
7.631961107254028320e-01
1.116389632225036621e+00
-1.444172382354736328e+00
-1.674430370330810547e-01
-8.153700828552246094e-01
-5.283013582229614258e-01
-1.289093494415283203e-01
1.119876950979232788e-01
2.710880637168884277e-01
-2.811810016632080078e+00
1.069423556327819824e-01
-7.662216424942016602e-01
-3.163832902908325195e+00
-2.421955823898315430e+00
-1.306071281433105469e-01
-7.653429508209228516e-01
9.699450731277465820e-01
2.354700565338134766e-01
1.067523956298828125e+00
3.399981558322906494e-01
-1.504457592964172363e-01
-7.930318117141723633e-01
-1.734347343444824219e-01
2.891986370086669922e+00
1.138749361038208008e+00
-1.037322521209716797e+00
-7.516007423400878906e-01
-2.177385807037353516e+00
-9.251631498336791992e-01
-1.198717951774597168e+00
5.670555233955383301e-01
-5.196788311004638672e-01
5.738769769668579102e-01
-4.427998661994934082e-01
7.876312732696533203e-02
3.135561943054199219e-03
2.929323911666870117e-01
3.362960219383239746e-01
-4.623329639434814453e-02
-2.168202996253967285e-01
-4.984657764434814453e-01
-1.252152919769287109e-01
-1.444398164749145508e+00
1.432466506958007812e-02
-9.420740008354187012e-01
-1.515017271041870117e+00
8.087919950485229492e-01
-6.997501254081726074e-01
1.560306549072265625e-01
-2.064759731292724609e-01
3.820176124572753906e-01
-1.022075116634368896e-01
-3.239128589630126953e-01
-2.373734951019287109e+00
-3.104073405265808105e-01
-9.661805629730224609e-01
5.070652961730957031e-01
-4.328233003616333008e-01
-1.526504158973693848e+00
3.560484051704406738e-01
-1.115299463272094727e-01
1.230371475219726562e+00
-1.300329804420471191e+00
-3.647844791412353516e-01
-1.146012306213378906e+00
9.526242017745971680e-01
-1.400618314743041992e+00
2.987065315246582031e-01
-2.460483551025390625e+00
-9.956940412521362305e-01
-9.598475694656372070e-01
-2.287930250167846680e-02
-2.738409042358398438e-01
-1.342940330505371094e-01
-1.831265687942504883e-01
-1.702138185501098633e+00
-4.086202383041381836e-01
8.911798000335693359e-01
6.237795352935791016e-01
2.566049098968505859e-01
-2.175374031066894531e-01
5.465261936187744141e-01
-1.032390117645263672e+00
-5.050460100173950195e-01
1.163547039031982422e-01
-9.027981758117675781e-02
3.799808025360107422e-02
1.253298044204711914e+00
-7.994627952575683594e-02
1.641707420349121094e-01
1.338850259780883789e-01
-1.191274046897888184e+00
-8.360362052917480469e-02
-4.442813396453857422e-01
-2.729103565216064453e-01
-2.194071292877197266e+00
-2.522356510162353516e-01
-4.616656899452209473e-01
3.813285827636718750e-01
-2.498177886009216309e-01
4.246721267700195312e-01
-3.405890464782714844e-01
-4.719113111495971680e-01
-6.911762952804565430e-01
-1.868724226951599121e-01
4.323096275329589844e-01
-6.569974422454833984e-01
1.842320561408996582e-01
-2.182772159576416016e-01
-3.469982624053955078e+00
4.752607345581054688e-01
-9.841714501380920410e-01
-1.490165710449218750e+00
-1.204285144805908203e+00
-7.376898825168609619e-02
-2.325633764266967773e+00
-2.904524326324462891e+00
-6.202964782714843750e-01
-1.795179843902587891e-01
-1.163757801055908203e+00
-4.052395820617675781e-01
-3.573027372360229492e+00
-2.589266300201416016e-01
-7.648222446441650391e-01
-2.373664379119873047e-01
1.343623399734497070e-01
4.137241840362548828e-01
4.294388294219970703e-01
-1.283668637275695801e+00
-1.272148251533508301e+00
-1.171025514602661133e+00
-3.716136217117309570e-01
-3.350377559661865234e+00
8.189024329185485840e-01
3.872215747833251953e-02
-9.708293676376342773e-01
-2.227586030960083008e+00
-2.718156337738037109e+00
-1.081809043884277344e+00
-1.379928827285766602e+00
-2.258016467094421387e-01
-2.006460189819335938e+00
1.657798290252685547e-01
-1.615027189254760742e-01
-2.594552993774414062e+00
2.540023326873779297e-01
-4.067511558532714844e-01
-9.047030210494995117e-01
-4.341191053390502930e-02
-1.230602264404296875e-01
-4.489628076553344727e-01
2.619277238845825195e-01
-6.122183799743652344e-01
3.279435634613037109e-01
-1.220435380935668945e+00
-3.904054760932922363e-01
7.585517168045043945e-01
4.815129041671752930e-01
-9.685602188110351562e-01
-8.822745084762573242e-01
-1.576142549514770508e+00
4.773154258728027344e-01
-1.095787525177001953e+00
-3.967775106430053711e-01
-2.260497093200683594e+00
-1.184872269630432129e+00
-2.358404159545898438e+00
7.288616299629211426e-01
-1.088453173637390137e+00
-1.134552955627441406e+00
-7.311236858367919922e-01
-2.209714174270629883e+00
5.343050360679626465e-01
-1.219064950942993164e+00
-1.627331495285034180e+00
-2.219424962997436523e+00
3.278626203536987305e-01
-6.545656919479370117e-02
1.163233160972595215e+00
-7.405183315277099609e-01
-1.594884634017944336e+00
-1.785891771316528320e+00
1.976779699325561523e-01
-5.523425340652465820e-01
-3.802604377269744873e-01
-1.687888026237487793e+00
4.064875841140747070e-01
-1.021655559539794922e+00
-1.071606874465942383e-01
-9.575642347335815430e-01
-3.271588087081909180e-01
-7.260811328887939453e-02
-2.425651550292968750e+00
-2.387042045593261719e+00
4.504356384277343750e-01
-2.820765495300292969e+00
-7.162040472030639648e-01
-9.517806768417358398e-01
-5.738565921783447266e-01
-1.067168712615966797e+00
3.071911334991455078e-01
2.986029386520385742e-01
-6.876783370971679688e-01
-1.909153461456298828e+00
-3.938955068588256836e-01
-2.021316289901733398e+00
-1.856203913688659668e+00
-6.230883598327636719e-01
-2.994556427001953125e+00
-1.159785985946655273e+00
-8.263897895812988281e-01
-3.076486587524414062e-01
-1.101540446281433105e+00
-3.052543163299560547e+00
3.506445884704589844e-02
-1.213743805885314941e+00
8.597517013549804688e-02
-4.535920619964599609e-01
-2.184160947799682617e-01
-7.064253091812133789e-01
-6.101458668708801270e-01
-7.998833656311035156e-01
-1.303074598312377930e+00
-9.392642974853515625e-01
-9.328669309616088867e-01
-1.826684474945068359e-01
-2.577488899230957031e+00
-1.410424947738647461e+00
-2.195185184478759766e+00
6.726873517036437988e-01
2.754719257354736328e-01
8.910444974899291992e-01
-3.056574821472167969e+00
-3.289586067199707031e+00
3.774014711380004883e-01
-8.393268585205078125e-01
-3.147491931915283203e+00
-1.709483146667480469e+00
1.665877580642700195e+00
-1.600530743598937988e+00
-1.001314163208007812e+00
-2.225444316864013672e-01
1.526796817779541016e-02
-1.370472431182861328e+00
-1.347420215606689453e-01
-8.850548267364501953e-01
6.601691246032714844e-03
1.059504032135009766e+00
-6.521244049072265625e-01
4.389169216156005859e-01
-3.267704248428344727e+00
-1.713368892669677734e-01
-1.220746040344238281e-01
8.600841760635375977e-01
-1.359194517135620117e+00
4.300107955932617188e-01
-9.837114810943603516e-01
-3.212760686874389648e-01
4.126763343811035156e-01
-1.969910144805908203e+00
-1.833339214324951172e+00
-2.132284641265869141e+00
-1.287568330764770508e+00
-4.655943512916564941e-01
3.058569431304931641e-01
-7.278094291687011719e-01
-3.899647593498229980e-01
-2.735932767391204834e-01
-6.473768949508666992e-01
1.566495299339294434e-01
-2.556653022766113281e+00
-9.737282395362854004e-01
5.680391788482666016e-01
-6.504440307617187500e-02
-7.177959680557250977e-01
7.920122742652893066e-01
-8.369894027709960938e-01
-6.122704505920410156e+00
-1.106079578399658203e+00
1.008877038955688477e+00
-1.756628751754760742e-01
-5.365164279937744141e-01
-4.115917682647705078e-01
-1.702364206314086914e+00
-2.888382911682128906e+00
-1.548203229904174805e-01
-3.241395950317382812e-02
-1.008471488952636719e+00
6.713755130767822266e-01
-9.063787460327148438e-01
-2.507464885711669922e-01
-4.661369323730468750e-01
-7.438791990280151367e-01
-1.860831737518310547e+00
3.349646329879760742e-01
2.395801544189453125e-01
3.260817527770996094e-01
-1.426995515823364258e+00
-4.068334698677062988e-01
-4.217040538787841797e-02
7.477873563766479492e-01
6.766135692596435547e-01
-3.624013066291809082e-01
-6.963058710098266602e-01
-2.175878286361694336e+00
2.505143880844116211e-01
-6.400803327560424805e-01
-4.526236057281494141e-01
4.248523712158203125e-01
-1.557394266128540039e+00
-3.427931070327758789e+00
-3.745889186859130859e+00
-1.253200292587280273e+00
-3.035594940185546875e+00
-1.230969548225402832e+00
1.299750804901123047e-01
5.048810243606567383e-01
-1.024279594421386719e-01
-7.008222341537475586e-01
-1.041798591613769531e-01
1.463152170181274414e-01
-1.695699572563171387e+00
-7.610051631927490234e-01
-1.319420456886291504e+00
1.670078516006469727e+00
3.690472841262817383e-01
-1.465164899826049805e+00
5.279886722564697266e-02
9.152062535285949707e-01
-2.769687771797180176e-01
-3.053934097290039062e+00
-7.088490724563598633e-01
-1.236755609512329102e+00
-1.232232451438903809e+00
-8.342390060424804688e-01
-7.920930385589599609e-01
5.256038904190063477e-01
8.472143411636352539e-01
-2.874991178512573242e+00
-3.600071668624877930e-01
-1.835500359535217285e+00
2.463845014572143555e-01
6.889319419860839844e-02
6.258960962295532227e-01
1.039505958557128906e+00
-3.524425029754638672e-01
5.389195680618286133e-01
7.788352966308593750e-01
-5.652046203613281250e-01
-5.066084861755371094e-01
-6.149590611457824707e-01
-1.344469070434570312e+00
-3.850838541984558105e-01
7.681500911712646484e-01
-7.050955295562744141e-02
-1.334261417388916016e+00
-4.463434219360351562e-03
-6.336652636528015137e-01
-2.355093955993652344e-01
1.905566930770874023e+00
2.716419100761413574e-01
-9.916065931320190430e-01
-4.793914556503295898e-01
-3.861348628997802734e-01
-1.807895421981811523e+00
1.676336526870727539e-01
-8.080982565879821777e-01
-7.121460437774658203e-01
8.298575878143310547e-02
1.610326766967773438e-02
-2.650532722473144531e+00
-3.586134910583496094e-01
-5.671906471252441406e-01
-7.998746633529663086e-01
-6.419628858566284180e-01
1.016132712364196777e+00
-3.750666379928588867e-01
-7.709525823593139648e-01
-1.377685666084289551e+00
-1.655857920646667480e+00
1.110731363296508789e+00
9.658225774765014648e-01
-2.319287538528442383e+00
-3.174381554126739502e-01
8.772417306900024414e-01
-2.637624740600585938e-02
3.432480096817016602e-01
-9.526065587997436523e-01
-1.597313284873962402e-01
-1.034152209758758545e-01
-2.126577377319335938e+00
-1.590571761131286621e+00
4.473419189453125000e-01
-3.174514770507812500e-01
-7.296808958053588867e-01
-1.154503464698791504e+00
-6.048237085342407227e-01
3.443876504898071289e-01
-1.667642593383789062e-01
-3.016709089279174805e-01
6.836628317832946777e-01
-1.493065595626831055e+00
2.101573944091796875e-01
-1.230161905288696289e+00
-1.031090497970581055e+00
-8.235499858856201172e-01
-4.023742675781250000e-02
-1.568553924560546875e+00
-6.904740333557128906e-01
-6.507481932640075684e-01
-1.425538539886474609e+00
-2.591385841369628906e+00
-8.009552955627441406e-03
1.154124736785888672e-02
-7.957993745803833008e-01
2.222019433975219727e-01
-3.231789171695709229e-01
-1.259455442428588867e+00
-1.900978684425354004e-01
-4.324120283126831055e-01
-2.206303119659423828e+00
-3.346760571002960205e-01
-1.542720198631286621e+00
-1.674680233001708984e+00
-6.568479537963867188e-01
-2.158872604370117188e+00
4.032683074474334717e-01
-1.935439109802246094e-01
-1.420544743537902832e+00
5.838916301727294922e-01
-3.308722019195556641e+00
-9.103035926818847656e-02
-5.979167222976684570e-01
2.180632352828979492e-01
3.853631019592285156e-02
-1.361139774322509766e+00
-2.666797637939453125e+00
-2.218376636505126953e+00
-7.813618183135986328e-01
-1.941410899162292480e+00
-8.870294094085693359e-01
2.327086925506591797e-01
2.299505472183227539e-02
7.038894891738891602e-01
5.325591564178466797e-02
-8.980307579040527344e-01
-1.018645286560058594e+00
1.689502000808715820e-01
-1.239696621894836426e+00
-6.029279232025146484e-01
-2.226244211196899414e-01
-7.337665557861328125e-02
-3.014834642410278320e+00
8.435398340225219727e-01
1.079018115997314453e+00
-7.261683940887451172e-01
-6.966948509216308594e-02
-7.827265262603759766e-01
-2.550500631332397461e-01
-1.060625076293945312e+00
-7.205783128738403320e-01
1.485299944877624512e+00
-1.407822966575622559e+00
-1.123189568519592285e+00
-6.541404128074645996e-01
-2.083376884460449219e+00
-6.696956157684326172e-01
-1.065213203430175781e+00
-2.362440109252929688e+00
-1.269862771034240723e+00
-2.794000387191772461e+00
-4.251497983932495117e-01
-8.925008773803710938e-01
-2.153316736221313477e-01
-4.399025440216064453e-02
-8.562756776809692383e-01
-7.276173233985900879e-01
1.951975524425506592e-01
1.295010745525360107e-02
5.617955327033996582e-01
3.420706987380981445e-01
-2.721285223960876465e-01
-5.408415198326110840e-01
2.865079045295715332e-01
-1.057893276214599609e+00
9.585642814636230469e-02
2.260010242462158203e-01
-2.952864646911621094e+00
-5.962200164794921875e-01
-1.953085660934448242e-01
-8.150330781936645508e-01
-9.171023964881896973e-01
4.708198606967926025e-01
4.287831783294677734e-01
1.146267652511596680e-01
4.538151025772094727e-01
-3.206250667572021484e-01
-3.898137807846069336e-01
2.748891115188598633e-01
-3.708056211471557617e-01
-7.694745063781738281e-01
3.877733945846557617e-01
-3.344690799713134766e-02
-5.379520654678344727e-01
1.610864400863647461e-01
-1.943807601928710938e-01
-1.278513669967651367e+00
-2.347130775451660156e+00
-9.827384948730468750e-01
3.393772840499877930e-01
-1.270342707633972168e+00
-1.542411684989929199e+00
1.403218507766723633e-02
-7.900866270065307617e-01
-1.692022085189819336e-01
6.587526798248291016e-01
-1.427865743637084961e+00
5.216411352157592773e-01
-1.221295356750488281e+00
-1.080949306488037109e+00
-5.325717329978942871e-01
-1.347991943359375000e+00
-9.385328292846679688e-01
-1.135907888412475586e+00
2.190551757812500000e-01
-1.351233363151550293e+00
5.091083049774169922e-01
-1.043994426727294922e+00
-5.944092273712158203e-01
-1.430220365524291992e+00
-1.923984527587890625e+00
2.521910965442657471e-01
1.049930751323699951e-01
-9.170508384704589844e-02
1.545810699462890625e-01
-1.939300298690795898e-01
3.923127651214599609e-01
7.166179418563842773e-01
-2.697533965110778809e-01
1.028714179992675781e+00
3.665533065795898438e-01
-8.962720632553100586e-02
-1.490931510925292969e-01
-6.625127792358398438e-01
-5.271306037902832031e-01
-1.714151382446289062e+00
-1.278862476348876953e+00
-8.166152238845825195e-01
-1.327662944793701172e+00
-1.535684585571289062e+00
-1.292698025703430176e+00
2.573872804641723633e-01
9.859907627105712891e-02
-6.105268001556396484e-02
-9.086779356002807617e-01
-1.204568147659301758e-02
9.658861160278320312e-01
-1.974206686019897461e+00
6.668547391891479492e-01
-4.643806219100952148e-01
-2.023907899856567383e+00
4.723880290985107422e-01
-1.934610962867736816e+00
-4.068591594696044922e-01
6.090394258499145508e-01
8.482287526130676270e-01
6.763095855712890625e-01
-1.744559645652770996e+00
-3.027001380920410156e+00
-1.332792639732360840e-01
3.269968032836914062e-01
-1.856173872947692871e+00
1.052856445312500000e+00
-1.186446785926818848e+00
3.681477308273315430e-01
-8.192358016967773438e-01
-8.821108341217041016e-01
-4.109365940093994141e-01
-2.683889865875244141e+00
-1.538318037986755371e+00
-2.385407686233520508e-01
-1.285876512527465820e+00
9.906290769577026367e-01
4.820564985275268555e-01
-6.469460964202880859e+00
-1.047611236572265625e-01
-4.244984388351440430e-01
2.662991285324096680e-01
3.562280535697937012e-02
-6.744128465652465820e-02
-5.186188220977783203e-02
3.193235397338867188e-02
-5.821964740753173828e-01
-7.532382011413574219e-01
-3.309522628784179688e+00
-1.000473499298095703e+00
-1.229362487792968750e+00
-5.070513486862182617e-01
-2.061769008636474609e+00
-3.100186586380004883e-02
-1.314008355140686035e+00
-9.049996137619018555e-01
-5.535145401954650879e-01
-1.830812692642211914e-01
-1.677899837493896484e+00
-9.946262836456298828e-01
-3.079177141189575195e-01
4.431343674659729004e-01
-1.759704351425170898e-01
3.968465328216552734e-01
-1.653509140014648438e-01
-1.625657796859741211e+00
-1.782062053680419922e-01
-2.492270469665527344e-01
-2.579874515533447266e+00
-9.554835557937622070e-01
-7.763600349426269531e-02
2.322977185249328613e-01
