7.762764732461702177e-01
7.837798725244611298e-01
7.735060354107973213e-01
7.696871831070964953e-01
7.714112887273059105e-01
7.957965555368151644e-01
8.180402249666316461e-01
7.611551507655404114e-01
7.674799947527219945e-01
7.653800424363194077e-01
7.831177160181489461e-01
7.852822181826509818e-01
7.868178798914730043e-01
7.683326774235864631e-01
7.799828838789878427e-01
8.006773569544133329e-01
8.090146986250881245e-01
7.715122780057845908e-01
7.807449885371963161e-01
7.768397227271686134e-01
7.780141135119491569e-01
7.634123131958630015e-01
7.578131344365109934e-01
7.918163286128654388e-01
7.811947552207292311e-01
7.812270301447790111e-01
7.789834023600257229e-01
7.849344819041788046e-01
7.578412448542317659e-01
7.837278161953487032e-01
7.789677854612918617e-01
7.671332996008319860e-01
7.476069705506934726e-01
7.995748039038081956e-01
7.562254163985766553e-01
7.760453431449102490e-01
7.744576251069755779e-01
7.731114484361236716e-01
7.748647056006364719e-01
7.765461250309735330e-01
7.899714523091146967e-01
8.018642412581807877e-01
7.932999339925747018e-01
7.764597115246465453e-01
7.561462907783254028e-01
7.810094346890884554e-01
7.635643176768717177e-01
7.633050771578909766e-01
7.650614577021503937e-01
7.861598878914894950e-01
