4 9 9 9 19 16 7 7 17
9 9 14 0 16 9 11 9 9
5 9 4 5 1 9 4 3 1
5 9 9 15 9 3 3 3 9
8 16 4 0 7 7 0 7 17
8 9 19 3 3 0 5 2 17
10 10 5 4 14 16 13 3 17
16 9 6 11 14 5 18 14 17
9 9 7 19 9 19 9 8 17
4 16 2 11 8 15 1 17 15
19 0 13 2 19 2 13 19 7
10 1 17 2 11 6 9 5 0
15 12 5 3 9 6 8 3 17
19 7 17 5 0 11 7 3 16
0 7 6 9 19 4 9 4 17
5 10 12 8 17 9 19 15 16
11 9 9 9 18 12 9 19 17
13 17 2 0 14 9 4 15 17
11 7 9 9 15 11 0 12 9
8 9 12 8 19 15 9 4 3
4 9 2 14 4 9 15 1 10
8 9 14 5 10 5 9 11 0
0 7 0 8 4 11 4 11 0
3 8 2 8 4 4 0 19 9
9 17 8 6 5 9 14 0 9
15 10 6 7 2 11 11 16 9
9 7 19 4 9 4 9 12 9
14 9 5 19 4 12 15 15 7
1 17 0 1 12 10 6 15 9
7 10 7 8 15 9 12 0 9
15 9 17 5 12 9 12 15 5
9 9 17 4 0 7 1 19 9
9 9 2 0 13 7 14 3 7
9 9 14 5 19 2 13 19 0
4 9 5 14 19 7 17 8 9
15 9 17 13 19 7 8 4 7
15 9 15 12 17 18 4 0 1
19 9 12 3 17 7 15 16 7
17 7 2 3 7 9 4 8 17
7 9 14 0 9 3 4 6 9
3 17 14 3 8 6 3 4 9
19 9 10 2 8 9 11 9 16
7 17 0 18 4 9 9 9 7
4 9 19 11 4 18 16 11 17
7 9 12 17 7 4 9 15 7
11 9 9 15 12 0 15 4 4
7 16 11 5 19 9 7 15 7
5 17 9 17 9 4 5 4 4
15 10 17 11 5 17 7 8 7
14 9 10 8 13 2 4 15 17
4 7 0 2 7 5 7 5 17
9 10 2 10 7 16 9 15 9
15 9 11 13 3 10 15 15 9
4 9 7 15 9 17 10 8 9
14 9 15 14 8 9 7 11 5
0 9 10 2 8 15 9 6 17
4 9 15 4 4 16 12 15 16
13 13 10 13 17 0 4 15 0
19 10 12 1 15 0 19 13 8
17 9 15 17 0 9 11 6 9
9 9 7 19 9 19 9 8 17
4 9 12 17 19 4 5 15 17
5 10 0 3 9 10 0 5 9
0 9 17 4 7 15 6 5 0
15 9 17 12 9 13 7 12 9
7 6 9 4 16 9 16 11 9
15 5 19 9 0 3 0 2 9
9 0 17 2 8 13 18 6 9
9 9 17 4 0 7 1 19 9
10 17 7 1 9 9 15 4 7
17 9 19 2 3 4 8 1 4
8 16 4 15 9 12 15 9 9
14 9 0 0 5 7 17 16 17
12 12 8 17 6 4 19 19 9
4 10 11 9 19 15 4 16 7
9 9 17 9 10 0 17 17 9
8 9 5 11 9 9 9 9 7
11 9 15 12 0 9 5 13 10
4 9 15 14 17 4 4 1 17
9 9 5 5 18 4 13 15 15
15 9 11 2 19 8 12 12 17
16 10 16 2 16 17 5 13 17
16 13 19 9 2 4 9 9 9
14 9 4 19 13 7 0 15 0
9 9 4 15 20 2 8 8 17
19 9 1 16 4 10 7 7 16
9 9 19 11 3 13 4 0 17
19 9 17 9 5 7 0 9 9
14 10 7 0 7 15 0 8 17
4 9 17 7 18 17 0 14 0
7 9 4 5 7 15 9 14 3
9 9 9 2 19 10 16 15 16
5 10 17 8 0 0 9 3 0
0 9 7 14 2 9 13 13 9
4 7 5 12 9 10 2 0 9
7 10 10 19 14 16 6 1 13
0 9 4 16 18 16 11 9 9
19 9 9 11 7 12 5 12 7
19 16 7 3 14 7 4 11 0
13 9 19 12 3 18 16 3 0
8 10 9 8 3 10 5 3 17
4 17 9 16 0 0 6 1 9
14 16 0 3 1 4 9 14 17
17 16 19 15 5 8 4 9 7
4 9 10 8 20 15 15 11 9
0 10 16 0 4 4 5 3 9
9 9 15 6 4 19 12 0 17
4 14 7 7 0 8 11 2 17
16 9 9 1 17 9 12 0 17
19 9 7 15 7 4 9 6 9
17 4 2 3 12 9 9 4 17
16 14 17 16 7 18 8 15 8
5 9 0 19 3 7 3 12 7
15 17 9 2 17 5 17 0 17
8 9 16 5 2 3 11 4 16
9 9 9 9 4 6 15 19 0
7 7 4 0 17 13 16 7 17
9 12 10 9 19 4 9 19 17
4 9 15 14 9 17 9 19 0
4 9 6 8 5 9 15 8 12
4 7 2 7 9 9 4 17 7
18 9 7 2 10 8 15 9 17
19 17 12 5 19 15 7 16 16
3 17 7 0 12 0 17 13 16
18 6 9 2 9 17 9 9 7
2 10 0 11 12 10 15 12 17
9 16 5 2 3 11 4 16 7
4 16 11 15 13 7 4 11 7
16 9 19 9 5 16 15 5 7
9 0 7 12 2 9 19 5 7
15 7 5 17 7 16 19 7 9
10 0 1 9 17 12 0 0 16
19 9 15 11 16 16 17 16 15
9 9 10 18 15 1 4 5 16
8 7 7 15 0 9 17 7 17
9 9 5 16 4 16 18 16 9
10 9 4 19 20 20 20 20 20
4 16 19 16 5 5 19 2 17
17 15 9 0 2 16 11 15 9
0 9 4 8 19 2 7 11 7
15 7 4 5 4 13 0 3 17
4 17 4 14 15 12 4 7 17
14 17 0 2 3 16 19 8 0
14 10 6 7 16 0 4 4 16
2 9 7 16 17 16 0 16 9
7 9 16 0 7 9 4 4 10
0 13 15 18 0 4 3 13 17
0 13 17 16 16 16 3 18 17
7 9 19 7 17 4 1 7 7
4 9 0 17 5 5 17 9 9
11 7 19 2 9 4 17 18 10
9 9 7 5 7 1 17 0 17
9 7 10 19 15 17 7 5 17
8 17 2 7 4 4 9 5 9
19 9 9 12 5 4 17 9 16
7 9 12 4 16 12 3 4 9
11 17 9 9 19 11 14 9 9
11 10 2 17 20 19 1 4 9
4 17 19 13 1 4 3 5 19
14 7 0 13 1 4 9 14 17
13 9 0 11 5 0 4 8 17
9 17 2 17 3 16 7 5 17
9 10 17 3 15 4 7 3 17
4 7 6 9 13 9 19 15 9
9 9 19 9 7 9 4 9 9
19 13 19 17 14 9 6 3 10
16 5 19 19 5 11 18 4 17
10 9 9 15 8 7 11 15 9
9 11 15 15 3 3 19 11 9
9 9 2 2 13 7 9 13 9
4 16 4 15 2 17 7 11 7
5 9 7 0 1 9 7 4 17
11 9 17 13 2 17 13 12 17
7 17 7 5 17 7 7 9 0
8 10 7 5 4 15 8 16 0
4 17 15 8 17 9 6 16 17
10 10 0 8 3 3 3 9 17
11 10 9 8 20 11 11 9 17
15 9 9 19 9 7 9 4 9
0 17 17 15 16 13 9 7 10
18 9 14 9 12 14 7 4 1
4 9 5 9 4 7 9 15 6
8 9 9 0 20 15 3 5 7
11 13 10 3 20 3 4 16 17
19 17 0 15 19 9 9 0 0
6 9 7 4 15 19 0 4 9
4 9 9 17 7 5 0 1 17
8 17 15 15 17 4 19 16 16
8 0 19 6 7 7 4 4 17
9 9 10 16 15 9 13 19 0
13 10 9 3 2 18 14 11 17
9 10 12 16 17 9 13 0 9
4 9 8 2 20 15 17 8 17
7 9 9 15 2 7 9 14 17
13 17 12 9 7 17 5 7 9
5 16 0 16 5 17 2 10 0
17 9 9 13 14 9 6 9 9
14 13 10 12 9 15 15 0 17
15 13 17 2 9 12 1 5 7
9 9 15 3 7 14 4 19 7
19 10 9 0 6 17 16 5 9
17 9 16 0 7 5 7 16 17
7 9 15 9 4 9 7 15 9
16 9 12 5 20 16 9 9 9
7 16 1 17 19 1 8 16 17
4 9 15 1 12 9 19 14 4
9 9 18 0 0 14 12 14 9
9 19 10 5 4 14 9 19 9
10 9 9 0 9 17 0 9 17
19 9 9 4 5 7 8 1 7
6 9 19 14 1 14 9 15 15
5 9 3 0 2 10 18 15 7
4 9 11 16 3 12 15 13 9
9 9 4 7 13 5 19 15 7
4 13 4 19 8 17 14 3 7
16 10 9 15 7 7 9 17 7
17 5 9 5 11 17 11 5 17
9 13 9 3 3 9 3 8 17
10 9 12 17 9 5 15 15 16
0 7 5 5 5 8 9 12 0
6 9 7 8 7 12 9 9 7
13 9 9 13 2 6 18 3 7
16 9 9 5 9 7 9 4 17
15 9 7 5 15 8 16 13 7
7 0 10 2 17 16 3 5 9
11 17 15 0 0 9 0 0 9
19 10 15 6 14 3 9 15 0
9 10 2 15 7 4 17 15 16
9 9 15 15 17 15 12 5 0
14 9 0 14 0 7 7 3 9
9 16 9 2 3 13 7 4 17
4 9 0 3 6 12 11 17 16
7 10 3 19 6 9 9 4 0
4 9 18 2 0 19 4 15 15
4 9 15 7 17 17 2 6 17
13 17 6 15 15 9 15 17 17
19 7 15 5 18 11 12 16 9
8 9 0 14 17 7 15 14 9
8 16 7 7 0 9 9 4 0
9 8 9 16 2 11 17 19 7
8 9 9 14 14 12 4 15 9
7 9 16 9 2 7 4 19 9
0 16 5 10 16 12 0 3 17
9 0 2 0 11 9 2 8 17
14 9 9 12 5 17 4 16 17
1 10 16 18 11 13 10 11 9
4 9 9 13 9 12 4 14 5
9 17 2 9 4 17 4 15 16
10 16 15 1 17 15 3 13 9
10 15 3 4 10 3 1 11 9
0 3 16 5 15 5 16 0 15
19 16 4 9 19 11 4 18 16
8 9 4 7 14 13 3 3 17
7 9 15 12 9 16 8 5 7
8 14 5 12 15 16 3 5 17
0 9 16 0 15 16 17 12 9
19 10 16 0 17 9 3 19 9
9 13 15 11 12 9 9 3 17
16 9 14 3 19 7 9 2 9
4 0 0 5 7 7 7 9 10
0 9 7 14 12 9 13 13 9
15 16 13 3 8 7 9 16 17
0 9 0 15 1 10 5 9 7
9 9 4 14 19 12 17 19 17
13 12 9 16 4 0 9 13 9
4 10 2 5 8 13 0 1 17
0 7 6 11 17 17 6 0 7
9 10 11 5 13 13 7 4 9
9 9 0 5 9 17 15 9 9
9 9 18 2 19 17 19 13 9
9 9 9 9 9 12 12 0 9
15 9 11 9 14 3 16 11 9
0 9 1 3 11 16 1 9 9
8 17 17 2 3 9 17 8 17
9 17 14 5 17 1 10 8 17
19 9 11 0 17 15 9 1 7
11 9 2 9 4 10 15 6 17
14 10 19 15 20 5 0 9 9
7 7 9 4 7 9 4 4 0
5 10 17 2 5 15 17 9 17
14 10 7 9 19 9 3 15 17
7 13 7 11 15 6 1 4 17
11 10 13 16 17 8 9 4 17
19 7 7 14 17 16 16 3 9
14 9 4 11 5 11 15 14 5
8 9 4 11 17 16 9 11 0
0 9 13 11 4 2 11 8 9
9 9 9 17 7 16 1 1 17
14 10 0 16 10 9 3 19 17
9 17 0 0 18 19 15 5 17
0 7 14 5 15 17 16 12 0
15 15 4 10 4 5 18 6 17
9 9 15 0 5 7 4 5 0
16 9 0 17 5 2 11 14 17
19 17 0 0 20 19 13 14 9
19 10 0 12 9 1 9 10 17
14 9 0 1 5 17 7 5 7
19 7 7 3 7 9 8 12 9
13 17 19 1 3 10 19 5 9
15 16 7 8 3 0 9 15 17
14 9 14 15 15 17 12 5 17
10 13 9 4 6 9 1 9 7
16 9 0 0 5 9 9 2 9
17 16 4 0 17 15 4 19 17
2 9 7 2 19 7 19 5 7
9 12 6 15 15 15 6 18 9
3 4 0 4 8 2 9 4 17
7 9 12 4 16 12 3 4 9
17 13 19 7 8 4 7 4 9
5 16 19 0 17 11 7 6 17
9 9 6 9 0 17 7 5 0
0 5 17 0 15 0 2 12 17
16 9 15 5 6 15 13 3 17
0 9 0 13 8 5 17 13 9
17 10 9 3 10 9 11 19 17
11 9 2 15 7 15 7 15 17
4 9 4 17 7 5 0 9 0
9 7 5 5 8 12 2 14 17
17 7 9 5 17 9 9 9 7
8 9 17 15 7 15 11 4 7
0 15 4 4 15 15 18 13 7
7 16 2 12 20 4 17 3 17
4 0 11 19 11 4 16 9 9
8 17 17 3 4 9 0 10 9
4 9 7 1 6 11 9 14 0
5 9 5 13 17 12 9 7 17
17 16 0 13 17 17 9 13 0
0 10 12 4 15 7 4 19 14
8 9 7 2 4 5 15 5 0
10 9 2 2 4 15 0 5 0
19 9 9 0 17 1 5 1 7
3 9 11 16 15 9 13 2 7
9 12 16 17 8 9 0 3 17
0 9 0 0 20 4 9 5 9
16 7 4 15 16 7 7 4 17
8 9 9 14 2 15 6 17 9
0 13 19 16 9 10 15 13 0
19 16 9 2 20 4 5 12 9
9 10 7 4 7 15 15 4 9
8 9 1 1 2 7 19 6 0
18 15 7 5 17 7 16 19 7
19 7 0 8 19 7 17 12 19
5 9 17 3 17 3 8 5 17
4 9 8 14 9 3 9 8 12
15 16 9 2 7 10 0 9 7
7 9 15 2 2 10 9 11 7
4 7 18 4 7 4 6 4 17
13 17 15 1 1 2 18 9 9
7 9 13 11 17 6 0 16 9
9 9 17 14 11 15 4 3 17
10 4 7 5 15 12 10 19 9
9 13 5 3 19 12 12 13 9
9 7 17 5 7 7 4 16 0
10 10 10 8 18 7 7 15 7
14 9 13 3 20 15 11 15 9
8 9 0 0 20 9 3 15 7
17 9 7 0 5 19 7 7 17
0 17 14 15 8 19 15 3 17
0 9 17 11 8 9 19 15 9
0 9 9 18 0 0 5 17 9
15 10 12 11 9 17 12 3 17
9 17 13 0 5 11 17 13 9
18 9 17 5 5 7 17 0 0
4 16 2 9 15 5 4 13 17
14 10 0 16 20 17 3 1 17
