19 9 5 16 5 12 3 0 15
14 9 19 3 9 9 6 5 0
7 8 12 11 15 8 2 15 17
14 9 17 8 14 13 17 12 9
11 9 16 7 0 18 12 14 10
4 14 7 7 0 8 11 2 17
4 9 7 15 17 7 17 9 17
19 9 5 9 16 13 12 4 9
9 1 18 5 3 9 10 11 9
15 9 17 19 17 11 5 17 17
13 9 6 0 17 12 17 9 9
9 0 0 17 9 17 17 10 0
8 9 17 2 15 16 2 8 0
9 9 4 7 9 4 19 4 0
15 9 12 8 6 11 17 16 7
0 9 7 14 13 9 13 13 9
19 16 5 5 19 2 17 15 9
4 9 0 3 6 12 11 17 16
10 9 9 13 0 19 14 15 17
15 9 17 5 12 9 12 15 5
17 17 7 17 5 9 6 5 17
0 9 0 0 20 0 9 17 17
11 9 16 3 5 12 19 12 9
4 9 5 14 19 7 17 8 9
19 9 15 15 18 16 12 17 17
6 9 5 3 9 6 0 7 9
8 9 9 18 4 9 16 5 16
5 10 0 5 13 7 12 12 9
19 8 15 12 0 15 2 0 19
4 16 11 15 13 7 4 11 7
9 9 18 14 8 9 9 18 6
9 0 0 16 12 3 7 14 17
4 9 6 8 5 9 15 8 12
15 9 9 8 15 9 9 9 9
7 9 8 13 11 19 4 15 17
11 9 9 9 18 12 9 19 17
7 16 11 5 19 9 7 15 7
15 9 6 3 6 7 0 11 9
9 17 7 16 7 11 19 4 9
9 9 17 4 0 7 1 19 9
10 9 3 11 4 14 11 9 9
0 9 6 19 19 19 9 1 9
10 9 10 0 13 3 0 9 0
17 9 1 12 19 10 12 8 17
7 4 9 9 6 6 0 4 17
4 7 7 2 11 4 5 15 17
19 9 5 10 4 11 12 19 15
16 7 10 5 15 19 9 5 17
15 10 17 11 5 17 7 8 7
6 9 10 4 2 2 19 17 9
9 13 13 13 12 15 12 12 17
7 9 8 5 8 4 13 16 0
9 9 15 9 4 15 16 9 17
15 5 19 9 0 3 0 2 9
8 9 0 14 17 7 15 14 9
9 7 7 0 9 5 7 6 9
17 17 18 17 8 7 16 13 17
0 7 17 3 4 12 17 12 0
4 9 15 11 4 12 4 15 9
14 7 7 9 11 5 15 9 9
9 7 17 9 4 3 17 4 17
9 9 16 8 2 15 19 8 17
4 9 6 8 5 19 17 12 1
17 10 10 0 17 14 19 19 10
17 13 17 5 5 17 16 19 7
7 9 13 11 17 6 0 16 9
0 7 15 5 17 9 10 12 16
11 10 16 8 2 18 4 9 17
13 16 7 2 11 7 17 4 9
4 9 6 19 1 11 15 19 0
5 9 4 5 1 9 4 3 1
17 10 19 0 4 16 16 12 9
10 9 9 6 17 5 7 12 9
9 16 7 13 10 3 15 12 17
4 9 9 9 17 0 0 10 7
11 9 9 11 6 15 18 9 17
4 0 9 5 11 17 7 15 0
7 9 9 9 7 5 7 1 17
4 7 9 7 4 11 7 7 17
19 9 19 0 9 19 15 12 9
8 9 13 17 3 9 2 11 17
7 16 10 15 0 4 9 7 17
0 10 17 9 0 17 14 5 17
9 10 2 8 17 15 11 5 7
9 9 3 15 13 7 0 16 7
10 10 12 3 0 10 16 7 17
19 9 2 7 4 1 18 8 17
9 9 11 1 11 7 11 11 17
7 16 19 11 19 13 9 4 9
0 0 12 12 12 13 14 0 0
0 9 7 3 0 19 17 2 7
7 7 7 4 4 7 17 9 7
0 13 15 18 0 4 3 13 17
19 7 0 8 19 7 17 12 19
10 0 17 0 7 9 8 3 17
4 9 17 7 18 17 0 14 0
9 9 9 12 5 7 19 16 17
7 7 15 2 5 5 1 16 1
19 17 19 12 2 11 9 12 17
15 9 0 2 16 11 15 9 0
15 16 5 10 16 12 3 8 17
19 10 0 12 9 1 9 10 17
9 9 9 4 6 15 19 0 7
5 0 0 16 5 7 0 0 17
17 0 10 15 9 16 17 5 0
13 17 15 1 1 2 18 9 9
4 9 9 13 9 12 4 14 5
5 9 8 15 8 16 6 0 17
4 7 5 12 9 10 2 0 9
7 10 16 15 19 13 19 9 7
15 9 7 19 19 13 11 3 17
11 10 15 13 0 3 19 9 17
0 10 19 10 0 9 7 0 0
9 9 9 9 9 12 12 0 9
4 9 3 12 13 18 19 14 17
19 9 13 16 17 15 17 15 17
8 7 9 0 7 7 4 9 17
10 9 9 13 0 1 14 15 17
5 13 17 7 18 17 11 11 16
16 0 19 12 11 15 7 12 9
19 17 7 5 15 18 5 16 9
0 9 6 2 9 12 3 11 9
8 9 9 0 20 15 3 5 7
8 9 9 14 2 15 6 17 9
6 9 4 0 20 3 0 0 17
5 16 9 7 15 14 0 9 17
18 14 2 15 15 4 16 3 17
19 9 10 9 9 4 0 0 10
0 9 9 3 7 0 15 1 9
9 9 0 14 4 0 16 15 0
9 9 2 2 12 9 15 16 17
10 9 9 15 8 7 11 15 9
8 7 11 0 5 7 11 16 7
0 10 19 17 0 7 13 0 17
15 9 19 8 5 12 7 12 17
4 17 17 0 9 7 5 11 17
16 9 9 1 17 9 12 0 17
17 9 9 14 4 13 12 14 17
17 9 6 6 11 17 7 16 9
16 9 2 15 13 17 10 15 9
15 9 17 3 11 11 4 4 16
9 9 5 9 7 9 4 17 9
16 9 2 3 8 17 0 3 9
19 9 1 16 0 15 11 4 9
15 9 18 5 7 14 18 19 7
9 9 15 12 2 9 7 14 11
4 17 19 13 1 4 3 5 19
13 0 3 3 7 4 3 11 7
9 9 15 19 3 9 15 11 7
0 7 17 4 17 4 7 9 16
9 7 16 18 9 7 2 19 17
8 7 9 0 7 7 4 9 17
19 7 12 16 17 9 2 13 17
9 10 7 19 5 9 12 18 10
15 13 7 9 8 3 6 12 17
13 9 9 13 0 11 12 7 9
6 9 7 8 7 12 9 9 7
9 0 13 3 19 16 16 15 9
7 7 0 7 17 4 17 4 7
4 0 7 7 0 7 17 4 17
1 10 5 3 11 13 4 11 17
8 9 11 15 15 17 19 15 9
4 7 18 4 7 4 6 4 17
9 9 15 1 15 0 2 5 0
0 9 10 16 9 2 2 9 0
9 9 17 9 10 0 17 17 9
8 17 2 7 4 4 9 5 9
10 13 1 9 13 11 3 11 9
7 7 9 18 4 4 11 0 10
4 16 4 15 2 17 7 11 7
6 7 13 12 6 9 0 15 17
4 13 12 15 4 15 6 9 17
14 9 0 0 9 0 7 0 0
4 17 9 11 5 5 5 3 17
7 9 12 4 16 12 3 4 9
8 9 7 2 4 5 15 5 0
10 4 12 0 13 12 4 5 9
7 9 12 4 16 12 3 4 9
9 9 16 16 15 5 17 15 0
4 13 19 9 9 12 5 4 17
8 9 4 7 14 13 3 3 17
0 17 9 17 17 10 0 1 9
16 9 4 9 7 9 1 19 4
19 7 7 8 11 16 4 11 17
7 0 5 19 7 7 17 4 17
9 10 12 13 12 9 0 2 5
17 4 11 7 1 2 17 12 9
10 17 2 14 1 17 17 8 17
15 9 15 16 15 12 15 3 9
10 10 12 3 0 10 16 7 17
16 9 19 10 20 2 17 10 9
19 7 19 19 4 4 7 14 9
9 12 16 17 8 9 0 3 17
13 9 12 13 13 2 13 12 17
18 9 5 0 0 7 16 9 17
7 10 2 16 2 13 14 4 17
16 7 10 5 17 7 4 9 7
0 17 7 5 0 9 9 0 17
4 9 2 16 17 19 16 7 7
10 9 15 2 16 9 8 11 9
8 16 4 0 7 7 0 7 17
9 9 5 16 4 16 18 16 9
4 9 7 2 9 0 4 9 7
8 10 6 2 17 7 0 12 0
9 9 7 19 9 19 9 8 17
4 9 0 12 16 5 17 12 17
9 4 5 10 2 9 11 8 7
9 19 15 3 13 17 7 3 17
4 17 15 8 2 7 15 15 5
14 16 0 3 1 4 9 14 17
19 16 10 0 2 9 17 19 0
16 17 13 3 4 7 4 15 0
4 9 5 5 5 5 0 5 7
4 9 11 4 20 9 12 16 17
19 9 10 2 3 3 17 12 0
4 9 12 18 6 14 9 4 9
6 13 10 15 15 1 4 9 9
5 9 19 11 9 9 7 14 1
14 9 14 5 10 5 9 11 0
4 9 17 16 19 10 0 12 9
9 13 9 19 15 9 4 15 9
5 7 4 1 4 14 7 9 9
7 9 18 19 0 12 3 15 9
5 15 9 2 17 9 10 0 17
8 7 7 15 0 9 17 7 17
1 10 4 1 15 3 3 4 9
7 1 2 5 7 7 13 5 7
15 10 6 7 2 11 11 16 9
2 15 16 13 16 16 16 13 8
0 7 6 11 17 17 6 0 7
13 9 9 13 2 6 18 3 7
10 16 19 16 5 5 17 10 16
10 5 17 7 4 9 7 15 17
2 13 17 12 4 15 17 15 17
4 9 13 2 20 9 8 4 17
14 9 9 12 5 17 4 16 17
11 9 17 12 9 17 0 16 17
15 9 7 16 15 5 9 4 7
10 9 10 3 16 10 4 4 7
14 9 2 18 19 15 9 10 16
6 9 7 4 15 19 0 4 9
19 16 9 2 20 4 5 12 9
9 16 9 9 5 7 5 1 17
3 9 15 2 15 9 5 12 17
9 9 7 2 7 9 7 9 9
9 9 18 0 5 12 10 0 17
17 4 8 9 19 19 4 3 7
7 9 8 9 4 4 10 5 9
17 9 7 0 5 19 7 7 17
14 10 9 0 15 0 5 3 9
16 17 19 11 3 9 16 8 17
14 0 19 15 2 9 4 4 16
10 4 7 5 15 12 10 19 9
19 9 16 9 0 8 6 16 7
7 9 5 3 16 8 0 19 17
9 10 9 9 4 0 0 10 7
7 9 0 9 1 7 7 4 17
19 0 19 5 18 7 12 3 16
10 16 16 13 13 0 5 19 17
9 9 10 11 5 13 13 7 4
13 9 12 4 5 2 12 4 0
15 7 2 0 17 0 17 16 12
15 13 17 18 5 5 13 12 17
16 9 6 11 14 5 18 14 17
10 10 10 8 18 7 7 15 7
14 9 4 11 5 11 15 14 5
4 9 13 4 14 5 11 3 17
5 9 17 5 17 9 0 5 9
0 13 9 2 0 17 9 15 0
19 9 14 8 14 13 17 9 7
0 9 13 15 0 19 17 8 7
19 9 16 2 3 2 4 3 4
9 1 16 3 9 11 16 15 9
17 17 9 15 17 12 0 8 17
9 9 4 15 9 4 4 9 7
0 13 19 16 9 10 15 13 0
7 9 11 8 12 9 7 16 17
7 17 7 9 4 7 10 4 10
4 9 15 4 4 16 12 15 16
8 7 12 1 3 15 12 12 9
18 9 11 15 0 16 0 9 7
19 7 7 3 7 9 8 12 9
5 9 9 2 12 13 1 14 9
4 7 17 9 7 9 9 9 9
4 10 3 1 11 9 11 3 9
9 7 5 5 8 12 2 14 17
19 10 4 19 8 7 4 4 17
0 7 5 5 5 8 9 12 0
17 9 15 17 0 9 11 6 9
9 19 4 0 5 5 9 15 17
0 9 18 15 9 15 14 6 0
16 9 19 2 4 2 19 19 7
5 9 4 14 12 19 5 15 16
4 17 9 16 0 0 6 1 9
8 17 17 2 3 9 17 8 17
7 9 15 9 4 9 7 15 9
0 16 5 10 16 12 0 3 17
5 9 6 1 2 4 0 1 9
17 9 0 15 16 16 0 8 0
17 9 9 0 13 15 17 0 17
0 10 9 6 18 15 9 7 9
0 9 0 0 5 15 1 9 17
9 9 18 4 9 16 5 16 4
18 0 4 15 0 7 5 11 17
11 10 13 16 17 8 9 4 17
14 9 11 2 4 9 5 9 9
19 9 13 16 17 15 17 15 17
14 9 4 19 13 7 0 15 0
4 16 15 6 3 6 4 5 9
0 7 6 9 19 4 9 4 17
16 7 7 4 17 9 7 15 7
8 17 19 2 8 9 4 12 17
15 0 9 7 9 14 5 15 17
7 17 16 1 5 0 3 16 9
0 7 14 5 15 17 16 12 0
4 9 8 8 2 0 12 19 7
8 17 9 12 2 5 13 17 7
5 13 17 12 16 16 3 17 17
4 9 2 18 10 2 16 4 5
9 17 19 17 11 5 17 17 17
17 17 9 17 5 9 10 0 9
9 13 14 14 14 3 16 13 17
7 9 14 0 9 3 4 6 9
11 7 7 2 18 13 4 0 7
4 17 2 16 10 15 7 19 7
5 9 17 2 1 19 7 11 9
0 9 4 11 9 7 5 16 4
15 9 17 19 17 11 5 17 17
4 16 15 15 4 19 11 19 17
0 17 0 2 10 13 17 5 0
19 9 12 3 17 7 15 16 7
16 10 9 15 7 7 9 17 7
8 17 15 11 2 5 12 16 9
9 10 19 2 7 7 11 15 17
13 9 16 7 9 15 9 4 9
19 9 9 3 17 11 9 13 11
5 10 2 1 11 14 3 3 19
19 9 2 4 9 9 9 9 9
7 9 16 0 7 9 4 4 10
9 9 2 11 15 16 16 5 16
9 9 14 0 16 9 11 9 9
7 9 9 9 2 13 0 9 17
16 9 0 0 14 7 8 4 9
10 9 4 19 20 20 20 20 20
9 4 3 6 19 15 13 3 9
19 9 17 5 15 11 10 16 13
5 9 15 9 19 16 16 3 10
17 7 18 17 11 11 16 7 7
13 9 6 2 12 15 5 19 9
17 9 4 16 17 10 16 19 17
7 10 0 6 1 7 9 2 9
9 7 12 4 9 7 9 4 7
9 9 16 12 11 3 4 3 7
10 10 5 5 1 9 13 11 0
17 17 9 0 5 9 10 0 9
9 7 0 5 7 7 9 9 7
17 9 17 16 5 1 10 4 17
9 9 10 16 15 9 13 19 0
4 9 7 2 20 9 0 4 9
9 8 9 16 2 11 17 19 7
9 9 19 9 7 9 4 9 9
0 7 11 3 7 9 5 13 9
9 4 2 3 5 8 9 8 0
4 13 15 9 16 7 4 15 16
0 7 17 4 2 6 19 2 17
