11 0 12 12 0 19 3 8 9
9 4 7 9 4 4 0 19 17
4 9 9 14 18 3 13 3 7
4 9 0 6 15 0 5 19 7
0 14 6 19 9 7 6 16 17
9 7 9 3 14 12 3 12 17
14 9 3 11 9 7 0 13 9
0 17 0 5 0 0 7 9 17
15 7 6 17 16 17 15 11 17
4 9 8 2 17 10 17 3 7
11 9 4 16 4 9 6 3 7
14 17 0 2 3 16 19 8 0
15 9 4 0 9 5 11 17 7
9 9 17 5 19 11 2 15 0
9 16 2 3 2 4 3 4 0
10 9 14 3 3 7 0 10 9
19 9 2 5 0 0 2 7 17
9 9 7 6 4 9 9 15 9
6 17 7 2 19 9 7 14 7
9 9 18 4 9 16 5 16 4
7 9 5 0 2 12 9 14 17
15 0 4 5 11 6 0 15 16
4 9 1 16 20 9 16 15 7
10 10 10 8 18 7 7 15 7
7 16 10 15 0 4 9 7 17
19 17 7 14 0 13 9 6 17
9 9 15 9 9 17 7 18 7
17 9 4 9 9 17 7 5 0
8 9 4 16 6 2 7 10 9
9 9 10 5 15 15 2 9 0
16 9 9 12 3 4 12 11 17
7 10 4 10 9 7 4 11 17
4 9 17 5 17 0 7 7 9
19 9 1 16 4 10 7 7 16
7 9 2 17 1 15 15 5 9
15 9 12 2 17 17 7 15 0
16 13 4 18 1 0 17 0 9
9 9 11 3 15 5 13 12 9
4 9 2 16 17 19 16 7 7
4 10 11 9 19 15 4 16 7
15 17 9 3 19 13 16 0 17
7 9 0 7 7 4 9 17 9
0 9 7 14 1 9 13 13 9
4 9 7 2 9 0 4 9 7
8 7 4 11 19 11 10 5 17
4 9 15 16 17 10 2 14 17
19 9 7 15 7 4 9 6 9
9 9 5 5 18 4 13 15 15
9 9 18 9 15 1 15 7 0
9 9 9 4 6 15 19 0 7
19 17 0 15 19 9 9 0 0
15 9 12 16 8 11 4 12 17
7 9 18 4 4 11 0 10 17
9 10 12 16 17 9 13 0 9
13 9 12 9 3 15 2 0 17
5 17 10 9 19 16 10 9 17
18 9 7 2 10 8 15 9 17
4 17 19 12 15 11 4 2 17
19 9 2 4 9 9 9 9 9
12 7 5 3 11 15 12 9 9
14 9 2 2 5 16 16 13 9
9 9 7 12 20 17 12 11 9
17 9 9 15 7 1 15 9 9
9 9 11 9 9 9 18 12 9
19 17 0 15 19 9 9 0 0
13 9 4 8 19 17 12 15 0
5 9 7 19 16 19 15 5 9
17 16 9 2 7 17 13 5 7
7 7 16 1 1 9 9 15 17
17 7 18 7 9 7 17 0 7
4 7 9 2 9 4 14 16 18
10 0 15 17 4 17 1 12 9
11 9 0 3 2 7 10 14 9
4 9 0 17 5 5 17 9 9
0 7 4 1 7 16 19 19 7
12 9 9 2 5 16 0 16 9
17 17 18 17 8 7 16 13 17
17 9 5 2 3 17 9 15 9
7 0 5 19 7 7 17 4 17
15 10 7 5 9 1 0 1 17
10 13 9 9 4 2 11 3 17
1 10 5 3 11 13 4 11 17
10 13 1 9 13 11 3 11 9
0 13 9 2 0 17 9 15 0
4 9 9 9 19 16 7 7 17
19 9 13 16 17 15 17 15 17
16 7 10 5 17 7 4 9 7
4 9 15 11 4 12 4 15 9
7 0 10 2 17 16 3 5 9
8 9 15 15 4 4 13 15 17
19 7 18 7 8 11 9 3 16
7 9 9 9 2 13 0 9 17
1 17 0 1 12 10 6 15 9
17 9 16 4 14 2 17 0 17
17 17 9 15 5 16 16 0 0
7 16 8 19 11 9 14 3 9
4 4 18 13 17 9 3 0 17
7 9 9 9 9 7 15 9 17
19 7 15 8 1 18 2 19 0
15 9 9 17 7 18 7 9 7
0 17 17 15 16 13 9 7 10
7 7 19 3 7 9 19 10 9
18 9 11 15 0 16 0 9 7
4 0 17 13 16 7 17 4 7
18 9 16 15 7 9 9 15 9
7 10 3 19 6 9 9 4 0
4 15 7 5 6 12 9 11 10
14 9 6 9 18 9 15 2 10
9 9 15 1 15 0 2 5 0
16 9 9 5 9 7 9 4 17
4 17 9 16 0 0 6 1 9
9 10 7 4 7 15 15 4 9
4 9 0 19 19 12 12 10 10
14 10 7 9 19 9 3 15 17
9 10 9 3 7 15 16 15 9
8 16 17 15 7 16 15 19 7
9 9 9 9 5 9 18 5 16
1 9 2 9 8 7 9 19 9
19 16 11 2 4 9 8 19 9
15 13 17 18 5 5 13 12 17
17 9 9 6 0 17 19 15 7
19 9 9 15 9 4 15 16 9
11 7 0 3 19 7 0 5 9
17 0 10 15 9 16 17 5 0
6 17 2 5 8 7 9 4 17
8 9 9 3 20 13 18 11 9
17 9 4 4 14 15 0 15 15
0 0 16 5 7 0 0 17 9
0 2 3 19 9 1 17 11 0
17 9 7 0 5 7 7 9 9
8 9 2 12 14 9 0 13 9
13 9 4 10 6 16 10 4 7
4 7 6 5 5 7 9 19 0
0 9 10 0 7 16 8 11 17
12 10 10 1 19 4 9 16 0
15 10 7 12 8 0 7 3 15
14 0 19 15 2 9 4 4 16
0 16 19 5 17 18 12 12 17
4 9 17 16 19 10 0 12 9
15 16 15 14 17 12 19 2 7
0 9 7 8 8 19 12 8 9
14 10 19 15 20 5 0 9 9
13 9 11 2 19 3 13 9 9
8 17 9 12 2 5 13 17 7
17 0 16 15 14 16 9 15 19
4 9 7 15 9 17 10 8 9
5 17 10 9 19 16 10 9 17
14 9 0 17 19 7 2 8 17
9 7 9 9 9 9 7 19 9
8 13 15 8 7 17 4 15 17
9 11 7 1 8 3 11 3 17
5 9 19 16 9 9 15 5 17
9 7 3 12 15 12 12 15 0
15 17 17 12 4 9 12 15 17
4 9 11 4 20 9 12 16 17
15 16 4 5 10 9 19 4 0
9 10 17 7 15 5 0 0 9
7 17 0 18 4 9 9 9 7
9 9 2 15 5 16 16 15 7
9 9 7 9 15 1 7 4 0
8 17 15 11 2 5 12 16 9
17 9 16 5 19 5 9 3 7
9 9 5 9 18 5 9 16 5
11 9 2 3 8 0 11 3 7
17 9 16 16 2 5 4 19 7
7 9 18 19 17 4 14 9 0
0 9 3 15 7 0 18 4 15
7 9 17 7 4 16 17 0 7
9 0 12 3 0 17 7 9 17
0 9 5 11 17 7 15 0 9
19 10 0 16 16 7 9 3 10
16 0 18 9 3 18 18 6 17
10 7 19 5 19 2 16 18 7
9 0 17 7 3 9 19 11 0
4 9 11 7 11 6 19 9 9
9 19 10 5 4 14 9 19 9
11 7 7 2 18 13 4 0 7
9 9 19 9 7 9 4 9 9
0 9 9 18 0 0 5 17 9
14 9 17 1 16 9 9 11 0
19 9 1 9 13 11 11 4 7
15 10 7 5 9 1 0 1 17
9 18 8 11 0 9 13 3 7
17 9 5 18 8 17 15 2 9
4 13 19 9 9 12 5 4 17
9 9 0 9 9 15 1 9 16
13 9 0 16 9 2 19 9 17
19 16 11 18 0 7 7 9 9
8 9 17 3 6 4 1 12 3
11 7 9 4 17 7 16 8 9
10 1 17 2 11 6 9 5 0
16 3 17 5 13 2 13 19 17
19 10 17 12 4 7 12 9 19
17 9 4 19 20 20 20 20 9
9 9 15 3 7 14 4 19 7
7 7 4 4 7 17 9 7 9
19 1 1 7 14 17 4 9 0
0 7 19 6 16 9 11 9 4
14 9 0 0 10 4 4 1 0
7 10 16 15 19 13 19 9 7
8 13 9 2 3 18 9 8 17
4 9 5 5 5 5 0 5 7
4 9 6 11 19 7 9 19 0
6 9 10 4 2 2 19 17 9
9 3 0 5 9 12 9 13 17
10 9 7 0 15 16 9 7 17
9 10 7 4 7 15 15 4 9
1 16 19 3 19 18 12 15 0
19 10 0 16 16 7 9 3 10
4 9 15 7 17 17 2 6 17
13 17 12 9 7 17 5 7 9
5 7 4 1 4 14 7 9 9
3 9 2 10 5 12 19 16 17
0 10 13 15 19 16 18 15 9
9 4 2 2 3 9 19 15 7
11 9 3 9 16 9 9 8 9
9 9 18 12 9 19 17 9 9
17 9 19 15 0 13 2 13 0
0 9 11 9 5 3 16 4 17
10 0 9 7 5 2 15 16 17
7 17 11 9 15 9 0 2 17
15 9 9 19 9 7 9 4 9
7 9 12 4 16 12 3 4 9
14 0 8 0 17 14 0 9 8
9 12 6 15 15 15 6 18 9
8 16 7 11 19 15 4 4 9
9 11 15 15 3 3 19 11 9
0 9 12 2 15 9 16 13 17
10 13 17 7 5 2 13 19 17
8 10 9 8 3 10 5 3 17
9 10 11 5 13 13 7 4 9
19 9 12 19 12 2 12 15 14
14 10 12 17 19 7 9 9 16
4 7 19 4 7 8 5 4 9
8 7 7 15 0 9 17 7 17
2 9 16 16 8 11 17 15 7
9 9 15 5 15 2 9 4 7
4 13 13 12 13 4 13 19 9
0 9 4 5 7 8 9 12 0
15 9 0 3 8 9 11 15 15
18 0 4 15 0 7 5 11 17
16 9 9 1 17 9 12 0 17
16 9 11 2 9 11 3 16 9
9 0 17 8 0 9 19 12 17
9 9 17 7 18 7 9 7 17
3 5 2 0 4 3 9 16 17
0 9 4 0 5 15 10 13 9
5 9 7 0 1 9 7 4 17
0 9 1 14 6 3 19 12 9
7 9 19 19 9 15 0 8 7
0 7 6 11 17 17 6 0 7
0 9 13 15 0 19 17 8 7
7 2 7 3 14 7 9 15 17
9 9 18 2 19 17 19 13 9
9 9 9 9 9 12 12 0 9
0 9 13 2 15 5 9 3 17
9 9 12 12 13 2 12 6 9
9 9 7 13 8 4 16 2 17
9 9 2 8 14 13 4 3 9
9 9 15 12 2 9 7 14 11
19 9 2 4 9 9 9 9 9
15 3 18 0 19 1 17 2 9
9 10 2 10 7 16 9 15 9
13 7 11 1 15 6 4 15 16
5 7 16 9 4 9 9 4 9
4 9 1 9 9 10 8 9 15
7 9 17 7 9 4 4 5 17
7 9 9 13 0 1 14 15 17
15 13 2 13 3 9 12 15 17
7 10 17 11 20 20 20 20 9
17 9 7 0 5 19 7 7 17
0 9 0 15 1 10 5 9 7
0 9 18 15 9 15 14 6 0
9 9 18 0 5 12 10 0 17
0 9 2 5 19 11 5 16 17
10 17 7 1 9 9 15 4 7
7 9 4 9 9 4 17 1 7
4 10 19 14 5 9 9 5 9
0 9 7 14 16 9 13 13 9
4 9 17 11 8 4 15 16 9
9 9 5 0 0 10 17 5 0
13 9 2 8 1 15 0 4 17
4 9 17 9 10 12 10 8 17
19 9 13 12 15 16 4 9 9
16 13 19 9 2 4 9 9 9
19 9 2 3 7 7 3 13 7
9 7 17 14 19 9 7 13 17
15 9 1 8 17 7 12 19 9
9 9 12 5 2 18 17 3 17
10 7 3 5 9 10 16 15 9
0 9 7 14 11 9 13 13 9
8 17 7 13 19 9 0 19 17
19 9 6 16 11 1 4 3 7
7 9 9 5 9 0 18 9 0
9 9 2 11 15 16 16 5 16
15 9 17 19 17 11 5 17 17
16 15 12 6 4 7 3 4 17
6 7 10 12 2 16 0 3 7
17 9 9 13 14 9 6 9 9
4 9 12 5 17 19 15 17 7
16 9 14 9 17 8 14 13 17
10 16 4 5 2 7 12 9 17
17 17 7 17 5 9 6 5 17
16 15 15 2 5 5 3 12 17
7 9 8 5 8 4 13 16 0
15 7 4 5 4 13 0 3 17
5 9 8 15 8 16 6 0 17
17 9 17 15 14 10 12 4 17
19 16 4 9 19 11 4 18 16
10 9 0 2 8 16 8 15 7
16 10 7 9 4 9 8 9 9
9 15 17 9 3 1 17 3 9
8 9 14 5 10 5 9 11 0
9 9 14 11 4 0 15 13 16
15 0 9 7 9 14 5 15 17
4 0 7 7 0 7 17 4 17
17 9 7 2 0 17 17 2 5
19 9 7 14 20 14 3 8 17
19 17 18 8 15 19 17 6 17
8 9 15 3 13 17 17 9 16
15 10 4 17 11 15 9 9 9
4 17 19 13 1 4 3 5 19
9 9 4 15 9 4 4 9 7
0 9 7 14 8 9 13 13 9
15 10 16 15 12 15 12 17 16
7 10 12 5 11 15 4 0 17
8 9 17 15 7 15 11 4 7
18 10 16 19 16 5 5 17 10
14 9 17 2 2 4 9 9 17
17 9 4 3 17 4 17 17 4
4 7 18 4 7 4 6 4 17
16 9 3 8 9 16 11 16 5
16 9 4 9 9 4 9 3 7
9 13 2 15 17 2 4 15 9
3 9 4 2 12 11 13 15 12
5 10 0 3 9 10 0 5 9
8 9 5 3 4 19 11 13 10
16 5 19 19 5 11 18 4 17
7 9 8 13 11 19 4 15 17
9 9 0 3 9 19 1 14 0
5 10 10 15 1 8 7 5 9
4 9 0 8 7 9 8 12 9
7 9 14 5 15 17 0 6 8
4 14 7 7 0 8 11 2 17
12 3 18 16 3 0 13 14 9
14 9 5 19 4 12 15 15 7
19 9 12 7 15 7 9 11 17
4 0 0 5 7 7 7 9 10
4 0 11 15 8 4 16 9 17
10 16 19 16 5 5 17 10 16
9 9 4 9 3 7 16 19 16
6 9 9 3 3 13 15 12 7
10 9 2 10 19 15 17 10 9
4 16 5 15 3 17 3 11 17
10 9 12 17 9 5 15 15 16
9 13 5 3 19 12 12 13 9
14 10 0 16 20 17 3 1 17
5 9 0 19 3 7 3 12 7
4 9 9 9 16 15 7 12 7
9 9 3 5 3 3 1 14 9
4 16 19 16 5 5 19 2 17
7 9 17 1 19 7 9 19 7
9 13 5 3 19 12 12 13 9
0 7 6 9 19 4 9 4 17
11 10 9 8 20 11 11 9 17
