10 9 5 7 18 4 4 16 9
5 9 2 3 7 2 15 0 17
9 7 17 14 19 9 7 13 17
9 0 2 0 11 9 2 8 17
0 9 15 17 10 5 17 19 17
9 9 19 4 8 17 4 5 7
7 9 14 5 15 17 0 6 8
9 18 8 11 0 9 13 3 7
4 0 2 1 10 19 19 4 9
4 10 11 9 19 15 4 16 7
9 9 0 3 9 19 1 14 0
4 9 11 14 4 16 16 16 9
9 17 4 17 7 9 10 1 7
17 9 19 14 19 5 15 4 15
0 10 19 10 0 9 7 0 0
10 9 5 7 18 4 4 16 9
17 9 9 13 14 9 6 9 9
15 9 2 17 7 11 19 9 7
13 13 10 13 17 0 4 15 0
15 13 7 9 8 3 6 12 17
11 7 0 3 19 7 0 5 9
13 17 6 15 15 9 15 17 17
7 9 16 0 7 9 4 4 10
1 9 9 16 11 18 12 15 17
4 10 19 4 1 3 13 8 9
4 13 4 19 8 17 14 3 7
19 16 11 18 0 7 7 9 9
17 13 19 7 8 4 7 4 9
0 9 0 12 15 16 10 8 7
19 9 13 12 15 16 4 9 9
7 9 4 9 9 4 17 1 7
0 9 9 15 2 9 13 2 9
16 4 9 8 7 7 12 10 9
0 9 4 16 18 16 11 9 9
0 15 4 4 15 15 18 13 7
9 17 8 6 5 9 14 0 9
8 7 7 15 0 9 17 7 17
0 7 6 11 17 17 6 0 7
9 0 0 17 9 17 17 10 0
14 9 2 18 19 15 9 10 16
1 13 9 17 9 6 13 7 9
4 9 9 9 19 16 7 7 17
15 16 13 3 8 7 9 16 17
9 17 16 4 3 2 17 0 17
19 9 14 9 19 7 7 9 0
10 17 7 1 9 9 15 4 7
5 16 6 16 10 3 17 16 17
19 0 16 17 3 17 12 15 9
17 17 18 17 8 7 16 13 17
9 9 2 2 3 1 0 4 19
7 10 11 4 4 8 16 3 7
9 9 14 14 9 9 15 15 0
1 9 4 15 20 18 6 12 17
15 9 9 16 16 2 2 0 17
4 9 15 14 9 17 9 19 0
8 10 17 3 0 10 0 16 5
15 13 13 9 12 14 3 12 17
9 10 7 4 7 15 15 4 9
15 9 0 3 20 15 19 4 17
9 9 4 4 9 0 9 15 7
15 13 17 18 5 5 13 12 17
0 9 4 5 7 8 9 12 0
0 9 7 3 0 19 17 2 7
4 9 17 5 8 12 5 15 15
7 9 19 2 11 17 17 16 9
8 10 19 6 7 1 4 4 9
10 7 3 5 9 10 16 15 9
7 9 8 13 11 19 4 15 17
15 9 11 13 3 7 0 15 9
9 9 5 9 18 5 16 0 0
7 13 0 0 19 17 6 17 7
9 9 9 11 0 5 15 16 17
9 7 3 3 2 9 16 3 17
8 9 7 3 9 16 14 13 17
17 0 17 11 5 12 17 0 17
10 9 9 10 17 7 15 5 0
17 0 10 15 9 16 17 5 0
9 10 17 7 15 5 0 0 9
9 7 0 0 0 0 4 1 9
1 7 11 15 16 16 16 2 17
8 17 9 15 9 13 16 0 9
0 0 16 5 7 0 0 17 9
14 9 10 8 13 2 4 15 17
4 13 19 9 9 12 5 4 17
7 17 3 6 8 19 12 15 17
1 9 4 12 13 16 9 0 0
4 17 2 17 7 7 7 8 17
19 9 4 9 7 1 6 11 9
9 9 18 2 19 17 19 13 9
8 9 4 16 6 2 7 10 9
0 7 13 2 4 7 7 3 17
9 16 5 2 3 11 4 16 7
16 9 7 13 1 15 6 4 16
5 17 10 14 5 11 6 19 0
10 7 0 0 19 16 0 0 9
9 9 3 0 7 2 12 2 17
9 6 9 7 15 9 9 15 9
4 0 7 7 0 7 17 4 17
4 9 7 13 15 11 15 9 9
10 1 9 7 7 7 1 1 17
19 13 9 0 17 4 10 9 10
11 9 19 7 7 7 9 11 10
9 9 17 5 19 11 2 15 0
0 9 5 11 17 7 15 0 9
19 16 10 19 20 7 4 12 17
13 9 12 9 3 15 2 0 17
15 7 10 0 4 7 9 5 7
9 9 13 11 20 7 16 19 9
19 9 19 6 9 15 7 11 17
5 10 0 5 13 7 12 12 9
14 9 8 2 19 13 6 4 17
10 9 2 2 4 15 0 5 0
15 9 15 15 20 0 15 13 17
5 13 17 12 9 7 17 5 7
4 9 7 1 6 11 9 14 0
9 4 3 6 19 15 13 3 9
15 9 4 0 9 5 11 17 7
9 9 10 4 12 15 16 16 0
10 10 15 1 15 15 3 0 16
8 9 9 14 14 12 4 15 9
17 13 17 5 5 17 16 19 7
8 9 16 14 14 12 7 4 7
9 9 4 7 9 4 19 4 0
9 9 7 19 9 19 9 8 17
17 9 9 15 7 1 15 9 9
10 10 12 3 0 10 16 7 17
9 10 17 3 15 4 7 3 17
0 9 7 8 8 19 12 8 9
4 9 13 4 14 5 11 3 17
15 7 17 1 7 17 0 0 17
18 9 14 5 4 15 17 0 10
19 9 10 9 9 4 0 0 10
9 16 7 13 10 3 15 12 17
10 16 4 15 2 17 9 16 9
9 9 15 7 17 12 1 16 17
4 9 5 14 19 7 17 8 9
17 9 9 19 0 3 7 19 0
4 9 3 13 13 11 8 7 9
16 14 6 12 0 16 0 16 17
5 10 2 12 14 10 1 15 9
10 7 17 9 9 17 4 0 7
10 10 0 8 3 3 3 9 17
17 19 2 5 3 3 6 15 17
17 7 15 16 0 12 17 13 10
4 9 17 2 5 9 15 15 7
15 9 0 2 16 11 15 9 0
11 1 16 3 14 14 9 9 17
15 7 10 0 4 7 9 5 7
7 11 11 7 11 9 19 19 17
4 9 9 14 15 7 7 17 0
9 9 3 5 3 3 3 14 9
19 7 7 2 18 10 17 2 7
9 16 9 2 3 13 7 4 17
4 4 18 13 17 9 3 0 17
5 7 16 9 4 9 9 4 9
17 10 8 4 8 11 12 9 17
8 9 11 2 9 1 4 15 11
9 9 2 15 9 12 10 2 17
9 10 7 4 7 15 15 4 9
13 9 9 13 2 6 18 3 7
17 10 2 15 7 2 17 8 7
7 10 16 15 19 13 19 9 7
10 9 15 12 10 9 6 6 18
0 9 0 7 5 9 18 5 9
0 9 7 14 3 9 13 13 9
15 7 11 11 8 9 17 19 17
9 9 15 5 0 15 12 4 9
5 11 7 12 0 9 9 2 17
6 10 19 4 16 4 4 2 17
8 16 9 3 16 12 3 4 17
14 9 19 15 8 13 17 16 7
17 9 10 4 9 9 4 19 17
6 7 2 2 15 2 15 7 16
9 9 18 14 8 9 9 18 6
12 9 7 17 5 7 9 9 17
7 6 9 10 4 2 2 19 17
15 9 7 19 14 14 14 9 10
10 10 0 8 3 3 3 9 17
19 0 19 5 18 7 12 3 16
9 13 9 17 4 5 7 3 17
17 9 8 14 1 9 9 6 9
11 9 2 9 4 10 15 6 17
14 9 0 2 0 3 8 9 4
9 9 12 5 2 18 17 3 17
0 13 15 18 0 4 3 13 17
18 9 0 9 15 0 15 18 9
16 9 2 15 13 17 10 15 9
17 9 5 7 0 9 9 19 7
17 17 9 17 5 9 10 17 9
14 9 0 0 10 4 4 1 0
4 9 0 12 16 5 17 12 17
0 9 6 18 17 0 17 14 9
5 10 17 8 0 0 9 3 0
14 7 0 13 1 4 9 14 17
14 9 17 1 16 9 9 11 0
9 9 15 5 15 2 9 4 7
19 7 2 7 5 11 19 16 17
16 9 6 11 14 5 18 14 17
0 9 17 8 7 7 15 0 9
0 17 18 16 7 7 4 7 17
14 12 12 7 4 7 14 14 9
19 16 13 2 3 9 7 11 17
9 9 18 16 20 9 17 9 9
4 9 4 9 3 9 9 6 18
18 10 16 19 16 5 5 17 10
9 9 9 5 9 18 5 16 0
19 9 17 15 4 5 17 18 7
4 16 2 16 1 5 0 15 7
10 9 0 2 8 16 8 15 7
4 16 11 9 7 16 9 0 17
9 6 9 9 2 9 6 15 9
16 9 13 13 9 9 10 5 16
19 9 7 15 7 4 9 6 9
10 13 9 10 12 4 5 15 9
14 0 17 18 16 7 7 4 7
12 17 17 12 11 0 12 12 0
0 9 5 5 17 4 10 10 9
5 9 14 0 9 14 3 16 9
17 16 9 2 7 17 13 5 7
6 16 7 1 2 2 19 4 17
19 7 9 19 7 17 4 1 7
11 16 11 7 7 7 4 4 9
5 9 0 12 5 9 12 15 5
9 9 11 12 1 9 7 11 17
4 10 2 5 8 13 0 1 17
0 0 9 5 9 18 9 15 17
15 9 10 15 20 13 12 5 9
8 9 5 3 4 19 11 13 10
0 7 2 0 0 9 16 15 17
14 9 13 14 14 14 3 16 13
4 17 17 0 9 7 5 11 17
19 7 19 19 4 4 7 14 9
19 9 6 12 8 3 19 3 18
9 9 2 11 15 16 16 5 16
5 9 17 5 17 9 0 5 9
0 5 9 5 13 17 12 9 7
7 17 7 9 17 17 16 5 17
7 9 0 12 3 0 17 5 15
13 7 11 1 15 6 4 15 16
19 10 5 4 14 9 19 9 0
16 15 12 6 4 7 3 4 17
6 9 10 4 2 2 19 17 9
8 9 4 15 19 5 16 9 7
17 9 4 9 9 17 7 5 0
4 9 11 7 11 6 19 9 9
0 9 9 14 13 9 0 3 9
7 7 9 18 4 4 11 0 10
0 17 7 2 0 19 16 3 7
7 6 9 4 16 9 16 11 9
4 9 9 13 9 12 4 14 5
0 9 3 15 7 0 18 4 15
0 9 0 0 5 15 1 9 17
5 9 8 14 5 12 15 16 3
9 9 2 3 0 16 15 0 9
15 7 4 5 4 13 0 3 17
14 10 9 6 18 3 11 12 17
0 9 7 0 12 17 6 0 17
15 9 9 13 9 12 9 0 17
11 9 0 16 15 7 19 16 7
11 10 9 8 20 11 11 9 17
16 9 0 12 4 11 4 9 17
15 9 0 2 10 9 2 6 0
17 0 5 16 13 3 17 4 17
10 9 14 3 3 7 0 10 9
7 10 19 16 19 4 15 11 16
4 9 6 8 5 9 15 8 12
9 0 0 9 4 10 19 19 0
15 9 17 12 9 13 7 12 9
8 9 9 8 10 17 16 15 17
0 9 7 14 15 9 13 13 9
9 10 12 16 17 9 13 0 9
14 9 9 17 6 9 13 17 7
19 10 16 0 17 9 3 19 9
10 4 2 2 19 17 9 19 9
12 10 5 8 9 16 4 4 17
16 3 17 5 13 2 13 19 17
9 10 12 13 12 9 0 2 5
9 10 0 17 17 9 0 15 9
0 9 17 17 16 6 16 19 9
15 13 15 15 10 6 11 0 9
10 13 12 15 17 17 7 12 0
10 16 8 7 11 2 9 3 17
19 10 0 16 16 7 9 3 10
19 7 7 17 4 17 17 0 9
13 9 15 3 19 13 16 15 17
13 9 6 0 17 12 17 9 9
19 7 15 8 1 18 2 19 0
0 4 1 2 10 9 9 11 17
0 7 14 5 15 17 16 12 0
10 7 19 5 19 2 16 18 7
4 9 4 4 15 13 7 5 15
5 9 9 2 12 13 1 14 9
16 9 4 9 9 4 9 3 7
17 17 9 0 5 9 10 0 9
9 7 5 11 17 9 17 1 17
9 7 17 9 4 3 17 4 17
19 10 0 12 2 1 14 4 9
7 9 15 0 17 0 7 4 1
13 17 12 9 7 17 5 7 9
17 9 2 16 16 9 19 0 17
7 9 5 3 16 8 0 19 17
14 9 19 3 4 7 17 5 6
7 9 2 7 0 5 4 3 7
7 10 12 11 4 12 12 13 0
14 9 0 17 19 7 2 8 17
13 9 4 10 6 16 10 4 7
19 17 19 12 2 11 9 12 17
16 9 7 15 14 0 9 17 17
4 9 7 2 4 10 4 4 3
5 10 0 3 9 10 0 5 9
9 9 0 17 5 0 16 8 17
9 10 15 16 9 9 7 19 9
19 10 12 1 15 0 19 13 8
16 9 16 15 1 11 16 15 17
10 1 17 2 11 6 9 5 0
15 9 9 2 15 1 16 8 9
9 9 14 0 16 9 11 9 9
5 10 10 15 1 8 7 5 9
0 1 7 17 5 1 3 11 17
10 7 0 8 15 3 13 3 7
19 7 7 3 7 9 8 12 9
9 0 0 9 4 10 19 19 0
4 16 15 15 4 19 11 19 17
9 6 9 0 17 7 5 0 9
11 9 17 12 9 17 0 16 17
7 9 9 17 9 10 0 17 17
10 9 17 13 0 1 14 15 17
9 9 9 7 5 1 18 19 1
9 17 7 5 0 1 17 19 1
4 7 9 7 4 11 7 7 17
9 9 10 5 16 1 16 7 17
14 9 2 2 5 16 16 13 9
9 9 17 4 0 7 1 19 9
9 15 18 3 18 11 9 15 7
12 9 7 2 17 11 18 1 0
16 9 9 5 9 7 9 4 17
19 9 2 5 0 0 2 7 17
4 9 6 8 5 19 17 12 1
10 9 10 0 13 3 0 9 0
15 10 7 13 10 9 4 19 10
19 9 19 0 15 4 1 16 17
9 9 5 9 7 9 4 17 9
9 10 9 9 4 0 0 10 7
8 9 9 10 15 13 0 11 17
8 13 9 6 20 17 17 12 9
5 9 8 15 8 16 6 0 17
9 10 0 15 7 15 15 4 9
9 12 9 5 0 1 4 12 9
9 10 16 0 16 12 12 5 16
19 9 10 9 9 4 0 0 10
15 9 13 12 20 0 12 0 9
19 7 18 7 8 11 9 3 16
7 9 16 9 2 7 4 19 9
7 16 5 15 9 5 12 9 9
4 0 9 9 8 4 16 19 9
4 4 4 2 7 2 9 9 9
0 7 7 5 9 1 0 19 0
1 9 16 5 13 14 4 16 17
15 9 0 3 8 9 11 15 15
17 7 2 3 7 9 4 8 17
0 5 17 0 15 0 2 12 17
8 10 19 6 7 1 4 4 9
14 10 12 17 19 7 9 9 16
7 9 15 1 7 4 0 4 7
19 17 10 16 10 7 9 4 9
