19 9 17 9 5 7 0 9 9
3 8 2 8 4 4 0 19 9
9 0 7 9 19 7 9 9 9
17 9 16 5 19 5 9 3 7
7 16 1 17 19 1 8 16 17
9 16 5 2 3 11 4 16 7
0 9 7 14 11 9 13 13 9
9 9 5 5 18 4 13 15 15
16 9 13 3 9 15 6 0 9
9 7 17 9 4 3 17 4 17
14 13 18 0 13 2 9 16 9
13 9 17 18 3 11 4 9 0
9 9 9 9 9 12 12 0 9
16 7 10 5 17 7 4 9 7
15 13 9 5 5 9 6 9 9
9 9 15 9 9 17 7 18 7
0 11 12 6 0 16 4 5 17
4 16 4 16 11 17 1 15 9
9 10 12 13 12 9 0 2 5
9 17 9 4 5 4 4 16 9
0 4 1 2 10 9 9 11 17
9 10 17 3 15 4 7 3 17
17 10 8 4 8 11 12 9 17
7 16 7 11 19 4 9 9 9
7 10 4 10 9 7 4 11 17
3 16 2 2 19 10 4 4 17
5 14 8 12 12 9 9 8 8
9 9 12 16 12 6 1 3 15
8 14 5 12 15 16 3 5 17
0 9 4 0 5 15 10 13 9
4 9 7 1 6 11 9 14 0
15 9 13 12 20 0 12 0 9
19 9 16 12 13 15 11 6 9
9 9 9 7 5 1 18 19 1
14 9 0 17 19 7 2 8 17
7 8 12 11 15 8 2 15 17
0 9 18 2 15 11 4 4 16
4 7 16 7 4 11 7 15 7
10 7 0 0 19 16 0 0 9
4 17 15 8 17 9 6 16 17
19 9 18 8 0 3 11 16 9
9 4 3 3 11 12 7 11 0
19 7 19 19 4 4 7 14 9
9 9 17 4 0 7 1 19 9
0 16 5 10 16 12 0 3 17
7 7 15 0 4 16 9 9 0
12 9 5 12 13 4 12 4 16
10 9 9 13 0 1 14 15 17
17 9 2 4 0 12 12 5 0
15 7 11 11 8 9 17 19 17
4 9 9 9 16 15 7 12 7
11 10 13 16 17 8 9 4 17
17 9 5 7 0 9 9 19 7
9 9 9 17 7 16 1 1 17
8 9 15 1 0 17 6 9 7
2 3 12 16 9 9 19 17 9
14 10 0 16 8 12 12 17 7
10 10 15 1 15 15 3 0 16
4 10 4 3 5 6 2 16 16
19 9 11 6 16 4 8 8 17
4 7 15 15 4 9 9 12 9
17 9 9 9 7 5 1 18 19
17 9 9 19 0 3 7 19 0
10 16 4 5 2 7 12 9 17
5 16 0 16 5 17 2 10 0
8 17 17 3 4 9 0 10 9
4 7 2 7 9 9 4 17 7
0 7 5 5 5 8 9 12 0
4 9 3 13 13 11 8 7 9
15 7 19 4 1 7 19 4 9
19 0 4 15 5 17 0 19 0
9 9 2 19 5 9 6 5 9
2 9 7 16 17 16 0 16 9
17 10 5 16 16 9 0 3 10
0 17 7 2 0 19 16 3 7
9 0 10 7 15 3 5 19 9
17 7 6 2 19 7 1 18 9
15 13 8 14 15 4 17 19 17
14 9 14 15 15 17 12 5 17
9 7 5 5 8 12 2 14 17
3 9 15 2 15 9 5 12 17
13 9 0 5 19 7 9 16 17
16 9 11 2 9 11 3 16 9
19 10 19 9 14 13 9 4 14
9 8 17 8 7 9 12 3 17
3 10 2 8 2 2 3 15 9
19 9 13 16 17 15 17 15 17
16 10 9 0 14 9 0 15 0
15 10 19 9 12 5 0 3 17
9 13 9 3 3 9 3 8 17
10 5 7 15 6 13 3 3 17
0 13 14 14 17 4 6 5 17
10 10 5 4 14 16 13 3 17
0 10 0 17 9 19 9 0 9
9 9 11 19 4 13 11 15 6
19 10 0 12 3 17 17 3 17
8 10 19 6 6 1 12 18 17
9 9 9 13 9 16 16 12 0
16 9 9 13 0 1 14 15 17
8 7 12 1 3 15 12 12 9
4 17 17 0 9 7 5 11 17
9 17 4 5 14 14 9 4 9
11 9 19 14 7 5 13 15 8
9 9 10 17 15 7 16 9 9
14 10 6 7 16 0 4 4 16
8 9 9 3 20 13 18 11 9
16 9 4 9 7 9 1 19 4
0 7 15 5 17 9 10 12 16
15 9 18 5 7 14 18 19 7
0 0 12 12 12 13 14 0 0
4 9 13 10 0 9 9 19 7
9 9 0 3 9 19 1 14 0
1 10 4 1 15 3 3 4 9
6 9 19 2 9 3 15 5 10
8 9 12 8 19 15 9 4 3
13 0 3 3 7 4 3 11 7
11 9 16 3 5 12 19 12 9
8 10 7 5 4 15 8 16 0
4 9 9 14 18 3 13 3 7
16 3 17 5 13 2 13 19 17
8 7 15 3 5 16 3 4 14
19 7 17 8 9 9 7 15 0
8 9 18 13 19 1 15 17 9
15 13 13 9 12 14 3 12 17
10 17 7 1 9 9 15 4 7
9 9 4 8 16 11 14 8 17
9 0 0 0 5 9 17 5 17
16 10 9 15 7 7 9 17 7
4 9 4 17 11 15 13 1 9
9 9 10 19 11 9 9 16 7
4 9 8 2 17 10 17 3 7
14 9 9 17 6 9 13 17 7
0 9 6 7 19 10 11 5 16
7 9 9 9 7 5 7 1 17
4 10 3 0 17 15 15 8 19
16 10 9 15 7 7 9 17 7
10 9 5 7 18 4 4 16 9
9 7 3 3 2 9 16 3 17
5 9 9 12 17 9 15 18 9
7 16 19 11 19 13 9 4 9
17 15 9 0 2 16 11 15 9
16 9 0 11 4 9 1 9 9
4 9 0 3 6 12 11 17 16
8 9 16 5 2 3 11 4 16
19 9 9 0 17 1 5 1 7
17 9 2 15 3 7 17 9 17
17 19 2 5 3 3 6 15 17
9 17 0 0 18 19 15 5 17
5 9 19 11 9 9 7 14 1
9 7 9 9 9 9 7 19 9
4 9 6 8 5 19 17 12 1
9 7 12 4 9 7 9 4 7
19 16 16 2 14 17 10 16 17
0 7 6 9 19 4 9 4 17
15 9 0 2 16 11 15 9 0
10 13 17 7 5 2 13 19 17
4 9 0 8 7 9 8 12 9
0 9 6 19 19 19 9 1 9
19 9 13 12 15 16 4 9 9
7 16 4 2 2 19 7 0 1
4 9 17 5 17 0 7 7 9
19 7 7 3 7 9 8 12 9
5 9 4 7 19 7 12 5 16
7 9 15 9 4 9 7 15 9
9 11 16 3 20 12 15 13 9
9 3 0 8 5 19 8 3 17
0 10 17 9 0 17 14 5 17
15 0 4 5 11 6 0 15 16
4 9 9 7 20 11 15 15 17
0 9 7 14 5 9 13 13 9
9 7 9 15 9 16 1 15 17
7 9 15 12 9 16 8 5 7
14 9 13 7 20 0 9 11 17
9 7 11 3 1 15 14 12 7
9 9 4 12 18 12 9 12 16
9 9 0 9 9 15 1 9 16
17 9 10 4 9 9 4 19 17
0 3 12 15 5 16 16 15 17
5 7 16 16 15 17 4 12 17
13 9 9 2 17 8 9 0 9
9 10 12 16 17 9 13 0 9
13 0 6 13 14 17 6 16 17
4 7 17 9 7 9 9 9 9
17 0 5 16 13 3 17 4 17
7 9 14 0 9 3 4 6 9
8 10 0 11 2 7 14 4 9
9 9 0 12 5 5 11 15 10
11 10 7 15 2 16 7 4 17
19 9 16 9 0 8 6 16 7
4 9 4 4 15 13 7 5 15
7 7 8 9 12 8 19 15 9
0 9 11 9 5 3 16 4 17
15 7 2 0 17 0 17 16 12
13 11 15 15 16 7 1 1 17
7 7 7 15 7 4 9 13 17
11 13 10 3 20 3 4 16 17
8 9 9 10 15 13 0 11 17
9 10 0 15 7 15 15 4 9
4 9 9 9 17 0 0 10 7
9 7 9 3 14 12 3 12 17
16 9 7 13 1 15 6 4 16
10 17 11 16 17 9 7 16 17
9 9 5 12 20 0 12 5 17
10 1 17 2 11 6 9 5 0
10 16 8 7 11 2 9 3 17
0 9 9 15 2 9 13 2 9
14 9 8 2 19 13 6 4 17
4 9 18 2 0 19 4 15 15
7 9 5 3 16 8 0 19 17
9 9 11 9 9 9 18 12 9
19 9 16 0 7 13 2 4 7
7 7 0 9 9 4 0 9 17
9 9 9 9 9 12 12 0 9
14 17 9 3 0 13 15 4 7
8 9 3 0 4 12 9 17 16
10 0 3 6 2 17 19 5 17
7 9 0 3 9 3 9 15 14
4 7 9 7 4 11 7 7 17
13 9 12 13 13 2 13 12 17
11 16 11 7 7 7 4 4 9
17 9 19 17 18 15 4 4 9
14 16 11 2 18 2 4 17 17
2 7 11 7 19 2 9 4 17
15 9 4 1 13 10 17 15 15
9 9 0 3 9 15 15 12 4
13 6 4 17 0 14 17 4 9
4 9 19 15 4 4 9 1 7
4 16 9 7 2 7 18 4 9
8 9 4 4 0 8 1 9 17
15 17 17 12 4 9 12 15 17
10 0 17 0 7 9 8 3 17
17 9 2 13 9 14 1 11 5
9 12 16 17 8 9 0 3 17
4 9 2 8 15 7 6 9 16
0 9 9 5 20 7 12 8 17
6 9 5 3 9 6 0 7 9
0 13 19 16 9 10 17 13 0
4 7 8 13 7 9 2 5 17
7 9 8 13 11 19 4 15 17
4 9 11 14 4 16 16 16 9
19 0 13 2 19 2 13 19 7
15 10 15 15 19 2 4 15 16
7 9 4 9 9 4 17 1 7
15 9 15 9 6 12 9 19 17
17 9 19 15 19 7 9 4 9
0 7 2 0 0 9 16 15 17
18 9 7 11 7 3 11 15 14
7 9 4 7 10 4 10 9 7
16 9 15 5 6 15 13 3 17
15 9 15 12 17 18 4 0 1
9 12 7 4 4 1 9 18 17
0 9 8 14 0 13 15 3 9
9 9 7 9 15 1 7 4 0
19 9 4 11 0 7 3 16 10
5 9 8 15 8 16 6 0 17
9 1 16 3 9 11 16 15 9
8 7 9 0 7 7 4 9 17
0 9 10 2 8 15 9 6 17
19 10 4 4 17 7 8 11 9
0 19 5 15 4 17 14 16 17
16 7 7 0 9 9 4 0 9
17 7 15 17 7 4 19 4 7
9 9 7 2 7 9 7 9 9
8 9 0 0 20 9 3 15 7
15 9 0 5 5 7 7 5 17
4 7 19 9 9 4 0 15 10
7 9 5 4 17 4 16 9 16
7 9 4 7 10 4 10 9 7
9 9 4 17 7 17 7 19 7
8 16 7 11 19 15 4 4 9
8 13 12 3 5 9 18 12 12
13 16 7 17 4 7 18 4 7
0 9 8 11 11 5 8 17 17
7 5 9 7 17 7 9 4 7
0 9 15 17 10 5 17 19 17
0 9 10 0 7 16 8 11 17
5 16 19 1 9 11 17 15 9
4 9 15 14 9 17 9 19 0
14 16 17 12 19 7 9 14 17
19 9 15 11 16 16 17 16 15
7 9 9 15 2 7 9 14 17
19 10 17 12 4 7 12 9 19
12 10 5 8 9 16 4 4 17
9 7 17 9 4 3 17 4 17
10 7 3 5 9 10 16 15 9
5 9 0 12 5 9 12 15 5
11 9 2 9 4 10 15 6 17
9 17 8 6 5 9 14 0 9
4 9 9 13 9 12 4 14 5
19 9 2 7 4 1 18 8 17
0 7 0 2 9 9 8 15 17
5 9 15 9 19 16 16 3 10
15 9 17 19 17 11 5 17 17
0 17 14 15 8 19 15 3 17
9 9 2 3 0 16 15 0 9
8 9 12 17 5 15 13 1 9
5 9 9 14 17 7 15 5 17
8 9 17 3 6 4 1 12 3
12 9 13 3 17 19 12 3 0
17 16 4 0 17 15 4 19 17
0 10 19 17 0 7 13 0 17
7 9 17 1 19 7 9 19 7
9 9 4 7 9 4 19 4 0
3 9 0 0 6 13 8 8 7
17 9 9 15 7 1 15 9 9
4 17 2 17 7 7 7 8 17
0 10 9 6 18 15 9 7 9
9 9 15 5 15 2 9 4 7
15 9 10 15 9 15 7 3 7
4 9 10 8 20 15 15 11 9
3 9 16 3 0 14 17 13 17
0 7 17 3 4 12 17 12 0
4 0 19 7 1 12 0 11 17
15 9 10 15 20 13 12 5 9
7 9 5 3 16 8 0 19 17
16 9 11 9 14 9 15 0 17
0 9 17 4 7 15 6 5 0
17 19 18 16 5 5 7 12 0
4 17 2 16 10 15 7 19 7
10 7 17 9 9 17 4 0 7
5 9 8 15 8 16 6 0 17
8 9 13 3 14 9 0 8 9
9 6 9 7 15 9 9 15 9
4 7 18 4 7 4 6 4 17
9 9 18 16 20 9 17 9 9
0 7 17 4 2 6 19 2 17
4 9 2 18 10 2 16 4 5
17 10 17 14 2 16 4 0 9
9 9 4 4 9 0 9 15 7
19 9 4 8 10 7 12 9 9
11 9 15 12 0 9 5 13 10
8 9 4 0 7 17 17 5 14
13 9 7 10 16 4 4 13 17
8 9 15 3 13 17 17 9 16
16 3 17 7 15 16 0 12 17
16 9 7 2 7 18 4 9 0
16 17 9 3 19 9 17 15 4
19 9 17 5 15 11 10 16 13
9 10 9 9 4 0 0 10 7
7 9 9 0 3 9 3 13 9
19 1 9 9 18 15 4 13 16
10 13 18 9 16 13 19 19 7
16 9 10 11 17 9 16 9 17
15 7 11 11 8 9 17 19 17
15 12 8 9 6 4 19 19 9
7 10 2 4 7 5 12 19 7
13 9 19 12 3 18 16 3 0
17 9 8 0 5 13 16 17 16
17 16 9 2 7 17 13 5 7
9 9 7 5 1 18 19 1 14
0 9 4 16 18 16 11 9 9
0 9 0 12 15 16 10 8 7
4 7 4 12 15 4 9 14 17
7 16 5 15 9 5 12 9 9
8 7 4 11 19 11 10 5 17
0 9 7 14 13 9 13 13 9
11 9 0 3 2 7 10 14 9
15 0 4 16 7 16 2 13 17
9 10 16 5 5 17 16 9 17
9 17 19 17 11 5 17 17 17
11 9 2 3 8 0 11 3 7
14 17 15 14 12 16 16 17 17
9 13 10 0 11 16 9 12 17
7 17 17 7 9 10 15 10 17
4 9 15 4 4 16 12 15 16
