0 13 9 2 0 17 9 15 0
17 9 6 6 11 17 7 16 9
13 9 16 7 9 15 9 4 9
2 9 7 2 19 7 19 5 7
17 16 4 0 17 15 4 19 17
6 7 19 3 5 13 7 16 0
4 7 2 16 17 15 17 19 16
0 0 9 5 9 18 9 15 17
4 0 6 3 0 12 0 4 9
7 9 12 4 16 12 3 4 9
16 17 19 11 3 9 16 8 17
9 9 12 12 13 2 12 6 9
17 9 16 16 2 5 4 19 7
5 9 11 2 11 9 9 3 7
9 9 9 9 7 19 9 19 9
19 16 5 5 19 2 17 15 9
4 13 19 9 9 12 5 4 17
18 15 7 5 17 7 16 19 7
9 17 9 10 0 17 17 9 0
19 9 14 9 19 7 7 9 0
9 13 10 0 11 16 9 12 17
16 9 6 6 9 9 10 15 13
5 10 12 12 1 9 9 0 9
9 9 7 5 1 18 19 1 14
5 9 7 7 7 15 7 4 9
9 9 14 11 4 0 15 13 16
19 17 9 19 9 9 3 15 9
4 16 2 9 15 5 4 13 17
7 7 13 0 14 4 3 3 17
19 9 2 2 14 11 16 4 14
15 16 0 4 2 4 9 0 17
9 7 3 3 2 9 16 3 17
4 9 0 12 8 9 19 0 9
8 9 16 14 16 13 0 0 16
19 7 0 8 19 7 17 12 19
4 0 19 7 1 12 0 11 17
19 10 19 13 20 20 20 3 17
4 9 3 12 13 18 19 14 17
15 7 11 11 8 9 17 19 17
8 9 7 16 4 9 4 17 7
19 10 0 3 5 7 4 6 15
4 9 17 16 19 10 0 12 9
11 9 7 4 17 4 19 10 9
9 9 7 6 4 9 9 15 9
0 9 13 11 4 2 11 8 9
9 9 7 6 4 9 9 15 9
9 9 10 17 15 7 16 9 9
6 9 7 4 15 19 0 4 9
9 9 16 16 15 5 17 15 0
7 9 5 3 16 8 0 19 17
8 9 8 2 7 14 3 7 17
4 13 13 12 13 4 13 19 9
9 7 19 4 9 4 9 12 9
8 9 14 5 10 5 9 11 0
7 9 9 13 0 1 14 15 17
9 9 9 9 9 12 12 0 9
5 17 10 14 5 11 6 19 0
19 9 15 0 8 7 16 16 9
9 16 15 1 5 15 15 12 17
4 9 9 6 4 18 13 5 10
19 9 7 9 4 9 9 4 17
9 12 19 19 2 12 18 4 9
4 7 8 13 7 9 2 5 17
9 10 12 13 12 9 0 2 5
9 9 12 5 2 18 17 3 17
17 7 18 17 11 11 16 7 7
17 9 15 5 16 16 0 0 13
18 17 19 3 1 16 17 4 9
0 9 7 14 13 9 13 13 9
16 10 9 15 7 7 9 17 7
7 17 13 3 11 11 5 0 17
9 10 12 16 17 9 13 0 9
4 17 9 16 0 0 6 1 9
17 17 10 16 15 9 0 9 17
16 7 4 15 16 7 7 4 17
16 9 12 5 20 16 9 9 9
7 17 17 7 9 10 15 10 17
13 7 9 2 5 17 11 19 9
4 10 5 6 20 7 11 7 17
9 9 9 9 5 9 18 5 16
19 9 2 9 16 9 16 12 7
15 9 13 12 17 13 0 9 5
15 10 9 5 7 18 4 4 16
17 9 13 11 17 0 4 15 17
15 16 9 7 17 16 7 19 17
9 12 9 5 0 1 4 12 9
13 9 9 2 17 8 9 0 9
9 9 9 3 12 9 3 5 2
7 9 9 0 3 9 3 13 9
15 9 7 19 19 13 11 3 17
17 9 8 3 5 15 3 19 14
7 10 4 10 9 7 4 11 17
9 16 16 0 0 16 5 16 17
4 9 9 7 20 11 15 15 17
4 17 2 4 17 7 6 5 9
4 7 4 16 5 7 16 9 4
7 9 17 1 19 7 9 19 7
9 9 2 9 4 5 12 3 17
4 9 9 7 14 19 7 16 16
9 9 4 8 16 11 14 8 17
4 9 5 14 19 7 17 8 9
13 10 9 9 0 9 17 0 9
9 5 3 11 8 6 19 2 17
0 9 2 5 19 11 5 16 17
9 19 4 0 5 5 9 15 17
7 10 12 11 4 12 12 13 0
4 17 19 13 1 4 3 5 19
0 9 9 14 13 9 0 3 9
19 9 15 11 16 16 17 16 15
14 9 19 15 8 13 17 16 7
9 9 17 9 10 0 17 17 9
8 7 9 0 7 7 4 9 17
7 10 4 10 9 7 4 11 17
16 14 19 0 14 0 13 4 17
9 9 0 9 9 15 1 9 16
4 10 2 5 8 13 0 1 17
19 15 10 5 15 7 8 4 7
10 16 4 5 2 7 12 9 17
4 9 15 7 17 17 2 6 17
2 3 12 16 9 9 19 17 9
19 16 19 15 5 9 4 1 17
4 9 1 16 20 9 16 15 7
9 9 12 5 4 17 9 16 1
4 0 11 15 8 4 16 9 17
9 7 2 1 0 13 19 4 9
9 9 5 9 18 5 16 0 0
16 3 17 5 13 2 13 19 17
0 9 13 16 5 7 16 9 17
15 9 15 16 4 13 13 10 18
7 9 14 0 9 3 4 6 9
7 7 7 4 4 7 17 9 7
4 10 19 4 1 3 13 8 9
16 10 4 8 7 17 19 15 9
8 10 19 6 7 1 4 4 9
9 19 10 5 4 14 9 19 9
5 16 19 1 9 11 17 15 9
17 7 15 17 7 4 19 4 7
17 0 16 15 14 16 9 15 19
8 10 12 18 11 11 13 9 9
9 9 5 0 3 5 17 12 17
9 9 13 2 5 2 7 13 17
0 9 6 18 17 0 17 14 9
4 0 11 19 11 4 16 9 9
10 4 2 2 19 17 9 19 9
14 9 17 15 3 5 11 9 9
9 19 15 3 13 17 7 3 17
15 18 9 9 5 0 0 10 17
9 7 9 15 9 16 1 15 17
0 9 9 15 2 9 13 2 9
0 7 5 5 0 0 16 5 7
19 0 19 5 18 7 12 3 16
7 9 2 7 0 5 4 3 7
9 9 3 16 8 16 7 9 17
14 10 9 0 15 0 5 3 9
19 7 17 2 12 16 4 13 9
7 9 4 9 9 4 17 1 7
5 10 16 12 0 3 17 15 7
14 9 3 11 9 7 0 13 9
19 9 9 1 1 11 19 8 9
8 9 9 15 6 4 19 12 0
10 4 3 0 5 2 1 13 17
9 10 18 15 1 4 5 16 14
19 9 1 16 0 15 11 4 9
17 17 9 15 5 16 16 0 0
14 9 17 2 4 4 12 2 7
19 10 16 4 5 2 7 12 9
19 10 10 5 7 3 19 5 9
0 19 5 15 4 17 14 16 17
19 9 5 16 5 12 3 0 15
8 13 12 3 5 9 18 12 12
9 9 18 0 0 14 12 14 9
0 10 0 17 9 19 9 0 9
19 10 12 1 15 0 19 13 8
0 11 4 15 4 14 11 16 9
7 17 0 9 16 7 10 5 17
18 9 16 15 7 9 9 15 9
9 9 18 2 19 17 19 13 9
9 9 5 9 7 9 4 17 9
8 9 15 4 15 7 17 15 9
15 10 9 3 4 10 19 9 0
4 9 15 5 5 5 12 4 15
5 9 7 19 16 19 15 5 9
16 9 19 2 4 2 19 19 7
17 9 10 0 17 17 9 0 15
19 17 12 5 19 15 7 16 16
16 4 9 8 7 7 12 10 9
4 17 9 11 5 5 5 3 17
8 9 15 15 4 4 13 15 17
19 10 0 12 9 1 9 10 17
5 9 9 2 14 9 19 2 9
5 9 0 12 5 9 12 15 5
15 7 16 5 20 20 20 15 9
1 7 11 15 16 16 16 2 17
4 9 18 2 0 19 4 15 15
4 9 19 7 7 2 18 10 17
9 10 12 16 17 9 13 0 9
9 7 17 14 19 9 7 13 17
8 9 12 8 19 15 9 4 3
9 7 19 4 9 4 9 12 9
16 17 7 9 5 17 9 9 9
5 17 13 5 5 4 17 15 0
15 10 19 8 2 17 16 15 17
8 9 0 14 17 7 15 14 9
19 9 8 9 20 10 17 3 9
1 9 19 5 2 17 16 9 3
6 9 19 14 1 14 9 15 15
4 9 10 8 20 15 15 11 9
5 10 16 12 3 8 17 12 17
9 4 2 3 5 8 9 8 0
13 9 15 3 19 13 16 15 17
4 9 0 17 9 15 12 16 7
8 9 12 17 5 15 13 1 9
14 16 11 2 18 2 4 17 17
19 9 7 15 7 4 9 6 9
9 9 17 7 18 7 9 7 17
9 9 17 14 11 15 4 3 17
19 9 2 7 4 1 18 8 17
19 9 9 3 17 11 9 13 11
0 9 9 5 20 7 12 8 17
17 9 19 12 17 7 4 7 16
0 9 9 10 19 11 9 9 16
9 9 15 3 4 1 14 17 9
7 7 16 1 1 9 9 15 17
13 7 3 3 4 5 16 5 17
4 9 9 9 19 16 7 7 17
0 9 18 7 12 2 9 4 10
9 9 9 15 11 9 0 7 17
7 10 11 4 4 8 16 3 7
6 9 13 0 20 9 9 16 9
7 17 11 9 15 9 0 2 17
16 19 9 3 8 0 7 8 7
7 9 18 4 4 11 0 10 17
9 9 2 15 9 12 10 2 17
5 9 19 11 9 9 7 14 1
10 7 10 19 9 17 9 5 7
9 7 9 3 14 12 3 12 17
4 7 19 9 9 4 0 15 10
5 9 7 9 4 17 9 0 9
9 0 7 9 19 7 9 9 9
14 9 8 2 19 13 6 4 17
9 9 3 5 3 3 3 14 9
9 9 10 19 11 9 9 16 7
19 9 0 3 0 2 9 15 19
0 9 4 16 18 16 11 9 9
9 9 16 16 15 5 17 15 0
10 16 4 5 2 7 12 9 17
4 9 15 11 5 6 17 16 7
9 9 4 12 18 12 9 12 16
11 9 3 9 16 9 9 8 9
8 17 17 2 3 9 17 8 17
15 7 5 16 5 14 0 10 9
14 17 0 14 12 9 9 0 0
11 9 11 3 9 17 8 6 5
9 8 17 8 7 9 12 3 17
5 17 9 17 9 4 5 4 4
15 10 2 16 9 9 4 4 9
19 7 7 2 18 10 17 2 7
11 17 15 0 0 9 0 0 9
7 10 10 19 14 16 6 1 13
10 4 12 0 13 12 4 5 9
7 16 11 5 19 9 7 15 7
14 9 11 13 9 3 15 8 17
9 9 15 8 7 11 15 9 0
9 9 15 1 15 0 2 5 0
8 9 13 3 14 9 0 8 9
13 9 7 12 14 9 4 4 0
8 9 15 1 0 17 6 9 7
7 9 5 3 16 8 0 19 17
5 0 0 16 5 7 0 0 17
11 9 9 15 12 0 15 4 4
4 17 19 12 15 11 4 2 17
17 10 19 0 4 16 16 12 9
9 10 0 9 4 5 7 8 9
7 13 0 0 19 17 6 17 7
0 9 7 14 16 9 13 13 9
14 7 9 12 19 16 4 8 7
0 9 7 14 2 9 13 13 9
7 16 4 2 2 19 7 0 1
7 16 1 17 19 1 8 16 17
12 9 9 2 5 16 0 16 9
19 9 6 16 11 1 4 3 7
17 9 2 13 9 14 1 11 5
19 7 9 19 7 17 4 1 7
9 0 5 6 12 9 16 11 9
7 17 7 9 17 17 16 5 17
0 9 1 14 6 3 19 12 9
8 13 9 6 20 17 17 12 9
7 10 2 4 7 5 12 19 7
7 9 9 15 2 7 9 14 17
15 9 11 2 19 8 12 12 17
7 9 5 4 17 4 16 9 16
9 9 12 16 12 6 1 3 15
14 9 9 12 5 17 4 16 17
13 9 2 5 15 11 17 15 0
8 13 9 2 3 18 9 8 17
9 7 17 9 4 3 17 4 17
19 17 9 9 6 9 9 17 17
5 9 4 5 1 9 4 3 1
8 9 15 3 13 17 17 9 16
16 9 19 9 5 16 15 5 7
4 9 15 1 12 9 19 14 4
9 17 4 5 14 14 9 4 9
9 9 18 9 15 1 15 7 0
4 9 16 5 16 4 17 16 0
14 9 17 2 2 4 9 9 17
9 9 15 3 7 14 4 19 7
4 16 5 7 16 9 4 9 9
9 9 9 13 9 16 16 12 0
10 17 11 16 17 9 7 16 17
10 9 9 13 0 1 14 15 17
10 0 15 17 4 17 1 12 9
9 9 7 5 7 1 17 0 17
9 13 11 5 14 2 10 19 17
5 9 15 9 19 16 16 3 10
9 9 2 9 4 5 12 3 17
15 9 10 15 9 15 7 3 7
19 9 16 0 7 13 2 4 7
4 9 15 14 17 4 4 1 17
9 10 2 15 7 4 17 15 16
15 9 5 8 0 13 16 0 13
19 9 12 7 15 7 9 11 17
15 7 6 17 16 17 15 11 17
7 0 10 2 17 16 3 5 9
3 9 11 16 15 9 13 2 7
8 9 9 0 20 15 3 5 7
4 16 9 7 2 7 18 4 9
14 10 7 9 19 9 3 15 17
15 9 9 8 15 9 9 9 9
4 17 7 17 7 19 7 4 16
19 9 8 7 5 16 9 9 17
14 9 14 5 10 5 9 11 0
8 4 4 0 19 9 16 9 0
4 9 7 17 15 9 1 12 16
9 13 13 13 12 15 12 12 17
9 15 4 15 1 19 9 15 17
8 9 17 15 7 15 11 4 7
7 4 9 9 6 6 0 4 17
9 9 15 5 15 2 9 4 7
0 9 12 2 15 9 16 13 17
19 7 7 8 11 16 4 11 17
15 10 12 11 9 17 12 3 17
0 9 3 15 7 0 18 4 15
17 9 19 1 9 9 18 15 4
9 12 6 15 15 15 6 18 9
5 9 5 3 3 13 11 6 5
4 7 17 17 0 16 0 0 17
16 9 13 3 9 15 6 0 9
9 9 9 7 15 9 17 19 0
3 4 0 4 8 2 9 4 17
9 10 16 0 16 12 12 5 16
9 0 9 12 17 7 11 11 9
4 9 13 2 20 9 8 4 17
8 9 15 3 10 15 17 16 9
9 9 7 6 4 9 9 15 9
19 9 4 9 7 1 6 11 9
8 13 9 3 20 2 3 3 17
12 10 5 8 9 16 4 4 17
9 10 7 3 19 11 9 9 16
15 0 4 5 11 6 0 15 16
17 9 13 13 15 16 19 13 9
17 9 4 9 9 17 7 5 0
5 9 0 2 0 4 7 9 9
10 7 0 0 19 16 0 0 9
0 9 13 2 15 5 9 3 17
9 9 15 6 4 19 12 0 17
