14 9 5 14 2 12 9 9 9
7 17 17 7 9 10 15 10 17
19 13 9 0 17 4 10 9 10
15 10 12 11 9 17 12 3 17
9 9 15 8 7 11 15 9 0
9 12 0 3 5 17 15 3 17
6 7 4 19 13 9 0 11 17
19 9 10 8 2 8 9 11 7
14 12 12 7 4 7 14 14 9
17 9 8 0 5 13 16 17 16
15 9 9 17 7 18 7 9 7
0 9 1 5 13 1 17 14 7
8 9 18 19 0 15 9 16 9
8 16 7 7 0 9 9 4 0
4 9 7 12 8 5 4 19 0
4 9 11 7 11 6 19 9 9
13 9 16 7 9 15 9 4 9
11 7 15 16 7 9 19 4 16
14 13 10 12 9 15 15 0 17
9 9 10 19 11 9 9 16 7
5 17 9 12 9 15 12 15 17
4 7 0 8 6 4 9 3 9
16 9 9 1 17 9 12 0 17
9 9 17 13 14 17 16 15 17
4 9 9 19 19 5 13 2 7
18 9 17 5 5 7 17 0 0
15 13 2 2 11 7 17 5 9
5 9 0 19 3 7 3 12 7
19 10 0 12 9 1 9 10 17
10 9 5 7 18 4 4 16 9
3 17 14 3 8 6 3 4 9
0 9 0 15 1 10 5 9 7
13 16 7 17 4 7 18 4 7
19 9 10 9 9 4 0 0 10
9 7 6 2 11 7 10 19 16
15 7 19 3 1 7 16 4 9
19 9 10 9 9 4 0 0 10
5 9 9 12 17 9 15 18 9
0 10 0 15 0 15 16 15 0
8 9 12 8 19 15 9 4 3
9 3 0 8 5 19 8 3 17
1 9 10 15 15 16 12 14 9
4 7 4 12 15 4 9 14 17
17 9 16 0 9 9 0 5 9
10 13 9 10 12 4 5 15 9
19 9 5 16 5 12 3 0 15
4 16 11 15 13 7 4 11 7
11 10 16 8 2 18 4 9 17
18 9 11 15 0 16 0 9 7
9 9 4 17 7 17 7 19 7
9 17 7 18 7 9 7 17 0
8 9 15 3 13 17 17 9 16
8 9 15 15 4 4 13 15 17
5 16 19 1 9 11 17 15 9
9 10 16 0 16 12 12 5 16
19 10 4 0 7 17 3 7 17
7 9 4 7 10 4 10 9 7
4 7 12 8 4 17 15 4 9
9 7 0 5 7 7 9 9 7
17 9 17 17 10 0 1 9 17
9 16 4 8 5 12 5 0 18
14 9 0 2 0 3 8 9 4
9 7 6 13 15 7 16 5 9
4 7 15 15 4 9 9 12 9
4 7 18 4 7 4 6 4 17
17 19 15 9 7 8 11 8 7
15 9 0 0 7 18 7 9 9
3 9 16 3 0 14 17 13 17
17 9 4 9 9 17 7 5 0
7 2 7 3 14 7 9 15 17
18 10 16 19 16 5 5 17 10
16 7 18 0 0 11 0 5 17
5 14 8 12 12 9 9 8 8
4 9 11 4 6 16 17 5 17
9 6 9 0 17 7 5 0 9
14 9 8 2 19 13 6 4 17
5 9 0 3 4 13 2 11 17
10 0 15 17 4 17 1 12 9
17 9 2 5 9 2 17 9 9
15 9 6 3 6 7 0 11 9
10 16 19 16 5 5 17 10 16
0 9 2 5 19 11 5 16 17
7 13 0 0 19 17 6 17 7
9 9 10 5 16 1 16 7 17
10 9 7 0 15 16 9 7 17
9 7 3 3 2 9 16 3 17
1 9 4 12 13 16 9 0 0
0 9 18 15 9 15 14 6 0
4 9 0 6 15 0 5 19 7
5 9 7 0 1 9 7 4 17
17 9 19 15 19 7 9 4 9
9 7 12 4 9 7 9 4 7
9 9 7 5 7 1 17 0 17
19 9 3 12 0 12 17 16 0
1 9 9 16 11 18 12 15 17
8 9 4 11 17 16 9 11 0
16 9 9 5 9 7 9 4 17
1 9 19 5 2 17 16 9 3
0 9 0 12 0 12 17 3 17
10 7 3 5 9 10 16 15 9
9 9 17 7 18 7 9 7 17
6 10 19 4 16 4 4 2 17
14 10 0 16 10 9 3 19 17
4 9 12 7 7 4 2 0 4
0 9 11 15 5 15 12 12 0
0 7 17 4 2 6 19 2 17
10 9 19 13 9 9 3 0 17
10 9 9 13 0 1 14 15 17
5 9 7 9 4 17 9 0 9
7 9 8 9 4 4 10 5 9
0 9 4 16 20 18 16 11 9
17 17 10 16 15 9 0 9 17
9 9 15 5 15 2 9 4 7
4 9 0 12 8 9 19 0 9
9 7 17 9 4 3 17 4 17
9 17 7 16 7 11 19 4 9
14 10 12 3 0 0 12 12 17
8 9 15 4 15 7 17 15 9
0 9 7 14 14 9 13 13 9
4 9 15 5 5 5 12 4 15
19 10 2 0 17 4 3 19 16
7 16 10 15 0 4 9 7 17
4 9 6 8 5 19 17 12 1
11 10 8 3 3 10 0 14 6
4 7 2 16 17 15 17 19 16
19 7 19 19 4 4 7 14 9
8 9 16 5 2 3 11 4 16
19 17 9 19 9 9 3 15 9
19 9 12 7 15 7 9 11 17
9 9 18 2 19 17 19 13 9
12 9 2 1 17 9 19 14 19
4 4 4 2 7 2 9 9 9
17 16 0 13 17 17 9 13 0
5 10 2 1 11 14 3 3 19
8 9 17 15 7 15 11 4 7
4 9 15 14 9 17 9 19 0
9 13 10 0 11 16 9 12 17
4 7 9 2 9 4 14 16 18
4 9 15 11 5 6 17 16 7
0 9 7 14 1 9 13 13 9
7 13 7 11 15 6 1 4 17
4 13 12 15 4 15 6 9 17
19 9 13 16 17 15 17 15 17
17 9 5 5 12 17 15 5 9
15 7 12 2 12 15 4 12 9
4 9 0 19 19 12 12 10 10
4 9 16 5 16 4 17 16 0
19 7 15 8 1 18 2 19 0
17 16 19 15 5 8 4 9 7
9 9 4 2 14 2 16 4 19
19 9 8 12 14 16 4 10 9
13 9 2 6 5 17 9 9 17
6 17 2 5 8 7 9 4 17
9 9 10 15 20 13 0 11 17
15 17 15 3 11 17 9 8 7
15 9 15 15 13 9 15 11 9
4 16 2 16 1 5 0 15 7
15 9 0 2 17 9 17 16 7
8 10 19 6 7 1 4 4 9
15 7 4 4 19 15 15 4 17
8 9 7 16 4 9 4 17 7
5 10 2 12 14 10 1 15 9
11 13 10 3 20 3 4 16 17
8 17 9 15 9 13 16 0 9
13 9 12 9 3 15 2 0 17
17 9 0 9 19 15 12 12 9
10 10 3 6 12 15 9 13 0
8 7 11 7 4 10 0 4 9
9 7 12 4 9 7 9 4 7
5 16 19 0 17 11 7 6 17
0 10 5 12 14 12 6 15 17
19 7 0 8 19 7 17 12 19
9 9 17 14 11 15 4 3 17
9 16 9 2 3 13 7 4 17
9 12 19 19 2 12 18 4 9
19 10 5 4 14 9 19 9 0
19 9 9 2 2 17 9 19 16
9 9 4 7 13 5 19 15 7
6 9 19 14 1 14 9 15 15
4 7 9 7 4 11 7 7 17
15 13 15 15 10 6 11 0 9
14 9 12 9 6 9 19 2 7
14 19 5 15 4 15 17 16 9
17 0 0 15 14 9 4 4 17
14 9 2 18 19 15 9 10 16
15 9 15 9 6 12 9 19 17
17 9 4 16 17 10 16 19 17
17 17 9 13 0 0 7 12 9
7 10 3 19 6 9 9 4 0
0 9 1 3 11 16 1 9 9
17 9 9 9 7 5 1 18 19
19 0 16 17 3 17 12 15 9
9 9 19 9 7 9 4 9 9
13 9 0 5 19 7 9 16 17
7 7 15 2 5 5 1 16 1
13 7 7 16 9 16 0 4 17
5 9 2 3 7 2 15 0 17
4 7 4 9 13 10 0 9 9
11 7 0 3 19 7 0 5 9
19 9 19 6 9 15 7 11 17
7 9 2 15 17 5 7 3 0
9 9 10 10 16 9 12 15 7
9 16 9 9 5 7 5 1 17
7 5 9 7 17 7 9 4 7
8 9 15 12 15 12 15 15 14
14 9 18 8 17 15 2 9 7
19 9 12 19 12 2 12 15 14
9 9 15 9 0 17 15 15 0
4 0 13 9 7 11 11 8 0
8 9 7 5 7 16 0 7 10
14 16 11 2 18 2 4 17 17
5 7 9 9 17 9 10 0 17
10 9 9 0 9 17 0 9 17
17 7 19 3 0 17 7 6 9
9 16 0 3 3 11 9 15 7
8 10 0 11 2 7 14 4 9
14 9 19 15 8 13 17 16 7
6 13 10 15 15 1 4 9 9
0 9 7 9 17 15 4 17 9
7 9 18 4 4 11 0 10 17
15 9 15 12 17 18 4 0 1
19 9 9 3 17 11 9 13 11
17 4 8 9 19 19 4 3 7
4 9 5 14 19 7 17 8 9
7 10 0 6 1 7 9 2 9
1 10 5 3 11 13 4 11 17
12 9 7 2 17 11 18 1 0
4 17 4 7 9 16 0 7 9
4 9 9 9 16 15 7 12 7
4 9 9 7 14 19 7 16 16
6 16 7 1 2 2 19 4 17
17 9 9 4 1 7 0 15 9
10 6 16 5 3 8 12 19 17
8 17 12 14 11 13 2 18 9
15 10 4 17 11 15 9 9 9
7 9 9 13 0 1 14 15 17
9 9 19 4 8 17 4 5 7
15 9 4 1 13 10 17 15 15
8 9 4 19 17 19 19 11 9
3 8 2 8 4 4 0 19 9
10 16 8 7 11 2 9 3 17
14 9 0 0 5 7 17 16 17
19 10 0 16 16 7 9 3 10
10 4 2 2 19 17 9 19 9
4 0 0 3 9 16 7 5 17
19 9 9 1 1 11 19 8 9
9 9 15 5 0 15 12 4 9
8 9 9 15 5 3 10 0 7
9 10 0 15 7 15 15 4 9
15 5 19 9 0 3 0 2 9
1 10 19 19 4 9 6 19 19
0 9 13 16 5 7 16 9 17
14 9 18 14 0 16 12 9 5
7 17 7 5 17 7 7 9 0
11 10 7 15 2 16 7 4 17
8 9 9 10 15 13 0 11 17
15 7 2 0 17 0 17 16 12
0 9 6 2 9 12 3 11 9
10 7 19 5 9 7 0 1 9
13 9 9 13 2 6 18 3 7
0 9 12 2 15 9 16 13 17
17 9 18 6 17 16 19 18 17
18 9 0 9 15 0 15 18 9
8 16 15 3 3 7 10 9 17
14 9 4 11 5 11 15 14 5
14 9 6 5 9 15 0 4 15
8 9 3 15 20 15 15 12 17
5 9 5 7 4 1 4 14 7
15 7 16 5 20 20 20 15 9
9 6 9 9 2 9 6 15 9
8 17 15 15 17 4 19 16 16
19 9 17 5 15 11 10 16 13
19 7 12 16 17 9 2 13 17
13 9 12 3 3 8 13 12 9
17 4 11 5 16 15 18 4 7
9 10 9 9 4 0 0 10 7
0 10 9 11 5 9 7 19 17
4 9 8 2 20 15 17 8 17
0 7 5 5 0 0 16 5 7
6 16 19 15 20 17 17 15 17
4 7 17 17 0 16 0 0 17
4 9 7 9 20 17 15 16 17
8 9 16 14 16 13 0 0 16
0 9 12 2 15 9 16 13 17
15 9 9 16 16 2 2 0 17
6 9 10 4 2 2 19 17 9
9 0 0 16 12 3 7 14 17
17 2 15 7 4 3 13 18 9
8 9 9 8 10 17 16 15 17
4 0 7 3 0 9 0 8 0
7 9 15 1 7 4 0 4 7
16 17 13 3 4 7 4 15 0
16 9 9 1 17 9 12 0 17
14 9 17 8 14 13 17 12 9
7 9 15 12 9 16 8 5 7
19 16 11 18 0 7 7 9 9
3 17 7 0 12 0 17 13 16
19 9 6 8 6 19 11 11 9
19 7 7 17 4 17 17 0 9
9 16 16 0 0 16 5 16 17
14 9 11 2 4 9 5 9 9
5 10 16 12 0 3 17 15 7
11 9 16 3 5 12 19 12 9
4 14 7 7 0 8 11 2 17
6 7 10 12 2 16 0 3 7
4 7 5 12 9 10 2 0 9
15 13 4 17 4 15 4 12 17
8 17 9 12 2 5 13 17 7
17 9 4 16 1 17 12 0 0
17 9 4 3 17 4 17 17 4
0 9 15 17 10 5 17 19 17
0 16 19 5 17 18 12 12 17
7 9 15 9 4 9 7 15 9
15 9 4 0 9 5 11 17 7
16 7 7 4 17 9 7 15 7
19 10 0 12 9 1 9 10 17
19 9 2 4 9 9 9 9 9
9 9 11 11 19 16 9 8 7
0 9 13 11 4 2 11 8 9
9 5 3 11 8 6 19 2 17
19 9 13 12 15 16 4 9 9
19 10 4 19 8 7 4 4 17
14 0 9 15 9 0 0 17 9
19 9 11 6 16 4 8 8 17
8 10 17 3 0 10 0 16 5
11 17 15 0 0 9 0 0 9
14 17 9 3 0 13 15 4 7
9 16 5 2 3 11 4 16 7
0 13 19 16 9 10 17 13 0
13 9 9 13 4 3 15 13 17
0 9 18 2 15 11 4 4 16
17 10 11 11 9 9 12 16 15
16 9 6 11 14 5 18 14 17
19 9 19 0 9 19 15 12 9
12 17 17 12 11 0 12 12 0
9 9 10 16 5 5 17 16 9
4 9 11 0 4 5 10 19 15
9 9 0 3 9 15 15 12 4
11 7 7 2 18 13 4 0 7
2 9 16 16 8 11 17 15 7
0 7 13 2 4 7 7 3 17
13 7 9 2 5 17 11 19 9
18 9 10 8 11 10 2 12 9
17 16 4 0 17 15 4 19 17
9 7 9 9 9 9 7 19 9
16 9 0 0 14 7 8 4 9
19 10 19 9 14 13 9 4 14
6 7 19 4 17 15 9 9 9
5 7 5 7 9 16 17 7 9
9 9 3 6 5 13 4 2 9
10 9 11 5 16 16 9 3 0
19 7 9 3 9 1 11 15 9
14 9 4 15 19 11 4 16 16
9 7 3 12 15 12 12 15 0
19 17 9 9 6 9 9 17 17
2 9 17 9 8 14 1 9 9
3 9 14 6 19 15 2 15 17
7 7 7 4 4 7 17 9 7
17 17 9 17 5 9 10 0 9
17 9 10 12 16 17 9 13 0
13 9 6 2 12 15 5 19 9
7 9 2 15 0 15 6 6 1
9 4 3 3 11 12 7 11 0
5 10 11 18 14 12 7 9 16
9 9 0 5 9 17 15 9 9
