12 9 17 17 0 0 15 7 7
0 9 8 14 0 13 15 3 9
9 4 7 9 4 4 0 19 17
19 7 7 14 17 16 16 3 9
9 9 7 19 9 19 9 8 17
4 9 7 1 6 11 9 14 0
9 9 19 7 8 7 19 3 9
9 0 12 3 0 17 7 9 17
7 10 2 4 7 5 12 19 7
17 9 9 15 7 1 15 9 9
0 9 13 11 19 19 11 8 9
9 9 18 9 15 1 15 7 0
4 7 4 9 13 10 0 9 9
9 9 17 14 11 15 4 3 17
15 17 13 17 12 16 16 3 17
8 16 7 7 0 9 9 4 0
8 7 9 0 7 7 4 9 17
5 9 5 3 3 13 11 6 5
0 17 4 10 19 17 4 19 9
9 10 16 5 5 17 16 9 17
10 17 11 16 17 9 7 16 17
4 10 11 9 19 15 4 16 7
19 7 14 0 14 7 4 9 7
16 10 7 9 4 9 8 9 9
15 13 8 14 15 4 17 19 17
13 9 0 11 5 0 4 8 17
0 9 0 15 1 10 5 9 7
7 7 8 9 12 8 19 15 9
11 9 3 9 16 9 9 8 9
5 9 14 0 9 14 3 16 9
17 0 5 16 13 3 17 4 17
15 7 9 15 15 4 4 15 9
19 9 1 3 0 10 9 11 16
16 17 19 11 3 9 16 8 17
9 9 9 12 19 16 7 11 9
10 9 3 11 4 14 11 9 9
3 8 2 8 4 4 0 19 9
16 9 9 5 9 7 9 4 17
15 9 15 16 15 12 15 3 9
8 9 0 0 20 9 3 15 7
4 9 0 14 9 6 0 0 0
14 9 0 0 10 4 4 1 0
9 17 17 17 5 0 5 5 17
15 9 0 2 16 11 15 9 0
11 10 19 11 17 15 10 0 17
11 9 7 4 20 17 4 19 10
4 9 15 13 14 17 0 4 9
9 9 15 1 15 0 2 5 0
10 9 10 3 16 10 4 4 7
9 11 16 3 20 12 15 13 9
7 9 15 2 2 10 9 11 7
4 10 3 0 17 15 15 8 19
4 9 16 5 16 4 17 16 0
0 7 5 5 0 0 16 5 7
14 9 4 15 19 11 4 16 16
19 9 8 9 20 10 17 3 9
9 9 15 7 17 12 1 16 17
8 9 12 8 19 15 9 4 3
14 17 9 3 0 13 15 4 7
19 10 19 9 14 13 9 4 14
15 9 11 4 9 5 5 16 16
7 9 13 0 6 9 6 15 9
0 9 9 18 0 0 5 17 9
10 13 18 9 16 13 19 19 7
14 9 17 8 14 13 17 12 9
4 9 13 2 20 9 8 4 17
3 10 2 8 2 2 3 15 9
9 9 2 19 5 9 6 5 9
8 9 4 16 2 11 11 4 9
17 17 7 17 5 9 6 5 17
11 9 9 9 18 12 9 19 17
9 9 0 17 5 0 16 8 17
5 9 9 0 20 7 17 8 17
17 0 0 15 14 9 4 4 17
0 9 7 14 2 9 13 13 9
0 0 18 9 3 11 4 12 9
5 13 17 12 9 7 17 5 7
4 9 7 12 8 5 4 19 0
19 9 10 2 3 3 17 12 0
19 9 10 9 9 4 0 0 10
4 0 11 15 8 4 16 9 17
18 9 16 15 7 9 9 15 9
9 9 12 16 12 6 1 3 15
5 10 5 13 8 2 15 19 17
7 9 3 8 15 9 8 0 9
8 9 19 3 3 0 5 2 17
19 9 7 12 1 19 4 6 0
11 15 11 2 7 17 11 0 7
14 13 18 0 13 2 9 16 9
13 9 12 4 5 2 12 4 0
4 19 9 16 11 2 17 15 4
11 7 0 3 19 7 0 5 9
9 6 12 15 9 7 4 2 7
5 15 9 2 17 9 10 0 17
18 9 11 15 0 16 0 9 7
9 9 9 18 12 9 19 17 9
0 10 1 14 16 12 4 15 9
7 7 15 0 4 16 9 9 0
8 9 19 9 17 2 19 5 9
7 9 12 4 16 12 3 4 9
13 9 12 9 3 15 2 0 17
8 9 19 16 7 17 15 16 9
6 17 2 5 8 7 9 4 17
9 0 5 6 12 9 16 11 9
9 9 10 16 5 5 17 16 9
4 15 4 12 3 16 13 4 7
9 15 18 3 18 11 9 15 7
17 9 9 4 1 7 0 15 9
7 9 0 7 7 4 9 17 9
9 7 6 13 15 7 16 5 9
7 6 9 10 4 2 2 19 17
11 10 9 8 20 11 11 9 17
10 16 4 5 2 7 12 9 17
15 10 9 3 4 10 19 9 0
0 9 7 14 13 9 13 13 9
5 9 17 2 1 19 7 11 9
8 9 14 11 18 13 18 18 14
9 10 2 2 16 9 15 12 17
19 10 2 9 15 19 6 5 17
19 16 10 0 2 9 17 19 0
16 9 10 11 17 9 16 9 17
4 0 0 3 9 16 7 5 17
8 9 9 10 15 13 0 11 17
4 16 11 15 13 7 4 11 7
14 10 0 16 8 12 12 17 7
7 6 9 4 16 9 16 11 9
16 9 9 13 0 1 14 15 17
4 10 0 4 17 0 10 17 16
9 12 7 4 4 1 9 18 17
8 9 16 14 16 13 0 0 16
17 17 18 17 8 7 16 13 17
15 9 17 16 17 0 17 12 0
5 9 4 14 12 19 5 15 16
8 10 12 18 11 11 13 9 9
16 7 10 5 15 19 9 5 17
9 9 18 12 9 19 17 9 9
15 9 2 15 9 17 6 9 9
9 10 12 13 12 9 0 2 5
2 9 5 19 2 19 15 19 9
8 13 2 4 15 17 12 13 9
0 9 7 14 1 9 13 13 9
15 7 19 3 1 7 16 4 9
5 9 9 2 14 9 19 2 9
16 7 7 4 17 9 7 15 7
9 9 4 4 9 0 9 15 7
19 8 15 12 0 15 2 0 19
7 10 3 19 6 9 9 4 0
15 9 9 2 15 1 16 8 9
12 9 2 1 17 9 19 14 19
8 17 9 12 2 5 13 17 7
9 17 9 10 0 17 17 9 0
9 10 7 3 19 11 9 9 16
16 9 16 7 15 4 4 9 7
7 10 19 16 19 4 15 11 16
14 15 4 17 19 17 18 8 16
14 0 8 0 17 14 0 9 8
4 9 8 8 2 0 12 19 7
8 9 13 3 14 9 0 8 9
11 17 4 8 19 9 16 15 17
4 9 17 11 8 4 15 16 9
10 10 10 8 18 7 7 15 7
4 7 4 9 9 4 9 16 9
13 9 12 5 12 7 18 3 4
9 9 18 4 9 16 5 16 4
11 10 13 16 17 8 9 4 17
15 16 15 14 17 12 19 2 7
5 17 10 14 5 11 6 19 0
15 9 9 16 2 1 11 12 0
16 10 17 2 14 1 17 17 8
19 10 16 0 17 9 3 19 9
18 9 15 13 5 13 4 9 9
5 10 0 5 13 7 12 12 9
14 9 0 2 0 3 8 9 4
1 10 16 18 11 13 10 11 9
7 7 7 15 7 4 9 13 17
5 9 17 14 9 11 0 4 9
7 10 4 16 1 10 2 12 9
10 17 2 14 1 17 17 8 17
17 4 8 9 19 19 4 3 7
0 9 7 3 0 19 17 2 7
0 5 17 0 15 0 2 12 17
5 10 12 12 1 9 9 0 9
15 9 15 15 13 9 15 11 9
19 9 2 5 0 0 2 7 17
7 9 0 19 16 3 2 3 17
9 17 2 9 4 17 4 15 16
7 17 5 7 9 9 17 9 10
19 13 9 0 17 4 10 9 10
9 16 9 2 3 13 7 4 17
5 3 15 17 12 5 7 3 3
15 7 15 19 20 20 1 12 17
8 9 3 0 4 12 9 17 16
4 9 15 11 4 12 4 15 9
14 9 5 14 2 12 9 9 9
0 9 17 17 16 6 16 19 9
19 10 16 4 5 2 7 12 9
9 9 4 2 14 2 16 4 19
17 9 4 19 20 20 20 20 9
2 10 0 11 12 10 15 12 17
8 9 18 13 19 1 15 17 9
0 17 7 2 0 19 16 3 7
11 9 4 16 4 9 6 3 7
7 9 8 5 8 4 13 16 0
13 6 4 17 0 14 17 4 9
9 9 9 3 12 9 3 5 2
14 16 19 18 7 7 7 3 9
1 10 19 19 4 9 6 19 19
9 0 16 11 9 9 8 3 9
17 9 17 15 14 10 12 4 17
5 9 8 15 8 16 6 0 17
7 10 12 5 11 15 4 0 17
18 9 14 9 12 14 7 4 1
9 17 2 17 3 16 7 5 17
9 7 0 0 0 0 4 1 9
9 9 7 2 7 9 7 9 9
4 9 9 12 9 16 15 9 17
17 9 4 4 14 15 0 15 15
4 9 15 15 12 0 19 4 15
15 9 6 3 6 7 0 11 9
19 16 4 9 19 11 4 18 16
17 9 17 17 10 0 1 9 17
9 7 15 14 0 9 17 17 16
8 0 19 6 7 7 4 4 17
0 9 0 0 20 4 9 5 9
9 9 7 5 7 1 17 0 17
4 10 19 4 1 3 13 8 9
9 9 14 11 4 0 15 13 16
9 0 9 12 17 7 11 11 9
19 9 12 2 12 16 17 5 17
19 7 9 19 7 17 4 1 7
16 9 7 2 7 18 4 9 0
0 9 6 2 9 12 3 11 9
19 9 4 11 0 7 3 16 10
4 10 10 17 9 12 5 0 0
0 9 18 15 9 15 14 6 0
4 9 4 19 12 15 10 4 16
11 9 15 2 5 4 9 9 7
7 17 4 17 4 7 9 16 0
9 7 9 1 19 4 7 9 7
8 9 16 14 14 12 7 4 7
17 9 7 0 5 19 7 7 17
19 16 10 19 20 7 4 12 17
9 15 17 9 3 1 17 3 9
13 17 14 16 9 17 19 16 17
15 7 7 15 9 4 17 9 9
7 10 16 15 19 13 19 9 7
19 17 15 19 6 16 17 19 7
4 9 1 9 9 10 8 9 15
8 9 7 12 15 18 0 15 17
15 9 7 5 15 8 16 13 7
4 9 5 14 19 7 17 8 9
16 9 14 11 16 11 12 11 4
15 13 2 2 11 7 17 5 9
8 17 12 14 11 13 2 18 9
4 17 19 13 1 4 3 5 19
9 9 5 9 18 5 9 16 5
8 9 5 11 9 9 9 9 7
13 7 7 16 9 16 0 4 17
4 9 0 19 3 9 9 12 0
4 9 7 3 20 6 13 14 0
19 16 11 18 0 7 7 9 9
6 9 0 17 7 5 0 9 9
9 9 4 7 9 4 19 4 0
9 9 10 18 15 1 4 5 16
19 9 7 9 4 9 9 4 17
19 9 7 14 20 14 3 8 17
9 16 4 8 5 12 5 0 18
4 9 7 9 14 5 17 9 17
17 0 16 15 14 16 9 15 19
4 9 7 6 15 0 2 18 9
4 7 2 15 11 3 19 3 17
0 9 12 2 15 9 16 13 17
16 7 7 0 9 9 4 0 9
15 9 17 13 19 7 8 4 7
0 10 19 10 0 9 7 0 0
0 1 7 17 5 1 3 11 17
19 10 0 12 9 1 9 10 17
19 9 15 0 8 7 16 16 9
14 9 2 18 19 15 9 10 16
19 9 2 2 6 14 19 9 4
5 9 4 7 19 7 12 5 16
4 17 15 8 17 9 6 16 17
5 9 0 3 4 13 2 11 17
17 9 13 13 15 16 19 13 9
6 12 19 2 13 0 6 9 9
7 9 14 5 15 17 0 6 8
11 7 4 5 16 12 3 4 17
9 9 12 12 13 2 12 6 9
9 10 9 3 7 15 16 15 9
4 17 17 4 7 9 7 19 17
9 10 7 4 7 15 15 4 9
5 9 12 18 20 18 9 5 9
15 10 16 15 12 15 12 17 16
13 7 3 3 4 5 16 5 17
4 16 5 7 16 9 4 9 9
8 9 1 7 4 0 12 4 17
17 9 13 0 0 7 12 9 16
9 13 13 13 12 15 12 12 17
17 15 9 0 2 16 11 15 9
0 9 7 14 5 9 13 13 9
19 9 12 7 15 7 9 11 17
16 9 9 12 3 4 12 11 17
14 9 17 16 17 9 12 12 16
9 9 18 12 9 19 17 9 9
0 9 9 10 19 11 9 9 16
9 16 9 5 3 4 9 8 9
0 17 0 2 10 13 17 5 0
6 9 5 3 9 6 0 7 9
9 13 5 3 19 12 12 13 9
17 5 0 17 9 16 0 9 9
4 0 2 1 10 19 19 4 9
0 9 6 2 9 12 3 11 9
0 9 10 2 8 15 9 6 17
17 7 18 7 9 7 17 0 7
9 17 7 5 0 1 17 19 1
5 14 8 12 12 9 9 8 8
7 9 4 17 17 7 17 5 9
9 7 7 0 9 5 7 6 9
10 16 4 15 2 17 9 16 9
7 7 19 3 7 9 19 10 9
19 9 12 19 12 2 12 15 14
4 9 8 6 8 9 12 9 15
8 9 5 3 4 19 11 13 10
7 9 15 0 17 0 7 4 1
0 7 7 12 9 15 0 15 17
4 9 5 2 16 6 15 15 7
13 16 7 17 4 7 18 4 7
12 10 10 1 19 4 9 16 0
5 9 3 0 2 10 18 15 7
14 9 3 0 14 7 0 13 9
9 0 0 17 9 17 17 10 0
17 9 2 5 9 2 17 9 9
19 7 17 2 12 16 4 13 9
3 9 14 6 19 15 2 15 17
4 9 8 14 9 3 9 8 12
9 9 0 17 9 19 1 9 9
9 8 17 8 7 9 12 3 17
16 9 9 5 2 5 7 17 17
13 16 7 2 11 7 17 4 9
4 16 11 11 8 4 16 9 15
13 9 3 3 9 3 2 3 9
17 16 0 13 17 17 9 13 0
16 9 13 3 9 15 6 0 9
5 10 10 15 1 8 7 5 9
6 7 10 12 2 16 0 3 7
0 10 12 4 15 7 4 19 14
6 9 19 2 9 3 15 5 10
9 0 15 19 2 3 7 15 17
4 16 19 16 5 5 19 2 17
16 9 9 12 3 4 12 11 17
9 9 5 16 4 16 18 16 9
16 14 19 0 14 0 13 4 17
0 9 6 18 3 13 17 0 17
13 11 15 15 16 7 1 1 17
0 9 13 15 0 19 17 8 7
19 10 12 1 15 0 19 13 8
0 13 19 16 9 10 15 13 0
17 9 19 1 9 9 18 15 4
18 9 15 2 0 15 3 14 6
16 14 6 12 0 16 0 16 17
7 2 7 3 14 7 9 15 17
4 9 6 19 1 11 15 19 0
10 10 12 3 0 10 16 7 17
9 6 9 7 15 9 9 15 9
10 17 11 16 17 9 7 16 17
