7 9 18 19 0 12 3 15 9
9 9 4 8 16 11 14 8 17
0 9 0 7 5 9 18 5 9
16 12 18 1 15 12 7 8 17
7 10 12 11 4 12 12 13 0
19 16 7 3 14 7 4 11 0
0 10 19 17 0 7 13 0 17
17 9 8 0 5 13 16 17 16
17 9 19 15 0 13 2 13 0
5 10 10 15 1 8 7 5 9
1 10 5 3 11 13 4 11 17
15 10 9 3 4 10 19 9 0
4 9 7 12 8 5 4 19 0
15 10 7 12 8 0 7 3 15
9 15 18 3 18 11 9 15 7
15 9 0 12 1 4 1 9 15
19 10 16 4 5 2 7 12 9
9 9 15 3 4 1 14 17 9
16 9 2 3 8 17 0 3 9
9 10 2 2 16 9 15 12 17
2 9 7 16 17 16 0 16 9
9 13 9 3 3 9 3 8 17
10 0 17 0 7 9 8 3 17
7 0 5 19 7 7 17 4 17
9 0 0 17 9 17 17 10 0
4 16 11 9 7 16 9 0 17
15 10 15 15 19 2 4 15 16
7 7 19 3 7 9 19 10 9
10 6 16 5 3 8 12 19 17
17 9 13 2 20 4 7 7 9
9 9 18 2 19 17 19 13 9
17 9 9 3 13 10 5 15 9
10 10 11 7 16 14 9 3 17
15 9 7 19 14 14 14 9 10
9 9 11 11 19 16 9 8 7
13 9 4 10 6 16 10 4 7
9 13 2 15 17 2 4 15 9
4 7 2 7 9 9 4 17 7
9 16 5 2 3 11 4 16 7
15 17 9 2 17 5 17 0 17
4 9 5 19 20 7 12 8 0
4 9 15 3 6 12 11 17 16
17 9 9 15 7 1 19 9 9
17 9 13 11 17 0 4 15 17
16 9 9 5 9 7 9 4 17
9 9 15 7 17 12 1 16 17
7 9 4 5 7 15 9 14 3
4 9 0 14 9 6 0 0 0
9 9 11 9 9 9 18 12 9
19 10 9 0 6 17 16 5 9
17 17 7 17 5 9 6 5 17
15 9 3 3 7 11 1 16 7
13 0 3 3 7 4 3 11 7
4 7 0 8 6 4 9 3 9
14 9 0 17 19 7 2 8 17
14 13 18 0 13 2 9 16 9
19 9 19 0 9 19 15 12 9
6 9 4 0 20 3 0 0 17
9 0 0 16 12 3 7 14 17
14 17 15 14 12 16 16 17 17
0 9 17 11 8 9 19 15 9
4 13 13 12 13 4 13 19 9
9 16 9 9 5 7 5 1 17
9 16 4 8 5 12 5 0 18
4 9 17 5 17 0 7 7 9
4 7 6 5 5 0 7 0 16
15 9 1 8 17 7 12 19 9
1 17 0 1 12 10 6 15 9
9 7 19 4 9 4 9 12 9
13 6 4 17 0 14 17 4 9
9 9 7 6 4 9 9 15 9
14 9 17 2 2 4 9 9 17
17 0 10 15 9 16 17 5 0
19 7 7 14 17 16 16 3 9
8 7 12 1 3 15 12 12 9
9 9 10 15 20 13 0 11 17
0 9 17 8 7 7 15 0 9
4 7 8 13 7 9 2 5 17
9 9 0 17 5 0 16 8 17
16 9 14 3 19 7 9 2 9
9 9 4 9 3 7 16 19 16
8 17 2 7 4 4 9 5 9
0 9 2 5 19 11 5 16 17
3 17 14 3 8 6 3 4 9
5 17 10 9 19 16 10 9 17
4 9 7 9 1 19 4 7 9
1 10 19 19 4 9 6 19 19
4 9 7 15 17 7 17 9 17
15 9 4 15 9 9 9 17 7
7 7 19 16 1 7 11 4 7
19 9 12 7 15 7 9 11 17
15 9 15 17 17 14 12 10 16
4 9 17 5 8 12 5 15 15
16 9 16 7 15 4 4 9 7
19 16 19 15 5 9 4 1 17
0 9 17 0 9 17 7 16 7
0 7 14 5 15 17 16 12 0
15 10 19 8 2 17 16 15 17
7 9 19 0 0 4 9 18 9
19 9 15 11 16 16 17 16 15
9 9 0 17 9 19 1 9 9
0 5 17 0 15 0 2 12 17
7 7 0 7 17 4 17 4 7
10 9 9 11 17 13 16 9 7
19 10 18 9 5 0 14 19 9
0 17 0 5 0 0 7 9 17
19 10 15 6 14 3 9 15 0
19 9 2 3 7 7 3 13 7
0 17 7 2 0 19 16 3 7
9 7 10 4 3 13 19 4 7
17 9 4 16 17 10 16 19 17
6 9 9 12 19 4 1 7 7
9 10 2 11 8 5 9 5 17
9 16 9 5 3 4 9 8 9
4 9 12 18 6 14 9 4 9
14 9 9 17 6 9 13 17 7
7 6 9 10 4 2 2 19 17
4 7 19 4 7 8 5 4 9
3 9 0 0 6 13 8 8 7
4 7 6 5 5 7 9 19 0
4 9 4 17 7 5 0 9 0
9 9 7 12 20 17 12 11 9
3 10 2 8 2 2 3 15 9
9 9 10 18 15 1 4 5 16
0 4 1 2 10 9 9 11 17
14 9 4 9 9 14 18 3 13
15 7 11 11 8 9 17 19 17
9 9 5 16 4 16 18 16 9
8 9 11 9 20 7 13 11 17
4 9 15 1 12 9 19 14 4
14 17 0 2 3 16 19 8 0
9 9 11 9 9 9 18 12 9
19 9 16 0 7 13 2 4 7
19 9 2 7 4 1 18 8 17
10 10 0 8 3 3 3 9 17
0 18 7 15 8 12 12 5 17
15 9 0 0 7 18 7 9 9
16 10 7 9 4 9 8 9 9
16 7 4 15 16 7 7 4 17
10 17 11 16 17 9 7 16 17
4 7 2 15 11 3 19 3 17
3 16 2 2 19 10 4 4 17
17 9 5 2 3 17 9 15 9
4 9 16 0 16 9 5 12 0
11 9 0 3 2 7 10 14 9
18 9 0 9 15 0 15 18 9
19 7 12 16 17 9 2 13 17
8 7 11 9 15 9 4 0 9
5 17 5 0 17 0 10 15 9
15 9 5 0 13 16 0 0 0
8 10 19 6 6 1 12 18 17
15 9 9 16 16 2 2 0 17
5 9 9 15 9 3 3 3 9
4 9 13 2 20 9 8 4 17
8 9 18 13 19 1 15 17 9
12 3 18 16 3 0 13 14 9
10 16 12 0 3 17 15 7 17
9 9 7 6 4 9 9 15 9
19 9 11 6 16 4 8 8 17
17 9 7 2 0 17 17 2 5
19 16 4 9 19 11 4 18 16
4 7 17 9 7 9 9 9 9
19 9 12 19 12 2 12 15 14
7 9 3 8 15 9 8 0 9
15 17 15 3 11 17 9 8 7
19 17 7 5 15 18 5 16 9
2 7 11 7 19 2 9 4 17
10 16 15 1 17 15 3 13 9
7 10 2 4 7 5 12 19 7
7 9 11 8 12 9 7 16 17
5 16 6 16 10 3 17 16 17
13 9 9 13 4 3 15 13 17
13 9 2 6 5 17 9 9 17
10 4 2 2 19 17 9 19 9
0 9 9 15 2 9 13 2 9
9 19 4 0 5 5 9 15 17
8 9 15 9 20 5 9 9 7
8 9 12 8 19 15 9 4 3
11 10 19 11 17 15 10 0 17
13 7 4 3 17 19 18 19 9
19 9 2 2 14 11 16 4 14
16 3 17 5 13 2 13 19 17
5 7 4 1 4 14 7 9 9
1 13 9 17 9 6 13 7 9
13 9 12 9 3 15 2 0 17
9 9 4 12 18 12 9 12 16
19 9 6 16 11 1 4 3 7
18 9 11 15 0 16 0 9 7
9 9 18 15 4 13 16 15 0
0 9 0 13 8 5 17 13 9
9 13 5 3 19 12 12 13 9
7 9 16 0 7 9 4 4 10
10 9 5 7 18 4 4 16 9
9 0 0 9 4 10 19 19 0
15 7 19 3 1 7 16 4 9
5 7 16 9 4 9 9 4 9
17 9 9 14 0 9 12 17 9
4 9 7 3 20 6 13 14 0
8 9 7 3 19 16 2 4 0
0 9 7 14 3 9 13 13 9
8 9 19 9 17 2 19 5 9
9 9 2 9 4 5 12 3 17
10 7 17 0 18 4 9 9 9
9 0 10 7 15 3 5 19 9
9 9 15 1 15 0 2 5 0
0 9 2 3 8 9 4 9 7
1 9 19 5 2 17 16 9 3
9 9 4 12 18 12 9 12 16
10 9 10 4 7 4 16 5 7
19 9 1 16 0 15 11 4 9
14 9 17 8 14 13 17 12 9
0 10 1 14 16 12 4 15 9
9 17 7 18 7 9 7 17 0
9 7 17 9 4 3 17 4 17
15 9 11 13 3 7 0 15 9
7 7 8 9 12 8 19 15 9
14 9 18 14 0 16 12 9 5
13 9 0 5 19 7 9 16 17
9 6 9 7 15 9 9 15 9
0 1 7 17 5 1 3 11 17
9 9 12 12 13 2 12 6 9
7 17 5 7 9 9 17 9 10
10 9 15 2 16 9 8 11 9
8 16 4 3 17 17 12 3 7
5 13 17 12 9 7 17 5 7
4 7 7 15 17 7 15 9 17
4 9 12 5 17 19 15 17 7
14 10 9 6 18 3 11 12 17
15 9 8 14 16 5 6 5 17
9 7 0 0 0 0 4 1 9
8 9 0 14 17 7 15 14 9
15 16 9 7 17 16 7 19 17
6 17 2 5 8 7 9 4 17
9 10 2 10 7 16 9 15 9
15 10 0 5 11 18 0 8 17
15 13 8 14 15 4 17 19 17
10 9 9 9 5 9 9 6 0
7 16 10 15 0 4 9 7 17
19 9 12 5 3 12 3 5 7
4 16 2 11 8 15 1 17 15
19 10 19 13 20 20 20 3 17
10 4 7 5 15 12 10 19 9
19 7 14 0 14 7 4 9 7
0 9 15 17 10 5 17 19 17
15 9 6 17 5 16 13 1 0
13 9 7 10 16 4 4 13 17
8 7 11 7 4 10 0 4 9
4 9 11 14 4 16 16 16 9
17 9 5 5 12 17 15 5 9
6 7 19 4 17 15 9 9 9
0 9 7 14 16 9 13 13 9
9 4 3 6 19 15 13 3 9
4 10 19 4 1 3 13 8 9
15 0 4 16 7 16 2 13 17
7 9 0 9 1 7 7 4 17
12 9 7 17 5 7 9 9 17
7 9 12 17 7 4 9 15 7
9 9 9 4 6 15 19 0 7
9 7 7 7 4 4 7 17 9
0 9 17 17 16 6 16 19 9
17 10 9 3 10 9 11 19 17
15 13 7 9 8 3 6 12 17
10 13 9 9 4 2 11 3 17
4 9 0 19 19 12 12 10 10
0 9 6 18 3 13 17 0 17
11 10 2 17 20 19 1 4 9
17 10 9 1 5 6 2 0 17
9 7 13 3 7 17 6 3 17
9 0 17 8 0 9 19 12 17
19 7 7 2 18 10 17 2 7
8 9 5 9 9 13 17 16 5
7 9 7 11 6 5 4 19 7
15 9 0 12 1 4 1 9 15
8 9 4 11 17 16 9 11 0
9 12 17 15 14 9 17 15 9
8 9 11 15 15 17 19 15 9
19 9 7 15 7 4 9 6 9
13 9 12 5 12 7 18 3 4
19 9 17 15 4 5 17 18 7
14 10 0 16 10 9 3 19 17
9 10 0 15 16 15 9 8 13
4 9 2 16 17 19 16 7 7
9 13 9 19 15 9 4 15 9
16 9 0 17 5 2 11 14 17
9 9 15 19 3 9 15 11 7
19 9 5 10 4 11 12 19 15
8 9 4 16 6 2 7 10 9
14 9 4 15 19 11 4 16 16
13 9 4 8 19 17 12 15 0
0 9 1 3 11 16 1 9 9
8 10 6 2 17 7 0 12 0
16 14 17 16 7 18 8 15 8
15 9 5 8 0 13 16 0 13
4 9 9 13 11 12 1 12 9
8 9 11 2 9 1 4 15 11
16 17 7 9 5 17 9 9 9
9 11 15 15 3 3 19 11 9
19 17 15 19 6 16 17 19 7
9 16 0 3 3 11 9 15 7
10 9 9 0 9 17 0 9 17
9 9 19 11 3 13 4 0 17
13 16 7 17 4 7 18 4 7
0 9 7 3 0 19 17 2 7
16 9 9 1 17 9 12 0 17
9 11 7 1 8 3 11 3 17
2 9 17 9 8 14 1 9 9
4 9 9 14 15 7 7 17 0
10 9 9 0 9 17 0 9 17
19 9 9 8 7 11 0 19 10
4 9 11 16 3 12 15 13 9
18 15 18 9 9 5 0 0 10
19 10 2 9 15 19 6 5 17
9 9 18 14 8 9 9 18 6
5 10 0 3 9 10 0 5 9
16 9 4 9 7 9 1 19 4
9 17 13 0 5 11 17 13 9
9 9 17 4 0 7 1 19 9
15 9 12 4 13 4 0 6 14
9 10 9 3 7 15 16 15 9
8 17 12 14 11 13 2 18 9
9 7 0 5 7 7 9 9 7
9 9 2 2 12 9 15 16 17
16 9 9 12 3 4 12 11 17
19 7 15 5 18 11 12 16 9
10 9 3 11 4 14 11 9 9
9 9 7 5 1 18 19 1 14
17 10 10 0 17 14 19 19 10
0 9 5 5 17 4 10 10 9
5 9 9 3 20 12 6 16 17
17 9 19 2 3 4 8 1 4
5 17 10 9 19 16 10 9 17
8 9 8 2 17 9 9 13 17
4 14 7 7 0 8 11 2 17
9 9 9 18 12 9 19 17 9
15 9 9 17 7 18 7 9 7
0 10 5 12 14 12 6 15 17
2 13 17 12 4 15 17 15 17
15 9 19 8 5 12 7 12 17
16 9 19 10 20 2 17 10 9
3 9 0 0 6 13 8 8 7
15 9 2 13 12 17 16 0 9
17 17 9 13 0 0 7 12 9
9 7 5 5 8 12 2 14 17
10 9 9 13 0 19 14 15 17
10 7 17 9 9 17 4 0 7
13 11 15 15 16 7 1 1 17
0 9 18 7 12 2 9 4 10
9 12 6 15 15 15 6 18 9
15 0 11 2 12 7 4 9 9
14 9 6 5 9 15 0 4 15
15 9 16 13 19 3 15 5 15
9 9 15 5 0 5 3 6 9
3 9 4 2 12 11 13 15 12
4 9 1 16 20 9 16 15 7
0 9 7 14 15 9 13 13 9
19 9 6 12 8 3 19 3 18
17 9 7 0 5 7 7 9 9
18 9 7 2 10 8 15 9 17
8 9 15 4 15 7 17 15 9
4 9 2 8 15 7 6 9 16
9 7 10 19 15 17 7 5 17
19 9 14 9 19 7 7 9 0
19 16 19 15 5 9 4 1 17
7 9 16 9 2 7 4 19 9
4 16 15 6 3 6 4 5 9
