4 9 17 5 17 0 7 7 9
9 9 6 9 0 17 7 5 0
9 9 18 9 15 1 15 7 0
0 0 12 12 12 13 14 0 0
8 9 4 0 7 17 17 5 14
9 9 15 8 7 11 15 9 0
8 16 10 0 17 16 19 3 9
8 13 15 8 7 17 4 15 17
7 10 19 16 19 4 15 11 16
3 7 18 14 2 7 2 4 0
15 17 9 3 19 13 16 0 17
11 9 7 4 17 4 19 10 9
7 16 11 5 19 9 7 15 7
9 9 17 4 0 7 1 19 9
0 9 0 0 20 4 9 5 9
9 9 18 16 20 9 17 9 9
0 9 6 18 3 13 17 0 17
14 17 0 2 3 16 19 8 0
15 13 13 9 12 14 3 12 17
0 9 10 16 9 2 2 9 0
19 10 11 19 19 16 16 19 7
14 9 12 9 6 9 19 2 7
0 17 4 2 17 5 14 7 16
19 7 7 3 7 9 8 12 9
12 9 5 12 13 4 12 4 16
8 10 19 6 6 1 12 18 17
5 9 9 14 17 7 15 5 17
19 9 13 16 17 15 17 15 17
9 4 17 17 19 14 2 15 7
17 13 19 7 8 4 7 4 9
4 16 9 11 6 17 9 0 9
9 9 9 3 12 9 3 5 2
9 15 4 15 1 19 9 15 17
9 7 2 1 0 13 19 4 9
10 9 11 5 16 16 9 3 0
19 9 7 12 1 19 4 6 0
9 10 16 5 5 17 16 9 17
6 9 0 17 7 5 0 9 9
9 10 12 16 17 9 13 0 9
7 9 4 7 10 4 10 9 7
11 9 17 12 2 17 0 16 17
7 9 15 0 17 0 7 4 1
9 13 5 3 19 12 12 13 9
15 9 12 8 6 11 17 16 7
15 9 2 7 15 9 3 16 17
3 9 4 2 12 11 13 15 12
8 9 9 10 15 13 0 11 17
9 9 17 13 14 17 16 15 17
9 10 0 15 16 15 9 8 13
9 9 12 16 12 6 1 3 15
19 9 15 15 18 16 12 17 17
7 9 15 1 7 4 0 4 7
4 9 2 16 17 19 16 7 7
4 9 0 4 17 17 4 9 9
9 9 5 9 7 9 4 17 9
19 9 19 13 12 1 2 9 9
8 16 4 3 17 17 12 3 7
0 9 4 5 7 8 9 12 0
0 9 2 3 8 9 4 9 7
17 9 2 4 0 12 12 5 0
19 9 0 8 9 16 0 9 17
8 9 3 15 20 15 15 12 17
9 10 18 15 1 4 5 16 14
13 7 7 16 9 16 0 4 17
4 9 8 14 9 3 9 8 12
9 9 9 4 6 3 16 5 17
10 7 19 5 19 2 16 18 7
4 9 17 16 19 10 0 12 9
9 8 17 8 7 9 12 3 17
15 9 9 3 14 5 13 13 9
14 16 0 3 1 4 9 14 17
13 6 4 17 0 14 17 4 9
0 9 9 10 19 11 9 9 16
4 9 7 9 14 5 17 9 17
7 10 7 8 15 9 12 0 9
10 10 5 5 1 9 13 11 0
4 9 15 11 5 6 17 16 7
0 17 0 5 17 13 17 5 17
7 4 9 9 6 6 0 4 17
0 10 12 4 15 7 4 19 14
17 9 2 5 9 2 17 9 9
10 7 0 8 15 3 13 3 7
9 7 5 5 8 12 2 14 17
9 9 9 7 15 9 17 19 0
6 7 4 19 13 9 0 11 17
4 9 3 12 13 18 19 14 17
3 17 7 0 12 0 17 13 16
0 9 13 15 0 19 17 8 7
17 9 4 16 17 10 16 19 17
10 9 11 5 7 10 19 14 9
14 9 5 19 4 12 15 15 7
17 17 16 0 17 9 7 9 17
19 9 19 6 9 15 7 11 17
13 17 12 9 7 17 5 7 9
7 1 2 5 7 7 13 5 7
15 9 3 3 7 11 1 16 7
7 17 0 9 16 7 10 5 17
4 10 3 1 11 9 11 3 9
1 9 4 12 13 16 9 0 0
15 10 19 9 12 5 0 3 17
7 9 15 15 0 7 4 15 16
8 9 16 5 2 3 11 4 16
19 9 5 9 16 13 12 4 9
4 0 7 3 0 9 0 8 0
11 9 17 12 8 17 0 16 17
6 13 10 15 15 1 4 9 9
4 9 9 13 11 12 1 12 9
10 13 18 9 16 13 19 19 7
13 9 6 0 17 12 17 9 9
0 13 15 18 0 4 3 13 17
0 2 17 3 4 1 9 15 9
19 9 8 9 20 10 17 3 9
16 9 19 2 4 2 19 19 7
15 9 4 15 9 9 9 17 7
7 10 0 6 1 7 9 2 9
13 17 15 5 17 16 4 10 9
4 9 2 14 4 9 15 1 10
9 12 18 6 14 9 4 9 9
13 9 9 13 2 6 18 3 7
4 16 19 16 5 5 19 2 17
4 9 15 7 17 17 2 6 17
9 9 19 12 5 19 0 10 17
16 9 9 12 3 4 12 11 17
5 9 15 7 5 16 5 14 0
8 0 19 6 7 7 4 4 17
19 9 9 16 20 10 4 4 0
1 9 16 5 13 14 4 16 17
14 0 9 15 9 0 0 17 9
9 9 10 11 5 13 13 7 4
13 9 9 2 17 8 9 0 9
9 7 7 7 4 4 7 17 9
19 1 1 7 14 17 4 9 0
13 9 2 5 15 11 17 15 0
0 9 9 3 16 12 15 9 9
17 9 4 9 9 17 7 5 0
5 9 5 13 17 12 9 7 17
4 7 19 9 9 4 0 15 10
14 7 0 13 1 4 9 14 17
10 0 15 17 4 17 1 12 9
6 9 7 14 18 1 9 0 9
16 15 12 6 4 7 3 4 17
9 7 10 19 15 17 7 5 17
16 3 13 3 9 12 13 15 13
14 10 15 0 17 0 0 3 7
16 9 10 11 17 9 16 9 17
9 15 18 3 18 11 9 15 7
7 9 5 5 18 17 0 0 13
4 9 7 3 20 6 13 14 0
9 10 19 2 7 7 11 15 17
17 9 9 0 13 15 17 0 17
13 12 9 16 4 0 9 13 9
15 15 4 10 4 5 18 6 17
8 9 14 11 18 13 18 18 14
9 9 0 5 9 17 15 9 9
15 9 7 0 15 15 12 5 5
14 9 17 2 4 4 12 2 7
0 18 4 16 4 15 6 18 9
9 7 9 1 19 4 7 9 7
10 9 5 11 14 9 3 0 9
10 10 3 6 12 15 9 13 0
0 11 0 12 5 17 0 13 17
6 9 7 10 7 19 4 4 7
8 9 13 17 3 9 2 11 17
0 17 18 16 7 7 4 7 17
9 16 0 3 3 11 9 15 7
9 17 12 4 17 13 18 4 17
6 10 7 2 8 9 4 19 17
8 9 9 15 6 4 19 12 0
9 9 2 5 16 0 16 9 14
5 9 9 2 12 13 1 14 9
16 9 9 5 9 7 9 4 17
4 10 15 3 15 16 15 11 7
19 7 9 3 9 1 11 15 9
15 10 7 16 10 15 0 4 9
9 9 4 14 19 12 17 19 17
9 9 9 9 5 9 18 5 16
16 17 19 11 3 9 16 8 17
14 9 17 15 3 5 11 9 9
19 10 0 12 2 1 14 4 9
4 9 16 0 16 9 5 12 0
17 9 9 19 0 3 7 19 0
15 9 13 12 20 0 12 0 9
6 9 13 0 20 9 9 16 9
19 16 0 9 6 19 19 19 9
4 10 10 17 9 12 5 0 0
10 16 16 13 13 0 5 19 17
10 10 16 9 12 15 7 4 9
0 3 16 5 15 5 16 0 15
8 14 17 2 18 16 7 3 19
19 10 9 0 6 17 16 5 9
15 16 7 8 2 7 7 15 9
16 15 15 2 5 5 3 12 17
8 9 17 2 15 16 2 8 0
17 9 19 14 19 5 15 4 15
0 11 12 6 0 16 4 5 17
9 9 5 9 18 5 16 0 0
4 7 9 4 4 0 19 17 10
17 9 15 10 12 13 17 11 7
11 9 19 7 7 7 9 11 10
19 13 9 0 17 4 10 9 10
19 17 19 12 2 11 9 12 17
0 9 9 18 9 15 1 15 7
4 10 5 6 20 7 11 7 17
7 7 9 4 7 9 4 4 0
19 16 10 0 2 9 17 19 0
9 10 0 17 17 9 0 15 9
19 10 0 12 9 1 9 10 17
1 10 5 3 11 13 4 11 17
5 9 9 3 20 12 6 16 17
4 9 13 10 0 9 9 19 7
4 0 6 3 0 12 0 4 9
4 9 19 11 17 19 12 5 0
0 9 9 0 5 9 17 15 9
10 16 12 0 3 17 15 7 17
8 7 18 3 3 9 9 8 7
9 9 17 5 19 11 2 15 0
10 9 10 3 16 10 4 4 7
0 17 0 5 0 0 7 9 17
9 0 0 17 9 17 17 10 0
9 9 9 15 11 9 0 7 17
19 7 17 8 9 9 7 15 0
15 9 9 2 15 1 16 8 9
9 15 12 15 0 9 15 12 0
17 9 7 0 5 7 7 9 9
4 16 5 7 16 9 4 9 9
17 9 15 5 16 16 0 0 13
19 16 10 19 20 7 4 12 17
10 9 9 11 17 13 16 9 7
17 5 9 5 11 17 11 5 17
15 16 0 4 2 4 9 0 17
4 9 15 13 14 17 0 4 9
12 10 5 8 9 16 4 4 17
8 9 4 7 14 13 3 3 17
15 13 17 18 5 5 13 12 17
9 6 9 0 17 7 5 0 9
9 17 0 12 12 12 0 12 0
9 16 8 16 18 6 15 15 0
9 9 9 7 15 9 17 19 0
4 9 15 11 4 12 4 15 9
19 16 6 11 20 9 7 4 17
8 17 15 15 17 4 19 16 16
10 9 9 13 0 19 14 15 17
8 9 15 9 20 5 9 9 7
4 9 19 15 3 7 7 14 16
10 16 4 15 2 17 9 16 9
19 9 2 15 16 14 16 7 7
0 7 7 5 9 1 0 19 0
19 16 18 15 9 16 19 16 17
6 9 7 8 7 12 9 9 7
9 9 9 12 19 16 7 11 9
8 7 15 3 5 16 3 4 14
19 9 18 3 20 19 19 5 17
9 0 9 12 17 7 11 11 9
15 9 0 2 16 11 15 9 0
11 17 9 9 19 11 14 9 9
9 16 7 13 10 3 15 12 17
5 9 17 3 17 3 8 5 17
15 9 12 2 7 4 19 11 4
8 9 17 15 7 15 11 4 7
0 9 4 8 19 2 7 11 7
17 10 9 1 5 6 2 0 17
9 9 17 7 18 7 9 7 17
15 9 15 17 17 14 12 10 16
17 9 4 16 17 10 16 19 17
7 10 3 0 9 16 4 8 0
17 9 7 2 0 17 17 2 5
17 10 8 9 4 16 7 15 17
5 9 16 4 8 5 12 5 0
15 10 0 5 11 18 0 8 17
10 9 9 9 5 9 9 6 0
7 17 0 18 4 9 9 9 7
4 9 1 16 20 9 16 15 7
7 16 7 11 19 4 9 9 9
4 9 7 9 1 19 4 7 9
15 7 11 11 8 9 17 19 17
10 9 5 7 18 4 4 16 9
3 9 0 0 6 13 8 8 7
15 9 15 15 13 9 15 11 9
19 9 17 7 19 9 11 14 16
0 18 7 15 8 12 12 5 17
14 9 0 0 9 0 7 0 0
10 10 15 1 15 15 3 0 16
5 17 10 9 19 16 10 9 17
5 9 7 9 4 17 9 0 9
16 9 0 11 4 9 1 9 9
9 13 2 15 17 2 4 15 9
19 10 19 9 14 13 9 4 14
11 10 16 8 2 18 4 9 17
17 9 5 5 12 17 15 5 9
8 9 17 7 7 4 10 11 9
17 9 9 15 7 1 19 9 9
4 9 10 0 15 7 15 15 4
19 10 16 4 5 2 7 12 9
10 16 19 16 5 5 17 10 16
19 17 15 19 6 16 17 19 7
4 17 9 16 0 0 6 1 9
15 9 10 15 9 15 7 3 7
19 9 3 12 0 12 17 16 0
16 17 7 9 5 17 9 9 9
14 9 0 1 5 17 7 5 7
7 9 15 1 7 4 0 4 7
10 4 2 2 19 17 9 19 9
0 9 9 15 2 9 13 2 9
0 9 5 2 7 9 15 15 7
9 9 16 15 18 11 6 15 9
16 9 19 9 5 16 15 5 7
15 9 4 0 9 5 11 17 7
9 9 2 9 4 5 12 3 17
7 9 8 13 11 19 4 15 17
0 3 12 15 5 16 16 15 17
10 9 2 2 4 15 0 5 0
17 9 10 12 16 17 9 13 0
9 7 17 5 7 9 9 17 9
16 9 4 9 7 9 1 19 4
0 9 2 5 17 11 9 7 7
7 9 16 9 2 7 4 19 9
5 10 2 12 14 10 1 15 9
0 9 2 5 19 11 5 16 17
5 9 9 16 9 17 0 10 9
17 0 16 15 14 16 9 15 19
9 9 9 5 9 18 5 16 0
17 7 15 16 0 12 17 13 10
8 9 0 14 17 7 15 14 9
0 9 1 3 11 16 1 9 9
5 9 5 3 3 13 11 6 5
17 9 16 5 19 5 9 3 7
3 9 11 16 15 9 13 2 7
7 7 0 9 9 4 0 9 17
19 9 13 2 15 2 12 2 15
9 9 5 16 4 16 18 16 9
9 9 0 3 9 19 1 14 0
18 9 15 2 0 15 3 14 6
19 7 7 2 18 10 17 2 7
9 9 18 12 9 19 17 9 9
7 9 15 9 4 9 7 15 9
16 9 7 13 1 15 6 4 16
9 7 9 9 9 9 7 19 9
15 16 15 14 17 12 19 2 7
12 9 17 17 0 0 15 7 7
0 7 5 5 5 8 9 12 0
15 9 15 3 13 9 9 13 9
9 9 17 14 11 15 4 3 17
18 9 10 8 11 10 2 12 9
4 16 11 15 13 7 4 11 7
15 9 0 12 1 4 1 9 15
9 16 2 3 2 4 3 4 0
7 9 5 3 16 8 0 19 17
0 7 7 9 17 7 4 16 17
8 9 15 12 15 12 15 15 14
8 16 15 3 3 7 10 9 17
8 9 3 0 4 12 9 17 16
9 9 12 5 2 18 17 3 17
0 9 17 11 8 9 19 15 9
7 9 9 9 2 13 0 9 17
4 9 9 12 9 16 15 9 17
14 10 7 5 17 5 17 0 17
15 7 4 5 4 13 0 3 17
10 9 10 0 13 3 0 9 0
15 9 17 8 12 15 4 19 17
4 9 1 9 9 10 8 9 15
16 10 17 2 14 1 17 17 8
7 9 2 7 0 5 4 3 7
8 9 4 13 8 9 0 8 17
4 9 7 1 6 11 9 14 0
15 9 6 17 5 16 13 1 0
