8 16 17 15 7 16 15 19 7
8 16 15 3 3 7 10 9 17
7 9 10 19 12 16 16 9 9
17 9 4 9 9 17 7 5 0
17 15 9 0 2 16 11 15 9
19 9 1 3 0 10 9 11 16
19 9 15 0 8 7 16 16 9
8 9 4 4 0 8 1 9 17
7 17 5 7 9 9 17 9 10
7 10 3 19 6 9 9 4 0
0 7 14 5 15 17 16 12 0
2 7 18 2 5 7 12 6 17
15 9 15 16 4 13 13 10 18
9 9 10 11 5 13 13 7 4
17 10 7 11 12 16 12 5 7
5 9 4 7 19 7 12 5 16
17 9 5 7 0 4 4 15 0
0 9 7 14 14 9 13 13 9
4 9 6 3 15 2 12 10 17
9 7 10 4 3 13 19 4 7
6 9 5 3 9 6 0 7 9
10 7 4 7 15 15 4 9 9
17 9 9 19 0 3 7 19 0
8 13 9 3 20 2 3 3 17
12 12 8 17 6 4 19 19 9
19 9 13 16 17 15 17 15 17
10 9 9 15 8 7 11 15 9
17 9 9 6 0 17 19 15 7
7 16 7 11 19 4 9 9 9
10 17 2 14 1 17 17 8 17
2 10 0 11 12 10 15 12 17
7 17 7 9 17 17 16 5 17
18 15 19 15 16 5 4 12 17
10 7 0 8 15 3 13 3 7
19 9 12 3 17 7 15 16 7
4 17 4 15 16 15 4 19 9
9 11 15 15 3 3 19 11 9
19 13 15 4 9 4 18 4 9
11 7 9 9 15 11 0 12 9
4 7 7 3 17 15 11 1 17
7 7 15 0 4 16 9 9 0
9 12 7 4 4 1 9 18 17
19 9 4 11 0 7 3 16 10
11 10 7 15 2 16 7 4 17
1 9 16 5 13 14 4 16 17
9 4 17 17 19 14 2 15 7
9 9 4 4 9 0 9 15 7
9 9 11 11 19 16 9 8 7
15 16 5 10 16 12 3 8 17
15 9 15 15 15 5 0 12 15
15 3 18 0 19 1 17 2 9
0 9 5 7 17 15 12 14 17
5 10 2 12 14 10 1 15 9
14 9 11 2 4 9 5 9 9
15 10 0 5 11 18 0 8 17
15 7 16 5 20 20 20 15 9
4 9 16 5 16 4 17 16 0
0 13 19 16 9 10 15 13 0
17 9 19 17 18 15 4 4 9
19 7 0 8 19 7 17 12 19
10 9 15 12 10 9 6 6 18
10 13 9 4 6 9 1 9 7
9 7 3 12 15 12 12 15 0
15 9 0 5 5 7 7 5 17
0 9 6 18 3 13 17 0 17
14 10 6 7 16 0 4 4 16
6 16 19 15 20 17 17 15 17
14 9 0 0 9 0 7 0 0
0 9 9 15 2 9 13 2 9
7 10 7 8 15 9 12 0 9
18 10 6 6 11 10 2 9 17
0 16 5 10 16 12 0 3 17
9 7 10 7 19 4 4 7 7
9 9 18 0 5 12 10 0 17
18 0 4 15 0 7 5 11 17
5 9 9 3 20 12 6 16 17
9 4 2 2 3 9 19 15 7
11 9 17 12 2 17 0 16 17
17 13 19 7 8 4 7 4 9
0 9 1 5 13 1 17 14 7
7 9 17 1 19 7 9 19 7
10 16 8 7 11 2 9 3 17
17 9 2 16 16 9 19 0 17
5 9 9 15 9 3 3 3 9
16 9 9 5 9 7 9 4 17
17 9 2 13 9 14 1 11 5
0 9 13 15 0 19 17 8 7
19 7 7 17 4 17 17 0 9
7 17 16 1 5 0 3 16 9
10 10 15 1 15 15 3 0 16
19 17 17 8 4 17 4 3 0
4 17 7 9 19 9 9 0 17
8 9 1 7 4 0 12 4 17
17 7 17 7 19 7 4 16 17
0 17 7 5 0 9 9 0 17
4 7 9 2 9 4 14 16 18
8 7 9 0 7 7 4 9 17
15 9 18 5 7 14 18 19 7
19 9 16 0 7 13 2 4 7
7 9 0 12 3 0 17 5 15
4 16 2 16 1 5 0 15 7
7 9 0 9 1 7 7 4 17
15 9 8 14 16 5 6 5 17
16 9 7 2 7 18 4 9 0
9 9 2 9 4 5 12 3 17
4 13 12 15 4 15 6 9 17
19 9 17 15 15 9 15 3 7
15 9 7 6 19 16 0 13 7
4 17 17 4 7 9 7 19 17
5 17 10 9 19 16 10 9 17
15 10 16 15 12 15 12 17 16
15 9 16 13 19 3 15 5 15
5 16 19 0 17 11 7 6 17
19 10 0 12 9 1 9 10 17
8 9 9 14 14 12 4 15 9
19 9 8 3 19 7 12 8 0
19 9 19 13 12 1 2 9 9
16 17 7 9 5 17 9 9 9
19 10 13 14 1 12 3 2 4
19 9 12 7 15 7 9 11 17
7 9 2 9 7 15 3 15 12
3 9 0 0 6 13 8 8 7
5 9 8 14 5 12 15 16 3
0 17 17 15 16 13 9 7 10
7 9 0 3 9 3 9 15 14
15 9 11 9 14 3 16 11 9
11 17 9 9 19 11 14 9 9
7 7 4 4 7 17 9 7 9
5 9 12 18 20 18 9 5 9
8 17 6 12 17 7 18 15 9
4 7 4 9 13 10 0 9 9
5 9 11 2 11 9 9 3 7
9 9 3 5 3 3 1 14 9
11 9 9 11 6 15 18 9 17
12 17 17 12 11 0 12 12 0
13 9 6 2 12 15 5 19 9
18 9 14 5 4 15 17 0 10
9 9 10 5 15 15 2 9 0
19 9 4 14 7 17 15 16 17
9 7 13 3 7 17 6 3 17
14 9 14 15 15 17 12 5 17
15 16 6 1 15 5 12 15 17
14 17 0 14 12 9 9 0 0
19 17 0 0 20 19 13 14 9
9 10 9 3 7 15 16 15 9
8 17 17 3 4 9 0 10 9
14 9 0 0 10 4 4 1 0
16 9 9 12 3 4 12 11 17
4 0 11 15 8 4 16 9 17
8 9 8 2 7 14 3 7 17
14 17 9 3 0 13 15 4 7
0 5 9 5 13 17 12 9 7
19 17 19 19 11 9 4 9 9
14 13 17 12 9 2 1 17 9
16 13 4 18 1 0 17 0 9
8 9 4 16 6 2 7 10 9
9 10 12 16 17 9 13 0 9
0 9 6 19 19 19 9 1 9
4 9 0 19 3 9 9 12 0
13 17 18 3 0 16 0 16 17
8 7 18 3 3 9 9 8 7
10 0 1 9 17 12 0 0 16
11 9 7 7 6 16 0 0 9
17 9 7 0 5 19 7 7 17
16 3 13 3 9 12 13 15 13
8 9 17 15 7 15 11 4 7
0 9 0 3 15 7 14 12 9
16 9 15 2 11 15 14 3 0
9 10 19 2 7 7 11 15 17
5 9 7 0 1 9 7 4 17
8 9 19 3 3 0 5 2 17
6 9 7 14 18 1 9 0 9
7 9 5 0 2 12 9 14 17
7 7 9 18 4 4 11 0 10
7 9 18 4 4 11 0 10 17
9 10 2 15 7 4 17 15 16
4 7 4 16 5 7 16 9 4
19 9 7 15 7 4 9 6 9
16 10 4 8 7 17 19 15 9
7 9 9 0 3 9 3 13 9
5 7 5 7 9 16 17 7 9
15 10 15 15 19 2 4 15 16
17 11 5 0 10 10 4 19 17
14 7 0 13 1 4 9 14 17
4 7 8 5 4 9 19 6 16
9 9 18 15 4 13 16 15 0
10 0 9 7 5 2 15 16 17
17 9 4 16 17 10 16 19 17
7 7 19 3 7 9 19 10 9
16 7 10 5 17 7 4 9 7
8 10 17 3 0 10 0 16 5
3 4 0 4 8 2 9 4 17
9 9 19 7 8 7 19 3 9
19 16 10 0 2 9 17 19 0
9 9 9 12 5 7 19 16 17
19 10 19 9 14 13 9 4 14
4 4 4 2 7 2 9 9 9
9 9 14 5 19 2 13 19 0
9 9 15 3 7 14 4 19 7
14 17 15 14 12 16 16 17 17
11 10 8 3 3 10 0 14 6
5 9 8 15 8 16 6 0 17
9 9 15 15 17 15 12 5 0
9 7 7 0 9 5 7 6 9
19 9 14 8 14 13 17 9 7
9 5 3 11 8 6 19 2 17
17 9 16 0 9 9 0 5 9
15 16 4 5 10 9 19 4 0
8 9 5 9 9 13 17 16 5
7 6 9 10 4 2 2 19 17
7 9 13 0 6 9 6 15 9
15 16 15 14 17 12 19 2 7
10 17 11 16 17 9 7 16 17
0 11 12 6 0 16 4 5 17
10 9 0 2 8 16 8 15 7
8 17 9 15 7 10 0 4 7
17 17 7 17 5 9 6 5 17
17 9 19 15 19 7 9 4 9
7 16 8 19 11 9 14 3 9
14 13 10 12 9 15 15 0 17
13 17 14 16 9 17 19 16 17
9 15 17 9 3 1 17 3 9
5 9 18 14 12 0 18 14 1
9 9 11 1 11 7 11 11 17
9 1 18 5 3 9 10 11 9
11 7 17 2 0 7 7 16 9
11 9 15 12 0 9 5 13 10
0 9 10 2 8 15 9 6 17
16 19 9 3 8 0 7 8 7
15 7 6 17 16 17 15 11 17
13 9 9 2 17 8 9 0 9
14 9 19 3 4 7 17 5 6
9 9 9 12 15 17 1 1 7
2 3 12 16 9 9 19 17 9
7 17 10 3 19 9 0 4 9
4 0 0 3 9 16 7 5 17
19 16 19 15 5 9 4 1 17
4 7 19 15 7 10 3 16 7
8 16 9 3 16 12 3 4 17
4 9 0 17 9 15 12 16 7
4 9 13 4 14 5 11 3 17
19 16 7 11 1 9 9 19 7
4 9 7 9 20 17 15 16 17
4 9 19 15 4 4 9 1 7
6 12 19 2 13 0 6 9 9
17 9 0 9 19 15 12 12 9
9 0 2 0 11 9 2 8 17
16 9 15 5 6 15 13 3 17
4 9 15 11 5 6 17 16 7
19 9 10 2 8 9 11 9 16
0 9 11 9 5 3 16 4 17
17 9 9 9 17 17 17 10 10
1 9 4 12 13 16 9 0 0
19 16 4 9 19 11 4 18 16
4 9 0 0 2 5 6 12 0
5 9 0 19 3 7 3 12 7
17 10 17 14 2 16 4 0 9
10 7 17 9 9 17 4 0 7
19 9 2 4 9 9 9 9 9
17 17 9 17 5 9 10 17 9
7 0 5 19 7 7 17 4 17
17 9 5 2 3 17 9 15 9
19 7 17 8 9 9 7 15 0
9 9 9 9 9 12 12 0 9
7 10 4 10 9 7 4 11 17
7 9 17 7 4 16 17 0 7
19 9 0 3 3 2 12 8 3
15 10 17 11 5 17 7 8 7
9 0 0 9 4 10 19 19 0
13 17 19 1 3 10 19 5 9
8 9 3 0 4 12 9 17 16
5 9 15 7 5 16 5 14 0
16 10 7 9 4 9 8 9 9
11 13 10 3 20 3 4 16 17
10 4 7 5 15 12 10 19 9
4 7 6 5 5 7 9 19 0
0 17 9 17 17 10 0 1 9
4 16 15 15 4 19 11 19 17
7 9 9 17 9 10 0 17 17
9 10 0 15 7 15 15 4 9
13 12 9 16 4 0 9 13 9
16 7 10 5 15 19 9 5 17
18 9 7 7 7 4 4 7 17
15 7 5 17 7 16 19 7 9
14 13 8 8 7 14 7 13 9
5 9 7 9 4 17 9 0 9
9 15 4 15 1 19 9 15 17
9 9 18 4 9 16 5 16 4
9 9 2 9 4 5 12 3 17
14 9 17 15 3 5 11 9 9
0 2 3 19 9 1 17 11 0
7 9 16 9 2 7 4 19 9
4 16 9 14 6 7 7 5 9
10 5 7 15 6 13 3 3 17
4 9 12 7 7 4 2 0 4
17 9 7 0 5 7 7 9 9
17 2 15 7 4 3 13 18 9
7 9 0 7 7 4 9 17 9
9 9 17 3 8 16 16 1 17
5 9 5 7 4 1 4 14 7
9 9 5 15 17 11 11 9 9
9 9 18 2 19 17 19 13 9
9 19 4 0 5 5 9 15 17
8 9 13 3 14 9 0 8 9
4 17 4 2 14 12 9 12 17
4 9 7 0 19 13 12 9 9
6 17 7 2 19 9 7 14 7
7 17 0 18 4 9 9 9 7
15 7 19 3 1 7 16 4 9
4 9 15 4 4 16 12 15 16
4 9 0 4 17 17 4 9 9
9 9 18 12 9 19 17 9 9
9 10 18 15 1 4 5 16 14
15 9 2 7 15 9 3 16 17
5 10 16 12 3 8 17 12 17
0 9 0 0 5 15 1 9 17
9 9 17 0 12 10 12 16 0
6 9 7 4 15 19 0 4 9
9 9 12 11 11 0 0 2 9
19 9 16 2 3 2 4 3 4
8 9 11 15 15 17 19 15 9
9 7 3 3 2 9 16 3 17
19 10 0 12 3 17 17 3 17
8 17 9 12 2 5 13 17 7
9 9 2 15 9 12 10 2 17
8 17 7 13 19 9 0 19 17
6 7 19 4 17 15 9 9 9
14 9 6 9 18 9 15 2 10
11 9 0 3 2 7 10 14 9
8 9 0 0 20 9 3 15 7
3 9 14 6 19 15 2 15 17
15 7 15 19 20 20 1 12 17
0 9 6 7 19 10 11 5 16
6 17 2 5 8 7 9 4 17
19 9 8 7 5 16 9 9 17
16 10 2 8 17 17 13 7 9
17 0 0 15 14 9 4 4 17
9 10 16 5 5 17 16 9 17
9 9 18 9 15 1 15 7 0
17 9 5 18 8 17 15 2 9
5 9 9 2 12 13 1 14 9
10 10 16 9 12 15 7 4 9
4 7 19 4 7 8 5 4 9
17 9 18 6 17 16 19 18 17
8 9 4 15 19 5 16 9 7
14 9 9 17 6 9 13 17 7
4 13 19 9 9 12 5 4 17
9 9 2 2 12 9 15 16 17
4 9 2 18 10 2 16 4 5
0 11 0 12 5 17 0 13 17
19 9 12 5 3 12 3 5 7
11 9 19 7 7 7 9 11 10
9 9 16 8 2 15 19 8 17
12 9 13 3 17 19 12 3 0
13 9 17 18 3 11 4 9 0
4 9 15 11 4 12 4 15 9
15 0 4 16 7 16 2 13 17
17 9 7 0 5 7 7 9 9
15 9 12 14 15 14 16 12 7
15 9 9 3 14 5 13 13 9
8 9 2 12 14 9 0 13 9
17 9 17 16 5 1 10 4 17
19 9 19 17 2 8 11 4 7
17 9 16 4 14 2 17 0 17
3 10 2 8 2 2 3 15 9
