0 10 12 4 15 7 4 19 14
4 9 2 8 15 7 6 9 16
4 9 7 2 9 0 4 9 7
17 9 19 2 3 4 8 1 4
15 9 15 15 13 9 15 11 9
0 9 13 11 19 19 11 8 9
7 9 0 12 3 0 17 5 15
9 9 15 12 2 9 7 14 11
7 9 16 0 7 9 4 4 10
7 10 12 5 11 15 4 0 17
4 16 9 7 2 7 18 4 9
8 9 16 14 14 12 7 4 7
4 9 19 11 17 19 12 5 0
7 13 0 0 19 17 6 17 7
9 9 9 9 9 12 12 0 9
2 7 11 7 19 2 9 4 17
7 7 15 19 7 7 9 4 7
15 9 17 3 11 11 4 4 16
9 16 8 16 18 6 15 15 0
10 13 1 9 13 11 3 11 9
9 13 14 14 14 3 16 13 17
19 9 2 3 7 7 3 13 7
16 13 4 18 1 0 17 0 9
9 7 19 4 9 4 9 12 9
0 9 6 2 9 12 3 11 9
14 9 15 14 8 9 7 11 5
7 10 4 16 1 10 2 12 9
16 0 19 12 11 15 7 12 9
9 7 12 4 9 7 9 4 7
4 9 7 6 15 0 2 18 9
7 9 4 9 9 4 17 1 7
19 10 18 9 5 0 14 19 9
19 9 17 15 4 5 17 18 7
11 17 9 3 18 7 7 19 0
19 9 12 19 12 2 12 15 14
8 13 9 2 3 18 9 8 17
17 16 0 13 17 17 9 13 0
9 19 15 3 13 17 7 3 17
19 17 10 16 10 7 9 4 9
9 9 0 5 9 17 15 9 9
10 9 19 13 9 9 3 0 17
2 9 19 1 5 7 9 19 0
7 9 9 9 7 5 7 1 17
9 16 9 5 3 4 9 8 9
9 10 12 16 17 9 13 0 9
15 9 17 12 9 13 7 12 9
19 9 0 12 5 12 17 16 0
11 10 2 17 20 19 1 4 9
7 10 3 0 9 16 4 8 0
9 9 18 9 15 1 15 7 0
19 9 6 8 6 19 11 11 9
7 9 17 1 19 7 9 19 7
14 16 0 3 1 4 9 14 17
17 9 18 6 17 16 19 18 17
6 9 9 12 19 4 1 7 7
9 9 7 19 9 19 9 8 17
15 16 7 8 2 7 7 15 9
9 9 9 17 7 16 1 1 17
7 17 10 3 19 9 0 4 9
4 17 15 15 7 8 4 19 7
9 10 2 11 8 5 9 5 17
19 9 13 16 17 15 17 15 17
10 0 3 6 2 17 19 5 17
7 9 2 15 17 5 7 3 0
18 10 16 19 16 5 5 17 10
4 16 11 15 13 7 4 11 7
1 10 4 1 15 3 3 4 9
15 10 19 8 2 17 16 15 17
7 10 4 10 9 7 4 11 17
16 9 9 12 3 4 12 11 17
19 9 4 2 19 12 6 4 3
13 4 1 2 17 14 9 13 17
6 9 7 14 18 1 9 0 9
19 9 6 12 8 3 19 3 18
16 14 6 12 0 16 0 16 17
0 9 10 0 7 16 8 11 17
0 9 8 14 0 13 15 3 9
11 9 15 2 5 4 9 9 7
15 9 0 2 16 11 15 9 0
4 10 3 1 11 9 11 3 9
19 17 19 19 11 9 4 9 9
19 7 15 5 18 11 12 16 9
8 7 12 1 3 15 12 12 9
4 9 13 2 20 9 8 4 17
4 10 19 14 5 9 9 5 9
0 9 7 14 11 9 13 13 9
9 9 4 7 13 5 19 15 7
15 13 4 17 4 15 4 12 17
16 9 0 19 15 4 13 15 9
9 9 15 9 0 17 15 15 0
5 9 8 14 5 12 15 16 3
7 10 3 19 6 9 9 4 0
0 3 12 15 5 16 16 15 17
15 13 7 9 8 3 6 12 17
14 9 0 0 10 4 4 1 0
3 9 10 3 15 14 10 14 7
4 17 15 8 17 9 6 16 17
5 9 4 5 1 9 4 3 1
18 9 11 15 0 16 0 9 7
4 7 0 8 6 4 9 3 9
4 9 6 19 1 11 15 19 0
17 11 5 0 10 10 4 19 17
9 9 18 4 9 16 5 16 4
8 9 4 16 2 11 11 4 9
5 9 9 2 14 9 19 2 9
5 9 2 3 7 2 15 0 17
15 9 9 3 14 5 13 13 9
16 17 7 9 5 17 9 9 9
19 9 14 8 14 13 17 9 7
18 9 15 13 5 13 4 9 9
5 9 9 3 20 12 6 16 17
16 9 9 12 3 4 12 11 17
4 9 2 14 4 9 15 1 10
4 7 2 7 9 9 4 17 7
15 9 2 7 15 9 3 16 17
4 19 9 16 11 2 17 15 4
10 9 4 19 20 20 20 20 20
9 9 14 0 16 9 11 9 9
7 7 8 9 12 8 19 15 9
5 16 19 1 9 11 17 15 9
10 10 10 8 18 7 7 15 7
17 9 12 15 12 0 1 13 9
15 9 2 17 7 11 19 9 7
8 9 7 5 7 16 0 7 10
4 7 9 7 4 11 7 7 17
6 7 19 3 5 13 7 16 0
11 7 15 16 7 9 19 4 16
7 7 15 2 5 5 1 16 1
19 17 7 14 0 13 9 6 17
19 9 19 0 9 19 15 12 9
15 9 7 0 15 15 12 5 5
0 9 5 11 17 7 15 0 9
16 15 15 2 5 5 3 12 17
7 9 7 11 6 5 4 19 7
14 9 0 0 5 7 17 16 17
17 10 8 9 4 16 7 15 17
7 9 19 2 11 17 17 16 9
9 9 2 8 14 13 4 3 9
7 7 13 0 14 4 3 3 17
4 9 6 11 19 7 9 19 0
10 10 3 6 12 15 9 13 0
15 10 7 12 8 0 7 3 15
10 13 9 10 12 4 5 15 9
9 9 17 4 0 7 1 19 9
11 9 15 12 0 9 5 13 10
9 9 15 3 4 1 14 17 9
16 9 0 11 4 9 1 9 9
4 9 3 13 13 11 8 7 9
19 9 6 16 11 1 4 3 7
9 9 7 6 4 9 9 15 9
17 9 2 2 6 19 8 7 0
19 9 1 16 0 15 11 4 9
5 9 7 0 1 9 7 4 17
7 17 7 9 4 7 10 4 10
4 9 16 5 16 4 17 16 0
9 7 9 1 19 4 7 9 7
14 9 0 0 9 0 7 0 0
13 9 12 3 3 8 13 12 9
9 9 11 1 11 7 11 11 17
6 7 10 12 2 16 0 3 7
14 17 4 14 2 15 18 0 9
2 3 16 5 17 3 17 8 2
19 17 18 8 15 19 17 6 17
5 9 17 14 9 11 0 4 9
9 7 3 12 15 12 12 15 0
14 15 4 17 19 17 18 8 16
4 9 7 9 1 19 4 7 9
4 9 11 14 4 16 16 16 9
9 9 4 14 19 12 17 19 17
10 19 9 11 19 4 14 5 9
5 17 9 17 9 4 5 4 4
17 7 4 17 1 17 7 9 7
8 9 4 4 0 8 1 9 17
0 10 16 0 4 4 5 3 9
17 9 9 13 14 9 6 9 9
0 13 9 2 0 17 9 15 0
15 9 17 5 12 9 12 15 5
9 11 9 12 10 17 16 19 17
19 9 2 7 4 1 18 8 17
5 10 16 12 3 8 17 12 17
17 9 4 9 9 17 7 5 0
9 9 5 12 20 0 12 5 17
18 9 7 2 10 8 15 9 17
17 10 8 4 8 11 12 9 17
15 16 0 4 2 4 9 0 17
16 9 0 11 4 9 1 9 9
9 9 7 6 4 9 9 15 9
5 9 0 3 4 13 2 11 17
5 17 9 12 9 15 12 15 17
19 16 16 2 14 17 10 16 17
19 9 2 2 6 14 19 9 4
9 9 15 19 3 9 15 11 7
8 9 7 3 19 16 2 4 0
17 9 19 14 19 5 15 4 15
9 9 17 0 0 10 7 5 5
19 9 1 9 13 11 11 4 7
4 9 8 14 9 3 9 8 12
0 17 18 16 7 7 4 7 17
18 9 15 2 0 15 3 14 6
4 9 13 10 0 9 9 19 7
8 4 14 17 13 5 3 0 17
0 4 1 2 10 9 9 11 17
9 9 9 9 4 6 15 19 0
8 7 7 15 0 9 17 7 17
9 9 17 4 0 7 1 19 9
0 9 15 2 13 17 14 2 17
11 13 10 3 20 3 4 16 17
15 10 0 5 11 18 0 8 17
12 9 5 12 13 4 12 4 16
0 7 7 5 9 1 0 19 0
16 9 0 0 5 9 9 2 9
9 9 11 12 1 9 7 11 17
10 15 3 4 10 3 1 11 9
19 17 6 5 2 16 19 15 9
14 9 7 3 9 7 14 14 0
0 9 4 5 7 8 9 12 0
7 9 19 8 0 7 15 5 17
0 1 7 17 5 1 3 11 17
9 7 7 0 9 5 7 6 9
4 7 4 9 13 10 0 9 9
10 13 9 4 6 9 1 9 7
9 17 11 7 12 0 11 5 17
9 9 10 3 14 3 2 8 17
8 17 9 15 7 10 0 4 7
19 7 7 14 17 16 16 3 9
8 9 9 8 10 17 16 15 17
4 17 2 17 7 7 7 8 17
9 9 14 5 19 2 13 19 0
7 17 0 18 4 9 9 9 7
16 17 13 3 4 7 4 15 0
19 9 9 1 1 11 19 8 9
7 10 0 6 1 7 9 2 9
19 9 0 15 6 19 3 8 9
15 9 4 0 9 5 11 17 7
8 9 17 15 7 15 11 4 7
9 9 3 6 5 13 4 2 9
10 9 13 11 0 9 16 16 10
9 13 9 3 3 9 3 8 17
9 17 14 5 17 1 10 8 17
4 13 12 15 4 15 6 9 17
4 7 17 9 7 9 9 9 9
19 9 16 0 7 13 2 4 7
10 16 15 1 17 15 3 13 9
16 9 15 2 11 15 14 3 0
15 10 12 2 4 2 9 6 9
7 9 4 2 15 9 16 14 3
16 9 15 5 6 15 13 3 17
9 9 17 0 12 10 12 16 0
14 10 12 3 0 0 12 12 17
17 13 19 7 8 4 7 4 9
10 4 2 2 19 17 9 19 9
9 10 2 15 7 4 17 15 16
9 7 17 5 5 7 17 5 7
9 7 2 0 17 2 15 16 5
0 10 19 17 0 7 13 0 17
13 17 6 15 15 9 15 17 17
10 5 7 15 6 13 3 3 17
18 9 5 0 0 7 16 9 17
9 0 7 9 19 7 9 9 9
3 5 2 0 4 3 9 16 17
0 11 0 12 5 17 0 13 17
8 10 19 6 7 1 4 4 9
5 9 15 9 19 16 16 3 10
14 9 3 0 14 7 0 13 9
8 17 15 11 2 5 12 16 9
9 10 7 0 6 14 17 9 9
7 7 15 0 4 16 9 9 0
19 10 0 16 16 7 9 3 10
14 10 6 7 16 0 4 4 16
15 9 0 5 5 7 7 5 17
9 7 6 2 11 7 10 19 16
9 4 5 10 2 9 11 8 7
15 9 9 13 6 9 7 5 9
16 9 19 2 4 2 19 19 7
11 9 9 9 18 12 9 19 17
1 10 19 3 0 17 11 3 17
9 0 16 11 9 9 8 3 9
9 17 8 6 5 9 14 0 9
19 9 9 2 14 5 0 2 7
0 9 9 15 14 4 4 11 10
5 7 9 16 17 7 9 5 17
4 9 18 2 0 19 4 15 15
9 0 2 16 11 15 9 0 17
4 9 9 14 18 3 13 3 7
17 16 9 2 7 17 13 5 7
14 17 0 14 12 9 9 0 0
15 17 15 3 11 17 9 8 7
19 7 17 5 0 11 7 3 16
4 9 15 14 9 17 9 19 0
19 10 0 12 9 1 9 10 17
10 7 13 7 7 16 5 13 9
19 13 2 4 7 19 9 9 4
4 7 6 9 13 9 19 15 9
16 10 7 9 4 9 8 9 9
19 10 0 12 9 1 9 10 17
10 17 7 1 9 9 15 4 7
4 4 4 2 7 2 9 9 9
4 0 16 2 11 19 1 6 17
9 19 4 0 5 5 9 15 17
10 17 5 0 17 9 16 0 9
4 16 4 16 11 17 1 15 9
9 9 15 6 4 19 12 0 17
9 10 0 9 4 5 7 8 9
8 17 6 12 17 7 18 15 9
14 19 5 15 4 15 17 16 9
14 9 5 14 2 12 9 9 9
14 10 19 15 20 5 0 9 9
9 12 2 5 13 17 7 18 17
15 8 3 3 9 12 19 19 17
7 9 8 9 4 4 10 5 9
7 9 9 5 9 0 18 9 0
0 9 17 11 8 9 19 15 9
9 9 7 12 20 17 12 11 9
9 9 12 11 11 0 0 2 9
0 17 7 2 0 19 16 3 7
9 11 15 15 3 3 19 11 9
17 9 0 15 16 16 0 8 0
15 9 15 15 15 5 0 12 15
5 9 8 15 8 16 6 0 17
4 4 18 13 17 9 3 0 17
8 9 11 15 15 17 19 15 9
7 0 5 19 7 7 17 4 17
19 15 10 5 15 7 8 4 7
4 9 0 17 5 5 17 9 9
9 9 15 13 19 9 15 14 17
17 7 15 16 0 12 17 13 10
9 17 16 4 3 2 17 0 17
9 0 7 12 2 9 19 5 7
7 9 5 0 2 12 9 14 17
10 7 19 5 9 7 0 1 9
4 9 15 13 14 17 0 4 9
10 10 12 3 0 10 16 7 17
9 9 6 9 0 17 7 5 0
0 9 0 13 8 5 17 13 9
0 10 1 14 16 12 4 15 9
19 16 5 5 19 2 17 15 9
15 17 7 4 19 4 7 15 7
11 9 15 0 15 17 0 16 17
19 16 10 19 20 7 4 12 17
4 9 12 7 7 4 2 0 4
0 9 9 18 0 0 5 17 9
4 7 7 2 11 4 5 15 17
9 10 19 2 7 7 11 15 17
16 9 10 11 17 9 16 9 17
4 9 9 19 19 5 13 2 7
5 9 17 5 17 11 9 16 9
16 13 19 9 2 4 9 9 9
17 7 2 0 0 4 11 5 5
19 9 2 15 16 14 16 7 7
10 17 2 14 1 17 17 8 17
9 9 10 5 16 1 16 7 17
19 10 17 12 4 7 12 9 19
14 9 12 7 9 9 9 9 7
9 9 2 2 3 1 0 4 19
8 16 17 15 7 16 15 19 7
4 9 5 2 16 6 15 15 7
19 9 12 2 12 16 17 5 17
15 10 16 15 12 15 12 17 16
17 9 12 12 1 7 7 15 5
17 9 17 16 5 1 10 4 17
19 17 0 0 20 19 13 14 9
13 12 9 16 4 0 9 13 9
6 12 19 2 13 0 6 9 9
8 10 19 6 6 1 12 18 17
14 16 17 12 19 7 9 14 17
