9 9 3 0 7 2 12 2 17
16 9 6 11 14 5 18 14 17
7 7 16 1 1 9 9 15 17
10 13 9 9 4 2 11 3 17
8 9 2 12 14 9 0 13 9
11 10 2 17 20 19 1 4 9
5 13 6 12 16 11 12 11 9
11 9 19 14 7 5 13 15 8
8 9 12 2 0 9 15 11 9
10 9 0 12 3 0 17 15 9
7 9 4 5 7 15 9 14 3
10 17 7 1 9 9 15 4 7
8 9 3 0 4 12 9 17 16
14 16 19 18 7 7 7 3 9
9 6 9 7 15 9 9 15 9
15 10 8 19 9 10 9 9 4
13 17 2 0 14 9 4 15 17
8 17 9 12 2 5 13 17 7
7 9 9 0 3 9 3 13 9
15 9 15 8 5 2 1 13 16
9 17 17 17 5 0 5 5 17
17 9 12 12 1 7 7 15 5
15 9 6 17 5 16 13 1 0
7 17 7 9 4 7 10 4 10
8 17 9 15 7 10 0 4 7
10 10 12 3 0 10 16 7 17
9 9 3 16 8 16 7 9 17
13 11 15 15 16 7 1 1 17
11 10 15 13 0 3 19 9 17
2 7 18 2 5 7 12 6 17
5 9 15 9 19 16 16 3 10
17 9 16 5 19 5 9 3 7
9 9 9 7 5 1 18 19 1
19 10 0 16 16 7 9 3 10
7 9 5 3 16 8 0 19 17
8 10 19 6 7 1 4 4 9
0 9 4 16 20 18 16 11 9
14 9 15 16 0 15 4 12 16
9 10 12 16 17 9 13 0 9
9 9 17 5 19 11 2 15 0
17 0 16 15 14 16 9 15 19
10 9 9 0 9 17 0 9 17
8 14 17 2 18 16 7 3 19
11 10 16 8 2 18 4 9 17
10 13 12 15 17 17 7 12 0
9 7 7 0 9 5 7 6 9
9 0 10 7 15 3 5 19 9
14 9 5 14 2 12 9 9 9
17 9 5 5 12 17 15 5 9
15 9 19 5 11 15 2 9 16
5 9 17 2 1 19 7 11 9
17 10 8 9 4 16 7 15 17
2 9 17 9 8 14 1 9 9
7 17 0 12 19 7 0 9 9
9 9 6 9 0 17 7 5 0
4 14 7 7 0 8 11 2 17
7 10 2 16 2 13 14 4 17
9 10 7 19 5 9 12 18 10
14 10 19 15 20 5 0 9 9
7 9 13 11 14 9 17 19 17
4 7 9 4 4 0 19 17 10
4 0 9 9 8 4 16 19 9
17 2 15 7 4 3 13 18 9
8 9 4 16 2 11 11 4 9
9 9 15 0 5 7 4 5 0
19 16 7 3 14 7 4 11 0
15 13 17 18 5 5 13 12 17
4 9 17 9 10 12 10 8 17
0 7 4 1 7 16 19 19 7
0 17 7 2 0 19 16 3 7
15 9 5 12 9 9 2 5 16
10 9 5 7 18 4 4 16 9
5 9 5 7 4 1 4 14 7
15 10 0 5 11 18 0 8 17
7 9 18 4 4 11 0 10 17
15 7 11 11 8 9 17 19 17
4 17 19 17 11 5 8 8 7
15 7 5 12 3 9 12 16 12
19 9 2 5 0 0 2 7 17
9 17 12 0 0 16 0 15 9
5 9 12 18 20 18 9 5 9
4 9 7 6 15 0 2 18 9
9 17 8 6 5 9 14 0 9
15 9 0 2 10 9 2 6 0
9 9 18 16 20 9 17 9 9
4 10 3 1 11 9 11 3 9
8 9 4 11 17 16 9 11 0
8 9 19 9 17 2 19 5 9
4 9 8 8 2 0 12 19 7
14 9 17 1 16 9 9 11 0
9 13 5 3 19 12 12 13 9
4 17 7 17 7 19 7 4 16
1 9 9 16 11 18 12 15 17
17 17 9 17 5 9 10 0 9
4 9 6 13 15 15 17 12 16
9 9 2 3 0 16 15 0 9
6 7 10 12 2 16 0 3 7
9 13 2 15 17 2 4 15 9
0 9 9 3 16 12 15 9 9
19 9 9 1 1 11 19 8 9
9 13 15 11 12 9 9 3 17
10 10 5 5 1 9 13 11 0
15 10 2 16 9 9 4 4 9
16 5 19 19 5 11 18 4 17
4 9 12 5 17 19 15 17 7
10 10 10 8 18 7 7 15 7
16 9 9 5 9 7 9 4 17
10 0 17 0 7 9 8 3 17
4 9 5 14 19 7 17 8 9
13 10 15 1 16 2 0 0 1
14 9 6 9 18 9 15 2 10
15 0 11 2 12 7 4 9 9
19 9 1 3 0 10 9 11 16
14 10 0 16 8 12 12 17 7
14 9 5 19 4 12 15 15 7
14 9 13 3 20 15 11 15 9
19 9 16 0 7 13 2 4 7
15 9 2 17 7 11 19 9 7
8 9 9 15 5 3 10 0 7
9 12 0 3 5 17 15 3 17
9 9 0 3 20 17 8 15 9
9 3 0 8 5 19 8 3 17
15 13 9 5 5 9 6 9 9
9 17 4 17 7 9 10 1 7
10 9 5 7 18 4 4 16 9
0 9 6 2 9 12 3 11 9
9 0 17 8 0 9 19 12 17
12 10 10 1 19 4 9 16 0
4 9 15 4 4 16 12 15 16
17 9 9 3 13 10 5 15 9
9 7 11 3 1 15 14 12 7
4 16 2 9 15 5 4 13 17
0 9 7 14 16 9 13 13 9
5 10 0 3 9 10 0 5 9
17 10 17 14 2 16 4 0 9
5 9 6 1 2 4 0 1 9
8 9 7 3 19 16 2 4 0
19 17 7 14 0 13 9 6 17
13 9 0 5 19 7 9 16 17
12 9 10 0 9 9 16 12 17
11 7 19 2 9 4 17 18 10
4 7 17 9 7 9 9 9 9
19 10 19 13 20 20 20 3 17
9 9 11 3 15 5 13 12 9
19 17 4 8 14 19 9 15 7
19 1 9 9 18 15 4 13 16
10 10 8 16 19 7 3 4 17
9 9 9 7 15 9 17 19 0
19 9 6 12 8 3 19 3 18
17 7 0 2 19 11 19 8 9
10 13 2 14 3 2 13 15 7
19 17 19 12 2 11 9 12 17
9 12 10 9 19 4 9 19 17
0 4 1 2 10 9 9 11 17
9 9 10 5 15 15 2 9 0
0 9 0 12 15 16 10 8 7
0 13 15 18 0 4 3 13 17
17 9 2 5 9 2 17 9 9
19 9 9 15 9 4 15 16 9
4 9 4 18 4 9 8 15 5
15 17 9 2 17 5 17 0 17
0 9 9 0 5 9 17 15 9
14 13 8 8 7 14 7 13 9
7 9 17 1 19 7 9 19 7
7 17 7 9 17 17 16 5 17
9 7 17 9 4 3 17 4 17
6 9 9 3 3 13 15 12 7
8 13 9 2 3 18 9 8 17
8 9 5 11 9 9 9 9 7
15 9 4 1 13 10 17 15 15
6 9 7 10 7 19 4 4 7
0 4 12 2 19 1 16 19 9
4 9 9 13 11 12 1 12 9
0 9 7 14 12 9 13 13 9
7 1 2 5 7 7 13 5 7
17 9 8 0 5 13 16 17 16
7 10 4 10 9 7 4 11 17
15 17 13 17 12 16 16 3 17
4 16 19 16 5 5 19 2 17
9 9 10 15 20 13 0 11 17
15 9 0 5 5 7 7 5 17
19 9 0 3 0 2 9 15 19
7 17 3 6 8 19 12 15 17
19 10 0 12 9 1 9 10 17
4 9 15 13 14 17 0 4 9
8 9 16 14 16 13 0 0 16
5 9 16 4 8 5 12 5 0
14 9 17 2 4 4 12 2 7
4 9 15 4 4 16 12 15 16
5 9 2 3 7 2 15 0 17
15 9 11 9 14 3 16 11 9
14 9 19 15 8 13 17 16 7
8 17 17 4 9 4 12 0 17
19 9 19 0 9 19 15 12 9
9 9 3 5 3 3 3 14 9
7 9 19 0 0 4 9 18 9
13 0 3 3 7 4 3 11 7
15 16 7 8 2 7 7 15 9
0 13 4 8 5 0 18 7 9
4 9 9 9 19 16 7 7 17
8 17 15 11 2 5 12 16 9
15 9 15 9 6 12 9 19 17
1 17 0 1 12 10 6 15 9
5 16 9 7 15 14 0 9 17
8 17 15 15 17 4 19 16 16
19 9 7 15 7 4 9 6 9
8 16 4 3 17 17 12 3 7
9 9 18 14 8 9 9 18 6
4 9 7 2 9 0 4 9 7
8 7 9 0 7 7 4 9 17
4 9 7 15 9 17 10 8 9
9 9 5 16 4 16 18 16 9
7 7 19 16 1 7 11 4 7
19 10 4 4 17 7 8 11 9
0 0 16 5 7 0 0 17 9
16 17 9 3 19 9 17 15 4
0 15 4 4 15 15 18 13 7
13 9 12 9 3 15 2 0 17
0 7 19 6 16 9 11 9 4
11 9 9 9 18 12 9 19 17
5 13 17 12 9 7 17 5 7
19 16 10 0 2 9 17 19 0
0 17 7 5 0 9 9 0 17
9 11 9 12 10 17 16 19 17
15 9 19 15 4 12 3 12 3
17 12 15 8 4 16 4 3 17
5 9 0 4 2 10 2 3 7
17 7 4 17 1 17 7 9 7
7 10 12 11 4 12 12 13 0
0 2 17 3 4 1 9 15 9
9 9 5 0 3 5 17 12 17
3 9 16 3 0 14 17 13 17
19 9 0 12 5 12 17 16 0
14 9 11 2 4 9 5 9 9
9 7 13 3 7 17 6 3 17
8 9 0 0 20 9 3 15 7
8 9 11 2 9 1 4 15 11
4 9 3 3 7 8 3 13 3
10 9 15 2 16 9 8 11 9
14 9 3 0 14 7 0 13 9
18 10 6 6 11 10 2 9 17
14 9 4 19 13 7 0 15 0
9 9 19 9 7 9 4 9 9
7 9 9 9 2 13 0 9 17
4 9 6 8 5 17 4 8 9
5 10 12 12 1 9 9 0 9
7 10 11 4 4 8 16 3 7
4 9 9 9 17 0 0 10 7
4 7 2 16 17 15 17 19 16
3 10 12 12 6 7 19 0 7
5 9 5 13 17 12 9 7 17
4 9 15 5 5 5 12 4 15
7 17 10 3 19 9 0 4 9
5 16 6 16 10 3 17 16 17
19 16 11 2 4 9 8 19 9
4 9 9 6 4 18 13 5 10
0 9 6 18 17 0 17 14 9
9 9 15 5 0 15 12 4 9
14 9 9 17 6 9 13 17 7
7 9 19 2 11 17 17 16 9
0 11 0 12 5 17 0 13 17
19 9 2 7 4 1 18 8 17
0 10 19 10 0 9 7 0 0
19 7 7 14 17 16 16 3 9
16 12 18 1 15 12 7 8 17
14 9 14 5 10 5 9 11 0
8 16 4 0 7 7 0 7 17
6 9 10 4 19 16 9 12 7
5 9 0 2 17 4 0 3 9
19 9 4 8 10 7 12 9 9
4 7 6 5 5 0 7 0 16
14 17 9 3 0 13 15 4 7
13 9 10 0 3 8 9 13 9
19 17 15 19 6 16 17 19 7
15 9 3 3 7 11 1 16 7
9 7 5 11 17 9 17 1 17
14 9 7 3 9 7 14 14 0
9 10 15 16 9 9 7 19 9
9 7 6 13 15 7 16 5 9
9 16 2 3 2 4 3 4 0
0 9 9 0 5 9 17 15 9
16 9 9 12 3 4 12 11 17
5 9 17 3 17 3 8 5 17
9 9 5 9 7 9 4 17 9
19 9 18 3 20 19 19 5 17
17 9 6 6 11 17 7 16 9
18 9 7 7 7 4 4 7 17
4 9 11 0 4 5 10 19 15
19 10 0 12 3 17 17 3 17
15 7 4 5 4 13 0 3 17
14 9 3 11 9 7 0 13 9
11 10 9 8 20 11 11 9 17
19 0 4 15 5 17 0 19 0
9 10 0 15 16 15 9 8 13
10 16 19 16 5 5 17 10 16
17 9 4 19 20 20 20 20 9
16 9 9 12 3 4 12 11 17
15 16 15 4 19 9 7 15 7
8 9 17 7 7 4 10 11 9
5 17 9 17 9 4 5 4 4
10 9 9 15 8 7 11 15 9
15 10 7 12 8 0 7 3 15
17 9 9 12 15 9 4 9 9
4 7 4 12 15 4 9 14 17
4 10 3 0 17 15 15 8 19
4 17 7 9 19 9 9 0 17
14 9 10 8 13 2 4 15 17
8 16 17 15 7 16 15 19 7
15 9 16 13 19 3 15 5 15
15 10 7 16 10 15 0 4 9
19 9 8 12 14 16 4 10 9
4 9 15 14 17 4 4 1 17
9 9 5 15 17 11 11 9 9
15 9 15 15 15 5 0 12 15
19 9 9 16 20 10 4 4 0
19 9 12 7 15 7 9 11 17
8 17 17 3 4 9 0 10 9
7 16 12 18 11 4 3 3 17
0 9 17 0 9 17 7 16 7
17 9 2 2 6 19 8 7 0
0 2 3 19 9 1 17 11 0
10 0 15 17 4 17 1 12 9
0 9 0 12 0 12 17 3 17
9 10 7 19 5 9 12 18 10
16 9 13 13 9 9 10 5 16
19 16 0 15 16 15 2 0 17
19 13 2 4 7 19 9 9 4
16 9 0 0 14 7 8 4 9
9 9 7 2 7 9 7 9 9
15 10 7 5 9 1 0 1 17
18 9 15 2 0 15 3 14 6
17 9 9 15 12 14 18 3 9
7 9 2 15 17 5 7 3 0
0 9 12 2 15 9 16 13 17
16 9 14 3 19 7 9 2 9
5 9 7 0 1 9 7 4 17
4 17 9 16 0 0 6 1 9
14 9 18 14 0 16 12 9 5
5 3 15 17 12 5 7 3 3
11 15 11 2 7 17 11 0 7
19 17 3 19 19 15 18 9 15
1 9 4 15 20 18 6 12 17
17 9 15 10 12 13 17 11 7
4 9 17 11 8 4 15 16 9
5 9 9 3 20 12 6 16 17
9 4 2 2 3 9 19 15 7
8 9 9 8 10 17 16 15 17
0 11 4 15 4 14 11 16 9
14 9 6 5 9 15 0 4 15
9 9 9 9 4 6 15 19 0
11 17 9 9 19 11 14 9 9
0 9 9 15 2 9 13 2 9
0 7 5 5 0 0 16 5 7
9 9 7 5 1 18 19 1 14
17 15 9 0 2 16 11 15 9
9 11 5 8 11 7 3 2 17
15 16 15 14 17 12 19 2 7
17 9 5 7 0 9 9 19 7
17 9 0 12 19 10 12 2 17
0 9 10 2 8 15 9 6 17
19 0 13 2 19 2 13 19 7
14 10 0 16 10 9 3 19 17
6 7 13 12 6 9 0 15 17
3 10 2 8 2 2 3 15 9
0 7 7 9 17 7 4 16 17
