19 9 11 18 7 17 14 11 9
19 16 7 11 1 9 9 19 7
19 10 17 12 4 7 12 9 19
0 7 6 11 17 17 6 0 7
17 9 5 2 3 17 9 15 9
17 9 19 14 19 5 15 4 15
9 17 13 0 5 11 17 13 9
4 16 9 14 6 7 7 5 9
17 0 16 15 14 16 9 15 19
0 9 7 14 11 9 13 13 9
19 7 7 3 7 9 8 12 9
8 9 16 14 16 13 0 0 16
15 9 15 16 15 12 15 3 9
7 17 7 3 0 7 6 16 17
17 9 19 15 19 7 9 4 9
17 10 9 1 5 6 2 0 17
19 16 4 9 19 11 4 18 16
4 7 4 6 4 17 6 15 0
0 17 17 15 16 13 9 7 10
8 9 5 3 4 19 11 13 10
0 9 0 16 4 16 17 11 7
13 9 12 9 3 15 2 0 17
13 9 6 0 17 12 17 9 9
7 7 5 0 5 12 0 3 17
16 7 7 0 9 9 4 0 9
5 9 4 14 12 19 5 15 16
5 9 9 15 9 3 3 3 9
5 9 9 2 14 9 19 2 9
19 17 9 9 6 9 9 17 17
9 10 19 2 7 7 11 15 17
7 0 5 19 7 7 17 4 17
9 14 12 11 15 4 18 4 17
5 13 17 12 9 7 17 5 7
4 17 2 17 7 7 7 8 17
10 10 0 8 3 3 3 9 17
19 17 7 5 15 18 5 16 9
8 9 12 2 0 9 15 11 9
4 16 15 0 17 9 9 9 17
15 16 7 8 2 7 7 15 9
4 9 9 9 16 15 7 12 7
18 9 7 7 7 4 4 7 17
0 9 8 11 11 5 8 17 17
7 0 10 2 17 16 3 5 9
5 9 7 16 17 9 4 9 9
9 12 7 4 4 1 9 18 17
9 9 7 6 4 9 9 15 9
17 9 0 9 19 15 12 12 9
10 9 17 14 14 16 3 5 7
7 10 19 16 19 4 15 11 16
15 7 19 3 1 7 16 4 9
4 9 9 13 9 12 4 14 5
8 9 9 3 20 13 18 11 9
7 9 5 5 18 17 0 0 13
6 7 2 2 15 2 15 7 16
2 9 19 1 5 7 9 19 0
8 9 5 9 9 13 17 16 5
9 17 9 10 0 17 17 9 0
9 14 16 2 19 11 0 15 17
4 0 16 2 11 19 1 6 17
19 10 19 13 20 20 20 3 17
14 9 4 11 5 11 15 14 5
15 9 17 12 9 13 7 12 9
15 9 15 15 13 9 15 11 9
5 9 9 3 20 12 6 16 17
17 2 15 7 4 3 13 18 9
15 10 8 19 9 10 9 9 4
14 9 17 16 17 9 12 12 16
4 7 11 4 4 11 9 9 0
1 9 9 16 11 18 12 15 17
8 7 18 3 3 9 9 8 7
10 9 9 10 17 7 15 5 0
9 9 7 2 7 9 7 9 9
9 9 17 4 0 7 1 19 9
13 9 12 5 12 7 18 3 4
14 10 9 0 15 0 5 3 9
16 9 16 7 15 4 4 9 7
19 17 19 19 11 9 4 9 9
19 9 17 9 5 7 0 9 9
14 9 3 0 14 7 0 13 9
15 10 9 15 7 4 11 7 17
9 9 12 5 4 17 9 16 1
15 16 13 3 8 7 9 16 17
7 9 19 2 11 17 17 16 9
4 9 9 12 9 16 15 9 17
15 10 6 7 2 11 11 16 9
0 9 10 2 8 15 9 6 17
19 9 0 3 0 2 9 15 19
16 0 19 12 11 15 7 12 9
7 17 7 9 17 17 16 5 17
17 9 17 15 14 10 12 4 17
17 7 2 3 7 9 4 8 17
17 9 15 10 12 13 17 11 7
16 9 7 5 2 1 0 16 17
5 9 8 15 8 16 6 0 17
9 13 13 13 12 15 12 12 17
9 13 2 15 17 2 4 15 9
19 9 9 1 1 11 19 8 9
9 9 9 12 19 16 7 11 9
13 9 4 8 19 17 12 15 0
2 13 17 12 4 15 17 15 17
16 5 19 19 5 11 18 4 17
17 16 19 15 5 8 4 9 7
9 7 19 4 9 4 9 12 9
17 9 0 15 16 16 0 8 0
9 9 3 12 6 13 17 5 9
9 18 8 11 0 9 13 3 7
9 9 13 2 5 2 7 13 17
8 17 7 12 19 9 13 16 17
9 9 9 4 6 15 19 0 7
4 7 19 9 9 4 0 15 10
9 9 5 16 4 16 18 16 9
19 7 15 8 1 18 2 19 0
0 13 14 14 17 4 6 5 17
19 9 9 15 9 4 15 16 9
4 9 11 14 4 16 16 16 9
4 9 6 8 5 17 4 8 9
9 9 10 4 12 15 16 16 0
16 9 9 13 0 1 14 15 17
9 11 9 12 10 17 16 19 17
0 9 9 18 9 15 1 15 7
18 9 17 5 5 7 17 0 0
14 9 7 3 9 7 14 14 0
4 7 9 6 14 9 6 3 7
9 16 2 3 2 4 3 4 0
9 9 18 12 9 19 17 9 9
8 13 12 3 5 9 18 12 12
11 7 17 2 0 7 7 16 9
9 16 4 8 5 12 5 0 18
16 19 9 3 8 0 7 8 7
13 9 2 8 1 15 0 4 17
8 0 19 6 7 7 4 4 17
4 9 7 2 20 9 0 4 9
15 7 5 17 7 16 19 7 9
15 9 13 12 20 0 12 0 9
19 0 4 15 5 17 0 19 0
9 9 15 8 7 11 15 9 0
7 9 16 0 7 9 4 4 10
4 0 11 15 8 4 16 9 17
0 9 6 19 19 19 9 1 9
10 16 12 0 3 17 15 7 17
13 9 6 2 12 15 5 19 9
4 10 0 4 17 0 10 17 16
14 9 3 11 9 7 0 13 9
9 10 2 15 7 4 17 15 16
15 9 5 12 9 9 2 5 16
7 9 0 19 16 3 2 3 17
9 7 5 11 17 9 17 1 17
0 9 3 15 7 0 18 4 15
18 9 0 9 15 0 15 18 9
19 16 16 2 14 17 10 16 17
4 9 7 1 6 11 9 14 0
16 4 9 8 7 7 12 10 9
0 9 4 16 18 16 11 9 9
19 10 0 12 3 17 17 3 17
15 9 15 3 13 9 9 13 9
16 12 18 1 15 12 7 8 17
5 10 5 13 8 2 15 19 17
9 12 9 5 0 1 4 12 9
19 9 11 16 9 16 9 0 17
4 17 7 17 7 19 7 4 16
9 10 11 2 13 3 17 5 17
9 7 15 14 0 9 17 17 16
11 9 0 3 2 7 10 14 9
9 7 9 9 9 9 7 19 9
9 9 0 9 9 15 1 9 16
19 17 15 19 6 16 17 19 7
9 9 3 0 7 2 12 2 17
7 9 13 11 17 6 0 16 9
15 9 7 5 15 8 16 13 7
15 7 4 5 4 13 0 3 17
4 7 9 7 4 11 7 7 17
13 16 7 17 4 7 18 4 7
15 13 2 2 11 7 17 5 9
8 9 17 7 7 4 10 11 9
16 10 9 15 7 7 9 17 7
4 9 0 6 15 0 5 19 7
4 9 4 17 7 5 0 9 0
4 7 9 4 4 0 19 17 10
19 7 18 7 8 11 9 3 16
4 9 7 9 14 5 17 9 17
4 9 11 0 4 5 10 19 15
9 10 0 15 16 15 9 8 13
14 10 12 17 19 7 9 9 16
14 10 19 15 20 5 0 9 9
9 9 18 2 19 17 19 13 9
10 10 5 4 14 16 13 3 17
0 10 13 8 14 14 9 6 9
8 9 17 2 15 16 2 8 0
5 9 0 0 7 2 9 7 9
0 9 19 0 0 11 11 16 14
14 16 11 2 18 2 4 17 17
16 9 19 2 4 2 19 19 7
0 9 7 14 0 9 13 13 9
11 10 2 17 20 19 1 4 9
19 10 12 1 15 0 19 13 8
7 9 9 0 3 9 3 13 9
7 16 10 15 0 4 9 7 17
4 10 4 3 5 6 2 16 16
6 16 7 1 2 2 19 4 17
10 9 11 5 16 16 9 3 0
5 9 16 4 8 5 12 5 0
0 9 4 16 18 16 11 9 9
19 7 7 2 18 10 17 2 7
4 10 5 6 20 7 11 7 17
17 9 18 0 6 5 4 3 9
9 9 15 15 17 15 12 5 0
4 7 6 5 5 7 9 19 0
4 17 17 0 9 7 5 11 17
17 9 9 12 15 9 4 9 9
7 10 3 0 9 16 4 8 0
9 17 4 17 7 9 10 1 7
10 10 3 6 12 15 9 13 0
9 12 19 19 2 12 18 4 9
11 7 15 16 7 9 19 4 16
9 4 17 17 19 14 2 15 7
19 9 8 3 19 7 12 8 0
5 9 7 0 1 9 7 4 17
16 7 18 0 0 11 0 5 17
15 7 10 0 4 7 9 5 7
0 1 7 17 5 1 3 11 17
9 9 17 3 8 16 16 1 17
5 9 0 3 4 13 2 11 17
17 4 11 7 1 2 17 12 9
3 10 2 8 2 2 3 15 9
14 17 4 16 15 0 17 9 9
19 16 10 19 20 7 4 12 17
5 13 17 7 18 17 11 11 16
14 17 4 14 2 15 18 0 9
4 0 6 3 0 12 0 4 9
15 12 5 3 9 6 8 3 17
4 7 16 7 4 11 7 15 7
10 10 10 8 18 7 7 15 7
11 9 4 16 4 9 6 3 7
19 9 17 2 15 17 0 8 10
14 9 4 2 4 11 8 13 0
4 17 2 16 10 15 7 19 7
0 10 13 15 19 16 18 15 9
8 10 19 6 7 1 4 4 9
9 9 4 14 19 12 17 19 17
9 9 4 4 9 0 9 15 7
9 17 12 4 17 13 18 4 17
15 9 2 7 15 9 3 16 17
14 9 14 5 10 5 9 11 0
14 9 4 19 13 7 0 15 0
17 9 12 0 17 17 19 15 16
15 9 11 13 3 10 15 15 9
4 0 11 19 11 4 16 9 9
9 9 2 15 9 12 10 2 17
9 9 15 3 4 1 14 17 9
4 9 1 9 9 10 8 9 15
15 9 8 14 16 5 6 5 17
9 17 12 0 0 16 0 15 9
4 7 4 12 15 4 9 14 17
0 0 18 9 3 11 4 12 9
16 9 19 10 20 2 17 10 9
9 9 15 9 4 15 16 9 17
11 10 8 3 3 10 0 14 6
17 9 19 1 9 9 18 15 4
14 7 9 12 19 16 4 8 7
0 7 11 3 7 9 5 13 9
5 17 4 6 16 10 18 6 17
4 9 19 15 3 7 7 14 16
11 9 7 7 6 16 0 0 9
4 9 2 18 10 2 16 4 5
10 0 9 7 5 2 15 16 17
4 9 9 9 19 16 7 7 17
9 9 10 19 11 9 9 16 7
15 9 0 2 10 9 2 6 0
15 10 9 3 4 10 19 9 0
15 0 4 16 7 16 2 13 17
11 9 17 12 3 17 0 16 17
19 0 19 5 18 7 12 3 16
9 9 2 8 14 13 4 3 9
1 9 19 5 2 17 16 9 3
9 9 9 17 7 16 1 1 17
9 9 15 1 15 0 2 5 0
4 13 13 12 13 4 13 19 9
4 9 13 2 20 9 8 4 17
4 9 17 16 19 10 0 12 9
10 9 9 13 0 19 14 15 17
4 10 14 3 19 18 4 6 17
5 10 10 15 1 8 7 5 9
7 9 17 7 9 4 4 5 17
4 9 17 9 10 12 10 8 17
10 10 12 3 0 10 16 7 17
4 9 7 3 20 6 13 14 0
14 9 17 15 3 5 11 9 9
0 9 15 17 10 5 17 19 17
15 9 9 13 16 8 11 19 15
15 18 9 9 5 0 0 10 17
17 9 16 4 14 2 17 0 17
4 10 19 14 5 9 9 5 9
9 9 16 16 15 5 17 15 0
17 13 10 12 16 0 3 15 16
4 9 9 9 17 0 0 10 7
2 15 16 13 16 16 16 13 8
0 16 4 9 1 12 0 11 17
10 19 9 11 19 4 14 5 9
0 4 1 2 10 9 9 11 17
8 9 4 19 17 19 19 11 9
9 9 10 16 5 5 17 16 9
10 9 3 3 7 9 8 16 9
4 13 4 19 8 17 14 3 7
0 9 5 2 7 9 15 15 7
8 7 11 0 5 7 11 16 7
9 9 7 9 15 1 7 4 0
9 7 17 5 5 7 17 5 7
9 9 5 9 7 9 4 17 9
9 9 9 9 7 19 9 19 9
4 9 15 14 9 17 9 19 0
7 9 15 9 4 9 7 15 9
9 9 11 1 11 7 11 11 17
19 9 16 2 3 2 4 3 4
10 15 3 4 10 3 1 11 9
13 17 4 18 7 0 12 12 17
9 1 18 5 3 9 10 11 9
0 9 1 3 11 16 1 9 9
4 17 17 0 9 7 5 11 17
9 9 6 9 0 17 7 5 0
4 9 15 16 17 10 2 14 17
4 16 9 3 5 5 6 14 0
5 10 2 12 14 10 1 15 9
9 9 2 11 15 16 16 5 16
15 10 7 5 9 1 0 1 17
9 17 16 4 3 2 17 0 17
5 9 7 19 16 19 15 5 9
17 9 9 3 13 10 5 15 9
9 9 9 12 15 17 1 1 7
6 17 7 2 19 9 7 14 7
9 16 9 9 5 7 5 1 17
14 16 19 18 7 7 7 3 9
9 4 2 2 3 9 19 15 7
17 7 18 17 11 11 16 7 7
15 10 2 16 9 9 4 4 9
10 13 12 15 17 17 7 12 0
15 9 11 4 9 5 5 16 16
19 9 17 5 15 11 10 16 13
14 10 15 0 17 0 0 3 7
10 7 17 0 18 4 9 9 9
17 9 18 6 17 14 19 18 17
1 9 8 10 9 9 3 8 9
13 9 9 13 4 3 15 13 17
8 9 15 9 20 5 9 9 7
19 10 0 16 16 7 9 3 10
19 7 7 17 4 17 17 0 9
10 9 12 17 9 5 15 15 16
19 9 17 15 15 9 15 3 7
4 0 9 9 8 4 16 19 9
8 14 5 12 15 16 3 5 17
15 7 6 17 16 17 15 11 17
11 7 0 3 19 7 0 5 9
3 16 2 2 19 10 4 4 17
0 9 0 3 15 7 14 12 9
0 10 4 16 0 0 9 11 7
0 9 7 14 2 9 13 13 9
1 10 16 18 11 13 10 11 9
19 9 7 14 20 14 3 8 17
14 13 18 0 13 2 9 16 9
5 9 9 16 9 17 0 10 9
17 17 10 16 15 9 0 9 17
4 16 11 15 13 7 4 11 7
7 9 2 15 17 5 7 3 0
13 7 9 2 5 17 11 19 9
13 10 9 9 0 9 17 0 9
5 10 17 8 0 0 9 3 0
