19 10 11 19 19 16 16 19 7
5 10 11 18 14 12 7 9 16
15 9 0 2 16 11 15 9 0
4 9 10 0 15 7 15 15 4
9 17 17 17 5 0 5 5 17
17 0 5 16 13 3 17 4 17
7 7 4 4 7 17 9 7 9
15 9 13 12 20 0 12 0 9
4 9 4 9 3 9 9 6 18
18 9 7 7 7 4 4 7 17
10 9 10 4 7 4 16 5 7
19 7 2 7 5 11 19 16 17
13 9 9 13 4 3 15 13 17
14 19 5 15 4 15 17 16 9
4 9 0 6 15 0 5 19 7
14 9 18 14 0 16 12 9 5
17 9 0 12 19 10 12 2 17
7 17 7 3 0 7 6 16 17
7 9 19 7 17 4 1 7 7
8 7 13 3 7 9 16 13 17
9 14 12 11 15 4 18 4 17
15 7 19 4 1 7 19 4 9
0 9 4 8 19 2 7 11 7
4 0 11 15 8 4 16 9 17
0 19 7 9 4 16 14 4 4
15 10 9 3 4 10 19 9 0
0 10 16 0 4 4 5 3 9
9 9 12 16 12 6 1 3 15
9 9 9 12 19 16 7 11 9
9 13 15 11 12 9 9 3 17
4 9 5 14 19 7 17 8 9
9 4 2 3 5 8 9 8 0
7 16 12 18 11 4 3 3 17
11 10 8 3 3 10 0 14 6
4 17 17 4 7 9 7 19 17
9 17 2 9 4 17 4 15 16
19 7 9 1 11 10 0 9 9
1 7 11 15 16 16 16 2 17
9 10 2 15 7 4 17 15 16
7 10 11 4 4 8 16 3 7
9 0 13 3 19 16 16 15 9
13 10 9 3 2 18 14 11 17
17 16 19 15 5 8 4 9 7
10 17 5 0 17 9 16 0 9
4 9 15 15 12 0 19 4 15
0 7 5 5 0 0 16 5 7
19 15 10 5 15 7 8 4 7
9 9 9 7 15 9 17 19 0
10 9 10 0 13 3 0 9 0
14 9 0 17 19 7 2 8 17
4 9 17 16 19 10 0 12 9
4 7 12 8 4 17 15 4 9
7 17 0 9 16 7 10 5 17
10 9 15 2 16 9 8 11 9
0 3 12 15 5 16 16 15 17
12 17 17 12 11 0 12 12 0
4 16 4 15 2 17 7 11 7
15 9 17 19 17 11 5 17 17
4 10 2 5 8 13 0 1 17
15 9 11 9 14 3 16 11 9
5 9 3 0 2 10 18 15 7
17 0 5 16 13 3 17 4 17
9 15 5 15 4 9 8 3 9
0 7 15 5 17 9 10 12 16
8 9 4 7 14 13 3 3 17
16 9 4 9 9 4 9 3 7
8 9 1 1 2 7 19 6 0
10 9 9 0 9 17 0 9 17
5 7 9 9 17 9 10 0 17
6 9 9 12 19 4 1 7 7
7 9 4 7 10 4 10 9 7
0 15 4 4 15 15 18 13 7
19 7 17 2 12 16 4 13 9
0 7 17 3 4 12 17 12 0
0 9 7 14 12 9 13 13 9
19 17 0 0 20 19 13 14 9
13 9 12 5 12 7 18 3 4
15 9 9 19 3 19 4 16 17
15 9 9 16 2 1 11 12 0
0 9 7 3 0 19 17 2 7
4 0 9 9 8 4 16 19 9
16 9 2 3 8 17 0 3 9
5 13 17 7 18 17 11 11 16
8 9 4 19 17 19 19 11 9
16 9 13 3 9 15 6 0 9
4 9 15 1 12 9 19 14 4
15 9 7 6 19 16 0 13 7
9 0 5 6 12 9 16 11 9
9 7 5 11 17 9 17 1 17
4 7 2 15 19 9 13 8 9
15 7 11 11 8 9 17 19 17
7 9 18 16 4 15 7 19 9
8 16 15 3 3 7 10 9 17
7 9 0 9 1 7 7 4 17
13 11 15 15 16 7 1 1 17
19 7 19 19 4 4 7 14 9
10 9 11 5 7 10 19 14 9
17 9 10 4 9 9 4 19 17
7 9 19 2 11 17 17 16 9
17 9 10 0 17 17 9 0 15
15 9 13 12 17 13 0 9 5
16 9 2 15 13 17 10 15 9
14 9 0 0 9 0 7 0 0
9 9 12 12 13 2 12 6 9
9 16 4 8 5 12 5 0 18
4 9 17 5 17 0 7 7 9
5 9 17 5 17 11 9 16 9
5 10 17 2 5 15 17 9 17
8 9 19 9 17 2 19 5 9
8 9 9 10 15 13 0 11 17
0 9 6 18 17 0 17 14 9
9 1 16 3 9 11 16 15 9
7 9 11 8 12 9 7 16 17
4 9 0 19 19 12 12 10 10
13 9 10 0 3 8 9 13 9
19 9 9 2 14 5 0 2 7
9 12 16 17 8 9 0 3 17
15 16 15 14 17 12 19 2 7
13 12 9 16 4 0 9 13 9
14 10 0 16 8 12 12 17 7
4 7 7 3 17 15 11 1 17
9 17 2 17 3 16 7 5 17
9 12 7 4 4 1 9 18 17
19 0 16 17 3 17 12 15 9
19 13 9 0 17 4 10 9 10
9 10 15 16 9 9 7 19 9
9 13 9 19 15 9 4 15 9
9 9 2 9 4 5 12 3 17
17 9 7 0 5 19 7 7 17
9 7 13 3 7 17 6 3 17
13 9 0 5 19 7 9 16 17
9 9 17 3 8 16 16 1 17
4 9 0 14 9 6 0 0 0
8 9 5 2 15 1 17 16 0
7 9 2 7 0 5 4 3 7
5 9 7 19 16 19 15 5 9
16 7 4 15 16 7 7 4 17
8 9 9 16 20 2 10 13 9
4 9 15 13 14 17 0 4 9
6 9 19 14 1 14 9 15 15
9 9 11 11 19 16 9 8 7
7 9 17 7 4 16 17 0 7
4 7 17 9 7 9 9 9 9
15 9 0 12 1 4 1 9 15
9 9 11 9 9 9 18 12 9
9 9 9 3 17 17 18 6 9
16 14 19 0 14 0 13 4 17
9 7 10 4 3 13 19 4 7
14 10 0 16 10 9 3 19 17
13 9 19 12 3 18 16 3 0
4 4 18 13 17 9 3 0 17
15 13 9 5 5 9 6 9 9
9 10 7 4 7 15 15 4 9
4 7 15 15 4 9 9 12 9
0 9 17 0 9 17 7 16 7
10 16 19 16 5 5 17 10 16
17 4 5 17 15 13 12 2 17
15 16 7 8 3 0 9 15 17
9 4 17 17 19 14 2 15 7
19 0 19 5 18 7 12 3 16
17 9 5 7 0 4 4 15 0
19 9 9 15 9 4 15 16 9
13 10 15 1 16 2 0 0 1
10 10 3 6 12 15 9 13 0
16 17 7 9 5 17 9 9 9
19 16 19 15 5 9 4 1 17
15 9 11 13 3 10 15 15 9
10 7 3 5 9 10 16 15 9
4 9 5 19 20 7 12 8 0
8 9 13 3 10 3 5 16 17
5 9 12 18 20 18 9 5 9
4 9 9 17 7 5 0 1 17
9 9 2 15 5 16 16 15 7
16 9 2 3 1 5 9 15 19
11 9 17 13 2 17 13 12 17
17 10 19 11 18 8 10 17 7
4 15 7 5 6 12 9 11 10
4 17 4 14 15 12 4 7 17
9 9 18 2 19 17 19 13 9
4 9 3 3 7 8 3 13 3
9 9 10 15 20 13 0 11 17
16 9 9 12 3 4 12 11 17
17 17 9 17 5 9 10 17 9
16 15 12 6 4 7 3 4 17
10 16 4 15 2 17 9 16 9
11 9 9 8 2 1 12 0 17
14 9 7 3 9 7 14 14 0
17 9 4 9 9 17 7 5 0
15 10 8 19 9 10 9 9 4
9 9 12 5 2 18 17 3 17
6 9 10 4 2 2 19 17 9
9 9 2 5 16 0 16 9 14
7 7 9 4 7 9 4 4 0
1 10 19 3 0 17 11 3 17
5 9 18 14 12 0 18 14 1
5 7 4 1 4 14 7 9 9
15 9 0 3 20 15 19 4 17
9 17 9 12 15 7 12 15 17
14 9 12 7 9 9 9 9 7
8 7 15 3 5 16 3 4 14
0 9 7 14 9 9 13 13 9
7 10 0 6 1 7 9 2 9
9 9 9 9 9 12 12 0 9
16 7 18 0 0 11 0 5 17
9 9 11 9 9 9 18 12 9
9 12 6 15 15 15 6 18 9
13 7 4 3 17 19 18 19 9
9 16 9 9 5 7 5 1 17
4 9 11 14 4 16 16 16 9
10 17 7 1 9 9 15 4 7
14 10 9 6 18 3 11 12 17
13 7 7 16 9 16 0 4 17
5 17 4 6 16 10 18 6 17
18 6 9 2 9 17 9 9 7
12 10 5 8 9 16 4 4 17
0 9 3 15 7 0 18 4 15
19 9 10 8 2 8 9 11 7
19 9 7 15 7 4 9 6 9
16 9 0 19 15 4 13 15 9
14 9 3 11 9 7 0 13 9
7 5 9 7 17 7 9 4 7
9 12 17 15 14 9 17 15 9
14 0 19 15 2 9 4 4 16
16 9 9 5 2 5 7 17 17
19 9 4 2 4 17 7 15 9
8 9 15 9 20 5 9 9 7
0 10 13 15 19 16 18 15 9
15 16 4 5 10 9 19 4 0
17 9 19 2 3 4 8 1 4
6 7 13 12 6 9 0 15 17
4 7 4 9 13 10 0 9 9
8 17 17 4 9 4 12 0 17
2 13 17 12 4 15 17 15 17
10 9 9 13 0 1 14 15 17
5 0 17 0 10 15 9 16 17
0 14 6 19 9 7 6 16 17
15 17 15 3 11 17 9 8 7
8 9 15 4 15 7 17 15 9
9 9 7 6 4 9 9 15 9
0 9 10 0 7 16 8 11 17
8 9 4 11 17 16 9 11 0
4 9 15 3 6 12 11 17 16
0 9 9 16 12 17 16 10 0
15 5 19 9 0 3 0 2 9
1 10 4 1 15 3 3 4 9
0 9 5 19 20 7 1 8 9
8 9 4 4 0 8 1 9 17
9 9 12 5 4 17 9 16 1
19 16 18 15 9 16 19 16 17
5 9 19 11 9 9 7 14 1
0 9 7 14 16 9 13 13 9
8 9 18 19 0 15 9 16 9
17 9 10 12 16 17 9 13 0
9 10 2 15 7 4 17 15 16
8 7 4 11 19 11 10 5 17
0 18 7 15 8 12 12 5 17
15 9 15 16 4 13 13 10 18
16 9 9 5 9 7 9 4 17
8 16 10 0 17 16 19 3 9
7 7 16 1 1 9 9 15 17
19 17 4 8 14 19 9 15 7
19 10 2 2 17 17 9 5 0
13 9 12 13 13 2 13 12 17
14 9 17 16 17 9 12 12 16
16 9 19 2 4 2 19 19 7
9 9 18 16 20 9 17 9 9
17 5 0 17 9 16 0 9 9
19 16 13 2 3 9 7 11 17
5 9 16 0 2 0 14 9 9
13 7 9 2 5 17 11 19 9
15 0 4 5 11 6 0 15 16
0 7 17 4 2 6 19 2 17
19 10 17 12 4 7 12 9 19
19 7 9 19 7 17 4 1 7
0 10 13 8 14 14 9 6 9
9 17 9 10 0 17 17 9 0
9 9 3 5 3 3 1 14 9
11 10 9 8 20 11 11 9 17
17 0 17 11 5 12 17 0 17
13 4 1 2 17 14 9 13 17
5 9 8 14 5 12 15 16 3
15 9 17 19 17 11 5 17 17
5 10 0 11 16 16 4 6 17
5 9 0 4 2 10 2 3 7
0 13 9 2 0 17 9 15 0
10 16 4 5 2 7 12 9 17
10 13 9 9 4 2 11 3 17
4 9 19 7 7 2 18 10 17
9 9 10 3 14 3 2 8 17
4 9 9 7 14 19 7 16 16
7 10 16 15 19 13 19 9 7
0 9 10 2 8 15 9 6 17
9 9 14 14 9 9 15 15 0
9 13 5 3 19 12 12 13 9
8 13 9 3 20 2 3 3 17
19 10 10 5 7 3 19 5 9
8 6 4 9 14 11 13 12 9
9 9 9 12 15 17 1 1 7
10 7 19 5 9 7 0 1 9
7 9 15 0 5 9 10 3 5
19 9 14 9 19 7 7 9 0
9 7 17 9 4 3 17 4 17
15 17 9 3 19 13 16 0 17
7 9 12 17 7 4 9 15 7
15 9 0 5 5 7 7 5 17
9 9 7 6 4 9 9 15 9
17 17 7 17 5 9 6 5 17
9 3 0 8 5 19 8 3 17
9 9 9 12 5 7 19 16 17
4 16 9 11 6 17 9 0 9
19 10 15 6 14 3 9 15 0
9 7 17 14 19 9 7 13 17
9 10 17 7 15 5 0 0 9
16 9 14 3 19 7 9 2 9
15 0 9 7 9 14 5 15 17
7 7 7 4 4 7 17 9 7
5 16 9 7 15 14 0 9 17
8 13 15 8 7 17 4 15 17
4 7 10 2 16 7 5 5 14
8 16 4 15 9 12 15 9 9
15 9 15 16 15 12 15 3 9
7 17 4 17 4 7 9 16 0
17 10 9 3 10 9 11 19 17
14 9 2 2 5 16 16 13 9
0 9 11 15 5 15 12 12 0
10 6 16 5 3 8 12 19 17
9 9 15 0 5 7 4 5 0
0 10 19 17 0 7 13 0 17
4 13 12 15 4 15 6 9 17
0 9 9 18 9 15 1 15 7
9 17 18 10 0 1 6 15 0
9 9 15 7 17 12 1 16 17
8 9 11 2 9 1 4 15 11
9 7 0 5 7 7 9 9 7
0 17 4 10 19 17 4 19 9
13 9 12 4 5 2 12 4 0
15 13 13 9 12 14 3 12 17
8 9 9 0 20 15 3 5 7
5 9 19 16 9 9 15 5 17
15 10 6 7 2 11 11 16 9
15 10 19 8 2 17 16 15 17
4 10 19 7 3 15 7 8 17
7 9 8 9 4 4 10 5 9
3 10 12 12 6 7 19 0 7
15 9 10 15 20 13 12 5 9
14 10 13 8 3 7 16 0 9
15 9 16 13 19 3 15 5 15
17 17 0 0 15 7 7 5 7
17 13 5 7 3 15 0 3 7
9 9 0 12 5 5 11 15 10
19 9 17 9 5 7 0 9 9
0 3 16 5 15 5 16 0 15
5 10 9 1 15 4 13 16 12
17 10 19 0 4 16 16 12 9
4 9 15 5 5 5 12 4 15
14 9 0 0 10 4 4 1 0
9 9 0 3 20 17 8 15 9
4 17 2 16 10 15 7 19 7
0 9 1 5 13 1 17 14 7
9 9 18 0 5 12 10 0 17
15 9 5 8 0 13 16 0 13
19 17 10 16 10 7 9 4 9
19 16 10 0 2 9 17 19 0
0 5 17 0 15 0 2 12 17
9 12 0 3 5 17 15 3 17
