19 9 19 17 2 8 11 4 7
19 9 14 8 14 13 17 9 7
0 9 5 11 17 7 15 0 9
5 9 5 13 17 12 9 7 17
2 13 17 12 4 15 17 15 17
9 9 10 18 15 1 4 5 16
1 13 11 7 9 9 15 11 0
19 9 9 12 5 4 17 9 16
18 7 17 13 3 11 11 5 0
16 9 14 3 19 7 9 2 9
4 10 3 1 11 9 11 3 9
0 11 12 6 0 16 4 5 17
17 9 7 0 5 19 7 7 17
19 9 6 8 6 19 11 11 9
14 9 16 9 14 4 7 12 17
4 10 2 5 8 13 0 1 17
0 9 1 14 6 3 19 12 9
4 16 11 15 13 7 4 11 7
0 9 13 11 19 19 11 8 9
9 7 16 18 9 7 2 19 17
17 10 2 15 7 2 17 8 7
10 13 12 15 17 17 7 12 0
0 7 14 5 15 17 16 12 0
6 9 0 17 7 5 0 9 9
4 4 4 2 7 2 9 9 9
19 10 4 19 8 7 4 4 17
19 10 10 5 7 3 19 5 9
10 16 4 5 2 7 12 9 17
19 10 19 13 20 20 20 3 17
7 9 15 9 4 9 7 15 9
4 9 1 9 9 10 8 9 15
9 9 9 9 4 6 15 19 0
5 9 17 2 1 19 7 11 9
4 7 16 7 4 11 7 15 7
13 9 16 7 9 15 9 4 9
0 17 0 5 17 13 17 5 17
9 9 17 4 0 7 1 19 9
9 9 19 9 7 9 4 9 9
10 17 5 0 17 9 16 0 9
10 10 12 3 0 10 16 7 17
15 7 15 19 20 20 1 12 17
10 9 14 3 3 7 0 10 9
18 9 14 5 4 15 17 0 10
13 12 9 16 4 0 9 13 9
9 9 7 2 7 9 7 9 9
4 16 2 11 8 15 1 17 15
9 17 9 4 5 4 4 16 9
4 9 12 17 19 4 5 15 17
16 14 17 16 7 18 8 15 8
17 9 10 4 9 9 4 19 17
4 9 17 2 5 9 15 15 7
17 9 4 16 17 10 16 19 17
6 9 9 3 3 13 15 12 7
4 9 4 19 12 15 10 4 16
16 9 15 2 11 15 14 3 0
17 7 0 2 19 11 19 8 9
19 9 9 8 7 11 0 19 10
17 16 4 0 17 15 4 19 17
19 7 4 16 5 12 17 12 7
9 14 12 11 15 4 18 4 17
7 16 19 11 19 13 9 4 9
5 9 9 12 17 9 15 18 9
13 9 0 8 9 10 0 16 9
18 14 2 15 15 4 16 3 17
19 16 9 2 20 4 5 12 9
15 0 9 7 9 14 5 15 17
15 12 8 9 6 4 19 19 9
0 10 11 11 5 10 3 2 9
9 9 11 19 4 13 11 15 6
16 9 13 13 9 9 10 5 16
4 9 2 8 15 7 6 9 16
15 9 16 13 19 3 15 5 15
4 9 2 14 4 9 15 1 10
9 6 9 9 2 9 6 15 9
7 9 19 0 0 4 9 18 9
0 9 15 17 10 5 17 19 17
12 9 7 2 17 11 18 1 0
17 12 15 8 4 16 4 3 17
15 14 0 8 0 17 14 0 9
4 9 6 3 15 2 12 10 17
4 9 17 9 10 12 10 8 17
0 0 16 5 7 0 0 17 9
19 9 0 3 3 2 12 8 3
4 9 17 11 8 4 15 16 9
8 9 18 13 19 1 15 17 9
8 9 17 3 6 4 1 12 3
4 10 19 4 1 3 13 8 9
13 9 6 0 17 12 17 9 9
9 9 15 5 0 5 3 6 9
9 9 9 4 6 15 19 0 7
13 9 4 10 6 16 10 4 7
19 13 2 4 7 19 9 9 4
14 9 8 2 19 13 6 4 17
15 9 17 5 12 9 12 15 5
17 17 9 17 5 9 10 0 9
4 9 19 11 17 19 12 5 0
14 9 17 16 17 9 12 12 16
14 9 9 12 5 17 4 16 17
13 6 4 17 0 14 17 4 9
19 17 17 8 4 17 4 3 0
4 9 17 5 17 0 7 7 9
4 17 4 15 16 15 4 19 9
7 0 12 11 0 12 13 12 17
10 9 12 17 9 5 15 15 16
9 17 4 17 7 9 10 1 7
9 9 9 9 7 19 9 19 9
14 0 9 15 9 0 0 17 9
14 9 13 7 20 0 9 11 17
15 10 7 16 10 15 0 4 9
19 9 10 9 9 4 0 0 10
9 9 12 5 4 17 9 16 1
9 7 5 5 8 12 2 14 17
9 9 16 16 12 8 4 16 17
11 9 17 12 2 17 0 16 17
9 15 12 15 0 9 15 12 0
9 8 9 16 2 11 17 19 7
16 10 17 2 14 1 17 17 8
9 0 0 17 9 17 17 10 0
9 9 3 5 3 3 1 14 9
4 9 17 16 19 10 0 12 9
3 9 4 2 12 11 13 15 12
4 7 9 2 9 4 14 16 18
9 0 7 9 19 7 9 9 9
19 9 15 7 19 5 4 5 17
8 9 9 14 14 12 4 15 9
4 0 16 2 11 19 1 6 17
16 10 9 15 7 7 9 17 7
14 9 0 2 0 3 8 9 4
19 10 17 12 4 7 12 9 19
9 9 18 2 19 17 19 13 9
17 9 12 12 1 7 7 15 5
4 7 2 7 9 9 4 17 7
15 15 4 10 4 5 18 6 17
16 9 9 5 9 7 9 4 17
11 9 17 13 2 17 13 12 17
9 16 8 16 18 6 15 15 0
4 17 2 17 7 7 7 8 17
10 16 12 0 3 17 15 7 17
10 10 8 16 19 7 3 4 17
4 7 17 9 7 9 9 9 9
0 17 9 17 17 10 0 1 9
17 9 16 5 19 5 9 3 7
4 19 9 16 11 2 17 15 4
11 7 7 2 18 13 4 0 7
9 9 18 12 9 19 17 9 9
8 17 7 12 19 9 13 16 17
0 9 17 8 7 7 15 0 9
8 9 15 3 10 15 17 16 9
19 17 6 5 2 16 19 15 9
9 9 16 16 15 5 17 15 0
4 9 7 3 20 6 13 14 0
9 9 19 4 8 17 4 5 7
8 9 13 3 10 3 5 16 17
7 9 19 7 17 4 1 7 7
7 9 7 11 6 5 4 19 7
19 9 9 2 14 5 0 2 7
9 9 15 13 19 9 15 14 17
14 9 4 9 9 14 18 3 13
10 9 11 5 16 16 9 3 0
10 10 0 8 3 3 3 9 17
5 10 5 13 8 2 15 19 17
3 9 14 6 19 15 2 15 17
15 10 6 7 2 11 11 16 9
8 9 3 0 4 12 9 17 16
7 16 4 2 2 19 7 0 1
0 17 0 2 16 9 7 5 17
10 16 19 16 5 5 17 10 16
4 0 19 7 1 12 0 11 17
9 9 15 7 17 12 1 16 17
4 7 17 17 0 16 0 0 17
4 17 19 13 1 4 3 5 19
17 7 9 5 17 9 9 9 7
9 7 9 9 9 9 7 19 9
10 16 4 15 2 17 9 16 9
8 10 19 6 7 1 4 4 9
7 0 10 2 17 16 3 5 9
9 0 15 19 2 3 7 15 17
7 9 4 5 7 15 9 14 3
12 9 9 2 5 16 0 16 9
10 16 8 7 11 2 9 3 17
10 9 11 5 16 16 9 3 0
16 9 19 2 4 2 19 19 7
10 10 10 8 18 7 7 15 7
15 9 12 2 7 4 19 11 4
5 10 17 2 5 15 17 9 17
0 13 19 16 9 10 15 13 0
15 9 19 5 11 15 2 9 16
17 9 2 4 0 12 12 5 0
11 9 15 0 15 17 0 16 17
0 9 18 15 9 15 14 6 0
5 16 19 1 9 11 17 15 9
11 9 19 7 7 7 9 11 10
9 9 17 7 18 7 9 7 17
15 13 15 15 10 6 11 0 9
8 9 18 19 0 15 9 16 9
11 9 15 12 0 9 5 13 10
9 10 12 16 17 9 13 0 9
5 9 9 16 9 17 0 10 9
15 9 10 15 20 13 12 5 9
8 9 14 5 10 5 9 11 0
11 17 9 9 19 11 14 9 9
7 9 9 15 2 7 9 14 17
5 17 10 9 19 16 10 9 17
4 9 6 8 5 9 15 8 12
12 9 2 1 17 9 19 14 19
4 9 9 9 19 16 7 7 17
9 9 9 3 17 17 18 6 9
9 9 5 15 15 1 0 12 12
9 9 9 5 9 18 5 16 0
15 9 0 5 5 7 7 5 17
9 4 3 3 11 12 7 11 0
8 9 12 17 5 15 13 1 9
4 9 9 12 9 16 15 9 17
14 16 17 12 19 7 9 14 17
13 0 3 3 7 4 3 11 7
7 16 10 15 0 4 9 7 17
4 10 10 17 9 12 5 0 0
4 9 7 9 14 5 17 9 17
17 13 0 4 6 15 4 14 0
7 9 9 9 2 13 0 9 17
0 9 12 2 15 9 16 13 17
4 9 8 6 8 9 12 9 15
9 9 15 12 2 9 7 14 11
9 13 15 11 12 9 9 3 17
6 7 19 4 17 15 9 9 9
9 9 5 9 18 5 16 0 0
10 9 0 12 3 0 17 15 9
14 16 0 3 1 4 9 14 17
15 9 1 8 17 7 12 19 9
9 0 10 7 15 3 5 19 9
0 0 12 12 12 13 14 0 0
4 9 0 14 9 6 0 0 0
9 15 5 15 4 9 8 3 9
10 9 15 12 10 9 6 6 18
16 9 4 9 9 4 9 3 7
7 17 5 7 9 9 17 9 10
15 16 5 10 16 12 3 8 17
0 9 19 0 0 11 11 16 14
18 0 4 15 0 7 5 11 17
0 9 0 0 20 4 9 5 9
10 7 10 19 9 17 9 5 7
18 9 3 17 12 2 15 0 17
7 9 15 9 4 9 7 15 9
15 9 7 5 15 8 16 13 7
10 13 17 7 5 2 13 19 17
16 9 0 0 5 9 9 2 9
9 9 7 6 4 9 9 15 9
19 17 18 8 15 19 17 6 17
4 7 18 4 7 4 6 4 17
16 9 5 17 9 17 12 6 17
4 17 19 12 15 11 4 2 17
14 9 3 11 9 7 0 13 9
15 0 12 9 12 15 11 14 17
4 10 5 6 20 7 11 7 17
4 7 8 13 7 9 2 5 17
9 0 12 3 0 17 7 9 17
0 0 18 9 3 11 4 12 9
5 17 13 5 5 4 17 15 0
4 7 7 15 17 7 15 9 17
19 9 13 16 17 15 17 15 17
9 9 2 2 13 7 9 13 9
15 7 5 12 3 9 12 16 12
15 9 18 5 7 14 18 19 7
0 17 0 2 10 13 17 5 0
9 6 9 0 17 7 5 0 9
4 17 2 16 10 15 7 19 7
9 17 9 10 0 17 17 9 0
9 9 19 9 7 9 4 9 9
8 9 9 14 2 15 6 17 9
9 17 9 12 15 7 12 15 17
9 0 2 0 11 9 2 8 17
9 9 18 14 8 9 9 18 6
10 0 1 9 17 12 0 0 16
9 1 16 3 9 11 16 15 9
9 9 7 5 1 18 19 1 14
14 9 6 5 9 15 0 4 15
5 7 4 1 4 14 7 9 9
8 9 12 8 19 15 9 4 3
4 9 15 5 5 5 12 4 15
4 9 7 15 17 7 17 9 17
19 16 16 2 14 17 10 16 17
17 9 7 0 5 19 7 7 17
9 9 9 3 12 9 3 5 2
9 9 10 16 5 5 17 16 9
6 9 10 4 2 2 19 17 9
4 9 15 7 17 17 2 6 17
15 9 4 1 13 10 17 15 15
9 9 11 1 11 7 11 11 17
10 17 12 14 3 0 0 4 7
0 9 13 13 1 9 13 5 0
0 9 9 5 20 7 12 8 17
16 4 9 8 7 7 12 10 9
19 9 12 19 12 2 12 15 14
16 9 2 3 1 5 9 15 19
9 16 9 2 3 13 7 4 17
9 10 0 15 7 15 15 4 9
8 9 7 12 15 18 0 15 17
9 11 7 1 8 3 11 3 17
5 17 10 9 19 16 10 9 17
7 9 19 19 9 15 0 8 7
17 9 4 4 14 15 0 15 15
9 17 11 7 12 0 11 5 17
17 9 13 2 20 4 7 7 9
4 9 0 3 6 12 11 17 16
10 7 19 5 19 2 16 18 7
8 10 17 3 0 10 0 16 5
14 9 2 18 19 15 9 10 16
0 7 2 0 0 9 16 15 17
9 0 17 8 0 9 19 12 17
10 9 17 14 14 16 3 5 7
9 12 9 5 0 1 4 12 9
14 9 0 0 9 0 7 0 0
7 7 9 4 7 9 4 4 0
5 16 0 16 5 17 2 10 0
11 9 2 3 8 0 11 3 7
17 4 5 9 9 9 9 5 9
4 0 2 1 10 19 19 4 9
0 17 0 5 0 0 7 9 17
17 0 10 15 9 16 17 5 0
4 9 7 6 15 0 2 18 9
7 16 8 19 11 9 14 3 9
9 12 16 17 8 9 0 3 17
9 10 12 13 12 9 0 2 5
0 9 17 0 9 17 7 16 7
7 7 9 18 4 4 11 0 10
9 10 7 3 19 11 9 9 16
14 10 0 16 20 17 3 1 17
19 9 9 15 9 4 15 16 9
9 9 10 5 15 15 2 9 0
10 9 5 7 18 4 4 16 9
4 16 9 3 5 5 6 14 0
10 10 3 6 12 15 9 13 0
15 9 5 0 13 16 0 0 0
14 9 15 14 8 9 7 11 5
4 9 0 8 7 9 8 12 9
9 3 0 8 5 19 8 3 17
10 16 3 13 16 2 3 0 17
14 9 15 16 0 15 4 12 16
9 9 16 3 17 3 16 19 17
3 4 0 4 8 2 9 4 17
4 13 19 9 9 12 5 4 17
9 9 12 16 12 6 1 3 15
9 19 10 5 4 14 9 19 9
7 9 16 9 2 7 4 19 9
19 8 15 12 0 15 2 0 19
8 16 10 0 17 16 19 3 9
4 7 19 9 9 4 0 15 10
15 9 15 7 4 4 7 17 17
17 9 8 0 5 13 16 17 16
10 9 3 3 7 9 8 16 9
2 9 7 2 19 7 19 5 7
19 7 18 7 8 11 9 3 16
8 16 9 3 16 12 3 4 17
19 9 12 7 15 7 9 11 17
9 12 10 9 19 4 9 19 17
15 9 0 12 1 4 1 9 15
17 9 2 16 16 9 19 0 17
16 7 10 5 15 19 9 5 17
19 9 4 8 10 7 12 9 9
9 7 6 13 15 7 16 5 9
9 9 2 2 3 1 0 4 19
17 4 2 3 12 9 9 4 17
7 9 15 12 9 16 8 5 7
13 10 15 1 16 2 0 0 1
7 17 7 5 17 7 7 9 0
