9 9 0 3 9 15 15 12 4
11 7 9 9 15 11 0 12 9
9 9 3 16 8 16 7 9 17
9 9 3 5 3 3 1 14 9
0 10 4 16 16 10 19 11 7
15 16 6 1 15 5 12 15 17
9 9 9 18 12 9 19 17 9
4 9 13 4 14 5 11 3 17
16 9 16 7 15 4 4 9 7
7 16 19 11 19 13 9 4 9
15 16 4 5 10 9 19 4 0
0 15 4 4 15 15 18 13 7
4 10 19 7 3 15 7 8 17
0 10 12 4 15 7 4 19 14
9 10 12 16 17 9 13 0 9
9 9 15 5 15 2 9 4 7
10 16 15 1 17 15 3 13 9
4 7 9 6 14 9 6 3 7
19 16 11 18 0 7 7 9 9
7 9 4 7 10 4 10 9 7
3 9 0 0 6 13 8 8 7
17 9 4 3 17 4 17 17 4
4 7 10 2 16 7 5 5 14
15 9 16 13 19 3 15 5 15
16 9 0 0 5 9 9 2 9
12 9 17 17 0 0 15 7 7
17 10 10 0 17 14 19 19 10
19 9 12 5 3 12 3 5 7
8 9 4 7 14 13 3 3 17
9 0 9 12 17 7 11 11 9
13 9 0 16 9 2 19 9 17
19 10 4 0 7 17 3 7 17
10 9 2 10 19 15 17 10 9
10 9 9 11 17 13 16 9 7
6 7 2 2 15 2 15 7 16
19 9 19 6 9 15 7 11 17
8 17 10 1 14 4 14 12 17
9 0 17 2 8 13 18 6 9
12 10 5 8 9 16 4 4 17
8 9 9 0 20 15 3 5 7
13 0 6 13 14 17 6 16 17
9 12 9 5 0 1 4 12 9
4 9 16 5 16 4 17 16 0
7 10 10 19 14 16 6 1 13
4 9 7 9 14 5 17 9 17
5 7 16 16 15 17 4 12 17
0 9 17 4 7 15 6 5 0
17 9 15 5 16 16 0 0 13
9 9 2 19 5 9 6 5 9
19 16 11 2 4 9 8 19 9
8 9 0 14 17 7 15 14 9
10 16 16 13 13 0 5 19 17
15 17 9 3 19 13 16 0 17
9 10 17 3 15 4 7 3 17
19 9 0 3 0 2 9 15 19
11 17 4 8 19 9 16 15 17
7 9 0 19 16 3 2 3 17
17 9 5 7 0 9 9 19 7
5 9 6 1 2 4 0 1 9
19 9 2 5 0 0 2 7 17
16 17 13 3 4 7 4 15 0
4 13 15 9 16 7 4 15 16
9 9 9 18 12 9 19 17 9
10 7 17 9 9 17 4 0 7
19 9 9 4 5 7 8 1 7
14 7 18 15 18 9 9 5 0
8 9 14 11 18 13 18 18 14
19 7 18 7 8 11 9 3 16
4 9 7 2 9 0 4 9 7
0 18 7 15 8 12 12 5 17
16 9 9 13 0 1 14 15 17
0 7 13 2 4 7 7 3 17
5 9 8 15 8 16 6 0 17
17 9 8 0 5 13 16 17 16
0 13 17 16 16 16 3 18 17
0 7 7 5 9 1 0 19 0
0 9 8 11 11 5 8 17 17
7 9 18 19 17 4 14 9 0
17 9 10 12 16 17 9 13 0
9 0 10 7 15 3 5 19 9
5 7 5 7 9 16 17 7 9
5 9 14 0 9 14 3 16 9
19 9 4 9 7 1 6 11 9
19 16 19 0 4 16 8 8 17
9 11 5 8 11 7 3 2 17
7 9 18 4 4 11 0 10 17
7 9 5 0 2 12 9 14 17
15 9 19 8 5 12 7 12 17
0 9 13 11 4 2 11 8 9
9 9 0 12 5 5 11 15 10
4 9 7 1 6 11 9 14 0
16 10 9 0 14 9 0 15 0
4 9 15 16 17 10 2 14 17
5 9 7 7 7 15 7 4 9
7 7 19 16 1 7 11 4 7
19 10 3 0 20 17 0 9 17
4 9 17 16 19 10 0 12 9
19 9 10 2 3 3 17 12 0
18 0 4 15 0 7 5 11 17
4 14 7 7 0 8 11 2 17
18 9 11 15 0 16 0 9 7
19 9 9 15 9 4 15 16 9
13 9 17 18 3 11 4 9 0
14 9 5 14 2 12 9 9 9
7 9 18 19 0 12 3 15 9
4 7 6 5 5 0 7 0 16
9 19 4 0 5 5 9 15 17
9 9 15 7 17 12 1 16 17
11 9 16 3 5 12 19 12 9
17 7 15 17 7 4 19 4 7
4 0 6 3 0 12 0 4 9
10 9 15 12 10 9 6 6 18
10 13 12 15 17 17 7 12 0
4 15 7 5 6 12 9 11 10
7 9 18 16 4 15 7 19 9
13 16 7 2 11 7 17 4 9
0 7 15 5 17 9 10 12 16
4 9 3 12 13 18 19 14 17
16 9 7 15 14 0 9 17 17
16 9 14 3 19 7 9 2 9
6 9 10 4 2 2 19 17 9
9 9 4 17 7 17 7 19 7
15 8 3 3 9 12 19 19 17
17 11 5 0 10 10 4 19 17
4 9 12 18 6 14 9 4 9
4 0 17 13 16 7 17 4 7
0 9 7 14 16 9 13 13 9
17 4 2 3 12 9 9 4 17
8 9 15 4 15 7 17 15 9
11 17 9 9 19 11 14 9 9
9 10 0 17 17 9 0 15 9
19 10 0 12 9 1 9 10 17
19 9 17 15 4 5 17 18 7
9 9 10 5 16 1 16 7 17
4 16 5 15 3 17 3 11 17
17 7 4 17 1 17 7 9 7
14 19 5 15 4 15 17 16 9
7 7 8 9 12 8 19 15 9
7 10 10 19 14 16 6 1 13
4 7 19 9 9 4 0 15 10
9 17 19 5 17 14 12 5 10
9 9 18 12 9 19 17 9 9
9 9 16 12 11 3 4 3 7
7 9 14 5 15 17 0 6 8
16 0 0 17 1 9 9 4 7
0 7 6 9 19 4 9 4 17
7 9 12 4 16 12 3 4 9
4 16 19 16 5 5 19 2 17
5 9 9 14 17 7 15 5 17
9 12 7 4 4 1 9 18 17
17 7 2 0 0 4 11 5 5
10 7 17 9 9 17 4 0 7
0 9 7 14 15 9 13 13 9
4 9 15 19 7 15 2 16 17
10 9 4 19 20 20 20 20 20
0 9 4 5 7 8 9 12 0
9 9 6 9 0 17 7 5 0
19 9 12 7 15 7 9 11 17
17 9 0 11 2 12 2 0 6
1 10 19 19 4 9 6 19 19
8 7 11 7 4 10 0 4 9
15 10 8 19 9 10 9 9 4
11 9 3 9 16 9 9 8 9
9 3 0 8 5 19 8 3 17
4 4 18 13 17 9 3 0 17
17 9 18 6 17 14 19 18 17
0 9 7 9 17 15 4 17 9
13 9 12 5 12 7 18 3 4
17 13 19 7 8 4 7 4 9
15 9 16 8 8 7 16 9 9
9 0 13 3 19 16 16 15 9
17 0 10 15 9 16 17 5 0
16 19 9 3 8 0 7 8 7
4 9 15 13 14 17 0 4 9
9 17 9 10 0 17 17 9 0
16 9 14 11 16 11 12 11 4
0 17 17 15 16 13 9 7 10
9 19 10 5 4 14 9 19 9
19 9 11 18 7 17 14 11 9
8 16 17 15 7 16 15 19 7
8 10 19 6 7 1 4 4 9
5 9 0 4 2 10 2 3 7
16 9 9 5 9 7 9 4 17
0 9 4 16 20 18 16 11 9
8 17 17 3 4 9 0 10 9
19 9 18 3 20 19 19 5 17
14 17 4 17 7 9 19 9 9
8 9 15 3 13 17 17 9 16
10 17 11 16 17 9 7 16 17
14 16 17 12 19 7 9 14 17
9 9 12 5 4 17 9 16 1
10 4 12 0 13 12 4 5 9
14 9 14 15 15 17 12 5 17
4 10 10 17 9 12 5 0 0
5 3 15 17 12 5 7 3 3
4 7 6 5 5 7 9 19 0
11 10 8 3 3 10 0 14 6
5 9 4 5 1 9 4 3 1
6 9 7 10 7 19 4 4 7
0 13 15 18 0 4 3 13 17
10 19 9 11 19 4 14 5 9
14 9 14 5 10 5 9 11 0
15 9 17 2 13 9 12 15 9
4 10 15 3 15 16 15 11 7
16 9 11 9 14 9 15 0 17
15 7 7 15 9 4 17 9 9
19 9 14 9 19 7 7 9 0
4 9 12 5 17 19 15 17 7
13 10 15 1 16 2 0 0 1
18 15 7 5 17 7 16 19 7
4 7 2 16 17 15 17 19 16
4 10 11 9 19 15 4 16 7
4 9 6 3 15 2 12 10 17
16 9 9 5 9 7 9 4 17
15 16 9 7 17 16 7 19 17
10 5 17 7 4 9 7 15 17
0 17 0 5 0 0 7 9 17
14 9 17 1 16 9 9 11 0
13 12 9 16 4 0 9 13 9
16 9 13 3 9 15 6 0 9
16 9 6 6 9 9 10 15 13
15 13 9 5 5 9 6 9 9
4 0 11 19 11 4 16 9 9
7 9 11 8 12 9 7 16 17
9 7 9 1 19 4 7 9 7
4 17 15 8 2 7 15 15 5
15 9 13 12 20 0 12 0 9
0 9 4 11 9 7 5 16 4
10 10 5 4 14 16 13 3 17
19 9 5 10 4 11 12 19 15
9 7 12 4 9 7 9 4 7
7 17 17 7 9 10 15 10 17
15 9 3 3 7 11 1 16 7
15 10 12 2 4 2 9 6 9
4 0 9 9 8 4 16 19 9
15 9 9 2 15 1 16 8 9
15 0 9 7 9 14 5 15 17
5 10 17 8 0 0 9 3 0
16 9 9 5 2 5 7 17 17
0 9 0 12 0 12 17 3 17
10 9 13 11 0 9 16 16 10
0 7 5 5 0 0 16 5 7
7 10 12 5 11 15 4 0 17
19 16 10 0 2 9 17 19 0
10 9 10 0 13 3 0 9 0
4 7 15 15 4 9 9 12 9
0 17 4 10 19 17 4 19 9
16 12 18 1 15 12 7 8 17
19 9 11 16 9 16 9 0 17
9 9 7 6 4 9 9 15 9
19 9 15 7 19 5 4 5 17
14 17 4 14 2 15 18 0 9
16 9 2 15 13 17 10 15 9
18 9 16 15 7 9 9 15 9
9 17 8 6 5 9 14 0 9
10 0 17 0 7 9 8 3 17
17 10 7 11 12 16 12 5 7
9 9 3 6 5 13 4 2 9
10 9 9 6 17 5 7 12 9
5 10 9 1 15 4 13 16 12
16 7 10 5 17 7 4 9 7
15 7 17 1 7 17 0 0 17
7 9 17 5 19 10 15 11 9
15 9 12 4 13 4 0 6 14
3 9 0 0 6 13 8 8 7
9 9 7 5 7 1 17 0 17
16 17 7 9 5 17 9 9 9
15 7 4 4 19 15 15 4 17
8 9 8 2 17 9 9 13 17
17 17 9 15 5 16 16 0 0
8 13 9 6 20 17 17 12 9
7 7 9 4 7 9 4 4 0
19 9 19 13 12 1 2 9 9
4 17 4 7 9 16 0 7 9
15 9 12 2 7 4 19 11 4
9 9 15 12 2 9 7 14 11
0 9 0 7 5 9 18 5 9
1 10 5 3 11 13 4 11 17
19 9 11 0 17 15 9 1 7
13 9 10 0 3 8 9 13 9
10 9 15 2 16 9 8 11 9
13 9 19 12 3 18 16 3 0
9 13 10 0 11 16 9 12 17
4 7 9 2 9 4 14 16 18
4 9 3 13 13 11 8 7 9
14 17 0 2 3 16 19 8 0
9 9 10 5 15 15 2 9 0
0 10 9 6 18 15 9 7 9
14 9 2 2 5 16 16 13 9
7 0 5 19 7 7 17 4 17
19 10 12 1 15 0 19 13 8
9 4 3 3 11 12 7 11 0
15 16 15 4 19 9 7 15 7
0 9 7 3 0 19 17 2 7
14 10 12 17 19 7 9 9 16
4 9 11 7 11 6 19 9 9
0 9 6 2 9 12 3 11 9
9 9 9 7 15 9 17 19 0
7 7 10 0 7 11 17 4 16
9 9 10 16 15 9 13 19 0
19 16 18 15 9 16 19 16 17
19 9 8 7 5 16 9 9 17
9 9 10 16 5 5 17 16 9
5 9 16 4 8 5 12 5 0
16 9 7 5 2 1 0 16 17
4 17 9 16 0 0 6 1 9
14 9 13 7 20 0 9 11 17
5 9 9 15 9 3 3 3 9
19 9 1 3 0 10 9 11 16
11 9 17 12 9 17 0 16 17
17 9 2 4 0 12 12 5 0
15 13 17 2 9 12 1 5 7
4 10 2 5 8 13 0 1 17
4 7 4 9 13 10 0 9 9
9 7 10 7 17 9 7 16 10
9 7 10 19 15 17 7 5 17
15 9 10 15 20 13 12 5 9
15 9 5 12 9 9 2 5 16
7 9 15 0 17 0 7 4 1
11 7 17 2 0 7 7 16 9
19 1 1 7 14 17 4 9 0
15 9 11 9 14 3 16 11 9
9 9 5 15 15 1 0 12 12
9 9 18 2 19 17 19 13 9
7 9 13 11 14 9 17 19 17
4 9 6 8 5 19 17 12 1
9 17 12 0 0 16 0 15 9
14 9 17 8 14 13 17 12 9
0 9 6 2 9 12 3 11 9
16 10 7 9 4 9 8 9 9
7 17 7 9 17 17 16 5 17
14 9 0 1 5 17 7 5 7
10 7 4 7 15 15 4 9 9
18 9 3 17 12 2 15 0 17
6 9 9 3 3 13 15 12 7
5 9 18 14 12 0 18 14 1
9 9 5 12 20 0 12 5 17
5 9 9 2 14 9 19 2 9
9 9 9 4 6 15 19 0 7
7 9 15 2 2 10 9 11 7
9 12 2 5 13 17 7 18 17
15 18 9 9 5 0 0 10 17
13 0 3 3 7 4 3 11 7
10 0 9 7 5 2 15 16 17
19 16 19 15 5 9 4 1 17
0 9 5 5 17 4 10 10 9
16 17 19 11 3 9 16 8 17
8 13 15 8 7 17 4 15 17
6 17 2 5 8 7 9 4 17
10 9 11 5 16 16 9 3 0
17 17 10 16 15 9 0 9 17
5 16 9 7 15 14 0 9 17
15 9 9 13 16 8 11 19 15
14 9 2 18 19 15 9 10 16
11 9 19 7 7 7 9 11 10
3 9 11 16 15 9 13 2 7
10 9 9 13 0 1 14 15 17
19 9 3 12 0 12 17 16 0
15 3 18 0 19 1 17 2 9
9 15 5 15 4 9 8 3 9
4 9 15 11 4 12 4 15 9
10 4 9 0 14 5 7 17 4
14 10 0 16 10 9 3 19 17
2 9 19 1 5 7 9 19 0
13 9 9 2 17 8 9 0 9
