7 9 9 9 7 5 7 1 17
4 16 4 16 11 17 1 15 9
4 17 7 9 19 9 9 0 17
9 10 4 7 4 16 5 7 16
19 8 15 12 0 15 2 0 19
9 9 17 4 0 7 1 19 9
4 17 17 0 9 7 5 11 17
6 9 19 2 9 3 15 5 10
11 9 7 4 20 17 4 19 10
7 10 16 15 19 13 19 9 7
10 9 0 2 8 16 8 15 7
15 16 7 8 2 7 7 15 9
19 7 17 8 9 9 7 15 0
15 9 15 15 15 5 0 12 15
19 13 15 4 9 4 18 4 9
8 9 13 3 10 3 5 16 17
7 10 4 16 1 10 2 12 9
15 10 9 3 4 10 19 9 0
19 17 0 15 19 9 9 0 0
8 9 4 7 14 13 3 3 17
9 7 7 2 15 11 15 16 7
19 9 9 12 5 4 17 9 16
19 16 0 15 16 15 2 0 17
9 9 15 5 15 2 9 4 7
0 9 11 9 5 3 16 4 17
9 10 2 11 8 5 9 5 17
5 9 16 2 0 15 4 11 17
9 9 6 9 0 17 7 5 0
9 9 4 8 16 11 14 8 17
15 7 6 17 16 17 15 11 17
14 0 9 15 9 0 0 17 9
10 16 19 16 5 5 17 10 16
0 0 12 12 12 13 14 0 0
9 9 9 7 5 1 18 19 1
17 10 19 0 4 16 16 12 9
0 9 11 15 5 15 12 12 0
14 7 18 15 18 9 9 5 0
19 9 7 15 7 4 9 6 9
0 9 7 14 6 9 13 13 9
14 13 17 12 9 2 1 17 9
17 10 9 3 10 9 11 19 17
19 10 16 4 5 2 7 12 9
17 9 2 15 3 7 17 9 17
11 7 9 9 15 11 0 12 9
14 15 4 17 19 17 18 8 16
10 10 7 2 2 4 5 16 0
17 9 7 0 5 19 7 7 17
9 16 9 5 3 4 9 8 9
6 9 5 3 9 6 0 7 9
0 9 0 0 20 0 9 17 17
9 9 9 17 7 16 1 1 17
17 9 12 0 17 17 19 15 16
4 9 9 14 18 3 13 3 7
17 9 10 4 9 9 4 19 17
4 9 13 4 14 5 11 3 17
11 17 15 0 0 9 0 0 9
8 10 19 6 7 1 4 4 9
15 9 16 8 8 7 16 9 9
19 0 16 17 3 17 12 15 9
4 16 15 15 4 19 11 19 17
15 9 15 16 4 13 13 10 18
0 13 15 18 0 4 3 13 17
15 9 11 9 14 3 16 11 9
16 7 10 5 15 19 9 5 17
9 14 14 5 2 9 12 4 17
19 17 6 5 2 16 19 15 9
15 7 10 15 16 3 15 7 16
0 10 4 16 0 0 9 11 7
7 9 13 0 6 9 6 15 9
0 9 17 0 9 17 7 16 7
4 9 18 2 0 19 4 15 15
9 6 9 9 2 9 6 15 9
0 9 13 16 5 7 16 9 17
14 9 0 15 20 5 17 19 9
0 10 17 9 0 17 14 5 17
8 9 2 12 14 9 0 13 9
8 17 10 1 14 4 14 12 17
9 9 2 15 9 12 10 2 17
19 9 2 3 7 7 3 13 7
16 3 13 3 9 12 13 15 13
15 16 7 8 3 0 9 15 17
9 9 2 7 2 14 4 16 7
7 9 19 19 9 15 0 8 7
9 9 4 12 18 12 9 12 16
4 9 8 14 9 3 9 8 12
15 17 9 3 19 13 16 0 17
16 12 18 1 15 12 7 8 17
4 13 12 15 4 15 6 9 17
16 9 10 11 17 9 16 9 17
0 7 1 19 9 12 7 15 7
4 9 7 1 6 11 9 14 0
7 9 16 9 2 7 4 19 9
15 13 17 2 9 12 1 5 7
0 9 7 14 14 9 13 13 9
4 9 0 0 14 9 18 14 0
17 4 8 9 19 19 4 3 7
17 7 17 7 19 7 4 16 17
8 10 12 18 11 11 13 9 9
6 10 7 2 8 9 4 19 17
13 16 7 2 11 7 17 4 9
11 7 19 2 9 4 17 18 10
19 10 0 12 3 17 17 3 17
9 9 2 11 15 16 16 5 16
15 9 4 15 9 9 9 17 7
17 9 4 9 9 17 7 5 0
2 9 7 16 17 16 0 16 9
5 13 17 12 9 7 17 5 7
8 9 9 14 2 15 6 17 9
9 0 13 3 19 16 16 15 9
5 11 7 12 0 9 9 2 17
0 9 5 7 17 15 12 14 17
0 13 17 17 9 13 0 0 7
0 17 7 5 0 9 9 0 17
9 9 15 9 9 17 7 18 7
4 0 0 3 9 16 7 5 17
4 9 9 17 7 5 0 1 17
17 9 2 13 9 14 1 11 5
5 0 0 16 5 7 0 0 17
19 9 17 2 15 17 0 8 10
9 13 5 3 19 12 12 13 9
15 9 11 2 19 8 12 12 17
17 15 9 0 2 16 11 15 9
5 9 15 7 5 16 5 14 0
7 9 18 16 4 15 7 19 9
9 10 12 16 17 9 13 0 9
0 10 0 15 0 15 16 15 0
15 10 9 5 7 18 4 4 16
16 9 4 9 9 4 9 3 7
8 9 1 7 4 0 12 4 17
9 9 9 9 9 12 12 0 9
7 9 19 0 0 4 9 18 9
7 7 10 0 7 11 17 4 16
9 12 10 9 19 4 9 19 17
19 17 19 12 2 11 9 12 17
5 9 16 4 8 5 12 5 0
19 9 13 16 17 15 17 15 17
17 4 11 7 1 2 17 12 9
6 17 2 5 8 7 9 4 17
9 9 7 5 7 1 17 0 17
10 0 3 6 2 17 19 5 17
14 12 2 0 17 9 10 3 17
7 9 5 3 16 8 0 19 17
9 9 17 3 8 16 16 1 17
13 17 15 1 1 2 18 9 9
10 7 17 9 9 17 4 0 7
17 16 4 0 17 15 4 19 17
4 0 9 5 11 17 7 15 0
4 0 7 3 0 9 0 8 0
16 7 4 15 16 7 7 4 17
9 6 17 2 11 6 7 5 7
8 9 15 12 15 12 15 15 14
14 9 11 13 9 3 15 8 17
19 9 11 0 17 15 9 1 7
15 9 15 15 13 9 15 11 9
7 0 12 11 0 12 13 12 17
9 9 4 4 9 0 9 15 7
15 9 4 0 9 5 11 17 7
19 9 2 7 4 1 18 8 17
13 17 4 18 7 0 12 12 17
9 16 0 3 3 11 9 15 7
9 10 9 9 4 0 0 10 7
19 10 19 9 14 13 9 4 14
0 10 16 0 4 4 5 3 9
9 9 9 3 17 17 18 6 9
17 7 19 3 0 17 7 6 9
17 7 18 17 11 11 16 7 7
0 17 18 16 7 7 4 7 17
4 9 0 12 8 9 19 0 9
14 10 7 9 19 9 3 15 17
4 7 6 5 5 7 9 19 0
12 3 18 16 3 0 13 14 9
11 9 17 12 9 17 0 16 17
15 10 4 17 11 15 9 9 9
9 7 10 19 15 17 7 5 17
0 13 17 16 16 16 3 18 17
2 15 16 13 16 16 16 13 8
8 16 4 15 9 12 15 9 9
9 9 18 12 9 19 17 9 9
9 12 9 5 0 1 4 12 9
7 17 19 3 0 0 2 0 7
8 9 7 5 7 16 0 7 10
0 18 7 15 8 12 12 5 17
9 13 5 3 19 12 12 13 9
8 0 9 3 16 2 17 12 0
7 10 11 4 4 8 16 3 7
9 10 0 15 7 15 15 4 9
4 9 9 19 19 5 13 2 7
16 9 14 9 17 8 14 13 17
8 9 4 13 8 9 0 8 17
14 9 9 17 6 9 13 17 7
0 9 7 14 1 9 13 13 9
9 7 10 4 3 13 19 4 7
0 13 19 16 9 10 15 13 0
17 0 5 16 13 3 17 4 17
14 9 5 14 2 12 9 9 9
15 9 7 19 14 14 14 9 10
5 17 10 14 5 11 6 19 0
9 17 4 5 14 14 9 4 9
15 9 4 1 13 10 17 15 15
0 3 12 15 5 16 16 15 17
17 2 15 7 4 3 13 18 9
4 9 9 7 14 19 7 16 16
17 9 7 0 5 19 7 7 17
11 10 16 8 2 18 4 9 17
0 9 19 0 0 11 11 16 14
17 9 15 17 0 9 11 6 9
4 9 7 12 8 5 4 19 0
9 13 9 3 3 9 3 8 17
9 7 10 4 3 13 19 4 7
7 9 12 4 16 12 3 4 9
10 4 9 0 14 5 7 17 4
9 9 0 17 5 0 16 8 17
8 17 7 12 19 9 13 16 17
4 9 15 13 14 17 0 4 9
7 17 10 3 19 9 0 4 9
9 9 9 12 19 16 7 11 9
19 17 4 8 14 19 9 15 7
13 17 18 3 0 16 0 16 17
8 17 7 12 19 9 13 16 17
0 9 4 0 5 15 10 13 9
19 9 17 15 15 9 15 3 7
5 9 17 2 1 19 7 11 9
4 9 0 17 5 5 17 9 9
17 17 16 0 17 9 7 9 17
3 4 0 4 8 2 9 4 17
8 9 15 15 4 4 13 15 17
8 10 0 11 2 7 14 4 9
16 17 19 11 3 9 16 8 17
15 9 3 3 7 11 1 16 7
17 9 19 14 19 5 15 4 15
9 10 0 15 16 15 9 8 13
7 9 0 9 1 7 7 4 17
15 13 7 9 8 3 6 12 17
8 7 11 9 15 9 4 0 9
1 10 5 3 11 13 4 11 17
4 9 7 15 17 7 17 9 17
17 9 8 3 5 15 3 19 14
17 9 5 7 0 4 4 15 0
4 10 2 5 8 13 0 1 17
9 9 11 19 4 13 11 15 6
14 16 11 2 18 2 4 17 17
9 7 16 18 9 7 2 19 17
7 9 4 17 17 7 17 5 9
7 5 9 7 17 7 9 4 7
17 9 9 9 17 17 17 10 10
17 17 9 17 5 9 10 17 9
4 13 19 9 9 12 5 4 17
5 9 9 16 9 17 0 10 9
9 9 3 6 5 13 4 2 9
15 9 9 2 15 1 16 8 9
10 9 9 13 0 1 14 15 17
7 9 15 12 9 16 8 5 7
10 9 3 3 7 9 8 16 9
9 9 19 4 8 17 4 5 7
9 12 19 19 2 12 18 4 9
3 9 14 6 19 15 2 15 17
19 7 15 5 18 11 12 16 9
9 7 6 13 15 7 16 5 9
19 9 4 2 4 17 7 15 9
13 9 2 5 15 11 17 15 0
4 16 9 3 5 5 6 14 0
0 9 2 3 8 9 4 9 7
13 9 4 10 6 16 10 4 7
13 9 4 8 19 17 12 15 0
15 9 13 12 20 0 12 0 9
4 10 11 9 19 15 4 16 7
0 9 13 11 19 19 11 8 9
15 9 15 3 13 9 9 13 9
9 9 15 0 5 7 4 5 0
17 9 5 18 8 17 15 2 9
9 7 19 4 9 4 9 12 9
0 9 15 17 10 5 17 19 17
5 17 9 12 9 15 12 15 17
10 16 19 16 5 5 17 10 16
7 7 4 4 7 17 9 7 9
10 9 7 0 15 16 9 7 17
4 0 6 3 0 12 0 4 9
10 16 15 1 17 15 3 13 9
9 17 11 7 12 0 11 5 17
7 10 11 4 4 8 16 3 7
4 10 3 1 11 9 11 3 9
14 9 0 0 5 7 17 16 17
17 9 18 0 6 5 4 3 9
19 9 9 4 5 7 8 1 7
0 9 5 5 17 4 10 10 9
9 9 7 19 9 19 9 8 17
5 10 0 3 9 10 0 5 9
5 10 0 5 13 7 12 12 9
12 7 5 3 11 15 12 9 9
9 4 3 3 11 12 7 11 0
19 10 5 4 14 9 19 9 0
19 16 7 11 1 9 9 19 7
9 7 6 2 11 7 10 19 16
4 9 9 7 20 11 15 15 17
4 13 13 12 13 4 13 19 9
15 9 19 8 5 12 7 12 17
19 9 9 11 7 12 5 12 7
8 9 13 17 3 9 2 11 17
8 6 4 9 14 11 13 12 9
10 9 12 17 9 5 15 15 16
14 9 12 7 9 9 9 9 7
15 9 0 3 20 15 19 4 17
2 3 16 5 17 3 17 8 2
0 9 9 18 9 15 1 15 7
0 9 0 12 15 16 10 8 7
14 9 0 0 9 0 7 0 0
9 17 13 0 5 11 17 13 9
1 13 11 7 9 9 15 11 0
9 9 7 2 7 9 7 9 9
4 7 16 7 4 11 7 15 7
19 9 7 14 20 14 3 8 17
5 16 19 0 17 11 7 6 17
6 9 12 2 14 17 6 4 0
3 8 2 8 4 4 0 19 9
8 9 9 0 20 15 3 5 7
0 4 12 2 19 1 16 19 9
9 17 7 16 7 11 19 4 9
5 9 0 19 3 7 3 12 7
9 9 9 4 6 15 19 0 7
4 10 3 1 11 9 11 3 9
8 9 13 0 0 12 19 7 17
4 9 7 6 15 0 2 18 9
11 15 11 2 7 17 11 0 7
16 0 18 9 3 18 18 6 17
13 4 1 2 17 14 9 13 17
4 16 9 11 6 17 9 0 9
4 9 5 19 20 7 12 8 0
9 9 15 1 15 0 2 5 0
16 9 9 12 3 4 12 11 17
8 9 17 15 7 15 11 4 7
12 9 5 12 13 4 12 4 16
9 9 12 12 13 2 12 6 9
16 9 0 19 15 4 13 15 9
9 10 7 19 5 9 12 18 10
18 9 16 15 7 9 9 15 9
3 9 4 2 12 11 13 15 12
4 14 7 7 0 8 11 2 17
9 9 17 0 12 10 12 16 0
19 9 1 9 13 11 11 4 7
5 9 19 16 9 9 15 5 17
16 3 17 7 15 16 0 12 17
4 9 0 17 9 15 12 16 7
11 17 4 8 19 9 16 15 17
9 9 10 4 12 15 16 16 0
17 17 9 17 5 9 10 0 9
19 9 2 15 16 14 16 7 7
4 7 4 6 4 17 6 15 0
15 9 15 17 17 14 12 10 16
19 7 2 7 5 11 19 16 17
2 9 12 15 5 4 11 16 9
4 0 19 7 1 12 0 11 17
15 0 12 9 12 15 11 14 17
9 10 11 2 13 3 17 5 17
7 10 15 8 3 9 18 12 17
4 17 19 13 1 4 3 5 19
9 13 11 5 14 2 10 19 17
9 0 0 9 4 10 19 19 0
14 9 7 3 9 7 14 14 0
15 7 5 12 3 9 12 16 12
5 7 9 9 17 9 10 0 17
10 9 9 13 0 19 14 15 17
19 9 7 9 4 9 9 4 17
17 17 10 16 15 9 0 9 17
9 0 0 0 5 9 17 5 17
15 10 0 5 11 18 0 8 17
