19 7 7 3 7 9 8 12 9
9 9 9 9 9 12 12 0 9
0 10 9 6 18 15 9 7 9
9 12 15 8 19 17 11 4 9
7 9 8 9 4 4 10 5 9
7 4 9 9 6 6 0 4 17
0 9 11 9 5 3 16 4 17
4 9 11 14 4 16 16 16 9
0 9 15 17 10 5 17 19 17
4 7 17 9 7 9 9 9 9
4 7 9 6 14 9 6 3 7
6 9 0 17 7 5 0 9 9
7 10 10 19 14 16 6 1 13
4 0 14 9 4 17 4 13 17
15 9 0 2 16 11 15 9 0
4 9 2 18 10 2 16 4 5
0 17 18 16 7 7 4 7 17
19 9 2 3 7 7 3 13 7
16 10 9 0 14 9 0 15 0
19 9 18 3 20 19 19 5 17
18 9 11 5 4 15 17 0 10
19 17 0 15 19 9 9 0 0
10 9 5 16 6 16 10 3 17
8 7 2 9 6 8 19 17 16
11 7 4 5 16 12 3 4 17
7 17 17 7 9 10 15 10 17
9 9 15 9 4 15 16 9 17
16 9 10 11 17 9 16 9 17
8 9 16 14 14 12 7 4 7
19 9 9 12 5 4 17 9 16
7 10 3 19 6 9 9 4 0
15 5 19 9 0 3 0 2 9
8 7 15 2 14 19 19 9 9
9 7 9 9 9 9 7 19 9
0 10 13 15 19 16 18 15 9
4 9 16 5 16 4 17 16 0
17 9 9 3 13 10 5 15 9
16 13 19 9 2 4 9 9 9
5 17 10 9 19 16 10 9 17
17 9 4 16 17 10 16 19 17
14 0 9 15 9 0 0 17 9
4 7 7 3 17 15 11 1 17
9 16 16 0 0 16 5 16 17
17 9 16 0 9 9 0 5 9
7 16 12 18 11 4 3 3 17
8 9 4 11 17 16 9 11 0
0 9 1 3 11 16 1 9 9
9 4 7 9 4 4 0 19 17
6 9 19 14 1 14 9 15 15
15 9 9 8 15 9 9 9 9
11 10 15 13 0 3 19 9 17
15 7 5 12 3 9 12 16 12
7 9 5 3 16 8 0 19 17
8 14 5 12 15 16 3 5 17
15 9 0 2 17 9 17 16 7
9 13 15 11 12 9 9 3 17
9 9 9 9 4 6 15 19 0
11 9 2 9 4 10 15 6 17
9 9 0 12 5 5 11 15 10
11 9 7 4 17 4 19 10 9
9 9 11 9 9 9 18 12 9
6 9 9 12 19 4 1 7 7
17 9 15 5 16 16 0 0 13
9 7 12 4 9 7 9 4 7
11 7 15 16 7 9 19 4 16
9 17 19 17 11 5 17 17 17
15 9 2 17 7 11 19 9 7
7 9 17 7 9 4 4 5 17
4 7 11 4 4 11 9 9 0
19 16 4 9 19 11 4 18 16
9 9 7 12 20 17 12 11 9
5 9 0 12 5 9 12 15 5
0 0 16 5 7 0 0 17 9
15 0 11 2 12 7 4 9 9
8 9 9 14 2 15 6 17 9
8 16 4 0 7 7 0 7 17
10 10 3 6 12 15 9 13 0
9 9 17 13 14 17 16 15 17
9 9 12 5 4 17 9 16 1
4 9 8 14 9 3 9 8 12
13 9 12 13 13 2 13 12 17
19 10 12 1 15 0 19 13 8
7 17 5 7 9 9 17 9 10
19 8 15 12 0 15 2 0 19
14 13 7 4 7 6 19 15 17
8 9 5 11 9 9 9 9 7
19 7 0 8 19 7 17 12 19
9 9 16 3 17 3 16 19 17
13 9 12 3 3 8 13 12 9
17 13 19 7 8 4 7 4 9
17 10 9 3 10 9 11 19 17
4 17 4 15 16 15 4 19 9
9 7 9 9 9 9 7 19 9
9 19 10 5 4 14 9 19 9
14 9 17 2 4 4 12 2 7
4 9 8 8 2 0 12 19 7
1 10 19 19 4 9 6 19 19
8 17 10 1 14 4 14 12 17
0 9 9 5 20 7 12 8 17
6 9 7 4 15 19 0 4 9
19 9 7 12 1 19 4 6 0
0 10 19 17 0 7 13 0 17
6 16 19 15 20 17 17 15 17
17 9 19 15 19 7 9 4 9
9 9 7 2 7 9 7 9 9
4 9 17 2 5 9 15 15 7
19 9 17 15 4 5 17 18 7
9 9 10 11 5 13 13 7 4
5 7 4 1 4 14 7 9 9
16 0 0 17 1 9 9 4 7
19 9 5 10 4 11 12 19 15
0 17 17 15 16 13 9 7 10
16 5 19 19 5 11 18 4 17
7 9 9 9 9 7 15 9 17
4 9 6 11 19 7 9 19 0
3 10 12 12 6 7 19 0 7
19 10 3 0 20 17 0 9 17
17 16 9 2 7 17 13 5 7
18 9 11 15 0 16 0 9 7
5 9 9 3 20 12 6 16 17
5 9 9 14 17 7 15 5 17
1 9 4 12 13 16 9 0 0
19 17 12 5 19 15 7 16 16
16 9 9 1 17 9 12 0 17
6 10 19 4 16 4 4 2 17
9 9 18 16 20 9 17 9 9
8 9 17 2 15 16 2 8 0
9 9 9 12 5 7 19 16 17
7 10 12 11 4 12 12 13 0
10 9 9 13 0 19 14 15 17
4 17 4 2 14 12 9 12 17
0 9 7 14 1 9 13 13 9
5 17 10 9 19 16 10 9 17
15 9 13 12 17 13 0 9 5
10 0 1 9 17 12 0 0 16
8 9 4 0 7 17 17 5 14
10 7 4 7 15 15 4 9 9
13 9 16 7 9 15 9 4 9
6 17 7 2 19 9 7 14 7
0 9 11 15 5 15 12 12 0
9 9 5 15 17 11 11 9 9
8 9 12 17 5 15 13 1 9
5 9 8 15 8 16 6 0 17
4 17 17 0 9 7 5 11 17
15 9 15 17 17 14 12 10 16
10 16 19 16 5 5 17 10 16
7 7 15 19 7 7 9 4 7
16 7 18 0 0 11 0 5 17
10 0 9 7 5 2 15 16 17
0 9 9 14 13 9 0 3 9
4 13 15 9 16 7 4 15 16
2 13 17 12 4 15 17 15 17
7 9 15 9 4 9 7 15 9
7 7 15 2 5 5 1 16 1
5 9 18 14 12 0 18 14 1
10 7 13 7 7 16 5 13 9
10 17 5 0 17 9 16 0 9
9 0 17 8 0 9 19 12 17
8 9 15 1 0 17 6 9 7
19 10 0 12 3 17 17 3 17
15 9 17 5 12 9 12 15 5
1 9 10 15 15 16 12 14 9
19 9 8 7 5 16 9 9 17
5 10 5 13 8 2 15 19 17
7 7 0 7 17 4 17 4 7
9 10 7 3 19 11 9 9 16
4 4 4 2 7 2 9 9 9
14 9 0 0 9 0 7 0 0
15 7 5 17 7 16 19 7 9
14 9 17 8 14 13 17 12 9
7 10 16 15 19 13 19 9 7
13 9 12 4 5 2 12 4 0
5 9 7 7 7 15 7 4 9
9 6 17 2 11 6 7 5 7
18 7 17 13 3 11 11 5 0
9 9 15 15 17 15 12 5 0
7 9 17 5 19 10 15 11 9
13 9 0 5 19 7 9 16 17
2 9 16 16 8 11 17 15 7
8 10 19 6 6 1 12 18 17
19 9 6 12 8 3 19 3 18
19 9 0 3 0 2 9 15 19
7 10 2 4 7 5 12 19 7
9 6 9 9 17 17 13 19 17
11 16 0 16 11 9 12 15 17
15 9 12 14 15 14 16 12 7
10 17 7 1 9 9 15 4 7
17 9 5 7 0 9 9 19 7
11 9 2 15 7 15 7 15 17
9 17 0 0 18 19 15 5 17
8 7 7 15 0 9 17 7 17
4 16 11 15 13 7 4 11 7
9 13 9 17 4 5 7 3 17
8 17 17 4 9 4 12 0 17
19 9 17 9 5 7 0 9 9
4 9 7 15 17 7 17 9 17
8 9 15 4 15 7 17 15 9
4 9 0 17 9 15 12 16 7
17 17 9 17 5 9 10 17 9
0 9 9 18 0 0 5 17 9
5 9 0 12 5 9 12 15 17
7 7 9 4 7 9 4 4 0
11 9 17 12 0 17 0 16 17
0 9 7 0 12 17 6 0 17
0 17 4 10 19 17 4 19 9
8 9 4 13 8 9 0 8 17
7 7 5 0 5 12 0 3 17
9 15 12 15 0 9 15 12 0
4 9 0 0 14 9 18 14 0
15 10 9 15 7 4 11 7 17
5 17 10 9 19 16 10 9 17
14 9 18 14 0 16 12 9 5
10 16 3 13 16 2 3 0 17
9 17 17 17 5 0 5 5 17
10 9 13 11 0 9 16 16 10
9 4 17 17 19 14 2 15 7
7 7 10 0 7 11 17 4 16
9 16 9 9 5 7 5 1 17
19 10 9 0 6 17 16 5 9
0 9 13 3 13 18 9 13 0
19 10 0 3 5 7 4 6 15
9 9 4 15 20 2 8 8 17
9 10 9 9 4 0 0 10 7
13 9 12 9 3 15 2 0 17
7 9 12 4 16 12 3 4 9
12 9 9 2 5 16 0 16 9
4 7 10 2 16 7 5 5 14
5 15 9 2 17 9 10 0 17
17 9 16 16 2 5 4 19 7
1 9 12 3 20 7 12 5 17
19 9 14 8 14 13 17 9 7
5 9 0 2 17 4 0 3 9
9 9 12 5 2 18 17 3 17
14 9 17 15 3 5 11 9 9
4 17 17 0 9 7 5 11 17
19 9 2 15 16 14 16 7 7
9 9 10 19 11 9 9 16 7
14 9 3 11 9 7 0 13 9
15 9 12 16 8 11 4 12 17
15 9 3 3 7 11 1 16 7
7 17 16 1 5 0 3 16 9
15 0 12 9 12 15 11 14 17
15 9 18 5 7 14 18 19 7
17 0 16 15 14 16 9 15 19
16 9 9 5 9 7 9 4 17
17 17 9 15 17 12 0 8 17
4 9 6 8 5 17 4 8 9
0 9 7 14 15 9 13 13 9
17 9 18 6 17 14 19 18 17
9 9 17 0 0 10 7 5 5
4 17 7 9 19 9 9 0 17
9 18 8 11 0 9 13 3 7
15 10 7 13 10 9 4 19 10
4 9 11 16 3 12 15 13 9
4 9 4 4 15 13 7 5 15
4 0 7 3 0 9 0 8 0
5 9 5 13 17 12 9 7 17
9 9 4 8 16 11 14 8 17
9 0 0 9 4 10 19 19 0
4 9 15 5 5 5 12 4 15
7 7 9 18 4 4 11 0 10
4 9 15 1 12 9 19 14 4
17 9 4 16 1 17 12 0 0
9 7 13 3 7 17 6 3 17
8 17 12 14 11 13 2 18 9
15 9 15 15 15 5 0 12 15
9 17 12 0 0 16 0 15 9
4 9 3 3 7 8 3 13 3
9 16 4 8 5 12 5 0 18
15 7 10 0 4 7 9 5 7
15 9 15 9 6 12 9 19 17
9 7 7 0 9 5 7 6 9
19 9 18 8 0 3 11 16 9
9 9 17 7 18 7 9 7 17
4 16 19 16 5 5 19 2 17
9 17 16 4 3 2 17 0 17
1 17 0 1 12 10 6 15 9
9 9 19 9 7 9 4 9 9
17 9 19 1 9 9 18 15 4
9 12 19 19 2 12 18 4 9
4 9 9 7 20 11 15 15 17
8 9 17 3 6 4 1 12 3
9 7 10 19 15 17 7 5 17
9 9 18 0 0 14 12 14 9
9 7 3 3 2 9 16 3 17
15 9 12 4 13 4 0 6 14
19 9 19 0 9 19 15 12 9
7 9 18 19 0 12 3 15 9
9 7 17 5 5 7 17 5 7
9 9 0 3 9 19 1 14 0
5 16 19 1 9 11 17 15 9
6 9 7 14 18 1 9 0 9
0 9 17 0 9 17 7 16 7
19 9 10 2 8 9 11 9 16
16 9 9 0 7 11 0 9 7
14 9 12 9 6 9 19 2 7
17 9 12 12 1 7 7 15 5
14 10 7 0 7 15 0 8 17
14 9 9 17 6 9 13 17 7
9 9 15 3 4 1 14 17 9
19 9 12 7 15 7 9 11 17
15 9 17 19 17 11 5 17 17
9 9 18 4 9 16 5 16 4
9 0 7 9 19 7 9 9 9
14 10 13 8 3 7 16 0 9
16 9 16 15 1 11 16 15 17
5 9 17 5 17 9 0 5 9
16 3 17 7 15 16 0 12 17
9 9 9 17 7 16 1 1 17
16 10 9 15 7 7 9 17 7
5 17 13 5 5 4 17 15 0
15 9 0 3 20 15 19 4 17
8 9 8 2 17 9 9 13 17
8 9 12 2 0 9 15 11 9
7 17 0 18 4 9 9 9 7
15 9 0 0 7 18 7 9 9
8 17 2 7 4 4 9 5 9
16 9 15 2 11 15 14 3 0
10 7 0 0 19 16 0 0 9
3 9 16 3 0 14 17 13 17
10 9 9 0 9 17 0 9 17
11 9 16 7 0 18 12 14 10
19 9 3 12 0 12 17 16 0
14 13 18 0 13 2 9 16 9
5 13 17 7 18 17 11 11 16
4 7 2 16 17 15 17 19 16
19 17 11 5 17 17 17 0 16
10 10 10 8 18 7 7 15 7
15 9 0 2 16 11 15 9 0
7 6 9 4 16 9 16 11 9
7 9 0 3 9 3 9 15 14
0 9 2 3 8 9 4 9 7
4 9 8 2 20 15 17 8 17
2 16 15 17 7 4 3 5 9
17 9 9 14 0 9 12 17 9
0 9 7 14 2 9 13 13 9
13 7 4 3 17 19 18 19 9
15 9 16 13 19 3 15 5 15
16 15 12 6 4 7 3 4 17
17 0 5 16 13 3 17 4 17
8 16 17 15 7 16 15 19 7
4 7 16 7 4 11 7 15 7
17 9 2 15 3 7 17 9 17
19 0 16 17 5 8 3 0 17
10 4 2 2 19 17 9 19 9
7 16 5 15 9 5 12 9 9
8 9 9 18 4 9 16 5 16
9 9 9 9 7 19 9 19 9
7 9 15 0 17 0 7 4 1
9 3 0 8 5 19 8 3 17
5 9 0 3 4 13 2 11 17
0 4 1 2 10 9 9 11 17
17 19 18 16 5 5 7 12 0
7 9 15 2 2 10 9 11 7
4 16 9 14 6 7 7 5 9
17 7 17 7 19 7 4 16 17
15 13 4 17 4 15 4 12 17
11 9 7 4 20 17 4 19 10
9 10 16 0 16 12 12 5 16
9 16 11 9 15 3 13 10 9
16 9 4 9 7 9 1 19 4
15 15 4 10 4 5 18 6 17
4 4 18 13 17 9 3 0 17
8 9 9 3 20 13 18 11 9
4 17 4 7 9 16 0 7 9
