8 7 4 11 19 11 10 5 17
17 9 15 17 0 9 11 6 9
14 9 4 9 9 14 18 3 13
9 9 4 4 9 0 9 15 7
19 17 12 5 19 15 7 16 16
9 9 11 12 1 9 7 11 17
15 9 6 3 6 7 0 11 9
8 9 3 0 4 12 9 17 16
10 9 11 5 16 16 9 3 0
17 9 0 9 19 15 12 12 9
17 9 10 12 16 17 9 13 0
0 9 7 14 13 9 13 13 9
0 7 2 0 0 9 16 15 17
9 11 5 8 11 7 3 2 17
0 5 17 0 15 0 2 12 17
17 10 9 1 5 6 2 0 17
9 7 10 7 17 9 7 16 10
15 9 15 12 17 18 4 0 1
0 17 0 5 0 0 7 9 17
4 9 9 6 4 18 13 5 10
5 9 0 12 5 9 12 15 5
0 9 17 4 7 15 6 5 0
9 10 9 3 7 15 16 15 9
9 9 0 17 5 0 16 8 17
7 7 4 0 17 13 16 7 17
4 7 7 2 11 4 5 15 17
13 6 4 17 0 14 17 4 9
4 17 15 15 7 8 4 19 7
5 7 9 9 17 9 10 0 17
9 6 9 7 15 9 9 15 9
15 9 15 8 5 2 1 13 16
15 9 9 8 15 9 9 9 9
14 9 17 2 2 4 9 9 17
8 7 7 15 0 9 17 7 17
8 17 15 11 2 5 12 16 9
10 16 4 15 2 17 9 16 9
16 10 4 8 7 17 19 15 9
5 9 9 14 17 7 15 5 17
7 9 9 13 0 1 14 15 17
9 9 18 9 15 1 15 7 0
5 9 7 9 4 17 9 0 9
4 17 2 16 10 15 7 19 7
19 9 16 12 13 15 11 6 9
9 7 9 9 9 9 7 19 9
7 9 5 3 16 8 0 19 17
0 9 13 11 19 19 11 8 9
0 17 7 5 0 9 9 0 17
19 9 9 4 5 7 8 1 7
9 9 10 11 5 13 13 7 4
17 19 2 5 3 3 6 15 17
0 9 9 18 9 15 1 15 7
7 7 15 2 5 5 1 16 1
8 13 9 3 20 2 3 3 17
4 7 19 15 7 10 3 16 7
15 10 7 5 9 1 0 1 17
8 14 17 2 18 16 7 3 19
13 9 12 3 3 8 13 12 9
15 13 2 13 3 9 12 15 17
4 9 1 9 9 10 8 9 15
14 9 6 5 9 15 0 4 15
15 9 0 5 5 7 7 5 17
9 9 4 11 15 15 4 1 7
9 9 5 12 20 0 12 5 17
9 0 0 17 9 17 17 10 0
7 16 11 5 19 9 7 15 7
17 5 0 17 9 16 0 9 9
9 9 14 14 9 9 15 15 0
9 15 5 15 4 9 8 3 9
0 2 3 19 9 1 17 11 0
14 9 0 2 0 3 8 9 4
19 9 8 9 20 10 17 3 9
0 7 6 9 19 4 9 4 17
13 9 9 13 2 6 18 3 7
8 13 9 6 20 17 17 12 9
5 16 19 0 17 11 7 6 17
14 10 0 16 20 17 3 1 17
19 10 4 0 7 17 3 7 17
4 9 7 0 19 13 12 9 9
15 9 0 12 1 4 1 9 15
9 9 19 4 8 17 4 5 7
4 16 9 14 6 7 7 5 9
4 10 10 17 9 12 5 0 0
8 9 19 16 7 17 15 16 9
10 0 15 17 4 17 1 12 9
9 9 7 6 4 9 9 15 9
19 9 9 15 9 4 15 16 9
9 9 12 16 12 6 1 3 15
19 13 9 0 17 4 10 9 10
17 16 0 13 17 17 9 13 0
19 16 9 2 20 4 5 12 9
19 9 10 2 8 9 11 9 16
7 16 1 17 19 1 8 16 17
5 9 4 7 19 7 12 5 16
13 9 2 5 15 11 17 15 0
4 0 14 9 4 17 4 13 17
14 13 18 0 13 2 9 16 9
13 9 12 4 5 2 12 4 0
9 0 7 9 19 7 9 9 9
7 0 5 19 7 7 17 4 17
19 10 4 4 17 7 8 11 9
4 0 0 5 7 7 7 9 10
9 0 0 16 12 3 7 14 17
13 7 3 3 4 5 16 5 17
17 0 5 16 13 3 17 4 17
7 17 10 3 19 9 0 4 9
0 10 4 16 0 0 9 11 7
4 9 9 7 20 11 15 15 17
0 9 13 15 0 19 17 8 7
16 9 0 11 4 9 1 9 9
7 9 9 0 3 9 3 13 9
9 9 3 12 6 13 17 5 9
16 7 18 0 0 11 0 5 17
10 7 0 0 19 16 0 0 9
7 9 5 4 17 4 16 9 16
9 4 7 2 7 9 9 4 17
4 10 3 1 11 9 11 3 9
19 9 9 2 14 5 0 2 7
17 10 7 11 12 16 12 5 7
15 16 13 3 8 7 9 16 17
18 9 7 11 7 3 11 15 14
15 10 7 16 10 15 0 4 9
9 17 7 18 7 9 7 17 0
17 9 19 14 19 5 15 4 15
9 10 7 19 5 9 12 18 10
9 12 2 5 13 17 7 18 17
4 9 0 17 9 15 12 16 7
18 9 14 9 12 14 7 4 1
17 9 1 12 19 10 12 8 17
8 17 17 3 4 9 0 10 9
15 16 9 7 17 16 7 19 17
7 10 12 11 4 12 12 13 0
9 7 0 0 0 0 4 1 9
7 9 9 9 7 5 7 1 17
4 9 17 7 18 17 0 14 0
9 9 2 2 3 1 0 4 19
8 9 9 3 20 13 18 11 9
15 9 19 9 14 12 17 9 7
19 7 7 17 4 17 17 0 9
19 16 0 9 6 19 19 19 9
7 9 9 0 17 9 13 3 7
19 7 9 3 9 1 11 15 9
4 17 19 13 1 4 3 5 19
10 13 9 9 4 2 11 3 17
6 9 0 17 7 5 0 9 9
9 9 0 12 5 5 11 15 10
17 16 4 0 17 15 4 19 17
9 9 10 4 12 15 16 16 0
6 9 10 4 19 16 9 12 7
1 10 4 1 15 3 3 4 9
15 12 5 3 9 6 8 3 17
14 9 17 2 4 4 12 2 7
19 9 1 16 0 15 11 4 9
10 5 17 7 4 9 7 15 17
9 7 10 7 19 4 4 7 7
9 7 16 18 9 7 2 19 17
10 0 17 0 7 9 8 3 17
10 13 2 14 3 2 13 15 7
7 17 0 18 4 9 9 9 7
11 17 9 3 18 7 7 19 0
15 9 16 13 19 3 15 5 15
4 17 15 8 17 9 6 16 17
4 9 15 19 7 15 2 16 17
8 9 7 12 15 18 0 15 17
4 0 9 5 11 17 7 15 0
10 9 9 10 17 7 15 5 0
14 10 0 16 10 9 3 19 17
19 16 11 18 0 7 7 9 9
3 10 2 8 2 2 3 15 9
11 7 9 9 15 11 0 12 9
7 7 9 4 7 9 4 4 0
3 17 14 3 8 6 3 4 9
5 9 4 14 12 19 5 15 16
7 7 8 9 12 8 19 15 9
9 9 4 7 9 4 19 4 0
8 10 19 6 7 1 4 4 9
15 13 4 17 4 15 4 12 17
5 9 5 12 8 2 16 19 17
9 7 15 14 0 9 17 17 16
16 9 5 17 9 17 12 6 17
7 9 18 4 4 11 0 10 17
10 9 5 7 18 4 4 16 9
9 10 7 19 5 9 12 18 10
0 9 19 0 0 11 11 16 14
19 13 9 0 5 19 7 9 16
9 16 9 5 3 4 9 8 9
5 13 17 7 18 17 11 11 16
9 9 9 9 4 6 15 19 0
17 9 9 6 0 17 19 15 7
7 7 9 11 5 15 9 9 16
10 10 3 6 12 15 9 13 0
4 16 11 15 13 7 4 11 7
11 9 19 7 7 7 9 11 10
18 9 10 8 11 10 2 12 9
14 10 6 7 16 0 4 4 16
9 9 5 15 15 1 0 12 12
19 7 2 7 5 11 19 16 17
9 9 9 4 6 3 16 5 17
18 17 19 3 1 16 17 4 9
4 9 7 15 9 17 10 8 9
9 9 5 9 18 5 16 0 0
14 9 2 18 19 15 9 10 16
0 9 6 7 19 10 11 5 16
8 9 13 0 0 12 19 7 17
14 19 5 15 4 15 17 16 9
9 9 4 12 18 12 9 12 16
14 0 9 15 9 0 0 17 9
16 9 4 9 7 9 1 19 4
15 9 9 2 15 1 16 8 9
10 10 15 1 15 15 3 0 16
9 7 17 5 7 7 4 16 0
0 9 4 5 7 8 9 12 0
2 9 7 2 19 7 19 5 7
17 10 9 3 10 9 11 19 17
15 9 17 16 17 0 17 12 0
9 9 15 9 9 17 7 18 7
19 17 10 16 10 7 9 4 9
15 10 12 2 4 2 9 6 9
14 9 10 8 13 2 4 15 17
13 9 12 5 12 7 18 3 4
15 9 17 12 9 13 7 12 9
15 9 5 0 13 16 0 0 0
19 17 0 0 20 19 13 14 9
4 0 9 9 8 4 16 19 9
19 9 0 3 0 2 9 15 19
19 10 0 12 9 1 9 10 17
5 17 9 17 9 4 5 4 4
0 9 4 16 20 18 16 11 9
7 9 15 0 17 0 7 4 1
4 9 4 9 3 9 9 6 18
6 12 19 2 13 0 6 9 9
16 12 18 1 15 12 7 8 17
17 9 15 5 16 16 0 0 13
17 7 2 3 7 9 4 8 17
15 9 9 19 3 19 4 16 17
10 9 9 9 5 9 9 6 0
0 9 0 0 5 15 1 9 17
0 17 0 5 17 13 17 5 17
8 9 19 9 17 2 19 5 9
12 9 7 17 5 7 9 9 17
13 9 9 13 4 3 15 13 17
19 7 18 7 8 11 9 3 16
8 9 8 2 17 9 9 13 17
16 9 9 5 9 7 9 4 17
10 13 9 10 12 4 5 15 9
9 9 9 9 7 19 9 19 9
16 10 16 2 16 17 5 13 17
0 10 9 11 5 9 7 19 17
0 11 12 6 0 16 4 5 17
4 9 0 17 5 5 17 9 9
10 17 11 16 17 9 7 16 17
16 0 0 17 1 9 9 4 7
8 7 15 2 14 19 19 9 9
9 11 9 12 10 17 16 19 17
15 0 9 7 9 14 5 15 17
4 9 4 17 7 5 0 9 0
0 7 15 5 17 9 10 12 16
7 9 12 17 7 4 9 15 7
0 9 4 16 18 16 11 9 9
8 9 9 14 14 12 4 15 9
12 17 17 12 11 0 12 12 0
9 9 15 3 4 1 14 17 9
0 9 17 17 16 6 16 19 9
9 9 15 6 4 19 12 0 17
9 19 7 7 8 9 7 4 9
7 7 15 19 7 7 9 4 7
9 3 0 8 5 19 8 3 17
15 13 4 16 1 15 9 0 17
9 9 9 11 0 5 15 16 17
11 9 15 2 5 4 9 9 7
17 9 9 4 1 7 0 15 9
0 10 17 9 0 17 14 5 17
15 7 5 16 5 14 0 10 9
18 10 16 19 16 5 5 17 10
10 7 19 5 9 7 0 1 9
14 10 12 17 19 7 9 9 16
15 9 17 8 12 15 4 19 17
0 9 11 15 5 15 12 12 0
4 9 0 8 7 9 8 12 9
12 7 5 3 11 15 12 9 9
16 17 19 11 3 9 16 8 17
4 9 8 6 8 10 12 9 15
8 9 11 2 9 1 4 15 11
0 7 0 8 4 11 4 11 0
11 15 11 2 7 17 11 0 7
4 9 0 0 14 9 18 14 0
15 9 8 14 16 5 6 5 17
8 9 1 1 2 7 19 6 0
19 9 13 12 15 16 4 9 9
8 17 9 15 7 10 0 4 7
7 7 0 9 9 4 0 9 17
19 9 8 7 5 16 9 9 17
7 17 4 17 4 7 9 16 0
9 14 16 2 19 11 0 15 17
9 9 9 3 12 9 3 5 2
15 17 7 4 19 4 7 15 7
17 11 5 0 10 10 4 19 17
9 9 12 5 2 18 17 3 17
19 10 10 5 7 3 19 5 9
4 7 0 2 7 5 7 5 17
0 9 3 15 7 0 18 4 15
8 10 0 11 2 7 14 4 9
9 9 18 12 9 19 17 9 9
8 9 9 16 20 2 10 13 9
2 9 17 9 8 14 1 9 9
8 13 2 4 15 17 12 13 9
15 9 17 19 17 11 5 17 17
7 17 17 7 9 10 15 10 17
17 9 19 15 0 13 2 13 0
14 9 14 5 10 5 9 11 0
19 9 0 8 9 16 0 9 17
16 14 19 0 14 0 13 4 17
9 9 10 5 16 1 16 7 17
9 9 15 3 7 14 4 19 7
10 4 12 0 13 12 4 5 9
4 9 9 12 9 16 15 9 17
7 17 7 5 17 7 7 9 0
7 9 2 17 1 15 15 5 9
18 7 17 13 3 11 11 5 0
4 16 9 11 6 17 9 0 9
4 7 15 15 4 9 9 12 9
14 10 12 3 0 0 12 12 17
4 9 11 7 11 6 19 9 9
9 17 14 5 17 1 10 8 17
19 9 7 14 20 14 3 8 17
9 10 11 5 13 13 7 4 9
16 9 9 13 0 1 14 15 17
15 17 17 12 4 9 12 15 17
15 9 15 16 4 13 13 10 18
17 17 0 0 15 7 7 5 7
10 9 9 15 8 7 11 15 9
7 9 0 12 3 0 17 5 15
9 9 7 5 1 18 19 1 14
9 9 2 8 14 13 4 3 9
8 9 9 10 15 13 0 11 17
9 17 0 0 18 19 15 5 17
10 17 12 14 3 0 0 4 7
9 10 12 13 12 9 0 2 5
4 9 15 5 5 5 12 4 15
15 9 7 6 19 16 0 13 7
19 17 4 8 14 19 9 15 7
9 0 0 9 4 10 19 19 0
19 10 0 16 16 7 9 3 10
9 9 5 9 7 9 4 17 9
9 0 12 3 0 17 7 9 17
15 16 5 10 16 12 3 8 17
19 7 15 8 1 18 2 19 0
9 17 13 0 5 11 17 13 9
11 7 0 3 19 7 0 5 9
7 9 8 13 11 19 4 15 17
8 7 11 9 15 9 4 0 9
7 7 4 4 7 17 9 7 9
0 9 9 0 5 9 17 15 9
7 10 3 19 6 9 9 4 0
4 9 17 16 19 10 0 12 9
7 9 8 5 8 4 13 16 0
0 7 7 9 17 7 4 16 17
12 10 5 8 9 16 4 4 17
13 7 7 16 9 16 0 4 17
4 7 4 16 5 7 16 9 4
9 7 12 4 9 7 9 4 7
13 9 16 7 9 15 9 4 9
9 12 19 19 2 12 18 4 9
0 9 13 16 5 7 16 9 17
0 9 10 0 7 16 8 11 17
9 19 9 0 15 7 17 19 9
