10 9 15 12 10 9 6 6 18
5 17 10 9 19 16 10 9 17
9 9 5 12 20 0 12 5 17
9 9 10 19 11 9 9 16 7
17 9 19 12 17 7 4 7 16
9 13 2 15 17 2 4 15 9
17 9 9 12 15 9 4 9 9
4 16 2 9 15 5 4 13 17
17 9 9 9 17 17 17 10 10
8 7 15 3 5 16 3 4 14
10 17 2 14 1 17 17 8 17
9 15 4 15 1 19 9 15 17
4 9 1 9 9 10 8 9 15
7 7 7 15 7 4 9 13 17
8 7 9 0 7 7 4 9 17
0 9 2 5 17 11 9 7 7
8 9 12 8 19 15 9 4 3
16 9 9 12 3 4 12 11 17
19 17 7 14 0 13 9 6 17
0 17 7 5 0 9 9 0 17
0 9 6 2 9 12 3 11 9
15 7 5 16 5 14 0 10 9
9 9 11 9 9 9 18 12 9
4 9 7 2 9 0 4 9 7
7 10 2 4 7 5 12 19 7
9 9 15 9 9 17 7 18 7
19 9 8 9 20 10 17 3 9
9 9 15 5 0 5 3 6 9
0 9 10 0 7 16 8 11 17
19 13 9 0 5 19 7 9 16
7 9 2 15 17 5 7 3 0
19 0 9 7 0 5 0 16 9
17 0 17 11 5 12 17 0 17
17 9 13 2 20 4 7 7 9
19 10 16 0 17 9 3 19 9
17 9 8 14 1 9 9 6 9
0 10 19 17 0 7 13 0 17
17 7 17 7 19 7 4 16 17
4 9 12 17 19 4 5 15 17
9 10 4 7 4 16 5 7 16
4 7 2 16 17 15 17 19 16
17 17 9 17 5 9 10 0 9
8 9 11 2 9 1 4 15 11
9 0 0 0 5 9 17 5 17
17 9 9 3 13 10 5 15 9
9 9 7 6 4 9 9 15 9
8 16 17 15 7 16 15 19 7
0 13 9 2 0 17 9 15 0
4 9 7 15 17 7 17 9 17
17 9 7 0 5 19 7 7 17
14 9 13 3 20 15 11 15 9
15 9 0 2 16 11 15 9 0
4 7 8 5 4 9 19 6 16
9 7 19 4 9 4 9 12 9
19 9 4 2 4 17 7 15 9
17 9 16 0 9 9 0 5 9
4 10 3 1 11 9 11 3 9
9 9 4 17 7 17 7 19 7
10 7 17 9 9 17 4 0 7
0 1 7 17 5 1 3 11 17
7 7 9 18 4 4 11 0 10
10 16 16 13 13 0 5 19 17
8 14 17 2 18 16 7 3 19
10 9 12 7 10 19 5 12 7
8 13 15 8 7 17 4 15 17
9 7 16 18 9 7 2 19 17
16 3 17 7 15 16 0 12 17
8 17 7 12 19 9 13 16 17
4 9 3 3 7 8 3 13 3
8 9 4 0 7 17 17 5 14
19 7 18 7 8 11 9 3 16
4 9 11 16 3 12 15 13 9
15 7 17 1 7 17 0 0 17
8 17 9 15 9 13 16 0 9
0 17 0 2 16 9 7 5 17
10 16 4 5 2 7 12 9 17
19 9 15 7 19 5 4 5 17
15 9 10 15 20 13 12 5 9
15 9 4 15 9 9 9 17 7
9 9 4 4 9 0 9 15 7
14 10 7 5 17 5 17 0 17
17 9 2 4 0 12 12 5 0
0 9 7 14 16 9 13 13 9
19 9 17 2 15 17 0 8 10
8 10 19 6 7 1 4 4 9
1 10 4 1 15 3 3 4 9
7 9 17 7 9 4 4 5 17
4 9 9 14 18 3 13 3 7
7 17 7 3 0 7 6 16 17
17 4 5 9 9 9 9 5 9
5 9 5 12 8 2 16 19 17
15 9 17 3 11 11 4 4 16
5 9 19 11 9 9 7 14 1
10 10 10 8 18 7 7 15 7
13 9 12 3 3 8 13 12 9
14 13 17 12 9 2 1 17 9
7 17 7 9 17 17 16 5 17
16 9 15 2 11 15 14 3 0
19 9 2 2 6 14 19 9 4
19 13 9 0 17 4 10 9 10
7 17 0 18 4 9 9 9 7
9 0 0 17 9 17 17 10 0
5 9 0 0 7 2 9 7 9
19 17 0 15 19 9 9 0 0
9 9 17 13 14 17 16 15 17
9 16 8 16 18 6 15 15 0
9 7 17 14 19 9 7 13 17
18 9 0 9 15 0 15 18 9
9 4 3 3 11 12 7 11 0
7 2 7 3 14 7 9 15 17
13 17 18 3 0 16 0 16 17
15 9 16 8 8 7 16 9 9
19 9 4 9 7 1 6 11 9
15 10 19 8 2 17 16 15 17
0 9 17 8 7 7 15 0 9
7 9 14 5 15 17 0 6 8
4 7 15 15 4 9 9 12 9
11 0 12 12 0 19 3 8 9
9 7 10 19 15 17 7 5 17
0 7 13 2 4 7 7 3 17
7 11 11 7 11 9 19 19 17
9 9 18 2 19 17 19 13 9
15 9 12 2 7 4 19 11 4
14 17 4 17 7 9 19 9 9
5 17 9 12 9 15 12 15 17
4 9 13 2 20 9 8 4 17
9 9 0 14 4 0 16 15 0
0 9 13 2 15 5 9 3 17
11 7 9 9 15 11 0 12 9
11 7 9 4 17 7 16 8 9
17 13 19 7 8 4 7 4 9
7 10 16 15 19 13 19 9 7
9 10 2 8 17 15 11 5 7
9 4 3 6 19 15 13 3 9
4 9 19 11 4 18 16 11 17
9 9 10 15 20 13 0 11 17
9 10 19 2 7 7 11 15 17
10 0 5 5 7 5 9 15 7
7 17 13 3 11 11 5 0 17
9 7 6 13 15 7 16 5 9
5 9 8 14 5 12 15 16 3
9 9 14 5 19 2 13 19 0
7 9 4 7 10 4 10 9 7
6 17 7 2 19 9 7 14 7
14 9 4 9 9 14 18 3 13
7 7 16 1 1 9 9 15 17
0 9 4 5 7 8 9 12 0
16 13 19 9 2 4 9 9 9
5 17 10 14 5 11 6 19 0
8 9 5 11 9 9 9 9 7
10 4 3 0 5 2 1 13 17
16 7 18 0 0 11 0 5 17
9 9 0 17 5 0 16 8 17
10 4 12 0 13 12 4 5 9
9 0 9 12 17 7 11 11 9
0 9 10 2 8 15 9 6 17
4 9 2 16 17 19 16 7 7
5 9 4 7 19 7 12 5 16
8 16 4 0 7 7 0 7 17
17 9 18 6 17 14 19 18 17
2 3 12 16 9 9 19 17 9
19 16 0 15 16 15 2 0 17
16 10 16 2 16 17 5 13 17
19 9 7 14 20 14 3 8 17
15 9 12 14 15 14 16 12 7
4 7 12 8 4 17 15 4 9
9 10 0 17 17 9 0 15 9
0 9 7 14 1 9 13 13 9
17 5 0 17 9 16 0 9 9
4 9 7 9 20 17 15 16 17
15 9 4 0 9 5 11 17 7
16 15 12 6 4 7 3 4 17
4 13 12 15 4 15 6 9 17
15 9 11 2 19 8 12 12 17
5 9 17 3 17 3 8 5 17
0 5 17 0 15 0 2 12 17
15 9 17 19 17 11 5 17 17
16 10 4 5 9 12 4 0 16
19 9 13 16 17 15 17 15 17
13 9 16 7 9 15 9 4 9
12 9 7 2 17 11 18 1 0
7 17 7 5 17 7 7 9 0
5 11 7 12 0 9 9 2 17
13 11 15 15 16 7 1 1 17
4 0 6 3 0 12 0 4 9
17 10 9 3 10 9 11 19 17
4 9 8 14 9 3 9 8 12
11 9 9 9 18 12 9 19 17
4 9 19 11 17 19 12 5 0
4 17 4 15 16 15 4 19 9
0 9 7 0 12 17 6 0 17
19 16 0 9 6 19 19 19 9
17 9 17 17 10 0 1 9 17
19 9 19 6 9 15 7 11 17
9 6 12 15 9 7 4 2 7
9 9 16 16 15 5 17 15 0
0 9 6 2 9 12 3 11 9
14 0 17 18 16 7 7 4 7
13 9 4 10 6 16 10 4 7
4 17 19 12 15 11 4 2 17
9 17 9 4 5 4 4 16 9
13 9 12 4 5 2 12 4 0
9 9 17 4 0 7 1 19 9
4 7 6 5 5 7 9 19 0
10 9 9 15 8 7 11 15 9
9 4 2 2 3 9 19 15 7
3 9 15 2 15 9 5 12 17
17 9 19 14 19 5 15 4 15
7 9 19 7 17 4 1 7 7
8 4 14 17 13 5 3 0 17
4 9 10 0 15 7 15 15 4
8 16 7 11 19 15 4 4 9
15 9 15 7 4 4 7 17 17
15 10 9 15 7 4 11 7 17
9 9 7 6 4 9 9 15 9
0 9 16 0 15 16 17 12 9
9 9 9 3 12 9 3 5 2
0 10 4 13 2 12 13 3 14
9 7 0 0 0 0 4 1 9
17 10 8 9 4 16 7 15 17
15 10 9 5 7 18 4 4 16
8 17 17 2 3 9 17 8 17
17 9 9 15 7 1 15 9 9
4 9 9 12 9 16 15 9 17
9 7 5 5 8 12 2 14 17
4 9 17 5 8 12 5 15 15
7 9 17 7 4 16 17 0 7
15 16 6 1 15 5 12 15 17
19 0 4 15 5 17 0 19 0
7 9 11 8 12 9 7 16 17
19 17 3 19 19 15 18 9 15
11 10 2 17 20 19 1 4 9
13 9 19 12 3 18 16 3 0
18 9 15 13 5 13 4 9 9
9 10 0 9 4 5 7 8 9
5 9 9 2 12 13 1 14 9
4 9 16 0 16 9 5 12 0
17 9 2 13 9 14 1 11 5
10 10 0 8 3 3 3 9 17
4 17 17 0 9 7 5 11 17
0 7 7 12 9 15 0 15 17
14 9 17 15 3 5 11 9 9
7 9 9 0 3 9 3 13 9
10 10 3 6 12 15 9 13 0
17 9 19 2 3 4 8 1 4
15 10 7 13 10 9 4 19 10
19 1 1 7 14 17 4 9 0
9 9 10 5 15 15 2 9 0
19 9 13 12 15 16 4 9 9
6 9 7 4 15 19 0 4 9
9 17 18 10 0 1 6 15 0
9 4 2 3 5 8 9 8 0
4 9 13 10 0 9 9 19 7
11 9 7 7 6 16 0 0 9
19 17 0 0 20 19 13 14 9
6 9 10 4 19 16 9 12 7
19 9 15 11 16 16 17 16 15
15 9 15 15 13 9 15 11 9
8 7 15 2 14 19 19 9 9
15 16 9 7 17 16 7 19 17
9 9 11 1 11 7 11 11 17
17 9 10 4 9 9 4 19 17
9 9 17 9 10 0 17 17 9
15 12 5 3 9 6 8 3 17
14 9 6 5 9 15 0 4 15
9 7 19 4 9 4 9 12 9
14 9 9 17 6 9 13 17 7
4 9 2 18 10 2 16 4 5
10 10 15 1 15 15 3 0 16
7 7 5 0 5 12 0 3 17
8 9 4 16 6 2 7 10 9
9 9 4 2 14 2 16 4 19
7 16 11 5 19 9 7 15 7
15 9 0 2 10 9 2 6 0
16 9 9 12 3 4 12 11 17
4 0 19 7 1 12 0 11 17
9 9 2 0 13 7 14 3 7
15 9 0 3 8 9 11 15 15
15 9 8 14 16 5 6 5 17
9 9 18 16 20 9 17 9 9
0 9 5 5 17 4 10 10 9
7 9 17 5 19 10 15 11 9
9 6 9 9 2 9 6 15 9
16 9 0 0 5 9 9 2 9
15 9 9 8 15 9 9 9 9
5 9 0 4 2 10 2 3 7
2 3 16 5 17 3 17 8 2
15 10 2 16 9 9 4 4 9
7 9 9 15 2 7 9 14 17
11 10 19 11 17 15 10 0 17
4 7 4 16 5 7 16 9 4
17 13 17 5 5 17 16 19 7
8 17 10 1 14 4 14 12 17
16 9 10 11 17 9 16 9 17
19 9 6 12 8 3 19 3 18
4 10 3 1 11 9 11 3 9
9 15 12 15 0 9 15 12 0
16 9 3 8 9 16 11 16 5
9 0 13 3 19 16 16 15 9
16 9 11 9 14 9 15 0 17
19 10 4 4 17 7 8 11 9
9 5 3 11 8 6 19 2 17
10 10 7 2 2 4 5 16 0
11 9 7 4 17 4 19 10 9
7 9 0 19 16 3 2 3 17
10 0 15 17 4 17 1 12 9
7 16 5 15 9 5 12 9 9
16 14 6 12 0 16 0 16 17
9 9 7 19 9 19 9 8 17
9 7 2 0 17 2 15 16 5
6 9 7 8 7 12 9 9 7
17 16 9 2 7 17 13 5 7
14 10 6 7 16 0 4 4 16
1 10 16 18 11 13 10 11 9
9 19 15 3 13 17 7 3 17
0 17 4 2 17 5 14 7 16
8 9 9 18 4 9 16 5 16
16 9 16 7 15 4 4 9 7
9 7 17 5 7 7 4 16 0
9 9 9 4 6 15 19 0 7
11 9 9 8 2 1 12 0 17
0 9 15 17 10 5 17 19 17
16 0 0 17 1 9 9 4 7
9 16 15 1 5 15 15 12 17
18 9 17 5 5 7 17 0 0
4 7 6 9 13 9 19 15 9
19 17 4 8 14 19 9 15 7
4 9 7 12 8 5 4 19 0
19 10 19 9 14 13 9 4 14
4 9 17 9 10 12 10 8 17
9 9 7 19 9 19 9 8 17
4 16 19 16 5 5 19 2 17
9 9 10 16 5 5 17 16 9
4 9 17 5 17 0 7 7 9
8 9 13 0 0 12 19 7 17
13 9 6 2 12 15 5 19 9
15 9 7 19 19 13 11 3 17
15 7 10 0 4 7 9 5 7
7 9 9 0 17 9 13 3 7
19 16 11 18 0 7 7 9 9
9 9 15 3 4 1 14 17 9
4 7 16 7 4 11 7 15 7
4 7 5 12 9 10 2 0 9
7 9 15 15 0 7 4 15 16
4 7 9 6 14 9 6 3 7
4 7 7 2 11 4 5 15 17
7 9 14 0 9 3 4 6 9
14 9 19 15 8 13 17 16 7
4 9 1 16 20 9 16 15 7
17 17 16 0 17 9 7 9 17
10 10 16 9 12 15 7 4 9
11 7 17 2 0 7 7 16 9
16 9 6 6 9 9 10 15 13
6 7 19 3 5 13 7 16 0
19 7 9 19 7 17 4 1 7
14 9 16 9 14 4 7 12 17
4 9 6 8 5 19 17 12 1
19 0 19 5 18 7 12 3 16
9 17 7 5 0 1 17 19 1
8 9 1 7 4 0 12 4 17
9 9 16 16 15 5 17 15 0
15 16 9 2 7 10 0 9 7
9 13 5 3 19 12 12 13 9
4 9 0 6 15 0 5 19 7
9 9 10 3 14 3 2 8 17
