-3.056690063476562500e+02
-3.094867858886718750e+02
-3.052057495117187500e+02
-3.151188354492187500e+02
-3.025454711914062500e+02
-3.048226318359375000e+02
-3.156445312500000000e+02
-3.100333557128906250e+02
-3.153266296386718750e+02
-3.059501953125000000e+02
-3.049462280273437500e+02
-3.105560302734375000e+02
-3.130971069335937500e+02
-3.169573974609375000e+02
-2.997271118164062500e+02
-3.084858398437500000e+02
-3.146235656738281250e+02
-3.042288818359375000e+02
-3.157720947265625000e+02
-3.113014526367187500e+02
-3.126381835937500000e+02
-3.165402221679687500e+02
-2.789193420410156250e+02
-3.183669433593750000e+02
-3.110269775390625000e+02
-3.159436950683593750e+02
-3.078375244140625000e+02
-3.155341186523437500e+02
-3.159100952148437500e+02
-3.163356933593750000e+02
-3.190910644531250000e+02
-3.158783569335937500e+02
-3.181665344238281250e+02
-3.014929809570312500e+02
-2.817494201660156250e+02
-3.158043518066406250e+02
-3.174620971679687500e+02
-2.850657653808593750e+02
-3.058097534179687500e+02
-3.069973754882812500e+02
-3.146132507324218750e+02
-3.129208374023437500e+02
-3.098850708007812500e+02
-3.163016357421875000e+02
-3.088353881835937500e+02
-3.042681884765625000e+02
-2.753945922851562500e+02
-3.177362060546875000e+02
-3.153358764648437500e+02
-3.141167602539062500e+02
-2.825050659179687500e+02
-3.128241577148437500e+02
-3.100244750976562500e+02
-3.101707763671875000e+02
-3.054619750976562500e+02
-2.923246765136718750e+02
-2.805067749023437500e+02
-3.150931091308593750e+02
-3.149778442382812500e+02
-3.147450866699218750e+02
-3.083013000488281250e+02
-3.101742553710937500e+02
-3.073684997558593750e+02
-3.097615661621093750e+02
-3.137067260742187500e+02
-3.083994750976562500e+02
-3.126405639648437500e+02
-3.156542968750000000e+02
-3.081650390625000000e+02
-3.094722290039062500e+02
-3.163739624023437500e+02
-3.092492065429687500e+02
-3.169835815429687500e+02
-3.093948059082031250e+02
-2.867760620117187500e+02
-2.957062377929687500e+02
-3.038352966308593750e+02
-2.810012817382812500e+02
-3.042564086914062500e+02
-3.190969238281250000e+02
-3.149992370605468750e+02
-2.849682617187500000e+02
-3.195603942871093750e+02
-3.132541809082031250e+02
-3.091584472656250000e+02
-3.081846618652343750e+02
-3.089919738769531250e+02
-3.164685668945312500e+02
-3.104488525390625000e+02
-3.147713623046875000e+02
-3.147398071289062500e+02
-3.055088500976562500e+02
-2.927649841308593750e+02
-3.149123535156250000e+02
-3.064627685546875000e+02
-3.072036132812500000e+02
-3.062415161132812500e+02
-3.164569091796875000e+02
-3.141207885742187500e+02
-3.177134094238281250e+02
-3.021352844238281250e+02
-2.790485229492187500e+02
-2.816243591308593750e+02
-3.156165771484375000e+02
-3.026318969726562500e+02
-3.044712829589843750e+02
-3.165841064453125000e+02
-3.149229125976562500e+02
-3.178342895507812500e+02
-3.179812927246093750e+02
-3.158417053222656250e+02
-3.155091552734375000e+02
-3.091438598632812500e+02
-3.100551147460937500e+02
-3.050324401855468750e+02
-3.090918273925781250e+02
-3.107064514160156250e+02
-3.160503234863281250e+02
-3.158464355468750000e+02
-3.123220520019531250e+02
-3.148800048828125000e+02
-3.165774536132812500e+02
-3.179985961914062500e+02
-2.994378967285156250e+02
-2.996184692382812500e+02
-3.143373413085937500e+02
-3.144219970703125000e+02
-3.127214050292968750e+02
-2.778907470703125000e+02
-3.146956787109375000e+02
-3.161749572753906250e+02
-3.074574584960937500e+02
-3.152054443359375000e+02
-3.138781738281250000e+02
-3.122529602050781250e+02
-3.140232543945312500e+02
-3.043487548828125000e+02
-3.138009643554687500e+02
-3.090212402343750000e+02
-2.802498474121093750e+02
-3.093448791503906250e+02
-2.989744873046875000e+02
-3.098665161132812500e+02
-3.076669921875000000e+02
-3.081332397460937500e+02
-3.153044738769531250e+02
-3.071266784667968750e+02
-3.079340209960937500e+02
-3.053141479492187500e+02
-3.070242919921875000e+02
-3.143656005859375000e+02
-3.133751220703125000e+02
-2.990756835937500000e+02
-3.098944702148437500e+02
-3.157965087890625000e+02
-3.104695739746093750e+02
-3.152423706054687500e+02
-3.055661010742187500e+02
-3.064565429687500000e+02
-2.941736450195312500e+02
-3.159328613281250000e+02
-2.827984313964843750e+02
-3.168729248046875000e+02
-3.069816589355468750e+02
-3.103889160156250000e+02
-3.103803100585937500e+02
-3.139012451171875000e+02
-3.125529785156250000e+02
-3.058889770507812500e+02
-3.149446411132812500e+02
-3.152958068847656250e+02
-3.022141113281250000e+02
-3.145736083984375000e+02
-3.133444519042968750e+02
-3.148309020996093750e+02
-3.063119506835937500e+02
-3.071088867187500000e+02
-2.742869567871093750e+02
-3.046125183105468750e+02
-2.766019897460937500e+02
-3.131444702148437500e+02
-2.750450744628906250e+02
-3.091295166015625000e+02
-3.156709899902343750e+02
-3.090187683105468750e+02
-3.135108947753906250e+02
-3.069926147460937500e+02
-3.153051147460937500e+02
-3.128398132324218750e+02
-2.824047851562500000e+02
-3.117293701171875000e+02
-3.134472045898437500e+02
-2.760693054199218750e+02
-3.105346069335937500e+02
-3.080314636230468750e+02
-2.824130554199218750e+02
-3.073985595703125000e+02
-3.151196289062500000e+02
-3.096519775390625000e+02
-3.085250244140625000e+02
-2.776263427734375000e+02
-3.081538696289062500e+02
-3.204093017578125000e+02
-3.049830627441406250e+02
-3.114303283691406250e+02
-3.117803039550781250e+02
-2.760267333984375000e+02
-3.137928466796875000e+02
-3.155856933593750000e+02
-3.133233032226562500e+02
-3.117620239257812500e+02
-3.152560424804687500e+02
-3.094539794921875000e+02
-3.081837768554687500e+02
-3.171821289062500000e+02
-3.073650512695312500e+02
-2.978042602539062500e+02
-3.101742553710937500e+02
-3.067727966308593750e+02
-3.138198852539062500e+02
-3.162626342773437500e+02
-3.076336059570312500e+02
-3.119375915527343750e+02
-3.129916076660156250e+02
-3.161609497070312500e+02
-3.074779663085937500e+02
-3.084756164550781250e+02
-3.148351440429687500e+02
-3.140289611816406250e+02
-3.129559326171875000e+02
-3.146741027832031250e+02
-3.146531372070312500e+02
-3.074533691406250000e+02
-3.066126403808593750e+02
-3.154064941406250000e+02
-3.113078613281250000e+02
-3.206790161132812500e+02
-3.062469482421875000e+02
-3.162261047363281250e+02
-3.140412597656250000e+02
-3.152284545898437500e+02
-3.091504821777343750e+02
-3.173328247070312500e+02
-3.124260253906250000e+02
-2.965302734375000000e+02
-3.051773681640625000e+02
-3.112611083984375000e+02
-3.105524902343750000e+02
-3.093884277343750000e+02
-3.088631591796875000e+02
-3.092870483398437500e+02
-3.104049682617187500e+02
-3.150471191406250000e+02
-3.148138732910156250e+02
-3.130839843750000000e+02
-3.108591003417968750e+02
-3.071511230468750000e+02
-3.074899597167968750e+02
-3.163700561523437500e+02
-3.173223266601562500e+02
-3.126682739257812500e+02
-3.146124267578125000e+02
-3.081106567382812500e+02
-3.169901428222656250e+02
-2.872373046875000000e+02
-3.003440551757812500e+02
-2.991621093750000000e+02
-3.161790466308593750e+02
-3.054708251953125000e+02
-3.174757385253906250e+02
-3.085518188476562500e+02
-3.075065002441406250e+02
-3.059002075195312500e+02
-3.062849426269531250e+02
-3.184658508300781250e+02
-2.946648254394531250e+02
-3.114124755859375000e+02
-3.118494262695312500e+02
-3.087664184570312500e+02
-3.133009643554687500e+02
-3.151995239257812500e+02
-3.161995239257812500e+02
-3.071226501464843750e+02
-3.070921630859375000e+02
-3.001739807128906250e+02
-2.753521423339843750e+02
-3.056313476562500000e+02
-3.168429260253906250e+02
-3.126604614257812500e+02
-3.105287780761718750e+02
-3.141668701171875000e+02
-2.957409973144531250e+02
-3.095936584472656250e+02
-3.064745788574218750e+02
-3.136777038574218750e+02
-3.123745117187500000e+02
-3.163687744140625000e+02
-3.084985961914062500e+02
-3.110594177246093750e+02
-3.121643676757812500e+02
-3.080828857421875000e+02
-3.172349243164062500e+02
-3.031851196289062500e+02
-3.156998901367187500e+02
-3.142741699218750000e+02
-3.145119628906250000e+02
-3.045322875976562500e+02
-3.155033569335937500e+02
-3.184888000488281250e+02
-2.597803955078125000e+02
-3.156816406250000000e+02
-3.117612915039062500e+02
-3.182043762207031250e+02
-3.164352111816406250e+02
-3.164732666015625000e+02
-3.152351074218750000e+02
-3.142184448242187500e+02
-3.089193725585937500e+02
-3.061741027832031250e+02
-3.088571472167968750e+02
-3.100738525390625000e+02
-3.068350524902343750e+02
-3.149286499023437500e+02
-3.174873046875000000e+02
-3.157430725097656250e+02
-3.076874389648437500e+02
-2.922100830078125000e+02
-3.063813476562500000e+02
-3.082241210937500000e+02
-3.154139404296875000e+02
-3.005812683105468750e+02
-3.111618652343750000e+02
-2.866781921386718750e+02
-3.041129150390625000e+02
-3.125089416503906250e+02
-3.158560791015625000e+02
-3.171094360351562500e+02
-3.164638671875000000e+02
-2.961709594726562500e+02
-3.156930847167968750e+02
-3.128145141601562500e+02
-3.136928710937500000e+02
-3.072787475585937500e+02
-3.072698669433593750e+02
-3.112899475097656250e+02
-3.133056640625000000e+02
-3.046612548828125000e+02
-3.160803222656250000e+02
-3.177943115234375000e+02
-3.140588378906250000e+02
-3.169413757324218750e+02
-3.181772460937500000e+02
-3.158381652832031250e+02
-3.107147827148437500e+02
-3.062688293457031250e+02
-3.184684448242187500e+02
-3.161398010253906250e+02
-3.029292907714843750e+02
-3.185664672851562500e+02
-3.185928649902343750e+02
-3.150707397460937500e+02
-3.153485107421875000e+02
-2.711666870117187500e+02
-3.107247619628906250e+02
-3.085691528320312500e+02
-3.152761230468750000e+02
-3.067921142578125000e+02
-3.169795532226562500e+02
-3.163431396484375000e+02
-3.135939331054687500e+02
-3.150105590820312500e+02
-2.821774902343750000e+02
-3.107442932128906250e+02
-3.147046203613281250e+02
-3.131420898437500000e+02
-3.171452331542968750e+02
-3.152641906738281250e+02
-3.096876831054687500e+02
-2.996377563476562500e+02
-3.123204956054687500e+02
-3.069529418945312500e+02
-3.059625244140625000e+02
-3.146546630859375000e+02
-3.129295043945312500e+02
-3.168492431640625000e+02
-3.195737304687500000e+02
-3.040809326171875000e+02
-3.088128967285156250e+02
-3.120196533203125000e+02
-2.973491210937500000e+02
-3.078578796386718750e+02
-2.912471618652343750e+02
-3.159065551757812500e+02
-2.981741333007812500e+02
-3.170722351074218750e+02
-3.181229553222656250e+02
-3.179481506347656250e+02
-3.159384155273437500e+02
-3.081820068359375000e+02
-3.154113159179687500e+02
-3.091516723632812500e+02
-3.060310668945312500e+02
-2.979323120117187500e+02
-3.062749023437500000e+02
-2.975020751953125000e+02
-3.153252258300781250e+02
-3.152178039550781250e+02
-3.125304565429687500e+02
-2.787281188964843750e+02
-3.035444030761718750e+02
-3.039250488281250000e+02
-3.130365905761718750e+02
-3.168027038574218750e+02
-3.143707275390625000e+02
-3.120250854492187500e+02
-3.184313659667968750e+02
-3.101199340820312500e+02
-3.166735839843750000e+02
-2.816890258789062500e+02
-3.057697143554687500e+02
-3.093040161132812500e+02
-3.132221069335937500e+02
-3.160717773437500000e+02
-3.095425415039062500e+02
-3.114855346679687500e+02
-3.184146118164062500e+02
-3.164773559570312500e+02
-3.024611816406250000e+02
-3.105907897949218750e+02
-2.777845764160156250e+02
-3.057247924804687500e+02
-3.064046936035156250e+02
-3.092891845703125000e+02
-3.054671020507812500e+02
-3.137868652343750000e+02
-2.750946655273437500e+02
-3.141679992675781250e+02
-3.057624816894531250e+02
-3.083684387207031250e+02
-3.049252319335937500e+02
-3.029958190917968750e+02
-3.059375305175781250e+02
-3.158317565917968750e+02
-3.124089965820312500e+02
-3.159617004394531250e+02
-3.167744750976562500e+02
-3.143079833984375000e+02
-3.146459960937500000e+02
-3.151424560546875000e+02
-3.111886596679687500e+02
-3.033735351562500000e+02
-3.156504516601562500e+02
-3.087334289550781250e+02
-2.874724426269531250e+02
-3.136346130371093750e+02
-3.037772827148437500e+02
-3.103459472656250000e+02
-3.082728271484375000e+02
-3.108430786132812500e+02
-3.128332824707031250e+02
-3.030227661132812500e+02
-3.168374023437500000e+02
-3.101810913085937500e+02
-3.133811340332031250e+02
-3.099368591308593750e+02
-3.124527587890625000e+02
-3.172982788085937500e+02
-3.038255004882812500e+02
-3.133811950683593750e+02
-3.057903747558593750e+02
-3.070713500976562500e+02
-3.166687011718750000e+02
-3.204448547363281250e+02
-3.050963134765625000e+02
-2.975169677734375000e+02
-3.158219604492187500e+02
-3.177780456542968750e+02
-3.167169189453125000e+02
-3.118194580078125000e+02
-3.147080078125000000e+02
-3.153753662109375000e+02
-3.185744628906250000e+02
-3.122080078125000000e+02
-3.139481811523437500e+02
-3.160829772949218750e+02
-3.167279052734375000e+02
-3.065043945312500000e+02
-3.091544799804687500e+02
-3.090960083007812500e+02
-3.167748107910156250e+02
-3.047776794433593750e+02
-3.092888793945312500e+02
-3.156423645019531250e+02
-3.162896118164062500e+02
-3.077073059082031250e+02
-3.059607238769531250e+02
-3.151354370117187500e+02
-3.118569946289062500e+02
-3.081894836425781250e+02
-3.165170898437500000e+02
-3.126716918945312500e+02
-3.165219421386718750e+02
-3.035809020996093750e+02
-3.088507080078125000e+02
-3.134871826171875000e+02
-3.044465332031250000e+02
-3.057744140625000000e+02
-3.125524902343750000e+02
-3.104097595214843750e+02
-2.710240478515625000e+02
-3.184833374023437500e+02
-2.889063720703125000e+02
-3.174300231933593750e+02
-3.095190429687500000e+02
-3.050999145507812500e+02
-3.189157104492187500e+02
-3.169389038085937500e+02
-3.144858398437500000e+02
-3.078544921875000000e+02
-3.148334350585937500e+02
-3.141645507812500000e+02
-3.152957153320312500e+02
-3.147903137207031250e+02
-3.169940490722656250e+02
-3.099575805664062500e+02
-3.162221679687500000e+02
-3.036955566406250000e+02
-3.072844848632812500e+02
-3.169218750000000000e+02
-3.210644226074218750e+02
-3.094755554199218750e+02
-3.034940795898437500e+02
-3.152092895507812500e+02
-3.053440246582031250e+02
-2.982544250488281250e+02
-3.075264587402343750e+02
-2.884246215820312500e+02
-3.115912780761718750e+02
-3.145851440429687500e+02
-2.824011840820312500e+02
-2.828230895996093750e+02
-3.063972167968750000e+02
-3.154039306640625000e+02
-3.174731445312500000e+02
-3.114461059570312500e+02
-3.064865112304687500e+02
-3.051871337890625000e+02
-3.089711608886718750e+02
-3.166206970214843750e+02
-3.068524475097656250e+02
-3.139161987304687500e+02
-3.085089111328125000e+02
-3.095969848632812500e+02
-3.093775024414062500e+02
-3.134833068847656250e+02
-3.082301025390625000e+02
-3.171560363769531250e+02
-3.138369140625000000e+02
-3.106529541015625000e+02
-3.135698242187500000e+02
-3.098769836425781250e+02
-3.070077514648437500e+02
-3.149343261718750000e+02
-3.147150268554687500e+02
-3.128485717773437500e+02
-3.057062988281250000e+02
-3.126794738769531250e+02
-3.050111694335937500e+02
-3.051414184570312500e+02
-3.115803222656250000e+02
-2.862671508789062500e+02
-3.155036010742187500e+02
-3.079535217285156250e+02
-3.166583251953125000e+02
-3.106240844726562500e+02
-3.061919250488281250e+02
-3.146727294921875000e+02
-3.131661376953125000e+02
-3.102518615722656250e+02
-3.076812744140625000e+02
-2.780155029296875000e+02
-3.132192382812500000e+02
-3.164406738281250000e+02
-3.188065185546875000e+02
-3.040328674316406250e+02
-3.079919433593750000e+02
-3.081922302246093750e+02
-3.138971557617187500e+02
-3.155565795898437500e+02
-3.114544982910156250e+02
-3.147861938476562500e+02
-2.987195129394531250e+02
-3.019820556640625000e+02
-3.176051025390625000e+02
-2.851705017089843750e+02
-3.174584350585937500e+02
-3.155622253417968750e+02
-3.177792968750000000e+02
-3.173545837402343750e+02
-3.054822998046875000e+02
-3.152318420410156250e+02
-3.128175659179687500e+02
-3.182315673828125000e+02
-3.085389404296875000e+02
-3.124963684082031250e+02
-2.736688842773437500e+02
-3.064024963378906250e+02
-3.143367309570312500e+02
-3.035035705566406250e+02
-3.063081359863281250e+02
-3.109604492187500000e+02
-3.134186401367187500e+02
-3.165661621093750000e+02
-3.064775695800781250e+02
-3.161778564453125000e+02
-3.125625610351562500e+02
-3.143488464355468750e+02
-3.011657104492187500e+02
-2.650523071289062500e+02
-3.164876708984375000e+02
-3.072682189941406250e+02
-3.173421630859375000e+02
-3.174915161132812500e+02
-3.114797973632812500e+02
-3.047070922851562500e+02
-2.838242187500000000e+02
-3.024221191406250000e+02
-3.163587951660156250e+02
-3.182023315429687500e+02
-3.152546997070312500e+02
-3.039795837402343750e+02
-3.150640258789062500e+02
-3.030279541015625000e+02
-3.080950317382812500e+02
-3.158457031250000000e+02
-3.134701538085937500e+02
-3.162852478027343750e+02
-3.071975402832031250e+02
-3.050198059082031250e+02
-2.559539642333984375e+02
-3.159525756835937500e+02
-3.141319580078125000e+02
-3.030521850585937500e+02
-2.824035644531250000e+02
-3.157713623046875000e+02
-2.929543151855468750e+02
-3.062252807617187500e+02
-3.051643676757812500e+02
-3.152258911132812500e+02
-3.167343139648437500e+02
-3.157540283203125000e+02
-3.173247070312500000e+02
-2.895541992187500000e+02
-3.149320068359375000e+02
-3.107212524414062500e+02
-3.140438537597656250e+02
-3.175567932128906250e+02
-3.047924804687500000e+02
-3.133834533691406250e+02
-2.980765991210937500e+02
-2.836865539550781250e+02
-3.172608642578125000e+02
-3.063569030761718750e+02
-3.114402770996093750e+02
-3.170387573242187500e+02
-3.164640197753906250e+02
-3.052196044921875000e+02
-3.079514770507812500e+02
-3.146439819335937500e+02
-3.072598266601562500e+02
-3.065990295410156250e+02
-3.169273071289062500e+02
-3.169792480468750000e+02
-3.059808349609375000e+02
-3.137988586425781250e+02
-3.069707031250000000e+02
-3.079131164550781250e+02
-3.144688720703125000e+02
-3.151096801757812500e+02
-3.174908447265625000e+02
-3.159421386718750000e+02
-3.175465087890625000e+02
-3.181354980468750000e+02
-3.111400756835937500e+02
-3.157337646484375000e+02
-3.156320190429687500e+02
-3.136136779785156250e+02
-3.137340087890625000e+02
-2.829132080078125000e+02
-3.129993896484375000e+02
-3.059293212890625000e+02
-3.171198425292968750e+02
-3.116999511718750000e+02
