-3.160197753906250000e+02
-3.165644531250000000e+02
-3.161472778320312500e+02
-3.154967651367187500e+02
-3.175022583007812500e+02
-3.153462524414062500e+02
-3.174366455078125000e+02
-3.174356689453125000e+02
-3.145396728515625000e+02
-3.143534545898437500e+02
-3.164403076171875000e+02
-3.155563964843750000e+02
-3.146408081054687500e+02
-3.183639526367187500e+02
-3.162859497070312500e+02
-3.140932922363281250e+02
-3.168696289062500000e+02
-3.159085998535156250e+02
-3.137778015136718750e+02
-3.178223266601562500e+02
-3.150619506835937500e+02
-3.208002319335937500e+02
-3.150851440429687500e+02
-3.168986816406250000e+02
-3.172049865722656250e+02
-3.183536071777343750e+02
-3.164201049804687500e+02
-3.157213745117187500e+02
-3.153500976562500000e+02
-3.183836059570312500e+02
-3.161246337890625000e+02
-3.166846008300781250e+02
-3.171001281738281250e+02
-3.161460876464843750e+02
-3.159697875976562500e+02
-3.154965820312500000e+02
-3.162286987304687500e+02
-3.175388793945312500e+02
-3.148353881835937500e+02
-3.160119323730468750e+02
-3.164159240722656250e+02
-3.154878540039062500e+02
-3.148222045898437500e+02
-3.153245239257812500e+02
-3.160249633789062500e+02
-3.174408874511718750e+02
-3.184526367187500000e+02
-3.182667236328125000e+02
-3.151516418457031250e+02
-3.146969604492187500e+02
-3.147093505859375000e+02
-3.158265686035156250e+02
-3.160697631835937500e+02
-3.158925476074218750e+02
-3.174409179687500000e+02
-3.151133117675781250e+02
-3.157506408691406250e+02
-3.169294433593750000e+02
-3.181154785156250000e+02
-3.121964111328125000e+02
-3.206411743164062500e+02
-3.196025085449218750e+02
-3.164825134277343750e+02
-3.178984680175781250e+02
-3.167976989746093750e+02
-3.170546875000000000e+02
-3.155681457519531250e+02
-3.135216369628906250e+02
-3.165051269531250000e+02
-3.147088623046875000e+02
-3.162838439941406250e+02
-3.151765136718750000e+02
-3.157604370117187500e+02
-3.143776855468750000e+02
-3.138031311035156250e+02
-3.159411621093750000e+02
-3.160758056640625000e+02
-3.145216674804687500e+02
-3.133020019531250000e+02
-3.165055847167968750e+02
-3.169413146972656250e+02
-3.142290649414062500e+02
-3.168761291503906250e+02
-3.155837707519531250e+02
-3.188795776367187500e+02
-3.143905944824218750e+02
-3.157066040039062500e+02
-3.167116394042968750e+02
-3.165042724609375000e+02
-3.161870117187500000e+02
-3.174985351562500000e+02
-3.142642822265625000e+02
-3.181012268066406250e+02
-3.170733032226562500e+02
-3.132633056640625000e+02
-3.170341186523437500e+02
-3.166926269531250000e+02
-3.160357971191406250e+02
-3.159794921875000000e+02
-3.179490356445312500e+02
-3.167579040527343750e+02
-3.154955444335937500e+02
-3.217881164550781250e+02
-3.179920654296875000e+02
-3.153157348632812500e+02
-3.184786071777343750e+02
-3.148229980468750000e+02
-3.175715942382812500e+02
-3.156632385253906250e+02
-3.190794677734375000e+02
-3.162627563476562500e+02
-3.138124389648437500e+02
-3.159992675781250000e+02
-3.136875305175781250e+02
-3.147330322265625000e+02
-3.161442260742187500e+02
-3.178864135742187500e+02
-3.150490112304687500e+02
-3.089600524902343750e+02
-3.149485778808593750e+02
-3.150793457031250000e+02
-3.164067687988281250e+02
-3.185151062011718750e+02
-3.163970947265625000e+02
-3.168665466308593750e+02
-3.186518554687500000e+02
-3.193047790527343750e+02
-3.160015869140625000e+02
-3.197017211914062500e+02
-3.157512817382812500e+02
-3.158101501464843750e+02
-3.159528808593750000e+02
-3.143366699218750000e+02
-3.168985290527343750e+02
-3.183166503906250000e+02
-3.187887268066406250e+02
-3.161934814453125000e+02
-3.176769104003906250e+02
-3.142208557128906250e+02
-3.170516357421875000e+02
-3.167816162109375000e+02
-3.162638854980468750e+02
-3.173041381835937500e+02
-3.171529846191406250e+02
-3.134637451171875000e+02
-3.200362548828125000e+02
-3.153247070312500000e+02
-3.165529174804687500e+02
-3.158497314453125000e+02
-3.172271423339843750e+02
-3.126079711914062500e+02
-3.164629211425781250e+02
-3.155680541992187500e+02
-3.171434326171875000e+02
-3.157495117187500000e+02
-3.184076538085937500e+02
-3.153265380859375000e+02
-3.161505126953125000e+02
-3.137989807128906250e+02
-3.182423095703125000e+02
-3.183088684082031250e+02
-3.161411743164062500e+02
-3.137221984863281250e+02
-3.174523315429687500e+02
-3.155060424804687500e+02
-3.157029418945312500e+02
-3.130895996093750000e+02
-3.165354003906250000e+02
-3.171659545898437500e+02
-3.146851806640625000e+02
-3.193078613281250000e+02
-3.162603759765625000e+02
-3.141353454589843750e+02
-3.182360534667968750e+02
-3.182294921875000000e+02
-3.159398803710937500e+02
-3.155383300781250000e+02
-3.158302001953125000e+02
-3.183040161132812500e+02
-3.155794982910156250e+02
-3.148302612304687500e+02
-3.154063720703125000e+02
-3.187122192382812500e+02
-3.149184570312500000e+02
-3.185438537597656250e+02
-3.128833312988281250e+02
-3.177835693359375000e+02
-3.136169128417968750e+02
-3.177654113769531250e+02
-3.142736206054687500e+02
-3.163585815429687500e+02
-3.212257995605468750e+02
-3.166401062011718750e+02
-3.137686157226562500e+02
-3.147636413574218750e+02
-3.192660827636718750e+02
-3.169178466796875000e+02
-3.161917114257812500e+02
-3.179389648437500000e+02
-3.208399047851562500e+02
-3.167851562500000000e+02
-3.154923095703125000e+02
-3.155414428710937500e+02
-3.190700378417968750e+02
-3.155922851562500000e+02
-3.176181945800781250e+02
-3.165862121582031250e+02
-3.165751037597656250e+02
-3.147258911132812500e+02
-3.149249572753906250e+02
-3.145274047851562500e+02
-3.147155456542968750e+02
-3.160223999023437500e+02
-3.156550292968750000e+02
-3.160115051269531250e+02
-3.176555786132812500e+02
-3.165558471679687500e+02
-3.163465270996093750e+02
-3.152645263671875000e+02
-3.154506225585937500e+02
-3.164518737792968750e+02
-3.176347045898437500e+02
-3.174012756347656250e+02
-3.174199829101562500e+02
-3.168900146484375000e+02
-3.138322143554687500e+02
-3.132161865234375000e+02
-3.175640869140625000e+02
-3.168420104980468750e+02
-3.158887023925781250e+02
-3.148042907714843750e+02
-3.168623962402343750e+02
-3.152281799316406250e+02
-3.151112060546875000e+02
-3.163440856933593750e+02
-3.145732116699218750e+02
-3.190675964355468750e+02
-3.142690124511718750e+02
-3.154008483886718750e+02
-3.151015930175781250e+02
-3.153209533691406250e+02
-3.191073608398437500e+02
-3.176078186035156250e+02
-3.165601501464843750e+02
-3.163130798339843750e+02
-3.148125915527343750e+02
-3.161243896484375000e+02
-3.169062194824218750e+02
-3.154056091308593750e+02
-3.168342590332031250e+02
-3.190089416503906250e+02
-3.172875366210937500e+02
-3.161729125976562500e+02
-3.166783142089843750e+02
-3.153697814941406250e+02
-3.142177734375000000e+02
-3.148047485351562500e+02
-3.147225646972656250e+02
-3.136396179199218750e+02
-3.161086730957031250e+02
-3.155615539550781250e+02
-3.180429687500000000e+02
-3.157678527832031250e+02
-3.169451599121093750e+02
-3.174151000976562500e+02
-3.143670349121093750e+02
-3.159450073242187500e+02
-3.189671630859375000e+02
-3.158120727539062500e+02
-3.156451416015625000e+02
-3.153551025390625000e+02
-3.164046020507812500e+02
-3.161745605468750000e+02
-3.142391357421875000e+02
-3.142790832519531250e+02
-3.147727661132812500e+02
-3.160352478027343750e+02
-3.161416625976562500e+02
-3.146459350585937500e+02
-3.153932189941406250e+02
-3.151040649414062500e+02
-3.167514343261718750e+02
-3.176260986328125000e+02
-3.139188232421875000e+02
-3.175533752441406250e+02
-3.174589233398437500e+02
-3.146169128417968750e+02
-3.163152160644531250e+02
-3.166919250488281250e+02
-3.171957397460937500e+02
-3.211786193847656250e+02
-3.135480651855468750e+02
-3.148780517578125000e+02
-3.151668090820312500e+02
-3.155354614257812500e+02
-3.157876892089843750e+02
-3.168711547851562500e+02
-3.156262817382812500e+02
-3.175083923339843750e+02
-3.194101867675781250e+02
-3.148038330078125000e+02
-3.165130920410156250e+02
-3.131281738281250000e+02
-3.158943176269531250e+02
-3.181644287109375000e+02
-3.155379943847656250e+02
-3.162607421875000000e+02
-3.144970397949218750e+02
-3.159859008789062500e+02
-3.150922851562500000e+02
-3.162516479492187500e+02
-3.161370239257812500e+02
-3.179622192382812500e+02
-3.154518432617187500e+02
-3.159813842773437500e+02
-3.186329650878906250e+02
-3.163169555664062500e+02
-3.171997985839843750e+02
-3.160026855468750000e+02
-3.155556640625000000e+02
-3.175767822265625000e+02
-3.189857482910156250e+02
-3.164923095703125000e+02
-3.189788208007812500e+02
-3.154063110351562500e+02
-3.176310424804687500e+02
-3.148653564453125000e+02
-3.174827270507812500e+02
-3.186758422851562500e+02
-3.156622009277343750e+02
-3.164099426269531250e+02
-3.176135864257812500e+02
-3.157411804199218750e+02
-3.160521850585937500e+02
-3.149621276855468750e+02
-3.156737060546875000e+02
-3.182661132812500000e+02
-3.147939758300781250e+02
-3.162171630859375000e+02
-3.194838256835937500e+02
-3.138185424804687500e+02
-3.176165161132812500e+02
-3.157678833007812500e+02
-3.158931579589843750e+02
-3.143131408691406250e+02
-3.168800354003906250e+02
-3.146140136718750000e+02
-3.179567565917968750e+02
-3.154223632812500000e+02
-3.189441528320312500e+02
-3.156419677734375000e+02
-3.157785644531250000e+02
-3.153488159179687500e+02
-3.145343017578125000e+02
-3.187042236328125000e+02
-3.157321166992187500e+02
-3.174628295898437500e+02
-3.099872436523437500e+02
-3.162368774414062500e+02
-3.189611511230468750e+02
-3.172209777832031250e+02
-3.153989257812500000e+02
-3.154981994628906250e+02
-3.177919616699218750e+02
-3.162133178710937500e+02
-3.165404663085937500e+02
-3.167098693847656250e+02
-3.180030517578125000e+02
-3.167101135253906250e+02
-3.164037170410156250e+02
-3.154347229003906250e+02
-3.182319335937500000e+02
-3.123080749511718750e+02
-3.158314208984375000e+02
-3.151715698242187500e+02
-3.175090942382812500e+02
-3.178928527832031250e+02
-3.144830322265625000e+02
-3.170126647949218750e+02
-3.162828979492187500e+02
-3.204867553710937500e+02
-3.161187744140625000e+02
-3.140064697265625000e+02
-3.142462463378906250e+02
-3.163504638671875000e+02
-3.164619140625000000e+02
-3.124139099121093750e+02
-3.129501342773437500e+02
-3.153329162597656250e+02
-3.187328186035156250e+02
-3.169942932128906250e+02
-3.145383911132812500e+02
-3.119239807128906250e+02
-3.157384643554687500e+02
-3.163514404296875000e+02
-3.162022705078125000e+02
-3.142019653320312500e+02
-3.158239746093750000e+02
-3.172168273925781250e+02
-3.168778381347656250e+02
-3.165234985351562500e+02
-3.148854064941406250e+02
-3.173447570800781250e+02
-3.143565063476562500e+02
-3.198745727539062500e+02
-3.156132812500000000e+02
-3.179376831054687500e+02
-3.183970336914062500e+02
-3.154248657226562500e+02
-3.166835021972656250e+02
-3.143236389160156250e+02
-3.149833068847656250e+02
-3.163239440917968750e+02
-3.150951538085937500e+02
-3.159476928710937500e+02
-3.202516784667968750e+02
-3.180256652832031250e+02
-3.151668090820312500e+02
-3.152174987792968750e+02
-3.147186584472656250e+02
-3.147100830078125000e+02
-3.175810546875000000e+02
-3.167515869140625000e+02
-3.147266235351562500e+02
-3.154247741699218750e+02
-3.147734680175781250e+02
-3.168881835937500000e+02
-3.149343261718750000e+02
-3.175368041992187500e+02
-3.147323913574218750e+02
-3.198197631835937500e+02
-3.146416015625000000e+02
-3.149638671875000000e+02
-3.171100463867187500e+02
-3.165182800292968750e+02
-3.102359619140625000e+02
-3.180417175292968750e+02
-3.171396484375000000e+02
-3.168199768066406250e+02
-3.152517700195312500e+02
-3.157127075195312500e+02
-3.161255493164062500e+02
-3.156397705078125000e+02
-3.148594970703125000e+02
-3.181612548828125000e+02
-3.172546997070312500e+02
-3.191157531738281250e+02
-3.139119567871093750e+02
-3.202937011718750000e+02
-3.171653747558593750e+02
-3.153106079101562500e+02
-3.158357238769531250e+02
-3.195922851562500000e+02
-3.164445190429687500e+02
-3.189510803222656250e+02
-3.154322814941406250e+02
-3.156064453125000000e+02
-3.161217956542968750e+02
-3.155845642089843750e+02
-3.164123840332031250e+02
-3.166911010742187500e+02
-3.168882751464843750e+02
-3.140936889648437500e+02
-3.147914733886718750e+02
-3.143890991210937500e+02
-3.150254821777343750e+02
-3.153807983398437500e+02
-3.146415405273437500e+02
-3.149136962890625000e+02
-3.142366638183593750e+02
-3.145702514648437500e+02
-3.160039062500000000e+02
-3.166431274414062500e+02
-3.166948852539062500e+02
-3.172835083007812500e+02
-3.158526306152343750e+02
-3.161910095214843750e+02
-3.158615417480468750e+02
-3.146868896484375000e+02
-3.152895812988281250e+02
-3.143173217773437500e+02
-3.156612854003906250e+02
-3.218091430664062500e+02
-3.152479553222656250e+02
-3.147986450195312500e+02
-3.159098510742187500e+02
-3.171480712890625000e+02
-3.191517639160156250e+02
-3.197364196777343750e+02
-3.181244506835937500e+02
-3.150284118652343750e+02
-3.168008728027343750e+02
-3.154963073730468750e+02
-3.164447021484375000e+02
-3.181335449218750000e+02
-3.166330261230468750e+02
-3.148656005859375000e+02
-3.187075500488281250e+02
-3.164142761230468750e+02
-3.136706542968750000e+02
-3.151281738281250000e+02
-3.160063781738281250e+02
-3.169950256347656250e+02
-3.190172424316406250e+02
-3.194023437500000000e+02
-3.176424560546875000e+02
-3.153634643554687500e+02
-3.186910705566406250e+02
-3.162391967773437500e+02
-3.180382385253906250e+02
-3.155700073242187500e+02
-3.176193847656250000e+02
-3.176220703125000000e+02
-3.154995117187500000e+02
-3.162992858886718750e+02
-3.134652099609375000e+02
-3.146511535644531250e+02
-3.173716125488281250e+02
-3.173055725097656250e+02
-3.145253601074218750e+02
-3.149951782226562500e+02
-3.154484558105468750e+02
-3.170271301269531250e+02
-3.139237060546875000e+02
-3.153703002929687500e+02
-3.154998168945312500e+02
-3.169983215332031250e+02
-3.166426391601562500e+02
-3.157073974609375000e+02
-3.151963500976562500e+02
-3.167323913574218750e+02
-3.140382385253906250e+02
-3.163289794921875000e+02
-3.149592895507812500e+02
-3.154260559082031250e+02
-3.188927307128906250e+02
-3.151921997070312500e+02
-3.187419738769531250e+02
-3.154818115234375000e+02
-3.183704833984375000e+02
-3.187515563964843750e+02
-3.171730957031250000e+02
-3.165067138671875000e+02
-3.165391235351562500e+02
-3.200329895019531250e+02
-3.159072875976562500e+02
-3.153284606933593750e+02
-3.160916748046875000e+02
-3.170924987792968750e+02
-3.145888061523437500e+02
-3.161720581054687500e+02
-3.145405883789062500e+02
-3.169894104003906250e+02
-3.141824035644531250e+02
-3.173167114257812500e+02
-3.151491699218750000e+02
-3.141350402832031250e+02
-3.115377807617187500e+02
-3.180819702148437500e+02
-3.170362854003906250e+02
-3.160049438476562500e+02
-3.141728515625000000e+02
-3.141733398437500000e+02
-3.141324157714843750e+02
-3.151844787597656250e+02
-3.162442321777343750e+02
-3.168433227539062500e+02
-3.153693847656250000e+02
-3.166736450195312500e+02
-3.175689392089843750e+02
-3.184636230468750000e+02
-3.191402587890625000e+02
-3.168928222656250000e+02
-3.179854431152343750e+02
-3.173343505859375000e+02
-3.151070556640625000e+02
-3.145823669433593750e+02
-3.166540527343750000e+02
-3.164343872070312500e+02
-3.173992309570312500e+02
-3.150011596679687500e+02
-3.213322448730468750e+02
-3.168500366210937500e+02
-3.150489196777343750e+02
-3.168061523437500000e+02
-3.142976684570312500e+02
-3.131339111328125000e+02
-3.166249389648437500e+02
-3.153718872070312500e+02
-3.175276489257812500e+02
-3.163879394531250000e+02
-3.153690795898437500e+02
-3.154696350097656250e+02
-3.167751159667968750e+02
-3.185442199707031250e+02
-3.142821044921875000e+02
-3.146690368652343750e+02
-3.140013427734375000e+02
-3.158775634765625000e+02
-3.151045837402343750e+02
-3.163941955566406250e+02
-3.168339843750000000e+02
-3.127043762207031250e+02
-3.159893188476562500e+02
-3.148924560546875000e+02
-3.145402221679687500e+02
-3.146541137695312500e+02
-3.167144470214843750e+02
-3.165455932617187500e+02
-3.154254760742187500e+02
-3.161425781250000000e+02
-3.168013916015625000e+02
-3.150553588867187500e+02
-3.174737243652343750e+02
-3.148364868164062500e+02
-3.171554260253906250e+02
-3.145813598632812500e+02
-3.149323120117187500e+02
-3.183202819824218750e+02
-3.161067504882812500e+02
-3.175155639648437500e+02
-3.148734130859375000e+02
-3.145394897460937500e+02
-3.189854736328125000e+02
-3.175520935058593750e+02
-3.126742858886718750e+02
-3.141769714355468750e+02
-3.170130310058593750e+02
-3.152746582031250000e+02
-3.169165954589843750e+02
-3.163710937500000000e+02
-3.174255371093750000e+02
-3.173435363769531250e+02
-3.164003906250000000e+02
-3.156842651367187500e+02
-3.179465942382812500e+02
-3.150393676757812500e+02
-3.178109130859375000e+02
-3.166936645507812500e+02
-3.154463806152343750e+02
-3.169362182617187500e+02
-3.151479187011718750e+02
-3.157644042968750000e+02
-3.186256103515625000e+02
-3.177893676757812500e+02
-3.145486450195312500e+02
-3.149459838867187500e+02
-3.172671508789062500e+02
-3.198901367187500000e+02
-3.167626953125000000e+02
-3.165548095703125000e+02
-3.158521728515625000e+02
-3.197591552734375000e+02
-3.146779785156250000e+02
-3.195514526367187500e+02
-3.153971557617187500e+02
-3.187305297851562500e+02
-3.169405517578125000e+02
-3.162769775390625000e+02
-3.150852966308593750e+02
-3.145347290039062500e+02
-3.170356750488281250e+02
-3.153056335449218750e+02
-3.162445068359375000e+02
-3.131093139648437500e+02
-3.154985351562500000e+02
-3.159501342773437500e+02
-3.202181091308593750e+02
-3.173012084960937500e+02
-3.164127197265625000e+02
-3.177873535156250000e+02
-3.151121826171875000e+02
-3.165311584472656250e+02
-3.169938659667968750e+02
-3.134378662109375000e+02
-3.147695312500000000e+02
-3.160028991699218750e+02
-3.165533447265625000e+02
-3.164117431640625000e+02
-3.164860229492187500e+02
-3.173326721191406250e+02
-3.168155517578125000e+02
-3.169147949218750000e+02
-3.175538330078125000e+02
-3.182361450195312500e+02
-3.155383911132812500e+02
-3.169621582031250000e+02
-3.197272949218750000e+02
-3.155743408203125000e+02
-3.183874511718750000e+02
-3.159948730468750000e+02
-3.166553344726562500e+02
-3.142553405761718750e+02
