-6.760945916175842285e-01 1.351909255981445312e+01 -6.760945916175842285e-01 -6.760945916175842285e-01 -6.760945916175842285e-01 -6.760945916175842285e-01 -6.760945916175842285e-01 -6.760945916175842285e-01 -6.760945916175842285e-01 -6.760945916175842285e-01 -6.760945916175842285e-01 -6.760945916175842285e-01 -6.760945916175842285e-01 -6.760945916175842285e-01 -6.760945916175842285e-01 -6.760945916175842285e-01 -6.760945916175842285e-01 -6.760945916175842285e-01 -6.760945916175842285e-01 -6.760945916175842285e-01 -6.760945916175842285e-01
9.386355400085449219e+00 -2.223876476287841797e+00 -4.015467315912246704e-02 -8.781348466873168945e-01 -1.596031069755554199e+00 1.421311140060424805e+00 -2.037089109420776367e+00 -5.441434383392333984e-01 -1.596031069755554199e+00 -6.882421374320983887e-01 -2.037089109420776367e+00 -1.234800457954406738e+00 -7.443224638700485229e-02 -1.596031069755554199e+00 7.866906523704528809e-01 6.218527317047119141e+00 1.444295287132263184e+00 1.720585465431213379e+00 -2.083257436752319336e+00 -2.083257436752319336e+00 -2.367477655410766602e+00
1.865545630455017090e+00 -1.880999654531478882e-01 -1.843998312950134277e+00 -1.848492145538330078e+00 -1.151549100875854492e+00 1.019725680351257324e+00 -1.904100179672241211e+00 2.737730264663696289e+00 -1.848492145538330078e+00 -4.457892179489135742e-01 -1.750780820846557617e+00 -6.945695281028747559e-01 -1.042470574378967285e+00 -2.115574121475219727e+00 4.089138507843017578e-01 6.388494968414306641e+00 2.921008110046386719e+00 2.847778558731079102e+00 3.033601999282836914e+00 -1.532117128372192383e+00 -4.851840019226074219e+00
5.086734890937805176e-01 -1.911034584045410156e+00 -2.134245634078979492e-01 6.524510383605957031e-01 -1.267439007759094238e+00 1.636800169944763184e+00 -9.521602392196655273e-01 2.934525907039642334e-01 7.255778908729553223e-01 1.980925351381301880e-01 -5.521923899650573730e-01 6.367557644844055176e-01 -4.269971847534179688e-01 -4.748666286468505859e-02 2.557308912277221680e+00 4.990997314453125000e+00 1.789545059204101562e+00 -1.028565391898155212e-01 -1.189257025718688965e+00 -1.232188344001770020e+00 -6.099776744842529297e+00
-4.434528574347496033e-02 -4.900071144104003906e+00 7.477621734142303467e-02 8.600485920906066895e-01 9.639252424240112305e-01 -1.156145334243774414e+00 -9.911857843399047852e-01 -6.325071305036544800e-02 -1.050936102867126465e+00 2.636627674102783203e+00 -1.673360586166381836e+00 -1.513649344444274902e+00 1.374285936355590820e+00 1.565987467765808105e+00 5.991140604019165039e-01 8.174908757209777832e-01 -1.533105373382568359e+00 3.783156871795654297e-01 -1.210341453552246094e+00 1.085930228233337402e+00 3.741200685501098633e+00
8.172394037246704102e-01 -4.317959308624267578e+00 9.900990128517150879e-01 4.676337838172912598e-01 -4.042600095272064209e-01 4.408821761608123779e-01 -1.192236423492431641e+00 -4.345246255397796631e-01 -5.955770015716552734e-01 6.257859468460083008e-01 -1.484853148460388184e+00 -5.993487238883972168e-01 8.336927294731140137e-01 -1.349006056785583496e+00 9.364759176969528198e-02 8.264477252960205078e-01 -4.643812179565429688e-01 5.142455101013183594e-01 -6.812446713447570801e-01 -5.678780078887939453e-01 6.455696105957031250e+00
1.387594491243362427e-01 -3.106742143630981445e+00 -6.451777219772338867e-01 -7.196215391159057617e-01 -5.322464704513549805e-01 1.470862150192260742e+00 -1.681691288948059082e+00 -6.321618556976318359e-01 -1.027577280998229980e+00 7.186834216117858887e-01 -1.553130030632019043e+00 -1.226986408233642578e+00 8.589269518852233887e-01 -3.980961441993713379e-01 8.646549582481384277e-01 4.483897686004638672e-01 3.675922751426696777e-01 -8.597689867019653320e-02 -5.813649296760559082e-01 -1.072343349456787109e+00 8.226482391357421875e+00
2.682732939720153809e-01 -4.241381645202636719e+00 -5.316960811614990234e-01 -8.435800671577453613e-01 -7.568873763084411621e-01 2.414282560348510742e+00 -1.501977682113647461e+00 -7.075905799865722656e-01 -1.252472281455993652e+00 7.774062752723693848e-01 -1.792472362518310547e+00 -1.403916597366333008e+00 7.312300801277160645e-01 3.993862569332122803e-01 1.767163038253784180e+00 4.390929043292999268e-01 1.358644485473632812e+00 -2.149140834808349609e-01 -7.360038161277770996e-01 -1.286358237266540527e+00 7.143644809722900391e+00
6.828165650367736816e-01 -4.466255664825439453e+00 5.821039527654647827e-02 -4.256757795810699463e-01 -1.125557541847229004e+00 1.445192217826843262e+00 -7.959832549095153809e-01 2.694289200007915497e-02 -7.497259378433227539e-01 3.246462941169738770e-01 -1.392650246620178223e+00 -8.607401847839355469e-01 1.493185758590698242e+00 -6.522980332374572754e-01 1.062367677688598633e+00 1.151141524314880371e+00 6.203832626342773438e-01 6.102952361106872559e-01 -6.481183767318725586e-01 -1.292044043540954590e+00 4.901439189910888672e+00
7.637370824813842773e-01 -4.764681816101074219e+00 4.083584547042846680e-01 3.271271660923957825e-02 -7.058065533638000488e-01 1.972902536392211914e+00 -1.414442539215087891e+00 -5.719833374023437500e-01 -9.796005487442016602e-01 7.675926685333251953e-01 -1.557031154632568359e+00 -9.171759486198425293e-01 7.064024209976196289e-01 2.542413026094436646e-02 1.007791280746459961e+00 9.533169865608215332e-01 1.108235359191894531e+00 2.531579136848449707e-01 -6.966190934181213379e-01 -8.895140886306762695e-01 4.452323913574218750e+00
8.133125901222229004e-01 -5.373634815216064453e+00 4.594388604164123535e-01 3.549885749816894531e-01 -2.347512394189834595e-01 1.901468873023986816e+00 -1.315534591674804688e+00 -4.123408198356628418e-01 -9.144989252090454102e-01 1.366510510444641113e+00 -1.356845736503601074e+00 -9.955900311470031738e-01 1.020532488822937012e+00 5.424846410751342773e-01 1.140089869499206543e+00 1.087682008743286133e+00 8.747640848159790039e-01 3.896815776824951172e-01 -5.765696763992309570e-01 -1.376417398452758789e+00 2.641648054122924805e+00
1.131867170333862305e+00 -5.285879135131835938e+00 7.722744345664978027e-01 3.193544149398803711e-01 -1.110007286071777344e+00 2.450426816940307617e+00 -1.262111663818359375e+00 -4.489777088165283203e-01 -9.396873712539672852e-01 5.639825463294982910e-01 -1.465193033218383789e+00 -8.663861155509948730e-01 8.620395064353942871e-01 7.237333059310913086e-01 1.394635200500488281e+00 1.214255690574645996e+00 1.261762380599975586e+00 4.263514876365661621e-01 -5.780105590820312500e-01 -1.238977074623107910e+00 2.115785837173461914e+00
1.198608279228210449e+00 -5.098541736602783203e+00 6.852063536643981934e-01 2.568742930889129639e-01 -8.522381186485290527e-01 2.547030210494995117e+00 -1.127183675765991211e+00 -4.871385991573333740e-01 -9.394696950912475586e-01 6.044259071350097656e-01 -1.521310091018676758e+00 -5.871081948280334473e-01 6.071435213088989258e-01 9.694807529449462891e-01 1.328686475753784180e+00 1.366669654846191406e+00 1.227993607521057129e+00 4.666123092174530029e-01 -9.339316487312316895e-01 -7.048776149749755859e-01 9.818371534347534180e-01
1.064224243164062500e+00 -4.917364597320556641e+00 3.284364342689514160e-01 1.949385106563568115e-01 -4.029670059680938721e-01 2.370469093322753906e+00 -1.169226884841918945e+00 -3.669859170913696289e-01 -8.486396670341491699e-01 6.541498303413391113e-01 -5.171512961387634277e-01 4.033761322498321533e-01 5.909407734870910645e-01 1.216087788343429565e-01 1.103899955749511719e+00 1.686974048614501953e+00 8.199318647384643555e-01 6.149929165840148926e-01 -9.176586270332336426e-01 -2.041781842708587646e-01 -5.885015130043029785e-01
1.247163057327270508e+00 -4.718779087066650391e+00 7.865832448005676270e-01 -2.750229835510253906e-01 -4.089087843894958496e-01 2.079515457153320312e+00 -5.509901046752929688e-01 -3.780362010002136230e-01 -4.665291905403137207e-01 2.514680624008178711e-01 -1.843964099884033203e+00 2.225059032440185547e+00 4.669152498245239258e-01 -7.157965898513793945e-01 6.588729619979858398e-01 1.410105943679809570e+00 1.889507293701171875e+00 3.513193130493164062e-01 -1.114030122756958008e+00 1.240842103958129883e+00 -2.084866762161254883e+00
1.657623797655105591e-02 -3.572537899017333984e+00 2.228933095932006836e+00 1.396011352539062500e+00 -1.255421638488769531e+00 2.189578056335449219e+00 -1.096357479691505432e-01 -1.497130513191223145e+00 -1.744185328483581543e+00 -5.992209911346435547e-01 -2.827881574630737305e+00 2.604858636856079102e+00 -6.703964471817016602e-01 1.744323372840881348e+00 1.415520459413528442e-01 1.278002142906188965e+00 2.210156917572021484e+00 -5.830566883087158203e-01 -1.584856748580932617e+00 2.768014430999755859e+00 -2.178108930587768555e+00
-5.890410393476486206e-02 -4.832027435302734375e+00 -1.175531864166259766e+00 5.064954280853271484e+00 -2.142411947250366211e+00 3.627445697784423828e+00 -2.412977218627929688e+00 1.371979951858520508e+00 2.758389711380004883e+00 -8.277880549430847168e-01 -2.341726064682006836e+00 -2.210972785949707031e+00 3.507177829742431641e+00 -6.178061962127685547e-01 1.345072835683822632e-01 -3.953096643090248108e-02 3.738375425338745117e+00 1.832729697227478027e+00 -1.712527990341186523e+00 -2.429557323455810547e+00 -1.187351942062377930e+00
4.499226570129394531e+00 -2.850973844528198242e+00 -1.662698507308959961e+00 -3.803619742393493652e-01 -2.579798221588134766e+00 -5.479441285133361816e-01 -1.942687749862670898e+00 3.163738965988159180e+00 -9.836419820785522461e-01 4.677825927734375000e+00 -2.340280532836914062e+00 -2.126278162002563477e+00 -7.593109011650085449e-01 5.745650291442871094e+00 -4.138888120651245117e-01 -1.085952043533325195e+00 -1.222916007041931152e+00 -1.056028127670288086e+00 -1.656569123268127441e+00 4.284989833831787109e+00 -8.875047564506530762e-01
-8.313277363777160645e-01 -1.693885445594787598e+00 -4.525853693485260010e-01 -3.368492364883422852e+00 6.891491413116455078e+00 -1.095243215560913086e+00 5.584808349609375000e+00 -5.889346599578857422e-01 -3.611910343170166016e+00 -1.538976728916168213e-01 -3.653724908828735352e+00 -3.395555019378662109e-01 -5.844754576683044434e-01 -3.653724908828735352e+00 -1.311199426651000977e+00 -4.412533938884735107e-01 5.807120323181152344e+00 -9.050073474645614624e-02 -3.570450544357299805e+00 6.699184417724609375e+00 4.674230217933654785e-01
-1.470363020896911621e+00 -1.303220629692077637e+00 -1.470363020896911621e+00 -1.414446592330932617e+00 1.114322662353515625e+01 -1.470363020896911621e+00 -1.526456475257873535e+00 -1.192824602127075195e+00 -1.526456475257873535e+00 2.553164958953857422e+00 -1.526456475257873535e+00 -1.358731746673583984e+00 -1.470363020896911621e+00 -1.470363020896911621e+00 -1.303220629692077637e+00 4.156239628791809082e-01 -1.470363020896911621e+00 4.995201587677001953e+00 -1.414446592330932617e+00 -1.247910499572753906e+00 3.578598737716674805e+00
