-3.168280124664306641e-01 6.336522579193115234e+00 -3.168280124664306641e-01 -3.168280124664306641e-01 -3.168280124664306641e-01 -3.168280124664306641e-01 -3.168280124664306641e-01 -3.168280124664306641e-01 -3.168280124664306641e-01 -3.168280124664306641e-01 -3.168280124664306641e-01 -3.168280124664306641e-01 -3.168280124664306641e-01 -3.168280124664306641e-01 -3.168280124664306641e-01 -3.168280124664306641e-01 -3.168280124664306641e-01 -3.168280124664306641e-01 -3.168280124664306641e-01 -3.168280124664306641e-01 -3.168280124664306641e-01
5.488545894622802734e+00 -4.984675049781799316e-01 -4.984675049781799316e-01 -4.984675049781799316e-01 -4.984675049781799316e-01 -4.984675049781799316e-01 -4.984675049781799316e-01 -4.984675049781799316e-01 -4.984675049781799316e-01 -4.984675049781799316e-01 -4.984675049781799316e-01 -4.984675049781799316e-01 -4.984675049781799316e-01 -4.984675049781799316e-01 -4.984675049781799316e-01 3.982296466827392578e+00 -4.984675049781799316e-01 -4.984675049781799316e-01 -4.984675049781799316e-01 -4.984675049781799316e-01 -4.984675049781799316e-01
2.457872629165649414e+00 -4.286003410816192627e-01 -1.163976430892944336e+00 -1.163976430892944336e+00 -1.163976430892944336e+00 8.931733965873718262e-01 -1.163976430892944336e+00 4.058411419391632080e-01 -7.539622783660888672e-01 2.436124235391616821e-01 -7.539622783660888672e-01 5.628243088722229004e-02 -4.286003410816192627e-01 -1.163976430892944336e+00 5.628243088722229004e-02 3.562664270401000977e+00 1.740924239158630371e+00 7.895590662956237793e-01 -4.286003410816192627e-01 -4.286003410816192627e-01 -1.163976430892944336e+00
-3.041206002235412598e-01 -1.264552474021911621e+00 -5.595251917839050293e-01 9.159190207719802856e-02 -8.722074627876281738e-01 1.936706185340881348e+00 -8.722074627876281738e-01 -9.062139689922332764e-02 -1.264552474021911621e+00 3.893628716468811035e-01 -3.041206002235412598e-01 9.159190207719802856e-02 -8.722074627876281738e-01 2.108654737472534180e+00 2.232792377471923828e+00 3.000490188598632812e+00 5.137680172920227051e-01 -1.264552474021911621e+00 -5.595251917839050293e-01 -8.722074627876281738e-01 -1.264552474021911621e+00
-8.618373870849609375e-01 -8.618373870849609375e-01 2.698089838027954102e+00 -1.338893920183181763e-02 -3.863288760185241699e-01 -8.618373870849609375e-01 -8.618373870849609375e-01 -8.618373870849609375e-01 -8.618373870849609375e-01 1.434620499610900879e+00 -8.618373870849609375e-01 -8.618373870849609375e-01 -1.338893920183181763e-02 9.134913086891174316e-01 -8.618373870849609375e-01 -8.618373870849609375e-01 -3.863288760185241699e-01 -1.338893920183181763e-02 -8.618373870849609375e-01 7.369278669357299805e-01 4.509897232055664062e+00
-3.713312447071075439e-01 -3.713312447071075439e-01 -3.713312447071075439e-01 -3.713312447071075439e-01 -3.713312447071075439e-01 -3.713312447071075439e-01 -3.713312447071075439e-01 -3.713312447071075439e-01 -3.713312447071075439e-01 -3.713312447071075439e-01 -3.713312447071075439e-01 -3.713312447071075439e-01 2.841202020645141602e-01 -3.713312447071075439e-01 -3.713312447071075439e-01 2.841202020645141602e-01 -3.713312447071075439e-01 -3.713312447071075439e-01 -3.713312447071075439e-01 -3.713312447071075439e-01 6.115799427032470703e+00
-3.168271481990814209e-01 -3.168271481990814209e-01 -3.168271481990814209e-01 -3.168271481990814209e-01 -3.168271481990814209e-01 -3.168271481990814209e-01 -3.168271481990814209e-01 -3.168271481990814209e-01 -3.168271481990814209e-01 -3.168271481990814209e-01 -3.168271481990814209e-01 -3.168271481990814209e-01 -3.168271481990814209e-01 -3.168271481990814209e-01 -3.168271481990814209e-01 -3.168271481990814209e-01 -3.168271481990814209e-01 -3.168271481990814209e-01 -3.168271481990814209e-01 -3.168271481990814209e-01 6.336523532867431641e+00
-3.168271481990814209e-01 -3.168271481990814209e-01 -3.168271481990814209e-01 -3.168271481990814209e-01 -3.168271481990814209e-01 -3.168271481990814209e-01 -3.168271481990814209e-01 -3.168271481990814209e-01 -3.168271481990814209e-01 -3.168271481990814209e-01 -3.168271481990814209e-01 -3.168271481990814209e-01 -3.168271481990814209e-01 -3.168271481990814209e-01 -3.168271481990814209e-01 -3.168271481990814209e-01 -3.168271481990814209e-01 -3.168271481990814209e-01 -3.168271481990814209e-01 -3.168271481990814209e-01 6.336523532867431641e+00
-7.006316184997558594e-01 -7.006316184997558594e-01 -7.006316184997558594e-01 -7.006316184997558594e-01 -7.006316184997558594e-01 1.763798952102661133e+00 -7.006316184997558594e-01 -1.794994920492172241e-01 2.275483906269073486e-01 -1.794994920492172241e-01 -7.006316184997558594e-01 -7.006316184997558594e-01 1.867136597633361816e+00 -7.006316184997558594e-01 -7.006316184997558594e-01 -1.794994920492172241e-01 2.275483906269073486e-01 -1.794994920492172241e-01 -7.006316184997558594e-01 -7.006316184997558594e-01 5.039545059204101562e+00
-8.661354333162307739e-02 -1.109649658203125000e+00 -3.565313816070556641e-01 4.924350976943969727e-01 -6.892962455749511719e-01 1.396637797355651855e+00 -3.565313816070556641e-01 -8.661354333162307739e-02 -1.109649658203125000e+00 9.851914644241333008e-01 -1.109649658203125000e+00 -1.109649658203125000e+00 3.279215395450592041e-01 3.279215395450592041e-01 -8.661354333162307739e-02 -8.661354333162307739e-02 1.376151293516159058e-01 -8.661354333162307739e-02 -6.892962455749511719e-01 -6.892962455749511719e-01 3.984887599945068359e+00
1.278017520904541016e+00 -1.215862274169921875e+00 -2.002738229930400848e-02 1.646217405796051025e-01 -8.151504993438720703e-01 8.071054816246032715e-01 -8.151504993438720703e-01 -1.215862274169921875e+00 -4.964968860149383545e-01 3.247689306735992432e-01 -1.215862274169921875e+00 -2.367563396692276001e-01 3.247689306735992432e-01 3.247689306735992432e-01 9.010994434356689453e-01 -2.367563396692276001e-01 -8.151504993438720703e-01 5.913274288177490234e-01 -4.964968860149383545e-01 -8.151504993438720703e-01 3.678225040435791016e+00
1.437127947807312012e+00 -1.313545823097229004e+00 2.563684463500976562e+00 1.754574418067932129e+00 -1.313545823097229004e+00 1.969853639602661133e+00 -6.223031878471374512e-01 -1.313545823097229004e+00 -1.313545823097229004e+00 -9.292556643486022949e-01 -1.313545823097229004e+00 5.480320453643798828e-01 -9.292556643486022949e-01 -3.710382878780364990e-01 5.480320453643798828e-01 8.271269798278808594e-01 8.271269798278808594e-01 -6.223031878471374512e-01 -1.313545823097229004e+00 -1.313545823097229004e+00 2.193434476852416992e+00
1.240216016769409180e+00 -1.538277149200439453e+00 -4.713129997253417969e-01 3.925531506538391113e-01 -1.538277149200439453e+00 1.025454282760620117e+00 -1.522089540958404541e-01 -1.186702370643615723e+00 -1.538277149200439453e+00 1.841180801391601562e+00 6.244254112243652344e-01 -1.186702370643615723e+00 -4.713129997253417969e-01 1.315094113349914551e+00 9.766616225242614746e-01 4.754735231399536133e-01 9.810053557157516479e-02 3.028321266174316406e-01 -1.522089540958404541e-01 -1.538277149200439453e+00 1.481566786766052246e+00
3.552533388137817383e-01 -9.692970514297485352e-01 1.330857992172241211e+00 -5.195727348327636719e-01 -9.692970514297485352e-01 -5.195727348327636719e-01 -9.692970514297485352e-01 -9.692970514297485352e-01 -9.692970514297485352e-01 -1.655196398496627808e-01 -9.692970514297485352e-01 4.322923183441162109e+00 1.232922077178955078e+00 -9.692970514297485352e-01 -1.655196398496627808e-01 1.006847143173217773e+00 5.539702773094177246e-01 -1.655196398496627808e-01 -5.195727348327636719e-01 -9.692970514297485352e-01 1.006847143173217773e+00
-9.103036522865295410e-01 -9.103036522865295410e-01 2.305811882019042969e+00 2.098031342029571533e-01 -9.103036522865295410e-01 8.271152377128601074e-01 -4.468177556991577148e-01 -9.103036522865295410e-01 -9.103036522865295410e-01 -8.270566910505294800e-02 -9.103036522865295410e-01 2.098031342029571533e-01 -9.103036522865295410e-01 -4.468177556991577148e-01 -4.468177556991577148e-01 1.898498892784118652e+00 4.401898384094238281e+00 -9.103036522865295410e-01 -9.103036522865295410e-01 2.098031342029571533e-01 -4.468177556991577148e-01
-7.363112270832061768e-02 -9.039393067359924316e-01 2.196875810623168945e-01 -9.039393067359924316e-01 -7.363112270832061768e-02 4.467733860015869141e+00 -9.039393067359924316e-01 2.230610370635986328e+00 -4.388843774795532227e-01 9.904795289039611816e-01 -9.039393067359924316e-01 8.383956551551818848e-01 -9.039393067359924316e-01 -4.388843774795532227e-01 -9.039393067359924316e-01 -7.363112270832061768e-02 -4.388843774795532227e-01 -4.388843774795532227e-01 -9.039393067359924316e-01 4.610289633274078369e-01 -9.039393067359924316e-01
-1.712043881416320801e-01 -6.943439841270446777e-01 -1.712043881416320801e-01 5.090668678283691406e+00 -6.943439841270446777e-01 1.045450329780578613e+00 -6.943439841270446777e-01 2.373516112565994263e-01 -1.712043881416320801e-01 -6.943439841270446777e-01 -6.943439841270446777e-01 -6.943439841270446777e-01 -1.712043881416320801e-01 5.617414712905883789e-01 -6.943439841270446777e-01 -6.943439841270446777e-01 8.256611227989196777e-01 5.617414712905883789e-01 -6.943439841270446777e-01 -6.943439841270446777e-01 -6.943439841270446777e-01
2.614192247390747070e+00 -2.363397926092147827e-01 -2.363397926092147827e-01 -7.441586852073669434e-01 -7.441586852073669434e-01 -7.441586852073669434e-01 -7.441586852073669434e-01 -7.441586852073669434e-01 -7.441586852073669434e-01 4.783672332763671875e+00 -7.441586852073669434e-01 -7.441586852073669434e-01 -7.441586852073669434e-01 2.779141664505004883e+00 -7.441586852073669434e-01 -7.441586852073669434e-01 -2.363397926092147827e-01 -7.441586852073669434e-01 -7.441586852073669434e-01 9.502537846565246582e-01 -7.441586852073669434e-01
-5.875445604324340820e-01 -5.875445604324340820e-01 -5.875445604324340820e-01 -5.875445604324340820e-01 5.331860542297363281e+00 -5.875445604324340820e-01 4.086920022964477539e-01 -5.875445604324340820e-01 -5.875445604324340820e-01 -5.875445604324340820e-01 -5.875445604324340820e-01 -5.875445604324340820e-01 -5.875445604324340820e-01 -5.875445604324340820e-01 -5.875445604324340820e-01 -5.875445604324340820e-01 1.457874536514282227e+00 -5.875445604324340820e-01 -5.875445604324340820e-01 2.789833545684814453e+00 -5.875445604324340820e-01
-3.168275058269500732e-01 -3.168275058269500732e-01 -3.168275058269500732e-01 -3.168275058269500732e-01 6.336529731750488281e+00 -3.168275058269500732e-01 -3.168275058269500732e-01 -3.168275058269500732e-01 -3.168275058269500732e-01 -3.168275058269500732e-01 -3.168275058269500732e-01 -3.168275058269500732e-01 -3.168275058269500732e-01 -3.168275058269500732e-01 -3.168275058269500732e-01 -3.168275058269500732e-01 -3.168275058269500732e-01 -3.168275058269500732e-01 -3.168275058269500732e-01 -3.168275058269500732e-01 -3.168275058269500732e-01
