-3.168362677097320557e-01 6.336496353149414062e+00 -3.168362677097320557e-01 -3.168362677097320557e-01 -3.168362677097320557e-01 -3.168362677097320557e-01 -3.168362677097320557e-01 -3.168362677097320557e-01 -3.168362677097320557e-01 -3.168362677097320557e-01 -3.168362677097320557e-01 -3.168362677097320557e-01 -3.168362677097320557e-01 -3.168362677097320557e-01 -3.168362677097320557e-01 -3.168362677097320557e-01 -3.168362677097320557e-01 -3.168362677097320557e-01 -3.168362677097320557e-01 -3.168362677097320557e-01 -3.168362677097320557e-01
5.531754493713378906e+00 -4.939220249652862549e-01 -4.939220249652862549e-01 -4.939220249652862549e-01 -4.939220249652862549e-01 -4.939220249652862549e-01 -4.939220249652862549e-01 -4.939220249652862549e-01 -4.939220249652862549e-01 -4.939220249652862549e-01 -4.939220249652862549e-01 -4.939220249652862549e-01 -4.939220249652862549e-01 -4.939220249652862549e-01 -4.939220249652862549e-01 3.852796077728271484e+00 -4.939220249652862549e-01 -4.939220249652862549e-01 -4.939220249652862549e-01 -4.939220249652862549e-01 -4.939220249652862549e-01
2.385321855545043945e+00 -4.306627511978149414e-01 -1.165595412254333496e+00 -7.558427453041076660e-01 -1.165595412254333496e+00 7.869400978088378906e-01 -1.165595412254333496e+00 5.459075570106506348e-01 -7.558427453041076660e-01 5.391199886798858643e-02 -7.558427453041076660e-01 5.391199886798858643e-02 -4.306627511978149414e-01 -1.165595412254333496e+00 -4.306627511978149414e-01 3.611251831054687500e+00 1.593871951103210449e+00 5.459075570106506348e-01 2.411778420209884644e-01 -4.306627511978149414e-01 -1.165595412254333496e+00
-1.177169680595397949e-01 -1.283452987670898438e+00 -5.837656855583190918e-01 6.361015141010284424e-02 -8.942036032676696777e-01 1.904069185256958008e+00 -1.283452987670898438e+00 6.361015141010284424e-02 -1.283452987670898438e+00 2.211858481168746948e-01 -3.300246000289916992e-01 3.600991666316986084e-01 -8.942036032676696777e-01 1.964570760726928711e+00 2.152059555053710938e+00 2.978121757507324219e+00 6.973426938056945801e-01 -1.283452987670898438e+00 -5.837656855583190918e-01 -5.837656855583190918e-01 -1.283452987670898438e+00
-8.961430788040161133e-01 -8.961430788040161133e-01 2.491032361984252930e+00 2.317669093608856201e-01 -6.254165619611740112e-02 -4.292319118976593018e-01 -8.961430788040161133e-01 -8.961430788040161133e-01 -8.961430788040161133e-01 1.643365144729614258e+00 -8.961430788040161133e-01 -8.961430788040161133e-01 -6.254165619611740112e-02 1.004542589187622070e+00 -8.961430788040161133e-01 -8.961430788040161133e-01 -8.961430788040161133e-01 -6.254165619611740112e-02 -8.961430788040161133e-01 6.773793697357177734e-01 4.426133632659912109e+00
-3.445473611354827881e-01 -3.445473611354827881e-01 -3.445473611354827881e-01 -3.445473611354827881e-01 -3.445473611354827881e-01 -3.445473611354827881e-01 -3.445473611354827881e-01 -3.445473611354827881e-01 -3.445473611354827881e-01 -3.445473611354827881e-01 -3.445473611354827881e-01 -3.445473611354827881e-01 -3.445473611354827881e-01 -3.445473611354827881e-01 -3.445473611354827881e-01 3.252370357513427734e-01 -3.445473611354827881e-01 -3.445473611354827881e-01 -3.445473611354827881e-01 -3.445473611354827881e-01 6.221321105957031250e+00
-3.168236017227172852e-01 -3.168236017227172852e-01 -3.168236017227172852e-01 -3.168236017227172852e-01 -3.168236017227172852e-01 -3.168236017227172852e-01 -3.168236017227172852e-01 -3.168236017227172852e-01 -3.168236017227172852e-01 -3.168236017227172852e-01 -3.168236017227172852e-01 -3.168236017227172852e-01 -3.168236017227172852e-01 -3.168236017227172852e-01 -3.168236017227172852e-01 -3.168236017227172852e-01 -3.168236017227172852e-01 -3.168236017227172852e-01 -3.168236017227172852e-01 -3.168236017227172852e-01 6.336523532867431641e+00
-3.168236017227172852e-01 -3.168236017227172852e-01 -3.168236017227172852e-01 -3.168236017227172852e-01 -3.168236017227172852e-01 -3.168236017227172852e-01 -3.168236017227172852e-01 -3.168236017227172852e-01 -3.168236017227172852e-01 -3.168236017227172852e-01 -3.168236017227172852e-01 -3.168236017227172852e-01 -3.168236017227172852e-01 -3.168236017227172852e-01 -3.168236017227172852e-01 -3.168236017227172852e-01 -3.168236017227172852e-01 -3.168236017227172852e-01 -3.168236017227172852e-01 -3.168236017227172852e-01 6.336523532867431641e+00
-7.109258770942687988e-01 -7.109258770942687988e-01 -7.109258770942687988e-01 -7.109258770942687988e-01 -7.109258770942687988e-01 1.627982854843139648e+00 -7.109258770942687988e-01 -1.930837184190750122e-01 2.116287797689437866e-01 -7.109258770942687988e-01 -7.109258770942687988e-01 -7.109258770942687988e-01 1.501814365386962891e+00 -7.109258770942687988e-01 -7.109258770942687988e-01 -1.930837184190750122e-01 5.332387685775756836e-01 2.116287797689437866e-01 -1.930837184190750122e-01 -7.109258770942687988e-01 5.023838996887207031e+00
-3.008615672588348389e-01 -1.068216562271118164e+00 -3.008615672588348389e-01 2.006787508726119995e-01 -6.396324038505554199e-01 1.470707178115844727e+00 -6.396324038505554199e-01 -2.667034603655338287e-02 -1.068216562271118164e+00 1.241542220115661621e+00 -1.068216562271118164e+00 -1.068216562271118164e+00 2.006787508726119995e-01 2.006787508726119995e-01 -3.008615672588348389e-01 2.006787508726119995e-01 3.933561444282531738e-01 2.006787508726119995e-01 -6.396324038505554199e-01 -1.068216562271118164e+00 4.080356121063232422e+00
1.466328978538513184e+00 -1.176523685455322266e+00 -4.450461268424987793e-01 2.244327068328857422e-01 -7.687697410583496094e-01 8.722628951072692871e-01 -7.687697410583496094e-01 -1.176523685455322266e+00 -1.176523685455322266e+00 5.283578038215637207e-01 -1.176523685455322266e+00 -1.816624402999877930e-01 2.244327068328857422e-01 3.774697706103324890e-02 6.549639701843261719e-01 3.774697706103324890e-02 -1.816624402999877930e-01 7.688695192337036133e-01 -7.687697410583496094e-01 -7.687697410583496094e-01 3.774298906326293945e+00
1.134472608566284180e+00 -1.338284492492675781e+00 2.551535367965698242e+00 1.746344089508056641e+00 -1.338284492492675781e+00 1.927750110626220703e+00 -6.537168622016906738e-01 -1.338284492492675781e+00 -9.578390121459960938e-01 -9.578390121459960938e-01 -6.537168622016906738e-01 7.873682975769042969e-01 -9.578390121459960938e-01 -6.537168622016906738e-01 3.986303210258483887e-01 5.092920660972595215e-01 7.022479772567749023e-01 -4.045864641666412354e-01 -1.338284492492675781e+00 -1.338284492492675781e+00 2.173155784606933594e+00
1.245928406715393066e+00 -1.534701585769653320e+00 -4.664744138717651367e-01 3.082221746444702148e-01 -1.534701585769653320e+00 1.284048676490783691e+00 -1.501698326319456100e-02 -8.987811207771301270e-01 -1.534701585769653320e+00 1.889441967010498047e+00 5.580244064331054688e-01 -1.182585358619689941e+00 -6.644005179405212402e-01 1.356336116790771484e+00 9.311256408691406250e-01 1.033730655908584595e-01 1.033730655908584595e-01 2.104991376399993896e-01 -1.501698326319456100e-02 -1.534701585769653320e+00 1.390672326087951660e+00
3.538194596767425537e-01 -9.701775908470153809e-01 1.502283096313476562e+00 -5.206633210182189941e-01 -9.701775908470153809e-01 -9.701775908470153809e-01 -9.701775908470153809e-01 -5.206633210182189941e-01 -9.701775908470153809e-01 1.184655576944351196e-01 -5.206633210182189941e-01 4.310786247253417969e+00 1.123955130577087402e+00 -9.701775908470153809e-01 -9.701775908470153809e-01 1.123955130577087402e+00 3.538194596767425537e-01 -1.667111217975616455e-01 -5.206633210182189941e-01 -9.701775908470153809e-01 1.123955130577087402e+00
-4.280333817005157471e-01 -8.951775431632995605e-01 2.377773761749267578e+00 -6.113864481449127197e-02 -8.951775431632995605e-01 6.790635585784912109e-01 -4.280333817005157471e-01 -8.951775431632995605e-01 -8.951775431632995605e-01 2.332794815301895142e-01 -8.951775431632995605e-01 -6.113864481449127197e-02 -8.951775431632995605e-01 -4.280333817005157471e-01 -8.951775431632995605e-01 1.928420782089233398e+00 4.439000606536865234e+00 -8.951775431632995605e-01 -8.951775431632995605e-01 2.332794815301895142e-01 -4.280333817005157471e-01
-4.232322871685028076e-01 -8.913363814353942871e-01 -5.566271767020225525e-02 -5.566271767020225525e-02 -4.232322871685028076e-01 4.504418373107910156e+00 -8.913363814353942871e-01 2.209031581878662109e+00 -4.232322871685028076e-01 1.268975257873535156e+00 -8.913363814353942871e-01 4.817655384540557861e-01 -8.913363814353942871e-01 -4.232322871685028076e-01 -8.913363814353942871e-01 -5.566271767020225525e-02 -4.232322871685028076e-01 -4.232322871685028076e-01 -8.913363814353942871e-01 4.817655384540557861e-01 -8.913363814353942871e-01
-1.487957537174224854e-01 -6.772955060005187988e-01 -1.487957537174224854e-01 5.132384777069091797e+00 -6.772955060005187988e-01 1.267008543014526367e+00 -6.772955060005187988e-01 -6.772955060005187988e-01 -1.487957537174224854e-01 -1.487957537174224854e-01 -6.772955060005187988e-01 -6.772955060005187988e-01 -1.487957537174224854e-01 2.639890313148498535e-01 -6.772955060005187988e-01 -6.772955060005187988e-01 1.267008543014526367e+00 2.639890313148498535e-01 -6.772955060005187988e-01 -6.772955060005187988e-01 -6.772955060005187988e-01
2.552580118179321289e+00 -2.179328501224517822e-01 -7.299628257751464844e-01 -7.299628257751464844e-01 -7.299628257751464844e-01 -7.299628257751464844e-01 -7.299628257751464844e-01 -7.299628257751464844e-01 -7.299628257751464844e-01 4.822284698486328125e+00 -7.299628257751464844e-01 -7.299628257751464844e-01 -7.299628257751464844e-01 2.848783016204833984e+00 -7.299628257751464844e-01 -7.299628257751464844e-01 -2.179328501224517822e-01 -7.299628257751464844e-01 -7.299628257751464844e-01 1.161456227302551270e+00 -7.299628257751464844e-01
-5.956760048866271973e-01 -5.956760048866271973e-01 -5.956760048866271973e-01 -5.956760048866271973e-01 5.300960540771484375e+00 -5.956760048866271973e-01 3.951068520545959473e-01 -5.956760048866271973e-01 -5.956760048866271973e-01 -5.956760048866271973e-01 -5.956760048866271973e-01 -5.956760048866271973e-01 -5.956760048866271973e-01 -5.956760048866271973e-01 -5.956760048866271973e-01 -5.956760048866271973e-01 1.607494115829467773e+00 -5.956760048866271973e-01 -5.956760048866271973e-01 2.822654962539672852e+00 -5.956760048866271973e-01
-3.168203532695770264e-01 -3.168203532695770264e-01 -3.168203532695770264e-01 -3.168203532695770264e-01 6.336538314819335938e+00 -3.168203532695770264e-01 -3.168203532695770264e-01 -3.168203532695770264e-01 -3.168203532695770264e-01 -3.168203532695770264e-01 -3.168203532695770264e-01 -3.168203532695770264e-01 -3.168203532695770264e-01 -3.168203532695770264e-01 -3.168203532695770264e-01 -3.168203532695770264e-01 -3.168203532695770264e-01 -3.168203532695770264e-01 -3.168203532695770264e-01 -3.168203532695770264e-01 -3.168203532695770264e-01
