-3.168256282806396484e-01 6.336524963378906250e+00 -3.168256282806396484e-01 -3.168256282806396484e-01 -3.168256282806396484e-01 -3.168256282806396484e-01 -3.168256282806396484e-01 -3.168256282806396484e-01 -3.168256282806396484e-01 -3.168256282806396484e-01 -3.168256282806396484e-01 -3.168256282806396484e-01 -3.168256282806396484e-01 -3.168256282806396484e-01 -3.168256282806396484e-01 -3.168256282806396484e-01 -3.168256282806396484e-01 -3.168256282806396484e-01 -3.168256282806396484e-01 -3.168256282806396484e-01 -3.168256282806396484e-01
5.524410247802734375e+00 -4.947371184825897217e-01 -4.947371184825897217e-01 -4.947371184825897217e-01 -4.947371184825897217e-01 -4.947371184825897217e-01 -4.947371184825897217e-01 -4.947371184825897217e-01 -4.947371184825897217e-01 -4.947371184825897217e-01 -4.947371184825897217e-01 -4.947371184825897217e-01 -4.947371184825897217e-01 -4.947371184825897217e-01 -4.947371184825897217e-01 3.875597715377807617e+00 -4.947371184825897217e-01 -4.947371184825897217e-01 -4.947371184825897217e-01 -4.947371184825897217e-01 -4.947371184825897217e-01
2.423866033554077148e+00 -4.368118643760681152e-01 -1.170201420783996582e+00 -7.613356113433837891e-01 -1.170201420783996582e+00 7.792369127273559570e-01 -1.170201420783996582e+00 5.384481549263000488e-01 -7.613356113433837891e-01 2.340539693832397461e-01 -7.613356113433837891e-01 -1.727994531393051147e-01 -4.368118643760681152e-01 -1.170201420783996582e+00 2.340539693832397461e-01 3.558716535568237305e+00 1.683989405632019043e+00 6.652139425277709961e-01 2.340539693832397461e-01 -1.170201420783996582e+00 -1.170201420783996582e+00
-1.099181398749351501e-01 -1.277973890304565430e+00 -8.878638744354248047e-01 4.926024973392486572e-01 -8.878638744354248047e-01 1.849180579185485840e+00 -5.767913460731506348e-01 -3.225437402725219727e-01 -1.277973890304565430e+00 7.163415849208831787e-02 -3.225437402725219727e-01 3.685272932052612305e-01 -8.878638744354248047e-01 1.881823778152465820e+00 2.161533594131469727e+00 3.040621995925903320e+00 7.060116529464721680e-01 -1.277973890304565430e+00 -5.767913460731506348e-01 -8.878638744354248047e-01 -1.277973890304565430e+00
-9.032684564590454102e-01 -9.032684564590454102e-01 2.401197910308837891e+00 -7.272504270076751709e-02 -7.272504270076751709e-02 -4.380582869052886963e-01 -9.032684564590454102e-01 -9.032684564590454102e-01 -9.032684564590454102e-01 1.629504680633544922e+00 -9.032684564590454102e-01 -9.032684564590454102e-01 2.206756770610809326e-01 9.916076064109802246e-01 -9.032684564590454102e-01 -9.032684564590454102e-01 -4.380582869052886963e-01 -7.272504270076751709e-02 -9.032684564590454102e-01 4.620697498321533203e-01 4.421908378601074219e+00
-3.713222146034240723e-01 -3.713222146034240723e-01 -3.713222146034240723e-01 -3.713222146034240723e-01 -3.713222146034240723e-01 -3.713222146034240723e-01 -3.713222146034240723e-01 -3.713222146034240723e-01 -3.713222146034240723e-01 -3.713222146034240723e-01 -3.713222146034240723e-01 -3.713222146034240723e-01 2.839751243591308594e-01 -3.713222146034240723e-01 -3.713222146034240723e-01 2.839751243591308594e-01 -3.713222146034240723e-01 -3.713222146034240723e-01 -3.713222146034240723e-01 -3.713222146034240723e-01 6.115849971771240234e+00
-3.168262243270874023e-01 -3.168262243270874023e-01 -3.168262243270874023e-01 -3.168262243270874023e-01 -3.168262243270874023e-01 -3.168262243270874023e-01 -3.168262243270874023e-01 -3.168262243270874023e-01 -3.168262243270874023e-01 -3.168262243270874023e-01 -3.168262243270874023e-01 -3.168262243270874023e-01 -3.168262243270874023e-01 -3.168262243270874023e-01 -3.168262243270874023e-01 -3.168262243270874023e-01 -3.168262243270874023e-01 -3.168262243270874023e-01 -3.168262243270874023e-01 -3.168262243270874023e-01 6.336540699005126953e+00
-3.168262243270874023e-01 -3.168262243270874023e-01 -3.168262243270874023e-01 -3.168262243270874023e-01 -3.168262243270874023e-01 -3.168262243270874023e-01 -3.168262243270874023e-01 -3.168262243270874023e-01 -3.168262243270874023e-01 -3.168262243270874023e-01 -3.168262243270874023e-01 -3.168262243270874023e-01 -3.168262243270874023e-01 -3.168262243270874023e-01 -3.168262243270874023e-01 -3.168262243270874023e-01 -3.168262243270874023e-01 -3.168262243270874023e-01 -3.168262243270874023e-01 -3.168262243270874023e-01 6.336540699005126953e+00
-7.521845102310180664e-01 -7.521845102310180664e-01 -7.521845102310180664e-01 -7.521845102310180664e-01 -7.521845102310180664e-01 1.654387712478637695e+00 -7.521845102310180664e-01 -2.466428875923156738e-01 1.486057490110397339e-01 -2.466428875923156738e-01 -7.521845102310180664e-01 -7.521845102310180664e-01 1.541934728622436523e+00 -7.521845102310180664e-01 -7.521845102310180664e-01 1.486057490110397339e-01 4.634773731231689453e-01 1.486057490110397339e-01 -2.466428875923156738e-01 -7.521845102310180664e-01 4.908349990844726562e+00
-2.898266315460205078e-01 -1.059989452362060547e+00 -6.297226548194885254e-01 2.132628113031387329e-01 -1.059989452362060547e+00 1.485511422157287598e+00 -2.898266315460205078e-01 -2.898266315460205078e-01 -1.059989452362060547e+00 1.256087422370910645e+00 -1.059989452362060547e+00 -1.059989452362060547e+00 4.064079821109771729e-01 4.064079821109771729e-01 2.132628113031387329e-01 -1.475312374532222748e-02 2.132628113031387329e-01 2.132628113031387329e-01 -1.059989452362060547e+00 -6.297226548194885254e-01 4.096162319183349609e+00
1.392098784446716309e+00 -1.185502767562866211e+00 -1.942984610795974731e-01 -1.942984610795974731e-01 -7.793635725975036621e-01 9.517142772674560547e-01 -7.793635725975036621e-01 -1.185502767562866211e+00 -4.568374454975128174e-01 3.720589876174926758e-01 -1.185502767562866211e+00 -4.568374454975128174e-01 2.106961309909820557e-01 2.448917552828788757e-02 8.572778701782226562e-01 2.448917552828788757e-02 -4.568374454975128174e-01 5.139835476875305176e-01 -4.568374454975128174e-01 -7.793635725975036621e-01 3.763720989227294922e+00
1.247752547264099121e+00 -1.304701328277587891e+00 2.547465085983276367e+00 2.012390851974487305e+00 -1.304701328277587891e+00 1.927904367446899414e+00 -9.189989566802978516e-01 -1.304701328277587891e+00 -1.304701328277587891e+00 -9.189989566802978516e-01 -6.110361814498901367e-01 5.619564652442932129e-01 -1.304701328277587891e+00 -6.110361814498901367e-01 5.619564652442932129e-01 7.558946013450622559e-01 6.631645560264587402e-01 -3.590322136878967285e-01 -1.304701328277587891e+00 -1.304701328277587891e+00 2.273537158966064453e+00
1.226759314537048340e+00 -1.546741247177124023e+00 -3.128875792026519775e-01 5.395551919937133789e-01 -1.546741247177124023e+00 1.187215924263000488e+00 -1.642470061779022217e-01 -9.136466383934020996e-01 -1.546741247177124023e+00 1.663401722908020020e+00 6.114012002944946289e-01 -1.196297407150268555e+00 -4.827620387077331543e-01 1.436791419982910156e+00 8.584973812103271484e-01 2.901381254196166992e-01 2.901381254196166992e-01 -3.128875792026519775e-01 -3.245801106095314026e-02 -1.546741247177124023e+00 1.498288869857788086e+00
3.044717013835906982e-01 -1.001378297805786133e+00 1.272292256355285645e+00 -5.587515830993652344e-01 -1.001378297805786133e+00 -5.587515830993652344e-01 -1.001378297805786133e+00 -5.587515830993652344e-01 -1.001378297805786133e+00 7.170742005109786987e-02 -5.587515830993652344e-01 4.237798690795898438e+00 1.444477438926696777e+00 -1.001378297805786133e+00 -5.587515830993652344e-01 5.011490583419799805e-01 6.705539822578430176e-01 -2.098641991615295410e-01 -5.587515830993652344e-01 -1.001378297805786133e+00 1.068194508552551270e+00
-4.525362849235534668e-01 -9.149420261383056641e-01 2.488596200942993164e+00 -8.922325819730758667e-02 -9.149420261383056641e-01 9.706209301948547363e-01 -4.525362849235534668e-01 -9.149420261383056641e-01 -9.149420261383056641e-01 2.027050703763961792e-01 -9.149420261383056641e-01 -8.922325819730758667e-02 -9.149420261383056641e-01 -8.922325819730758667e-02 -4.525362849235534668e-01 1.432378530502319336e+00 4.392265796661376953e+00 -9.149420261383056641e-01 -9.149420261383056641e-01 -8.922325819730758667e-02 -4.525362849235534668e-01
-9.369295090436935425e-02 -9.181214570999145508e-01 1.978282928466796875e-01 -9.369295090436935425e-02 -4.564584493637084961e-01 4.438140392303466797e+00 -9.181214570999145508e-01 2.155330657958984375e+00 -4.564584493637084961e-01 9.649592638015747070e-01 -9.181214570999145508e-01 9.649592638015747070e-01 -9.181214570999145508e-01 -4.564584493637084961e-01 -9.181214570999145508e-01 -9.369295090436935425e-02 -4.564584493637084961e-01 -9.369295090436935425e-02 -9.181214570999145508e-01 -9.369295090436935425e-02 -9.181214570999145508e-01
-2.004790008068084717e-01 -7.166382670402526855e-01 -2.004790008068084717e-01 5.023755550384521484e+00 -7.166382670402526855e-01 1.187902569770812988e+00 -7.166382670402526855e-01 2.028259783983230591e-01 -2.004790008068084717e-01 -2.004790008068084717e-01 -7.166382670402526855e-01 -7.166382670402526855e-01 -2.004790008068084717e-01 2.028259783983230591e-01 -7.166382670402526855e-01 -7.166382670402526855e-01 1.348612070083618164e+00 2.028259783983230591e-01 -7.166382670402526855e-01 -7.166382670402526855e-01 -7.166382670402526855e-01
2.554318904876708984e+00 -2.446106076240539551e-01 -2.446106076240539551e-01 -7.505509257316589355e-01 -7.505509257316589355e-01 -7.505509257316589355e-01 -7.505509257316589355e-01 -7.505509257316589355e-01 -7.505509257316589355e-01 4.763561248779296875e+00 -7.505509257316589355e-01 -7.505509257316589355e-01 -7.505509257316589355e-01 2.802211046218872070e+00 -7.505509257316589355e-01 -7.505509257316589355e-01 -2.446106076240539551e-01 -7.505509257316589355e-01 -7.505509257316589355e-01 1.121462583541870117e+00 -7.505509257316589355e-01
-5.956782102584838867e-01 -5.956782102584838867e-01 -5.956782102584838867e-01 -5.956782102584838867e-01 5.301012039184570312e+00 -5.956782102584838867e-01 3.952244520187377930e-01 -5.956782102584838867e-01 -5.956782102584838867e-01 -5.956782102584838867e-01 -5.956782102584838867e-01 -5.956782102584838867e-01 -5.956782102584838867e-01 -5.956782102584838867e-01 -5.956782102584838867e-01 -5.956782102584838867e-01 1.607571363449096680e+00 -5.956782102584838867e-01 -5.956782102584838867e-01 2.822702169418334961e+00 -5.956782102584838867e-01
-3.168274164199829102e-01 -3.168274164199829102e-01 -3.168274164199829102e-01 -3.168274164199829102e-01 6.336533546447753906e+00 -3.168274164199829102e-01 -3.168274164199829102e-01 -3.168274164199829102e-01 -3.168274164199829102e-01 -3.168274164199829102e-01 -3.168274164199829102e-01 -3.168274164199829102e-01 -3.168274164199829102e-01 -3.168274164199829102e-01 -3.168274164199829102e-01 -3.168274164199829102e-01 -3.168274164199829102e-01 -3.168274164199829102e-01 -3.168274164199829102e-01 -3.168274164199829102e-01 -3.168274164199829102e-01
