-3.168267309665679932e-01 6.336559295654296875e+00 -3.168267309665679932e-01 -3.168267309665679932e-01 -3.168267309665679932e-01 -3.168267309665679932e-01 -3.168267309665679932e-01 -3.168267309665679932e-01 -3.168267309665679932e-01 -3.168267309665679932e-01 -3.168267309665679932e-01 -3.168267309665679932e-01 -3.168267309665679932e-01 -3.168267309665679932e-01 -3.168267309665679932e-01 -3.168267309665679932e-01 -3.168267309665679932e-01 -3.168267309665679932e-01 -3.168267309665679932e-01 -3.168267309665679932e-01 -3.168267309665679932e-01
5.539256572723388672e+00 -4.930952787399291992e-01 -4.930952787399291992e-01 -4.930952787399291992e-01 -4.930952787399291992e-01 -4.930952787399291992e-01 -4.930952787399291992e-01 -4.930952787399291992e-01 -4.930952787399291992e-01 -4.930952787399291992e-01 -4.930952787399291992e-01 -4.930952787399291992e-01 -4.930952787399291992e-01 -4.930952787399291992e-01 -4.930952787399291992e-01 3.829522848129272461e+00 -4.930952787399291992e-01 -4.930952787399291992e-01 -4.930952787399291992e-01 -4.930952787399291992e-01 -4.930952787399291992e-01
2.288872241973876953e+00 -4.832211434841156006e-01 -1.205702662467956543e+00 -8.032068610191345215e-01 -1.205702662467956543e+00 6.076753735542297363e-01 -1.205702662467956543e+00 4.818265140056610107e-01 -8.032068610191345215e-01 1.800085008144378662e-01 -8.032068610191345215e-01 -5.173284094780683517e-03 -2.225833237171173096e-01 -1.205702662467956543e+00 1.800085008144378662e-01 3.478770732879638672e+00 1.753378748893737793e+00 4.818265140056610107e-01 1.800085008144378662e-01 -4.832211434841156006e-01 -1.205702662467956543e+00
-5.710654258728027344e-01 -1.273562550544738770e+00 -5.710654258728027344e-01 7.827327400445938110e-02 -8.826866149902343750e-01 2.010642766952514648e+00 -8.826866149902343750e-01 -1.035282909870147705e-01 -1.273562550544738770e+00 3.753935098648071289e-01 -3.164738714694976807e-01 3.753935098648071289e-01 -1.273562550544738770e+00 2.038859605789184570e+00 2.093030929565429688e+00 2.973519802093505859e+00 8.922710418701171875e-01 -1.273562550544738770e+00 -5.710654258728027344e-01 -5.710654258728027344e-01 -1.273562550544738770e+00
-8.778295516967773438e-01 -8.778295516967773438e-01 2.528550148010253906e+00 -3.636534884572029114e-02 -3.636534884572029114e-02 -4.064480066299438477e-01 -8.778295516967773438e-01 -8.778295516967773438e-01 -8.778295516967773438e-01 1.679133176803588867e+00 -8.778295516967773438e-01 -8.778295516967773438e-01 -4.064480066299438477e-01 7.090133428573608398e-01 -8.778295516967773438e-01 -8.778295516967773438e-01 -4.064480066299438477e-01 -3.636534884572029114e-02 -8.778295516967773438e-01 7.090133428573608398e-01 4.481029033660888672e+00
-3.445597290992736816e-01 -3.445597290992736816e-01 -3.445597290992736816e-01 -3.445597290992736816e-01 -3.445597290992736816e-01 -3.445597290992736816e-01 -3.445597290992736816e-01 -3.445597290992736816e-01 -3.445597290992736816e-01 -3.445597290992736816e-01 -3.445597290992736816e-01 -3.445597290992736816e-01 -3.445597290992736816e-01 -3.445597290992736816e-01 -3.445597290992736816e-01 3.255739212036132812e-01 -3.445597290992736816e-01 -3.445597290992736816e-01 -3.445597290992736816e-01 -3.445597290992736816e-01 6.221190929412841797e+00
-3.168287575244903564e-01 -3.168287575244903564e-01 -3.168287575244903564e-01 -3.168287575244903564e-01 -3.168287575244903564e-01 -3.168287575244903564e-01 -3.168287575244903564e-01 -3.168287575244903564e-01 -3.168287575244903564e-01 -3.168287575244903564e-01 -3.168287575244903564e-01 -3.168287575244903564e-01 -3.168287575244903564e-01 -3.168287575244903564e-01 -3.168287575244903564e-01 -3.168287575244903564e-01 -3.168287575244903564e-01 -3.168287575244903564e-01 -3.168287575244903564e-01 -3.168287575244903564e-01 6.336550712585449219e+00
-3.168287575244903564e-01 -3.168287575244903564e-01 -3.168287575244903564e-01 -3.168287575244903564e-01 -3.168287575244903564e-01 -3.168287575244903564e-01 -3.168287575244903564e-01 -3.168287575244903564e-01 -3.168287575244903564e-01 -3.168287575244903564e-01 -3.168287575244903564e-01 -3.168287575244903564e-01 -3.168287575244903564e-01 -3.168287575244903564e-01 -3.168287575244903564e-01 -3.168287575244903564e-01 -3.168287575244903564e-01 -3.168287575244903564e-01 -3.168287575244903564e-01 -3.168287575244903564e-01 6.336550712585449219e+00
-7.231398820877075195e-01 -7.231398820877075195e-01 -7.231398820877075195e-01 -7.231398820877075195e-01 -7.231398820877075195e-01 1.335258960723876953e+00 -7.231398820877075195e-01 -2.091319710016250610e-01 1.927707642316818237e-01 -2.091319710016250610e-01 -7.231398820877075195e-01 -7.231398820877075195e-01 1.476416587829589844e+00 -7.231398820877075195e-01 -7.231398820877075195e-01 1.927707642316818237e-01 1.927707642316818237e-01 1.927707642316818237e-01 -2.091319710016250610e-01 -7.231398820877075195e-01 4.999207019805908203e+00
-2.899797260761260986e-01 -1.060132741928100586e+00 -2.899797260761260986e-01 -1.493800431489944458e-02 -6.299585103988647461e-01 1.337833404541015625e+00 -2.899797260761260986e-01 -2.899797260761260986e-01 -1.060132741928100586e+00 1.255843162536621094e+00 -1.060132741928100586e+00 -1.060132741928100586e+00 2.130469679832458496e-01 2.130469679832458496e-01 2.130469679832458496e-01 -1.493800431489944458e-02 -1.493800431489944458e-02 -1.493800431489944458e-02 -6.299585103988647461e-01 -6.299585103988647461e-01 4.117287635803222656e+00
1.456903457641601562e+00 -1.148369669914245605e+00 -4.079475700855255127e-01 2.677029967308044434e-01 -1.148369669914245605e+00 5.736860632896423340e-01 -1.148369669914245605e+00 -1.148369669914245605e+00 -4.079475700855255127e-01 5.736860632896423340e-01 -1.148369669914245605e+00 7.951024919748306274e-02 5.736860632896423340e-01 2.677029967308044434e-01 9.194218516349792480e-01 -4.079475700855255127e-01 -7.354460954666137695e-01 7.010191679000854492e-01 -4.079475700855255127e-01 -1.148369669914245605e+00 3.844126224517822266e+00
1.388405442237854004e+00 -1.314365744590759277e+00 2.592942476272583008e+00 1.911467075347900391e+00 -1.314365744590759277e+00 1.911467075347900391e+00 -6.232877373695373535e-01 -1.314365744590759277e+00 -9.301337003707885742e-01 -1.314365744590759277e+00 -9.301337003707885742e-01 7.404828071594238281e-01 -9.301337003707885742e-01 -6.232877373695373535e-01 3.125168383121490479e-01 7.404828071594238281e-01 8.258852362632751465e-01 -6.232877373695373535e-01 -1.314365744590759277e+00 -1.314365744590759277e+00 2.122801065444946289e+00
1.209979295730590820e+00 -1.532428383827209473e+00 -8.959708809852600098e-01 4.014315903186798096e-01 -1.532428383827209473e+00 1.126012563705444336e+00 -1.170550845563411713e-02 -8.959708809852600098e-01 -1.532428383827209473e+00 1.913696765899658203e+00 4.014315903186798096e-01 -1.179983019828796387e+00 -8.959708809852600098e-01 1.359978556632995605e+00 8.809087276458740234e-01 4.844177067279815674e-01 3.116366863250732422e-01 3.116366863250732422e-01 2.138837873935699463e-01 -1.532428383827209473e+00 1.394320607185363770e+00
-1.495785564184188843e-01 -9.578766822814941406e-01 1.442009210586547852e+00 -5.056305527687072754e-01 -9.578766822814941406e-01 -5.056305527687072754e-01 -9.578766822814941406e-01 -5.056305527687072754e-01 -9.578766822814941406e-01 -1.495785564184188843e-01 -5.056305527687072754e-01 4.356464862823486328e+00 1.253758549690246582e+00 -9.578766822814941406e-01 -5.056305527687072754e-01 8.943617939949035645e-01 1.370256543159484863e-01 -1.495785564184188843e-01 -5.056305527687072754e-01 -9.578766822814941406e-01 1.146145939826965332e+00
-9.058265686035156250e-01 -9.058265686035156250e-01 2.226757287979125977e+00 -7.632465660572052002e-02 -9.058265686035156250e-01 6.607860922813415527e-01 -4.413403272628784180e-01 -9.058265686035156250e-01 -9.058265686035156250e-01 -7.632465660572052002e-02 -9.058265686035156250e-01 2.167176902294158936e-01 -4.413403272628784180e-01 -7.632465660572052002e-02 -4.413403272628784180e-01 1.775177478790283203e+00 4.437786102294921875e+00 -9.058265686035156250e-01 -9.058265686035156250e-01 -7.632465660572052002e-02 -4.413403272628784180e-01
-4.597170650959014893e-01 -9.206452369689941406e-01 1.938491910696029663e-01 1.938491910696029663e-01 -4.597170650959014893e-01 4.448098182678222656e+00 -9.206452369689941406e-01 1.938444614410400391e+00 -4.597170650959014893e-01 1.094370603561401367e+00 -9.206452369689941406e-01 6.355400681495666504e-01 -9.206452369689941406e-01 -4.597170650959014893e-01 -9.206452369689941406e-01 -9.731481969356536865e-02 -4.597170650959014893e-01 -9.731481969356536865e-02 -9.206452369689941406e-01 4.336003363132476807e-01 -9.206452369689941406e-01
-1.140742450952529907e-01 -6.510804891586303711e-01 -6.510804891586303711e-01 5.206453800201416016e+00 -6.510804891586303711e-01 1.130990862846374512e+00 -6.510804891586303711e-01 3.053959012031555176e-01 -6.510804891586303711e-01 -1.140742450952529907e-01 -6.510804891586303711e-01 -6.510804891586303711e-01 -1.140742450952529907e-01 -1.140742450952529907e-01 -6.510804891586303711e-01 -6.510804891586303711e-01 1.321073889732360840e+00 3.053959012031555176e-01 -6.510804891586303711e-01 -6.510804891586303711e-01 -6.510804891586303711e-01
2.427606582641601562e+00 -2.309549897909164429e-01 -2.309549897909164429e-01 -7.399305701255798340e-01 -7.399305701255798340e-01 -7.399305701255798340e-01 -7.399305701255798340e-01 -7.399305701255798340e-01 -7.399305701255798340e-01 4.804039478302001953e+00 -7.399305701255798340e-01 -7.399305701255798340e-01 -7.399305701255798340e-01 2.862201213836669922e+00 -7.399305701255798340e-01 -7.399305701255798340e-01 -2.309549897909164429e-01 -7.399305701255798340e-01 -7.399305701255798340e-01 9.580368399620056152e-01 -7.399305701255798340e-01
-5.778403878211975098e-01 -5.778403878211975098e-01 -5.778403878211975098e-01 -5.778403878211975098e-01 5.344326972961425781e+00 -5.778403878211975098e-01 -1.479076594114303589e-02 -5.778403878211975098e-01 -5.778403878211975098e-01 -5.778403878211975098e-01 -5.778403878211975098e-01 -5.778403878211975098e-01 -5.778403878211975098e-01 -5.778403878211975098e-01 -5.778403878211975098e-01 -5.778403878211975098e-01 1.479314684867858887e+00 -5.778403878211975098e-01 -5.778403878211975098e-01 3.014448881149291992e+00 -5.778403878211975098e-01
-3.168275952339172363e-01 -3.168275952339172363e-01 -3.168275952339172363e-01 -3.168275952339172363e-01 6.336551189422607422e+00 -3.168275952339172363e-01 -3.168275952339172363e-01 -3.168275952339172363e-01 -3.168275952339172363e-01 -3.168275952339172363e-01 -3.168275952339172363e-01 -3.168275952339172363e-01 -3.168275952339172363e-01 -3.168275952339172363e-01 -3.168275952339172363e-01 -3.168275952339172363e-01 -3.168275952339172363e-01 -3.168275952339172363e-01 -3.168275952339172363e-01 -3.168275952339172363e-01 -3.168275952339172363e-01
