-3.168186843395233154e-01 6.336528301239013672e+00 -3.168186843395233154e-01 -3.168186843395233154e-01 -3.168186843395233154e-01 -3.168186843395233154e-01 -3.168186843395233154e-01 -3.168186843395233154e-01 -3.168186843395233154e-01 -3.168186843395233154e-01 -3.168186843395233154e-01 -3.168186843395233154e-01 -3.168186843395233154e-01 -3.168186843395233154e-01 -3.168186843395233154e-01 -3.168186843395233154e-01 -3.168186843395233154e-01 -3.168186843395233154e-01 -3.168186843395233154e-01 -3.168186843395233154e-01 -3.168186843395233154e-01
5.502866268157958984e+00 -4.970175325870513916e-01 -4.970175325870513916e-01 -4.970175325870513916e-01 -4.970175325870513916e-01 -4.970175325870513916e-01 -4.970175325870513916e-01 -4.970175325870513916e-01 -4.970175325870513916e-01 -4.970175325870513916e-01 -4.970175325870513916e-01 -4.970175325870513916e-01 -4.970175325870513916e-01 -4.970175325870513916e-01 -4.970175325870513916e-01 3.941135883331298828e+00 -4.970175325870513916e-01 -4.970175325870513916e-01 -4.970175325870513916e-01 -4.970175325870513916e-01 -4.970175325870513916e-01
2.457493543624877930e+00 -7.686947584152221680e-01 -1.176447272300720215e+00 -7.686947584152221680e-01 -1.176447272300720215e+00 2.245482653379440308e-01 -1.176447272300720215e+00 5.284725427627563477e-01 -7.686947584152221680e-01 3.862767219543457031e-01 -7.686947584152221680e-01 2.245482653379440308e-01 -1.815642118453979492e-01 -1.176447272300720215e+00 2.245482653379440308e-01 3.532185316085815430e+00 1.762825608253479004e+00 5.284725427627563477e-01 3.784361854195594788e-02 -7.686947584152221680e-01 -1.176447272300720215e+00
-3.626251816749572754e-01 -1.307348847389221191e+00 -6.143261790275573730e-01 1.850917488336563110e-01 -9.219781756401062012e-01 1.694431543350219727e+00 -6.143261790275573730e-01 -1.518017947673797607e-01 -1.307348847389221191e+00 1.850917488336563110e-01 2.840841002762317657e-02 1.850917488336563110e-01 -9.219781756401062012e-01 2.034626245498657227e+00 2.181633472442626953e+00 2.891818284988403320e+00 6.590842008590698242e-01 -1.307348847389221191e+00 -6.143261790275573730e-01 -6.143261790275573730e-01 -1.307348847389221191e+00
-8.737458586692810059e-01 -8.737458586692810059e-01 2.640816688537597656e+00 2.667161226272583008e-01 -3.049512207508087158e-02 -4.013595283031463623e-01 -8.737458586692810059e-01 -8.737458586692810059e-01 -8.737458586692810059e-01 1.765471577644348145e+00 -8.737458586692810059e-01 -8.737458586692810059e-01 -4.013595283031463623e-01 5.108551383018493652e-01 -8.737458586692810059e-01 -8.737458586692810059e-01 -4.013595283031463623e-01 -4.013595283031463623e-01 -8.737458586692810059e-01 7.160744071006774902e-01 4.473568916320800781e+00
-3.446121513843536377e-01 -3.446121513843536377e-01 -3.446121513843536377e-01 -3.446121513843536377e-01 -3.446121513843536377e-01 -3.446121513843536377e-01 -3.446121513843536377e-01 -3.446121513843536377e-01 -3.446121513843536377e-01 -3.446121513843536377e-01 -3.446121513843536377e-01 -3.446121513843536377e-01 -3.446121513843536377e-01 -3.446121513843536377e-01 -3.446121513843536377e-01 3.261964917182922363e-01 -3.446121513843536377e-01 -3.446121513843536377e-01 -3.446121513843536377e-01 -3.446121513843536377e-01 6.221142292022705078e+00
-3.168105483055114746e-01 -3.168105483055114746e-01 -3.168105483055114746e-01 -3.168105483055114746e-01 -3.168105483055114746e-01 -3.168105483055114746e-01 -3.168105483055114746e-01 -3.168105483055114746e-01 -3.168105483055114746e-01 -3.168105483055114746e-01 -3.168105483055114746e-01 -3.168105483055114746e-01 -3.168105483055114746e-01 -3.168105483055114746e-01 -3.168105483055114746e-01 -3.168105483055114746e-01 -3.168105483055114746e-01 -3.168105483055114746e-01 -3.168105483055114746e-01 -3.168105483055114746e-01 6.336542129516601562e+00
-3.168105483055114746e-01 -3.168105483055114746e-01 -3.168105483055114746e-01 -3.168105483055114746e-01 -3.168105483055114746e-01 -3.168105483055114746e-01 -3.168105483055114746e-01 -3.168105483055114746e-01 -3.168105483055114746e-01 -3.168105483055114746e-01 -3.168105483055114746e-01 -3.168105483055114746e-01 -3.168105483055114746e-01 -3.168105483055114746e-01 -3.168105483055114746e-01 -3.168105483055114746e-01 -3.168105483055114746e-01 -3.168105483055114746e-01 -3.168105483055114746e-01 -3.168105483055114746e-01 6.336542129516601562e+00
-7.183947563171386719e-01 -7.183947563171386719e-01 -7.183947563171386719e-01 -7.183947563171386719e-01 -7.183947563171386719e-01 1.612182021141052246e+00 -7.183947563171386719e-01 -7.183947563171386719e-01 2.000883519649505615e-01 -2.029308676719665527e-01 -7.183947563171386719e-01 -7.183947563171386719e-01 1.612182021141052246e+00 -7.183947563171386719e-01 -7.183947563171386719e-01 2.000883519649505615e-01 2.000883519649505615e-01 2.000883519649505615e-01 -2.029308676719665527e-01 -7.183947563171386719e-01 5.001412391662597656e+00
-6.128033250570297241e-02 -1.092046737670898438e+00 -3.329666852951049805e-01 3.555590510368347168e-01 -6.683104038238525391e-01 1.427898526191711426e+00 -3.329666852951049805e-01 -3.329666852951049805e-01 -1.092046737670898438e+00 1.356987953186035156e+00 -1.092046737670898438e+00 -1.092046737670898438e+00 -6.128033250570297241e-02 3.555590510368347168e-01 -6.128033250570297241e-02 -6.128033250570297241e-02 1.642489135265350342e-01 -6.128033250570297241e-02 -6.683104038238525391e-01 -6.683104038238525391e-01 4.018312454223632812e+00
1.450244545936584473e+00 -1.217770934104919434e+00 -2.394008189439773560e-01 3.218453228473663330e-01 -8.173901438713073730e-01 5.882762074470520020e-01 -8.173901438713073730e-01 -1.217770934104919434e+00 -4.989219903945922852e-01 4.627327322959899902e-01 -1.217770934104919434e+00 -2.281092293560504913e-02 -2.281092293560504913e-02 -2.281092293560504913e-02 8.039844632148742676e-01 -2.394008189439773560e-01 -2.394008189439773560e-01 5.882762074470520020e-01 -4.989219903945922852e-01 -8.173901438713073730e-01 3.674798488616943359e+00
1.323611617088317871e+00 -1.323432087898254395e+00 2.577220678329467773e+00 1.866256117820739746e+00 -1.323432087898254395e+00 2.007073640823364258e+00 -6.348313689231872559e-01 -1.323432087898254395e+00 -9.406291842460632324e-01 -9.406291842460632324e-01 -9.406291842460632324e-01 7.259722352027893066e-01 -9.406291842460632324e-01 -3.844693005084991455e-01 4.835128784179687500e-03 7.259722352027893066e-01 4.216419756412506104e-01 -3.844693005084991455e-01 -1.323432087898254395e+00 -1.323432087898254395e+00 2.130901098251342773e+00
1.226471662521362305e+00 -1.547001600265502930e+00 -6.803171634674072266e-01 3.794822096824645996e-01 -1.547001600265502930e+00 1.103042602539062500e+00 8.540375530719757080e-02 -9.138310551643371582e-01 -1.547001600265502930e+00 1.869611740112304688e+00 4.623137116432189941e-01 -1.196453571319580078e+00 -4.830172657966613770e-01 1.336796760559082031e+00 8.582118749618530273e-01 1.923201978206634521e-01 1.923201978206634521e-01 1.923201978206634521e-01 1.923201978206634521e-01 -1.547001600265502930e+00 1.371109843254089355e+00
3.791866302490234375e-01 -9.542856216430664062e-01 1.532034993171691895e+00 -9.542856216430664062e-01 -9.542856216430664062e-01 -5.012295842170715332e-01 -9.542856216430664062e-01 -5.012295842170715332e-01 -9.542856216430664062e-01 1.424623131752014160e-01 -5.012295842170715332e-01 4.363749027252197266e+00 1.152659296989440918e+00 -9.542856216430664062e-01 -5.012295842170715332e-01 7.506076097488403320e-01 1.424623131752014160e-01 1.424623131752014160e-01 -9.542856216430664062e-01 -9.542856216430664062e-01 1.033588171005249023e+00
-4.629263579845428467e-01 -9.232239723205566406e-01 2.096031427383422852e+00 1.898776143789291382e-01 -9.232239723205566406e-01 6.311500072479248047e-01 -9.232239723205566406e-01 -9.232239723205566406e-01 -9.232239723205566406e-01 -1.009510010480880737e-01 -9.232239723205566406e-01 1.898776143789291382e-01 -4.629263579845428467e-01 -1.009510010480880737e-01 -4.629263579845428467e-01 1.741305828094482422e+00 4.401521682739257812e+00 -9.232239723205566406e-01 -9.232239723205566406e-01 1.898776143789291382e-01 -4.629263579845428467e-01
-4.469059407711029053e-01 -9.102955460548400879e-01 -8.265967667102813721e-02 2.098021805286407471e-01 -8.265967667102813721e-02 4.479519844055175781e+00 -9.102955460548400879e-01 1.958875894546508789e+00 -4.469059407711029053e-01 9.789592623710632324e-01 -9.102955460548400879e-01 6.531389951705932617e-01 -9.102955460548400879e-01 -4.469059407711029053e-01 -9.102955460548400879e-01 -8.265967667102813721e-02 -4.469059407711029053e-01 -8.265967667102813721e-02 -9.102955460548400879e-01 2.098021805286407471e-01 -9.102955460548400879e-01
-1.109483689069747925e-01 -6.487879157066345215e-01 -6.487879157066345215e-01 5.212270259857177734e+00 -6.487879157066345215e-01 1.135654330253601074e+00 -6.487879157066345215e-01 -1.109483689069747925e-01 -6.487879157066345215e-01 -6.487879157066345215e-01 -6.487879157066345215e-01 -6.487879157066345215e-01 -1.109483689069747925e-01 6.417930126190185547e-01 -6.487879157066345215e-01 -6.487879157066345215e-01 1.135654330253601074e+00 6.417930126190185547e-01 -6.487879157066345215e-01 -6.487879157066345215e-01 -6.487879157066345215e-01
2.421905040740966797e+00 -2.021011412143707275e-01 -7.177671790122985840e-01 -7.177671790122985840e-01 -7.177671790122985840e-01 -7.177671790122985840e-01 -7.177671790122985840e-01 -7.177671790122985840e-01 -7.177671790122985840e-01 4.871967315673828125e+00 -7.177671790122985840e-01 -7.177671790122985840e-01 -7.177671790122985840e-01 2.876659631729125977e+00 -7.177671790122985840e-01 -7.177671790122985840e-01 -2.021011412143707275e-01 -7.177671790122985840e-01 -7.177671790122985840e-01 1.000072002410888672e+00 -7.177671790122985840e-01
-5.727283954620361328e-01 -5.727283954620361328e-01 -5.727283954620361328e-01 -5.727283954620361328e-01 5.371957778930664062e+00 -5.727283954620361328e-01 -7.697542198002338409e-03 -5.727283954620361328e-01 -5.727283954620361328e-01 -5.727283954620361328e-01 -5.727283954620361328e-01 -5.727283954620361328e-01 -5.727283954620361328e-01 -5.727283954620361328e-01 -5.727283954620361328e-01 -5.727283954620361328e-01 1.490712165832519531e+00 -5.727283954620361328e-01 -5.727283954620361328e-01 2.881508827209472656e+00 -5.727283954620361328e-01
-3.168278634548187256e-01 -3.168278634548187256e-01 -3.168278634548187256e-01 -3.168278634548187256e-01 6.336529254913330078e+00 -3.168278634548187256e-01 -3.168278634548187256e-01 -3.168278634548187256e-01 -3.168278634548187256e-01 -3.168278634548187256e-01 -3.168278634548187256e-01 -3.168278634548187256e-01 -3.168278634548187256e-01 -3.168278634548187256e-01 -3.168278634548187256e-01 -3.168278634548187256e-01 -3.168278634548187256e-01 -3.168278634548187256e-01 -3.168278634548187256e-01 -3.168278634548187256e-01 -3.168278634548187256e-01
