-3.168267905712127686e-01 6.336581230163574219e+00 -3.168267905712127686e-01 -3.168267905712127686e-01 -3.168267905712127686e-01 -3.168267905712127686e-01 -3.168267905712127686e-01 -3.168267905712127686e-01 -3.168267905712127686e-01 -3.168267905712127686e-01 -3.168267905712127686e-01 -3.168267905712127686e-01 -3.168267905712127686e-01 -3.168267905712127686e-01 -3.168267905712127686e-01 -3.168267905712127686e-01 -3.168267905712127686e-01 -3.168267905712127686e-01 -3.168267905712127686e-01 -3.168267905712127686e-01 -3.168267905712127686e-01
5.510111808776855469e+00 -4.963077604770660400e-01 -4.963077604770660400e-01 -4.963077604770660400e-01 -4.963077604770660400e-01 -4.963077604770660400e-01 -4.963077604770660400e-01 -4.963077604770660400e-01 -4.963077604770660400e-01 -4.963077604770660400e-01 -4.963077604770660400e-01 -4.963077604770660400e-01 -4.963077604770660400e-01 -4.963077604770660400e-01 -4.963077604770660400e-01 3.919895887374877930e+00 -4.963077604770660400e-01 -4.963077604770660400e-01 -4.963077604770660400e-01 -4.963077604770660400e-01 -4.963077604770660400e-01
2.402339935302734375e+00 -7.902070283889770508e-01 -1.194744944572448730e+00 -7.902070283889770508e-01 -1.194744944572448730e+00 8.419497013092041016e-01 -1.194744944572448730e+00 6.253801584243774414e-01 -7.902070283889770508e-01 3.576165437698364258e-01 -7.902070283889770508e-01 1.966570764780044556e-01 -2.072944641113281250e-01 -1.194744944572448730e+00 -2.072944641113281250e-01 3.491069555282592773e+00 1.592972993850708008e+00 4.992354512214660645e-01 1.092305965721607208e-02 -4.689768850803375244e-01 -1.194744944572448730e+00
-6.045273542404174805e-01 -1.299612641334533691e+00 -6.045273542404174805e-01 3.351019918918609619e-01 -9.129706621170043945e-01 1.906848907470703125e+00 -6.045273542404174805e-01 3.971439227461814880e-02 -1.299612641334533691e+00 3.351019918918609619e-01 -3.520956933498382568e-01 3.351019918918609619e-01 -1.299612641334533691e+00 1.965576410293579102e+00 2.148165702819824219e+00 2.870612621307373047e+00 8.496379852294921875e-01 -1.299612641334533691e+00 -6.045273542404174805e-01 -6.045273542404174805e-01 -1.299612641334533691e+00
-8.537446260452270508e-01 -8.537446260452270508e-01 2.578642129898071289e+00 -3.760531842708587646e-01 -8.537446260452270508e-01 -3.760531842708587646e-01 -8.537446260452270508e-01 -8.537446260452270508e-01 -8.537446260452270508e-01 1.726923108100891113e+00 -8.537446260452270508e-01 -8.537446260452270508e-01 -1.680498826317489147e-03 7.512148022651672363e-01 -8.537446260452270508e-01 -8.537446260452270508e-01 -3.760531842708587646e-01 -1.680498826317489147e-03 -8.537446260452270508e-01 9.282281994819641113e-01 4.538076400756835938e+00
-3.444820344448089600e-01 -3.444820344448089600e-01 -3.444820344448089600e-01 -3.444820344448089600e-01 -3.444820344448089600e-01 -3.444820344448089600e-01 -3.444820344448089600e-01 -3.444820344448089600e-01 -3.444820344448089600e-01 -3.444820344448089600e-01 -3.444820344448089600e-01 -3.444820344448089600e-01 -3.444820344448089600e-01 -3.444820344448089600e-01 -3.444820344448089600e-01 3.246482014656066895e-01 -3.444820344448089600e-01 -3.444820344448089600e-01 -3.444820344448089600e-01 -3.444820344448089600e-01 6.221053123474121094e+00
-3.167969286441802979e-01 -3.167969286441802979e-01 -3.167969286441802979e-01 -3.167969286441802979e-01 -3.167969286441802979e-01 -3.167969286441802979e-01 -3.167969286441802979e-01 -3.167969286441802979e-01 -3.167969286441802979e-01 -3.167969286441802979e-01 -3.167969286441802979e-01 -3.167969286441802979e-01 -3.167969286441802979e-01 -3.167969286441802979e-01 -3.167969286441802979e-01 -3.167969286441802979e-01 -3.167969286441802979e-01 -3.167969286441802979e-01 -3.167969286441802979e-01 -3.167969286441802979e-01 6.336551666259765625e+00
-3.167969286441802979e-01 -3.167969286441802979e-01 -3.167969286441802979e-01 -3.167969286441802979e-01 -3.167969286441802979e-01 -3.167969286441802979e-01 -3.167969286441802979e-01 -3.167969286441802979e-01 -3.167969286441802979e-01 -3.167969286441802979e-01 -3.167969286441802979e-01 -3.167969286441802979e-01 -3.167969286441802979e-01 -3.167969286441802979e-01 -3.167969286441802979e-01 -3.167969286441802979e-01 -3.167969286441802979e-01 -3.167969286441802979e-01 -3.167969286441802979e-01 -3.167969286441802979e-01 6.336551666259765625e+00
-7.274516224861145020e-01 -7.274516224861145020e-01 -7.274516224861145020e-01 -7.274516224861145020e-01 -7.274516224861145020e-01 1.706365585327148438e+00 -7.274516224861145020e-01 -2.146121412515640259e-01 1.861900240182876587e-01 -2.146121412515640259e-01 -7.274516224861145020e-01 -7.274516224861145020e-01 1.706365585327148438e+00 -7.274516224861145020e-01 -7.274516224861145020e-01 -2.146121412515640259e-01 5.049386620521545410e-01 -2.146121412515640259e-01 -2.146121412515640259e-01 -7.274516224861145020e-01 4.970876216888427734e+00
-2.540531940758228302e-02 -1.067379474639892578e+00 -2.996696829795837402e-01 2.020674794912338257e-01 -6.384747624397277832e-01 1.401200294494628906e+00 -2.996696829795837402e-01 -6.384747624397277832e-01 -1.067379474639892578e+00 1.058312892913818359e+00 -1.067379474639892578e+00 -1.067379474639892578e+00 3.947915136814117432e-01 3.947915136814117432e-01 -2.540531940758228302e-02 -2.540531940758228302e-02 -2.540531940758228302e-02 -2.540531940758228302e-02 -6.384747624397277832e-01 -6.384747624397277832e-01 4.098175525665283203e+00
1.200178503990173340e+00 -1.182026982307434082e+00 -4.522820711135864258e-01 3.775060176849365234e-01 -1.182026982307434082e+00 8.630521893501281738e-01 -1.182026982307434082e+00 -1.182026982307434082e+00 -4.522820711135864258e-01 5.195189714431762695e-01 -1.182026982307434082e+00 2.962657250463962555e-02 3.775060176849365234e-01 2.962657250463962555e-02 6.459788680076599121e-01 2.962657250463962555e-02 -4.522820711135864258e-01 6.459788680076599121e-01 -4.522820711135864258e-01 -7.751491069793701172e-01 3.776041984558105469e+00
1.364461064338684082e+00 -1.298980593681335449e+00 2.692218303680419922e+00 1.907986521720886230e+00 -1.298980593681335449e+00 1.994874000549316406e+00 -9.122874140739440918e-01 -1.298980593681335449e+00 -9.122874140739440918e-01 -1.298980593681335449e+00 -6.037465333938598633e-01 3.360445797443389893e-01 -9.122874140739440918e-01 -6.037465333938598633e-01 4.596338570117950439e-01 6.723276972770690918e-01 7.651145458221435547e-01 -6.037465333938598633e-01 -1.298980593681335449e+00 -1.298980593681335449e+00 2.149306297302246094e+00
1.180884957313537598e+00 -1.550700187683105469e+00 -4.881343245506286621e-01 1.866528987884521484e-01 -1.550700187683105469e+00 1.052419900894165039e+00 7.980152964591979980e-02 -9.186121225357055664e-01 -1.550700187683105469e+00 1.943341016769409180e+00 6.052647233009338379e-01 -1.200788140296936035e+00 -4.881343245506286621e-01 1.258502244949340820e+00 8.522670865058898926e-01 1.866528987884521484e-01 1.866528987884521484e-01 1.866528987884521484e-01 2.841369807720184326e-01 -1.550700187683105469e+00 1.295241475105285645e+00
3.510706722736358643e-01 -9.719495177268981934e-01 1.576250076293945312e+00 -5.226941108703613281e-01 -9.719495177268981934e-01 -5.226941108703613281e-01 -9.719495177268981934e-01 -5.226941108703613281e-01 -9.719495177268981934e-01 1.157565265893936157e-01 -5.226941108703613281e-01 4.317662239074707031e+00 1.002206087112426758e+00 -9.719495177268981934e-01 -9.719495177268981934e-01 8.698420524597167969e-01 3.510706722736358643e-01 -1.691450625658035278e-01 -5.226941108703613281e-01 -9.719495177268981934e-01 1.002206087112426758e+00
-4.767188429832458496e-01 -9.345533847808837891e-01 2.122841835021972656e+00 1.725768148899078369e-01 -9.345533847808837891e-01 9.356637001037597656e-01 -4.767188429832458496e-01 -9.345533847808837891e-01 -9.345533847808837891e-01 1.725768148899078369e-01 -9.345533847808837891e-01 1.725768148899078369e-01 -4.767188429832458496e-01 -1.168583780527114868e-01 -4.767188429832458496e-01 1.569558024406433105e+00 4.373026371002197266e+00 -9.345533847808837891e-01 -9.345533847808837891e-01 -4.767188429832458496e-01 -4.767188429832458496e-01
-1.054265499114990234e-01 -9.264673590660095215e-01 4.243117868900299072e-01 1.849922239780426025e-01 -4.667021036148071289e-01 4.431107044219970703e+00 -9.264673590660095215e-01 1.984235167503356934e+00 -4.667021036148071289e-01 9.501227736473083496e-01 -9.264673590660095215e-01 7.989797592163085938e-01 -9.264673590660095215e-01 -4.667021036148071289e-01 -9.264673590660095215e-01 -1.054265499114990234e-01 -4.667021036148071289e-01 -1.054265499114990234e-01 -9.264673590660095215e-01 -1.054265499114990234e-01 -9.264673590660095215e-01
-1.339275240898132324e-01 -6.660810708999633789e-01 -1.339275240898132324e-01 5.160108089447021484e+00 -6.660810708999633789e-01 8.785714507102966309e-01 -6.660810708999633789e-01 2.817126214504241943e-01 -6.660810708999633789e-01 -6.660810708999633789e-01 -6.660810708999633789e-01 -6.660810708999633789e-01 -1.339275240898132324e-01 -1.339275240898132324e-01 -6.660810708999633789e-01 -6.660810708999633789e-01 1.597084641456604004e+00 6.109733581542968750e-01 -6.660810708999633789e-01 -6.660810708999633789e-01 -6.660810708999633789e-01
2.545370578765869141e+00 -2.219307869672775269e-01 -2.219307869672775269e-01 -7.331187129020690918e-01 -7.331187129020690918e-01 -7.331187129020690918e-01 -7.331187129020690918e-01 -7.331187129020690918e-01 -7.331187129020690918e-01 4.825272560119628906e+00 -7.331187129020690918e-01 -7.331187129020690918e-01 -7.331187129020690918e-01 2.803982496261596680e+00 -7.331187129020690918e-01 -7.331187129020690918e-01 -2.219307869672775269e-01 -7.331187129020690918e-01 -7.331187129020690918e-01 7.546476125717163086e-01 -7.331187129020690918e-01
-5.821146368980407715e-01 -5.821146368980407715e-01 -5.821146368980407715e-01 -5.821146368980407715e-01 5.346485614776611328e+00 -5.821146368980407715e-01 4.179406762123107910e-01 -5.821146368980407715e-01 -5.821146368980407715e-01 -5.821146368980407715e-01 -5.821146368980407715e-01 -5.821146368980407715e-01 -5.821146368980407715e-01 -5.821146368980407715e-01 -5.821146368980407715e-01 -5.821146368980407715e-01 1.274341821670532227e+00 -5.821146368980407715e-01 -5.821146368980407715e-01 2.857229948043823242e+00 -5.821146368980407715e-01
-3.168242871761322021e-01 -3.168242871761322021e-01 -3.168242871761322021e-01 -3.168242871761322021e-01 6.336578845977783203e+00 -3.168242871761322021e-01 -3.168242871761322021e-01 -3.168242871761322021e-01 -3.168242871761322021e-01 -3.168242871761322021e-01 -3.168242871761322021e-01 -3.168242871761322021e-01 -3.168242871761322021e-01 -3.168242871761322021e-01 -3.168242871761322021e-01 -3.168242871761322021e-01 -3.168242871761322021e-01 -3.168242871761322021e-01 -3.168242871761322021e-01 -3.168242871761322021e-01 -3.168242871761322021e-01
