-3.168122172355651855e-01 6.336690902709960938e+00 -3.168122172355651855e-01 -3.168122172355651855e-01 -3.168122172355651855e-01 -3.168122172355651855e-01 -3.168122172355651855e-01 -3.168122172355651855e-01 -3.168122172355651855e-01 -3.168122172355651855e-01 -3.168122172355651855e-01 -3.168122172355651855e-01 -3.168122172355651855e-01 -3.168122172355651855e-01 -3.168122172355651855e-01 -3.168122172355651855e-01 -3.168122172355651855e-01 -3.168122172355651855e-01 -3.168122172355651855e-01 -3.168122172355651855e-01 -3.168122172355651855e-01
5.531923770904541016e+00 -4.939251244068145752e-01 -4.939251244068145752e-01 -4.939251244068145752e-01 -4.939251244068145752e-01 -4.939251244068145752e-01 -4.939251244068145752e-01 -4.939251244068145752e-01 -4.939251244068145752e-01 -4.939251244068145752e-01 -4.939251244068145752e-01 -4.939251244068145752e-01 -4.939251244068145752e-01 -4.939251244068145752e-01 -4.939251244068145752e-01 3.852974653244018555e+00 -4.939251244068145752e-01 -4.939251244068145752e-01 -4.939251244068145752e-01 -4.939251244068145752e-01 -4.939251244068145752e-01
2.390775680541992188e+00 -3.725681006908416748e-01 -1.121655941009521484e+00 -1.121655941009521484e+00 -1.121655941009521484e+00 7.452275753021240234e-01 -1.121655941009521484e+00 3.090838193893432617e-01 -7.036010622978210449e-01 -1.038335934281349182e-01 -7.036010622978210449e-01 -3.725681006908416748e-01 -1.038335934281349182e-01 -1.121655941009521484e+00 3.090838193893432617e-01 3.700158119201660156e+00 2.020840883255004883e+00 6.171181797981262207e-01 1.195023879408836365e-01 -1.121655941009521484e+00 -1.121655941009521484e+00
-5.717617273330688477e-01 -1.274058103561401367e+00 -5.717617273330688477e-01 4.989125132560729980e-01 -1.274058103561401367e+00 1.855931282043457031e+00 -5.717617273330688477e-01 7.747669517993927002e-02 -1.274058103561401367e+00 7.747669517993927002e-02 7.747669517993927002e-02 7.747669517993927002e-02 -8.832604289054870605e-01 1.980768918991088867e+00 2.092106580734252930e+00 3.026694774627685547e+00 9.709619283676147461e-01 -1.274058103561401367e+00 -8.832604289054870605e-01 -8.832604289054870605e-01 -1.274058103561401367e+00
-8.671048283576965332e-01 -8.671048283576965332e-01 2.393872976303100586e+00 -3.928700387477874756e-01 -3.928700387477874756e-01 -3.928700387477874756e-01 -8.671048283576965332e-01 -8.671048283576965332e-01 -8.671048283576965332e-01 1.920393824577331543e+00 -8.671048283576965332e-01 -8.671048283576965332e-01 -2.095368504524230957e-02 7.277569174766540527e-01 -8.671048283576965332e-01 -8.671048283576965332e-01 -3.928700387477874756e-01 -2.095368504524230957e-02 -8.671048283576965332e-01 7.277569174766540527e-01 4.514651298522949219e+00
-3.445071876049041748e-01 -3.445071876049041748e-01 -3.445071876049041748e-01 -3.445071876049041748e-01 -3.445071876049041748e-01 -3.445071876049041748e-01 -3.445071876049041748e-01 -3.445071876049041748e-01 -3.445071876049041748e-01 -3.445071876049041748e-01 -3.445071876049041748e-01 -3.445071876049041748e-01 -3.445071876049041748e-01 -3.445071876049041748e-01 -3.445071876049041748e-01 3.247918188571929932e-01 -3.445071876049041748e-01 -3.445071876049041748e-01 -3.445071876049041748e-01 -3.445071876049041748e-01 6.221082210540771484e+00
-3.168266713619232178e-01 -3.168266713619232178e-01 -3.168266713619232178e-01 -3.168266713619232178e-01 -3.168266713619232178e-01 -3.168266713619232178e-01 -3.168266713619232178e-01 -3.168266713619232178e-01 -3.168266713619232178e-01 -3.168266713619232178e-01 -3.168266713619232178e-01 -3.168266713619232178e-01 -3.168266713619232178e-01 -3.168266713619232178e-01 -3.168266713619232178e-01 -3.168266713619232178e-01 -3.168266713619232178e-01 -3.168266713619232178e-01 -3.168266713619232178e-01 -3.168266713619232178e-01 6.336499214172363281e+00
-3.168266713619232178e-01 -3.168266713619232178e-01 -3.168266713619232178e-01 -3.168266713619232178e-01 -3.168266713619232178e-01 -3.168266713619232178e-01 -3.168266713619232178e-01 -3.168266713619232178e-01 -3.168266713619232178e-01 -3.168266713619232178e-01 -3.168266713619232178e-01 -3.168266713619232178e-01 -3.168266713619232178e-01 -3.168266713619232178e-01 -3.168266713619232178e-01 -3.168266713619232178e-01 -3.168266713619232178e-01 -3.168266713619232178e-01 -3.168266713619232178e-01 -3.168266713619232178e-01 6.336499214172363281e+00
-7.274294495582580566e-01 -7.274294495582580566e-01 -7.274294495582580566e-01 -7.274294495582580566e-01 -7.274294495582580566e-01 1.706366300582885742e+00 -7.274294495582580566e-01 -2.145960181951522827e-01 -2.145960181951522827e-01 -2.145960181951522827e-01 -7.274294495582580566e-01 -7.274294495582580566e-01 1.706366300582885742e+00 -7.274294495582580566e-01 -7.274294495582580566e-01 1.862218379974365234e-01 5.049980878829956055e-01 -2.145960181951522827e-01 -2.145960181951522827e-01 -7.274294495582580566e-01 4.970901966094970703e+00
-2.353792488574981689e-01 -1.020024418830871582e+00 -5.813050270080566406e-01 6.393092274665832520e-01 -1.020024418830871582e+00 1.410371184349060059e+00 -5.813050270080566406e-01 -5.813050270080566406e-01 -1.020024418830871582e+00 1.035272002220153809e+00 -1.020024418830871582e+00 -1.020024418830871582e+00 2.752406895160675049e-01 2.752406895160675049e-01 4.401770979166030884e-02 4.401770979166030884e-02 4.707849621772766113e-01 2.752406895160675049e-01 -1.020024418830871582e+00 -5.813050270080566406e-01 4.211416244506835938e+00
1.393056511878967285e+00 -1.149309992790222168e+00 -1.432081311941146851e-01 7.814303785562515259e-02 -1.149309992790222168e+00 8.140018582344055176e-01 -1.149309992790222168e+00 -1.149309992790222168e+00 -4.091858267784118652e-01 5.721678733825683594e-01 -1.149309992790222168e+00 -1.432081311941146851e-01 4.290687441825866699e-01 7.814303785562515259e-02 8.140018582344055176e-01 -1.432081311941146851e-01 -4.091858267784118652e-01 4.290687441825866699e-01 -7.364415526390075684e-01 -7.364415526390075684e-01 3.859863042831420898e+00
1.329084873199462891e+00 -1.256339550018310547e+00 2.767252445220947266e+00 1.951010227203369141e+00 -1.256339550018310547e+00 2.011599540710449219e+00 -5.489280819892883301e-01 -1.256339550018310547e+00 -1.256339550018310547e+00 -1.256339550018310547e+00 -8.626063466072082520e-01 5.268089771270751953e-01 -8.626063466072082520e-01 -8.626063466072082520e-01 2.624177634716033936e-01 5.268089771270751953e-01 1.000284552574157715e+00 -8.626063466072082520e-01 -1.256339550018310547e+00 -1.256339550018310547e+00 2.419052839279174805e+00
1.086327314376831055e+00 -1.529187560081481934e+00 -6.572802066802978516e-01 3.163690567016601562e-01 -1.529187560081481934e+00 1.130995154380798340e+00 -1.394204795360565186e-01 -8.921113610267639160e-01 -1.529187560081481934e+00 1.938989639282226562e+00 4.891949594020843506e-01 -1.176405429840087891e+00 -6.572802066802978516e-01 1.399348020553588867e+00 9.396392703056335449e-01 4.891949594020843506e-01 -7.180884014815092087e-03 1.113497838377952576e-01 2.185776531696319580e-01 -1.529187560081481934e+00 1.526349186897277832e+00
-2.200608402490615845e-01 -1.008839726448059082e+00 1.430798053741455078e+00 -5.677502751350402832e-01 -1.008839726448059082e+00 -5.677502751350402832e-01 -1.008839726448059082e+00 -5.677502751350402832e-01 -1.008839726448059082e+00 6.065196543931961060e-02 -5.677502751350402832e-01 4.196321487426757812e+00 1.430798053741455078e+00 -1.008839726448059082e+00 -2.200608402490615845e-01 1.161566495895385742e+00 6.580303907394409180e-01 -2.200608402490615845e-01 -1.008839726448059082e+00 -1.008839726448059082e+00 1.054983735084533691e+00
-5.038952231407165527e-01 -9.565894603729248047e-01 2.405485153198242188e+00 1.390474587678909302e-01 -9.565894603729248047e-01 1.029518723487854004e+00 -5.038952231407165527e-01 -9.565894603729248047e-01 -9.565894603729248047e-01 -1.477296203374862671e-01 -9.565894603729248047e-01 1.390474587678909302e-01 -5.038952231407165527e-01 -1.477296203374862671e-01 -5.038952231407165527e-01 1.677329301834106445e+00 4.268155097961425781e+00 -9.565894603729248047e-01 -9.565894603729248047e-01 -1.477296203374862671e-01 -5.038952231407165527e-01
-4.455645382404327393e-01 -9.093712568283081055e-01 2.113001197576522827e-01 2.113001197576522827e-01 -8.128570020198822021e-02 4.440941810607910156e+00 -9.093712568283081055e-01 2.264685630798339844e+00 -4.455645382404327393e-01 1.343992233276367188e+00 -9.093712568283081055e-01 8.288088440895080566e-01 -9.093712568283081055e-01 -4.455645382404327393e-01 -9.093712568283081055e-01 -8.128570020198822021e-02 -9.093712568283081055e-01 -8.128570020198822021e-02 -9.093712568283081055e-01 -4.455645382404327393e-01 -9.093712568283081055e-01
-1.968251168727874756e-01 -7.137814760208129883e-01 -1.968251168727874756e-01 5.034914016723632812e+00 -7.137814760208129883e-01 7.897451519966125488e-01 -7.137814760208129883e-01 2.072012275457382202e-01 -1.968251168727874756e-01 -1.968251168727874756e-01 -7.137814760208129883e-01 -7.137814760208129883e-01 -1.968251168727874756e-01 2.072012275457382202e-01 -7.137814760208129883e-01 -7.137814760208129883e-01 1.354287505149841309e+00 5.281972885131835938e-01 -7.137814760208129883e-01 -7.137814760208129883e-01 -7.137814760208129883e-01
2.659809112548828125e+00 -2.351260781288146973e-01 -2.351260781288146973e-01 -7.432621121406555176e-01 -7.432621121406555176e-01 -7.432621121406555176e-01 -7.432621121406555176e-01 -7.432621121406555176e-01 -7.432621121406555176e-01 4.758759021759033203e+00 -7.432621121406555176e-01 -7.432621121406555176e-01 -7.432621121406555176e-01 2.956076622009277344e+00 -7.432621121406555176e-01 -7.432621121406555176e-01 -2.351260781288146973e-01 -7.432621121406555176e-01 -7.432621121406555176e-01 7.363622188568115234e-01 -7.432621121406555176e-01
-5.871984362602233887e-01 -5.871984362602233887e-01 -5.871984362602233887e-01 -5.871984362602233887e-01 5.319006919860839844e+00 -5.871984362602233887e-01 4.094453752040863037e-01 -5.871984362602233887e-01 -5.871984362602233887e-01 -5.871984362602233887e-01 -5.871984362602233887e-01 -5.871984362602233887e-01 -5.871984362602233887e-01 -5.871984362602233887e-01 -5.871984362602233887e-01 -5.871984362602233887e-01 1.263381600379943848e+00 -5.871984362602233887e-01 -5.871984362602233887e-01 2.990178108215332031e+00 -5.871984362602233887e-01
-3.168286085128784180e-01 -3.168286085128784180e-01 -3.168286085128784180e-01 -3.168286085128784180e-01 6.336481094360351562e+00 -3.168286085128784180e-01 -3.168286085128784180e-01 -3.168286085128784180e-01 -3.168286085128784180e-01 -3.168286085128784180e-01 -3.168286085128784180e-01 -3.168286085128784180e-01 -3.168286085128784180e-01 -3.168286085128784180e-01 -3.168286085128784180e-01 -3.168286085128784180e-01 -3.168286085128784180e-01 -3.168286085128784180e-01 -3.168286085128784180e-01 -3.168286085128784180e-01 -3.168286085128784180e-01
