-3.168279528617858887e-01 6.336537361145019531e+00 -3.168279528617858887e-01 -3.168279528617858887e-01 -3.168279528617858887e-01 -3.168279528617858887e-01 -3.168279528617858887e-01 -3.168279528617858887e-01 -3.168279528617858887e-01 -3.168279528617858887e-01 -3.168279528617858887e-01 -3.168279528617858887e-01 -3.168279528617858887e-01 -3.168279528617858887e-01 -3.168279528617858887e-01 -3.168279528617858887e-01 -3.168279528617858887e-01 -3.168279528617858887e-01 -3.168279528617858887e-01 -3.168279528617858887e-01 -3.168279528617858887e-01
5.503288745880126953e+00 -4.970990419387817383e-01 -4.970990419387817383e-01 -4.970990419387817383e-01 -4.970990419387817383e-01 -4.970990419387817383e-01 -4.970990419387817383e-01 -4.970990419387817383e-01 -4.970990419387817383e-01 -4.970990419387817383e-01 -4.970990419387817383e-01 -4.970990419387817383e-01 -4.970990419387817383e-01 -4.970990419387817383e-01 -4.970990419387817383e-01 3.941604852676391602e+00 -4.970990419387817383e-01 -4.970990419387817383e-01 -4.970990419387817383e-01 -4.970990419387817383e-01 -4.970990419387817383e-01
2.467465400695800781e+00 -7.325719594955444336e-01 -1.146489739418029785e+00 -7.325719594955444336e-01 -1.146489739418029785e+00 7.043991684913635254e-01 -1.146489739418029785e+00 5.770726203918457031e-01 -7.325719594955444336e-01 2.709620594978332520e-01 -1.146489739418029785e+00 2.709620594978332520e-01 -4.050486385822296143e-01 -1.146489739418029785e+00 8.247499912977218628e-02 3.610476016998291016e+00 1.816528558731079102e+00 8.189714550971984863e-01 -4.050486385822296143e-01 -7.325719594955444336e-01 -1.146489739418029785e+00
-1.281957179307937622e-01 -1.291073799133300781e+00 -5.931907296180725098e-01 3.486792147159576416e-01 -9.025099873542785645e-01 1.758682489395141602e+00 -5.931907296180725098e-01 -3.402361571788787842e-01 -1.291073799133300781e+00 2.101774811744689941e-01 -3.402361571788787842e-01 3.486792147159576416e-01 -9.025099873542785645e-01 1.922112345695495605e+00 2.210242986679077148e+00 2.975988626480102539e+00 6.855216026306152344e-01 -1.291073799133300781e+00 -5.931907296180725098e-01 -9.025099873542785645e-01 -1.291073799133300781e+00
-8.720623254776000977e-01 -8.720623254776000977e-01 2.677071094512939453e+00 -2.746426872909069061e-02 -2.746426872909069061e-02 -3.987677693367004395e-01 -8.720623254776000977e-01 -8.720623254776000977e-01 -8.720623254776000977e-01 1.606340646743774414e+00 -8.720623254776000977e-01 -8.720623254776000977e-01 -3.987677693367004395e-01 5.137103199958801270e-01 -8.720623254776000977e-01 -8.720623254776000977e-01 -3.987677693367004395e-01 -2.746426872909069061e-02 -8.720623254776000977e-01 7.192672491073608398e-01 4.482907772064208984e+00
-3.708996176719665527e-01 -3.708996176719665527e-01 -3.708996176719665527e-01 -3.708996176719665527e-01 -3.708996176719665527e-01 -3.708996176719665527e-01 -3.708996176719665527e-01 -3.708996176719665527e-01 -3.708996176719665527e-01 -3.708996176719665527e-01 -3.708996176719665527e-01 -3.708996176719665527e-01 2.803997099399566650e-01 -3.708996176719665527e-01 -3.708996176719665527e-01 2.803997099399566650e-01 -3.708996176719665527e-01 -3.708996176719665527e-01 -3.708996176719665527e-01 -3.708996176719665527e-01 6.115427017211914062e+00
-3.168261051177978516e-01 -3.168261051177978516e-01 -3.168261051177978516e-01 -3.168261051177978516e-01 -3.168261051177978516e-01 -3.168261051177978516e-01 -3.168261051177978516e-01 -3.168261051177978516e-01 -3.168261051177978516e-01 -3.168261051177978516e-01 -3.168261051177978516e-01 -3.168261051177978516e-01 -3.168261051177978516e-01 -3.168261051177978516e-01 -3.168261051177978516e-01 -3.168261051177978516e-01 -3.168261051177978516e-01 -3.168261051177978516e-01 -3.168261051177978516e-01 -3.168261051177978516e-01 6.336523532867431641e+00
-3.168261051177978516e-01 -3.168261051177978516e-01 -3.168261051177978516e-01 -3.168261051177978516e-01 -3.168261051177978516e-01 -3.168261051177978516e-01 -3.168261051177978516e-01 -3.168261051177978516e-01 -3.168261051177978516e-01 -3.168261051177978516e-01 -3.168261051177978516e-01 -3.168261051177978516e-01 -3.168261051177978516e-01 -3.168261051177978516e-01 -3.168261051177978516e-01 -3.168261051177978516e-01 -3.168261051177978516e-01 -3.168261051177978516e-01 -3.168261051177978516e-01 -3.168261051177978516e-01 6.336523532867431641e+00
-7.169873714447021484e-01 -7.169873714447021484e-01 -7.169873714447021484e-01 -7.169873714447021484e-01 -7.169873714447021484e-01 1.347553968429565430e+00 -7.169873714447021484e-01 -2.014205306768417358e-01 2.024392783641815186e-01 -2.014205306768417358e-01 -7.169873714447021484e-01 -7.169873714447021484e-01 1.728479146957397461e+00 -7.169873714447021484e-01 -7.169873714447021484e-01 2.024392783641815186e-01 2.024392783641815186e-01 -2.014205306768417358e-01 -2.014205306768417358e-01 -7.169873714447021484e-01 5.009200572967529297e+00
-7.169004529714584351e-02 -1.099691510200500488e+00 -3.423773944377899170e-01 3.441927134990692139e-01 -6.767472028732299805e-01 1.415028214454650879e+00 -3.423773944377899170e-01 -7.169004529714584351e-02 -1.099691510200500488e+00 7.825256586074829102e-01 -1.099691510200500488e+00 -1.099691510200500488e+00 1.532481014728546143e-01 1.532481014728546143e-01 1.532481014728546143e-01 1.532481014728546143e-01 1.532481014728546143e-01 -7.169004529714584351e-02 -6.767472028732299805e-01 -6.767472028732299805e-01 4.020870685577392578e+00
9.937689304351806641e-01 -1.212661027908325195e+00 -2.317866981029510498e-01 3.304145038127899170e-01 -8.106560111045837402e-01 8.130026459693908691e-01 -8.106560111045837402e-01 -1.212661027908325195e+00 -4.915735423564910889e-01 1.701141148805618286e-01 -1.212661027908325195e+00 -1.481657475233078003e-02 4.714264571666717529e-01 -1.481657475233078003e-02 8.130026459693908691e-01 -2.317866981029510498e-01 -2.317866981029510498e-01 4.714264571666717529e-01 -4.915735423564910889e-01 -8.106560111045837402e-01 3.714949131011962891e+00
1.094807744026184082e+00 -1.325511455535888672e+00 2.558827877044677734e+00 1.892831802368164062e+00 -1.325511455535888672e+00 1.949858665466308594e+00 -9.426258802413940430e-01 -1.325511455535888672e+00 -9.426258802413940430e-01 -9.426258802413940430e-01 -6.374422311782836914e-01 4.187062680721282959e-01 -9.426258802413940430e-01 -3.873721063137054443e-01 4.187062680721282959e-01 8.082903623580932617e-01 7.229465842247009277e-01 -6.374422311782836914e-01 -1.325511455535888672e+00 -1.325511455535888672e+00 2.195382833480834961e+00
1.340632557868957520e+00 -1.522252321243286133e+00 -4.497784972190856934e-01 2.289038598537445068e-01 -1.522252321243286133e+00 1.050685286521911621e+00 -1.293424367904663086e-01 -8.835535049438476562e-01 -1.522252321243286133e+00 1.909557700157165527e+00 4.167912304401397705e-01 -1.168117880821228027e+00 -1.168117880821228027e+00 1.410531401634216309e+00 1.050685286521911621e+00 2.289038598537445068e-01 3.268321156501770020e-01 1.215775534510612488e-01 3.268321156501770020e-01 -1.522252321243286133e+00 1.476006627082824707e+00
1.157188490033149719e-01 -9.720938801765441895e-01 1.576194167137145996e+00 -5.224803090095520020e-01 -9.720938801765441895e-01 -5.224803090095520020e-01 -9.720938801765441895e-01 -5.224803090095520020e-01 -9.720938801765441895e-01 1.157188490033149719e-01 -9.720938801765441895e-01 4.312456130981445312e+00 1.325996041297912598e+00 -9.720938801765441895e-01 -5.224803090095520020e-01 5.494719147682189941e-01 7.204255461692810059e-01 -1.687253266572952271e-01 -5.224803090095520020e-01 -9.720938801765441895e-01 8.698440790176391602e-01
-4.613519310951232910e-01 -9.223121404647827148e-01 2.282214879989624023e+00 1.914161294698715210e-01 -9.223121404647827148e-01 9.579872488975524902e-01 -4.613519310951232910e-01 -9.223121404647827148e-01 -9.223121404647827148e-01 -9.914690256118774414e-02 -9.223121404647827148e-01 -9.914690256118774414e-02 -9.223121404647827148e-01 -9.914690256118774414e-02 -4.613519310951232910e-01 1.811479806900024414e+00 4.377386093139648438e+00 -9.223121404647827148e-01 -9.223121404647827148e-01 -9.914690256118774414e-02 -4.613519310951232910e-01
-4.223728552460670471e-02 -8.822263479232788086e-01 -4.223728552460670471e-02 -4.116539359092712402e-01 -4.223728552460670471e-02 4.518903255462646484e+00 -8.822263479232788086e-01 2.274805784225463867e+00 -8.822263479232788086e-01 1.165476083755493164e+00 -8.822263479232788086e-01 1.030204296112060547e+00 -8.822263479232788086e-01 -4.116539359092712402e-01 -8.822263479232788086e-01 -4.116539359092712402e-01 -4.116539359092712402e-01 -4.116539359092712402e-01 -8.822263479232788086e-01 2.533762156963348389e-01 -8.822263479232788086e-01
-6.903545260429382324e-01 -6.903545260429382324e-01 -1.666912734508514404e-01 5.099870681762695312e+00 -6.903545260429382324e-01 1.052489519119262695e+00 -6.903545260429382324e-01 2.437444776296615601e-01 -1.666912734508514404e-01 -1.666912734508514404e-01 -6.903545260429382324e-01 -6.903545260429382324e-01 -1.666912734508514404e-01 2.437444776296615601e-01 -6.903545260429382324e-01 -6.903545260429382324e-01 1.052489519119262695e+00 5.683507919311523438e-01 -6.903545260429382324e-01 -6.903545260429382324e-01 -6.903545260429382324e-01
2.691948652267456055e+00 -7.288615107536315918e-01 -2.161872684955596924e-01 -7.288615107536315918e-01 -7.288615107536315918e-01 -7.288615107536315918e-01 -7.288615107536315918e-01 -7.288615107536315918e-01 -7.288615107536315918e-01 4.808431625366210938e+00 -7.288615107536315918e-01 -7.288615107536315918e-01 -7.288615107536315918e-01 2.887012720108032227e+00 -7.288615107536315918e-01 -7.288615107536315918e-01 -2.161872684955596924e-01 -7.288615107536315918e-01 -7.288615107536315918e-01 9.779376983642578125e-01 -7.288615107536315918e-01
-5.821135640144348145e-01 -5.821135640144348145e-01 -5.821135640144348145e-01 -5.821135640144348145e-01 5.346327781677246094e+00 -5.821135640144348145e-01 4.191761612892150879e-01 -5.821135640144348145e-01 -5.821135640144348145e-01 -5.821135640144348145e-01 -5.821135640144348145e-01 -5.821135640144348145e-01 -5.821135640144348145e-01 -5.821135640144348145e-01 -5.821135640144348145e-01 -5.821135640144348145e-01 1.273344278335571289e+00 -5.821135640144348145e-01 -5.821135640144348145e-01 2.857079267501831055e+00 -5.821135640144348145e-01
-3.168272376060485840e-01 -3.168272376060485840e-01 -3.168272376060485840e-01 -3.168272376060485840e-01 6.336527347564697266e+00 -3.168272376060485840e-01 -3.168272376060485840e-01 -3.168272376060485840e-01 -3.168272376060485840e-01 -3.168272376060485840e-01 -3.168272376060485840e-01 -3.168272376060485840e-01 -3.168272376060485840e-01 -3.168272376060485840e-01 -3.168272376060485840e-01 -3.168272376060485840e-01 -3.168272376060485840e-01 -3.168272376060485840e-01 -3.168272376060485840e-01 -3.168272376060485840e-01 -3.168272376060485840e-01
