-3.168286085128784180e-01 6.336552143096923828e+00 -3.168286085128784180e-01 -3.168286085128784180e-01 -3.168286085128784180e-01 -3.168286085128784180e-01 -3.168286085128784180e-01 -3.168286085128784180e-01 -3.168286085128784180e-01 -3.168286085128784180e-01 -3.168286085128784180e-01 -3.168286085128784180e-01 -3.168286085128784180e-01 -3.168286085128784180e-01 -3.168286085128784180e-01 -3.168286085128784180e-01 -3.168286085128784180e-01 -3.168286085128784180e-01 -3.168286085128784180e-01 -3.168286085128784180e-01 -3.168286085128784180e-01
5.539340972900390625e+00 -4.931079745292663574e-01 -4.931079745292663574e-01 -4.931079745292663574e-01 -4.931079745292663574e-01 -4.931079745292663574e-01 -4.931079745292663574e-01 -4.931079745292663574e-01 -4.931079745292663574e-01 -4.931079745292663574e-01 -4.931079745292663574e-01 -4.931079745292663574e-01 -4.931079745292663574e-01 -4.931079745292663574e-01 -4.931079745292663574e-01 3.829603433609008789e+00 -4.931079745292663574e-01 -4.931079745292663574e-01 -4.931079745292663574e-01 -4.931079745292663574e-01 -4.931079745292663574e-01
2.376183271408081055e+00 -4.196767508983612061e-01 -1.157222032546997070e+00 -7.458362579345703125e-01 -1.157222032546997070e+00 6.864647269248962402e-01 -1.157222032546997070e+00 8.007863759994506836e-01 -1.157222032546997070e+00 2.540406584739685059e-01 -7.458362579345703125e-01 6.632094830274581909e-02 -1.544887572526931763e-01 -1.157222032546997070e+00 -4.196767508983612061e-01 3.612247943878173828e+00 1.752965569496154785e+00 5.593556165695190430e-01 6.632094830274581909e-02 -7.458362579345703125e-01 -1.157222032546997070e+00
-3.566617369651794434e-01 -1.302944183349609375e+00 -6.087798476219177246e-01 3.483623266220092773e-02 -9.168373942375183105e-01 1.838947415351867676e+00 -6.087798476219177246e-01 -1.455408036708831787e-01 -1.302944183349609375e+00 1.916555315256118774e-01 -1.455408036708831787e-01 3.299919962882995605e-01 -9.168373942375183105e-01 2.042177438735961914e+00 1.988087296485900879e+00 2.943857431411743164e+00 7.588332891464233398e-01 -1.302944183349609375e+00 -6.087798476219177246e-01 -6.087798476219177246e-01 -1.302944183349609375e+00
-8.767385482788085938e-01 -8.767385482788085938e-01 2.415454626083374023e+00 2.619480192661285400e-01 -3.476127609610557556e-02 -4.048538506031036377e-01 -8.767385482788085938e-01 -8.767385482788085938e-01 -8.767385482788085938e-01 1.759603142738342285e+00 -8.767385482788085938e-01 -8.767385482788085938e-01 -3.476127609610557556e-02 8.866987228393554688e-01 -8.767385482788085938e-01 -8.767385482788085938e-01 -8.767385482788085938e-01 -4.048538506031036377e-01 -8.767385482788085938e-01 7.109227776527404785e-01 4.488692283630371094e+00
-3.712541759014129639e-01 -3.712541759014129639e-01 -3.712541759014129639e-01 -3.712541759014129639e-01 -3.712541759014129639e-01 -3.712541759014129639e-01 -3.712541759014129639e-01 -3.712541759014129639e-01 -3.712541759014129639e-01 -3.712541759014129639e-01 -3.712541759014129639e-01 -3.712541759014129639e-01 2.833975851535797119e-01 -3.712541759014129639e-01 -3.712541759014129639e-01 2.833975851535797119e-01 -3.712541759014129639e-01 -3.712541759014129639e-01 -3.712541759014129639e-01 -3.712541759014129639e-01 6.115765094757080078e+00
-3.168286085128784180e-01 -3.168286085128784180e-01 -3.168286085128784180e-01 -3.168286085128784180e-01 -3.168286085128784180e-01 -3.168286085128784180e-01 -3.168286085128784180e-01 -3.168286085128784180e-01 -3.168286085128784180e-01 -3.168286085128784180e-01 -3.168286085128784180e-01 -3.168286085128784180e-01 -3.168286085128784180e-01 -3.168286085128784180e-01 -3.168286085128784180e-01 -3.168286085128784180e-01 -3.168286085128784180e-01 -3.168286085128784180e-01 -3.168286085128784180e-01 -3.168286085128784180e-01 6.336519718170166016e+00
-3.168286085128784180e-01 -3.168286085128784180e-01 -3.168286085128784180e-01 -3.168286085128784180e-01 -3.168286085128784180e-01 -3.168286085128784180e-01 -3.168286085128784180e-01 -3.168286085128784180e-01 -3.168286085128784180e-01 -3.168286085128784180e-01 -3.168286085128784180e-01 -3.168286085128784180e-01 -3.168286085128784180e-01 -3.168286085128784180e-01 -3.168286085128784180e-01 -3.168286085128784180e-01 -3.168286085128784180e-01 -3.168286085128784180e-01 -3.168286085128784180e-01 -3.168286085128784180e-01 6.336519718170166016e+00
-6.924033761024475098e-01 -6.924033761024475098e-01 -6.924033761024475098e-01 -6.924033761024475098e-01 -6.924033761024475098e-01 1.667690992355346680e+00 -6.924033761024475098e-01 -6.924033761024475098e-01 2.404524832963943481e-01 -1.686267852783203125e-01 -6.924033761024475098e-01 -6.924033761024475098e-01 1.885264635086059570e+00 -6.924033761024475098e-01 -6.924033761024475098e-01 -6.924033761024475098e-01 2.404524832963943481e-01 2.404524832963943481e-01 -1.686267852783203125e-01 -6.924033761024475098e-01 5.064127445220947266e+00
-6.071005463600158691e-01 -1.041340112686157227e+00 -6.071005463600158691e-01 6.039485335350036621e-01 -6.071005463600158691e-01 1.448158264160156250e+00 -2.644268572330474854e-01 -6.071005463600158691e-01 -1.041340112686157227e+00 1.103902816772460938e+00 -1.041340112686157227e+00 -1.041340112686157227e+00 4.363898038864135742e-01 2.421063333749771118e-01 -6.071005463600158691e-01 1.259490195661783218e-02 4.363898038864135742e-01 2.421063333749771118e-01 -6.071005463600158691e-01 -6.071005463600158691e-01 4.153928279876708984e+00
1.371436953544616699e+00 -1.161670088768005371e+00 5.970787256956100464e-02 5.970787256956100464e-02 -1.161670088768005371e+00 8.970669507980346680e-01 -1.161670088768005371e+00 -1.161670088768005371e+00 -7.510608434677124023e-01 5.521922707557678223e-01 -1.161670088768005371e+00 5.970787256956100464e-02 4.095160961151123047e-01 -1.607680022716522217e-01 6.791806221008300781e-01 5.970787256956100464e-02 -1.607680022716522217e-01 4.095160961151123047e-01 -7.510608434677124023e-01 -7.510608434677124023e-01 3.825302600860595703e+00
1.252472877502441406e+00 -1.301868915557861328e+00 2.599354028701782227e+00 1.840727806091308594e+00 -1.301868915557861328e+00 2.017275333404541016e+00 -6.074782013893127441e-01 -1.301868915557861328e+00 -1.301868915557861328e+00 -1.301868915557861328e+00 -6.074782013893127441e-01 6.677091121673583984e-01 -9.156511425971984863e-01 -6.074782013893127441e-01 5.664419531822204590e-01 7.604818940162658691e-01 4.550867080688476562e-01 -6.074782013893127441e-01 -1.301868915557861328e+00 -1.301868915557861328e+00 2.299138545989990234e+00
1.190308809280395508e+00 -1.518785119056701660e+00 -4.450739920139312744e-01 3.319495618343353271e-01 -1.518785119056701660e+00 1.309253454208374023e+00 7.888054475188255310e-03 -1.164607048034667969e+00 -1.518785119056701660e+00 1.955849409103393555e+00 6.543160676956176758e-01 -1.164607048034667969e+00 -6.438708305358886719e-01 1.231483578681945801e+00 1.056047320365905762e+00 -2.740758657455444336e-01 2.340000718832015991e-01 1.266033202409744263e-01 1.266033202409744263e-01 -1.518785119056701660e+00 1.543038249015808105e+00
3.716687262058258057e-01 -9.589866995811462402e-01 1.523290157318115234e+00 -9.589866995811462402e-01 -9.589866995811462402e-01 -9.589866995811462402e-01 -9.589866995811462402e-01 -5.067805647850036621e-01 -9.589866995811462402e-01 -1.510908603668212891e-01 -5.067805647850036621e-01 4.343877792358398438e+00 1.251812696456909180e+00 -9.589866995811462402e-01 -1.510908603668212891e-01 7.426030635833740234e-01 7.426030635833740234e-01 -5.067805647850036621e-01 -5.067805647850036621e-01 -9.589866995811462402e-01 1.025261878967285156e+00
-4.409675896167755127e-01 -9.056965112686157227e-01 2.396350622177124023e+00 2.169186472892761230e-01 -9.056965112686157227e-01 9.873176217079162598e-01 -9.056965112686157227e-01 -9.056965112686157227e-01 -9.056965112686157227e-01 2.169186472892761230e-01 -9.056965112686157227e-01 -7.607528567314147949e-02 -4.409675896167755127e-01 -7.607528567314147949e-02 -9.056965112686157227e-01 1.843624234199523926e+00 4.406179904937744141e+00 -9.056965112686157227e-01 -9.056965112686157227e-01 -4.409675896167755127e-01 -4.409675896167755127e-01
-4.572128653526306152e-01 -9.188137650489807129e-01 1.967472881078720093e-01 1.967472881078720093e-01 -9.457949548959732056e-02 4.436788558959960938e+00 -9.188137650489807129e-01 2.154035329818725586e+00 -4.572128653526306152e-01 1.217859864234924316e+00 -9.188137650489807129e-01 4.367094635963439941e-01 -9.188137650489807129e-01 -4.572128653526306152e-01 -9.188137650489807129e-01 -9.457949548959732056e-02 -4.572128653526306152e-01 -9.457949548959732056e-02 -9.188137650489807129e-01 -9.457949548959732056e-02 -9.188137650489807129e-01
-2.080251872539520264e-01 -7.224066257476806641e-01 -2.080251872539520264e-01 5.009983062744140625e+00 -7.224066257476806641e-01 1.176358103752136230e+00 -7.224066257476806641e-01 1.939972192049026489e-01 -2.080251872539520264e-01 -2.080251872539520264e-01 -7.224066257476806641e-01 -7.224066257476806641e-01 -2.080251872539520264e-01 1.939972192049026489e-01 -7.224066257476806641e-01 -7.224066257476806641e-01 1.176358103752136230e+00 5.134918689727783203e-01 -7.224066257476806641e-01 -7.224066257476806641e-01 -7.224066257476806641e-01
2.510063886642456055e+00 -2.424669265747070312e-01 -2.424669265747070312e-01 -7.489565610885620117e-01 -7.489565610885620117e-01 -7.489565610885620117e-01 -7.489565610885620117e-01 -7.489565610885620117e-01 -7.489565610885620117e-01 4.772537708282470703e+00 -7.489565610885620117e-01 -7.489565610885620117e-01 -7.489565610885620117e-01 2.805703878402709961e+00 -7.489565610885620117e-01 -7.489565610885620117e-01 -2.424669265747070312e-01 -7.489565610885620117e-01 -7.489565610885620117e-01 1.124412178993225098e+00 -7.489565610885620117e-01
-5.974403023719787598e-01 -5.974403023719787598e-01 -5.974403023719787598e-01 -5.974403023719787598e-01 5.291567802429199219e+00 -5.974403023719787598e-01 3.925470709800720215e-01 -5.974403023719787598e-01 -5.974403023719787598e-01 -5.974403023719787598e-01 -5.974403023719787598e-01 -5.974403023719787598e-01 -5.974403023719787598e-01 -5.974403023719787598e-01 -5.974403023719787598e-01 -5.974403023719787598e-01 1.603385925292968750e+00 -5.974403023719787598e-01 -5.974403023719787598e-01 2.868932247161865234e+00 -5.974403023719787598e-01
-3.168291449546813965e-01 -3.168291449546813965e-01 -3.168291449546813965e-01 -3.168291449546813965e-01 6.336539268493652344e+00 -3.168291449546813965e-01 -3.168291449546813965e-01 -3.168291449546813965e-01 -3.168291449546813965e-01 -3.168291449546813965e-01 -3.168291449546813965e-01 -3.168291449546813965e-01 -3.168291449546813965e-01 -3.168291449546813965e-01 -3.168291449546813965e-01 -3.168291449546813965e-01 -3.168291449546813965e-01 -3.168291449546813965e-01 -3.168291449546813965e-01 -3.168291449546813965e-01 -3.168291449546813965e-01
