-3.168246448040008545e-01 6.336532592773437500e+00 -3.168246448040008545e-01 -3.168246448040008545e-01 -3.168246448040008545e-01 -3.168246448040008545e-01 -3.168246448040008545e-01 -3.168246448040008545e-01 -3.168246448040008545e-01 -3.168246448040008545e-01 -3.168246448040008545e-01 -3.168246448040008545e-01 -3.168246448040008545e-01 -3.168246448040008545e-01 -3.168246448040008545e-01 -3.168246448040008545e-01 -3.168246448040008545e-01 -3.168246448040008545e-01 -3.168246448040008545e-01 -3.168246448040008545e-01 -3.168246448040008545e-01
5.488589286804199219e+00 -4.984656870365142822e-01 -4.984656870365142822e-01 -4.984656870365142822e-01 -4.984656870365142822e-01 -4.984656870365142822e-01 -4.984656870365142822e-01 -4.984656870365142822e-01 -4.984656870365142822e-01 -4.984656870365142822e-01 -4.984656870365142822e-01 -4.984656870365142822e-01 -4.984656870365142822e-01 -4.984656870365142822e-01 -4.984656870365142822e-01 3.982321262359619141e+00 -4.984656870365142822e-01 -4.984656870365142822e-01 -4.984656870365142822e-01 -4.984656870365142822e-01 -4.984656870365142822e-01
2.483260393142700195e+00 -4.574939906597137451e-01 -1.185970783233642578e+00 -7.799526453018188477e-01 -1.185970783233642578e+00 6.395772695541381836e-01 -1.185970783233642578e+00 2.099729478359222412e-01 -7.799526453018188477e-01 2.099729478359222412e-01 -7.799526453018188477e-01 2.378773689270019531e-02 -1.949793100357055664e-01 -1.185970783233642578e+00 -1.949793100357055664e-01 3.475947141647338867e+00 1.788111925125122070e+00 8.564913272857666016e-01 2.099729478359222412e-01 -7.799526453018188477e-01 -1.185970783233642578e+00
-3.181953430175781250e-01 -1.274794816970825195e+00 -5.727172493934631348e-01 2.342717349529266357e-01 -8.841556310653686523e-01 2.064099073410034180e+00 -5.727172493934631348e-01 -5.727172493934631348e-01 -1.274794816970825195e+00 -1.053497120738029480e-01 -1.053497120738029480e-01 4.976036548614501953e-01 -8.841556310653686523e-01 1.979491949081420898e+00 2.260610580444335938e+00 2.925881147384643555e+00 6.094717383384704590e-01 -1.274794816970825195e+00 -8.841556310653686523e-01 -5.727172493934631348e-01 -1.274794816970825195e+00
-8.813446760177612305e-01 -8.813446760177612305e-01 2.591676950454711914e+00 2.547641396522521973e-01 -4.147074371576309204e-02 -4.107312560081481934e-01 -8.813446760177612305e-01 -8.813446760177612305e-01 -8.813446760177612305e-01 1.587940454483032227e+00 -8.813446760177612305e-01 -8.813446760177612305e-01 2.547641396522521973e-01 7.029156684875488281e-01 -8.813446760177612305e-01 -8.813446760177612305e-01 -8.813446760177612305e-01 -4.107312560081481934e-01 -8.813446760177612305e-01 7.029156684875488281e-01 4.462773799896240234e+00
-3.713221848011016846e-01 -3.713221848011016846e-01 -3.713221848011016846e-01 -3.713221848011016846e-01 -3.713221848011016846e-01 -3.713221848011016846e-01 -3.713221848011016846e-01 -3.713221848011016846e-01 -3.713221848011016846e-01 -3.713221848011016846e-01 -3.713221848011016846e-01 -3.713221848011016846e-01 2.840027809143066406e-01 -3.713221848011016846e-01 -3.713221848011016846e-01 2.840027809143066406e-01 -3.713221848011016846e-01 -3.713221848011016846e-01 -3.713221848011016846e-01 -3.713221848011016846e-01 6.115808010101318359e+00
-3.168295323848724365e-01 -3.168295323848724365e-01 -3.168295323848724365e-01 -3.168295323848724365e-01 -3.168295323848724365e-01 -3.168295323848724365e-01 -3.168295323848724365e-01 -3.168295323848724365e-01 -3.168295323848724365e-01 -3.168295323848724365e-01 -3.168295323848724365e-01 -3.168295323848724365e-01 -3.168295323848724365e-01 -3.168295323848724365e-01 -3.168295323848724365e-01 -3.168295323848724365e-01 -3.168295323848724365e-01 -3.168295323848724365e-01 -3.168295323848724365e-01 -3.168295323848724365e-01 6.336521625518798828e+00
-3.168295323848724365e-01 -3.168295323848724365e-01 -3.168295323848724365e-01 -3.168295323848724365e-01 -3.168295323848724365e-01 -3.168295323848724365e-01 -3.168295323848724365e-01 -3.168295323848724365e-01 -3.168295323848724365e-01 -3.168295323848724365e-01 -3.168295323848724365e-01 -3.168295323848724365e-01 -3.168295323848724365e-01 -3.168295323848724365e-01 -3.168295323848724365e-01 -3.168295323848724365e-01 -3.168295323848724365e-01 -3.168295323848724365e-01 -3.168295323848724365e-01 -3.168295323848724365e-01 6.336521625518798828e+00
-7.372817993164062500e-01 -7.372817993164062500e-01 -7.372817993164062500e-01 -7.372817993164062500e-01 -7.372817993164062500e-01 1.685621261596679688e+00 -7.372817993164062500e-01 -2.273079305887222290e-01 1.712577790021896362e-01 -2.273079305887222290e-01 -7.372817993164062500e-01 -7.372817993164062500e-01 1.147234678268432617e+00 -7.372817993164062500e-01 -7.372817993164062500e-01 1.712577790021896362e-01 4.884878098964691162e-01 1.712577790021896362e-01 -2.273079305887222290e-01 -7.372817993164062500e-01 4.956900119781494141e+00
-2.959701716899871826e-01 -1.064571619033813477e+00 -6.352137327194213867e-01 3.991722166538238525e-01 -6.352137327194213867e-01 1.544039845466613770e+00 -2.959701716899871826e-01 -2.137221209704875946e-02 -1.064571619033813477e+00 1.248022079467773438e+00 -1.064571619033813477e+00 -1.064571619033813477e+00 3.991722166538238525e-01 2.062920033931732178e-01 -2.137221209704875946e-02 2.062920033931732178e-01 -2.137221209704875946e-02 -6.352137327194213867e-01 -6.352137327194213867e-01 -6.352137327194213867e-01 4.087415218353271484e+00
1.312590360641479492e+00 -1.195666790008544922e+00 9.517131373286247253e-03 1.952077746391296387e-01 -7.913683056831359863e-01 9.346920251846313477e-01 -7.913683056831359863e-01 -1.195666790008544922e+00 -7.913683056831359863e-01 3.561575412750244141e-01 -1.195666790008544922e+00 -2.085903435945510864e-01 3.561575412750244141e-01 9.517131373286247253e-03 6.238545775413513184e-01 9.517131373286247253e-03 -2.085903435945510864e-01 4.977491199970245361e-01 -4.701820015907287598e-01 -1.195666790008544922e+00 3.739150047302246094e+00
1.246136546134948730e+00 -1.338685750961303711e+00 2.422663450241088867e+00 1.926965713500976562e+00 -1.338685750961303711e+00 1.926965713500976562e+00 -6.543223857879638672e-01 -1.338685750961303711e+00 -9.583825469017028809e-01 -9.583825469017028809e-01 -6.543223857879638672e-01 7.015244364738464355e-01 -1.338685750961303711e+00 -4.051389694213867188e-01 2.753003537654876709e-01 6.092539429664611816e-01 7.866358757019042969e-01 -4.051389694213867188e-01 -1.338685750961303711e+00 -1.338685750961303711e+00 2.172359466552734375e+00
1.343379974365234375e+00 -1.520514845848083496e+00 -6.460130810737609863e-01 5.796759724617004395e-01 -1.520514845848083496e+00 1.053401827812194824e+00 1.241436824202537537e-01 -1.166590452194213867e+00 -1.520514845848083496e+00 1.932940244674682617e+00 3.294277191162109375e-01 -1.166590452194213867e+00 -4.473389089107513428e-01 1.540341258049011230e+00 5.796759724617004395e-01 2.315061539411544800e-01 1.241436824202537537e-01 5.466965958476066589e-03 1.241436824202537537e-01 -1.520514845848083496e+00 1.540341258049011230e+00
1.042631641030311584e-01 -9.796068072319030762e-01 1.401730418205261230e+00 -5.321614146232604980e-01 -9.796068072319030762e-01 -9.796068072319030762e-01 -9.796068072319030762e-01 -5.321614146232604980e-01 -9.796068072319030762e-01 1.042631641030311584e-01 -5.321614146232604980e-01 4.291784286499023438e+00 1.311934590339660645e+00 -9.796068072319030762e-01 -5.321614146232604980e-01 9.885736703872680664e-01 1.042631641030311584e-01 1.042631641030311584e-01 -5.321614146232604980e-01 -9.796068072319030762e-01 1.107010006904602051e+00
-4.352166354656219482e-01 -9.009998440742492676e-01 2.405807733535766602e+00 2.242432087659835815e-01 -9.009998440742492676e-01 9.957589507102966309e-01 -4.352166354656219482e-01 -9.009998440742492676e-01 -9.009998440742492676e-01 -6.945864111185073853e-02 -9.009998440742492676e-01 -6.945864111185073853e-02 -4.352166354656219482e-01 -4.352166354656219482e-01 -9.009998440742492676e-01 1.711933612823486328e+00 4.426798343658447266e+00 -9.009998440742492676e-01 -9.009998440742492676e-01 2.242432087659835815e-01 -9.009998440742492676e-01
-4.336662590503692627e-01 -8.997739553451538086e-01 2.261478751897811890e-01 2.261478751897811890e-01 -6.768638640642166138e-02 4.481571674346923828e+00 -8.997739553451538086e-01 2.239015579223632812e+00 -4.336662590503692627e-01 9.980172514915466309e-01 -8.997739553451538086e-01 6.712369322776794434e-01 -8.997739553451538086e-01 -8.997739553451538086e-01 -8.997739553451538086e-01 -6.768638640642166138e-02 -4.336662590503692627e-01 -4.336662590503692627e-01 -8.997739553451538086e-01 2.261478751897811890e-01 -8.997739553451538086e-01
-1.345470249652862549e-01 -6.666505932807922363e-01 -6.666505932807922363e-01 5.154304504394531250e+00 -6.666505932807922363e-01 1.099940538406372070e+00 -6.666505932807922363e-01 -1.345470249652862549e-01 -6.666505932807922363e-01 -1.345470249652862549e-01 -6.666505932807922363e-01 -6.666505932807922363e-01 -6.666505932807922363e-01 6.100198626518249512e-01 -6.666505932807922363e-01 -6.666505932807922363e-01 1.595826864242553711e+00 6.100198626518249512e-01 -6.666505932807922363e-01 -6.666505932807922363e-01 -6.666505932807922363e-01
2.471333742141723633e+00 -2.360086888074874878e-01 -2.360086888074874878e-01 -7.439269423484802246e-01 -7.439269423484802246e-01 -7.439269423484802246e-01 -7.439269423484802246e-01 -7.439269423484802246e-01 -7.439269423484802246e-01 4.778967857360839844e+00 -7.439269423484802246e-01 -7.439269423484802246e-01 -7.439269423484802246e-01 2.921990633010864258e+00 -7.439269423484802246e-01 -7.439269423484802246e-01 -2.360086888074874878e-01 -7.439269423484802246e-01 -7.439269423484802246e-01 9.506806731224060059e-01 -7.439269423484802246e-01
-5.576339364051818848e-01 -5.576339364051818848e-01 -5.576339364051818848e-01 -5.576339364051818848e-01 5.399915218353271484e+00 -5.576339364051818848e-01 -5.576339364051818848e-01 -5.576339364051818848e-01 -5.576339364051818848e-01 -5.576339364051818848e-01 -5.576339364051818848e-01 -5.576339364051818848e-01 -5.576339364051818848e-01 -5.576339364051818848e-01 -5.576339364051818848e-01 -5.576339364051818848e-01 1.525056362152099609e+00 -5.576339364051818848e-01 -5.576339364051818848e-01 3.112427473068237305e+00 -5.576339364051818848e-01
-3.168244063854217529e-01 -3.168244063854217529e-01 -3.168244063854217529e-01 -3.168244063854217529e-01 6.336533546447753906e+00 -3.168244063854217529e-01 -3.168244063854217529e-01 -3.168244063854217529e-01 -3.168244063854217529e-01 -3.168244063854217529e-01 -3.168244063854217529e-01 -3.168244063854217529e-01 -3.168244063854217529e-01 -3.168244063854217529e-01 -3.168244063854217529e-01 -3.168244063854217529e-01 -3.168244063854217529e-01 -3.168244063854217529e-01 -3.168244063854217529e-01 -3.168244063854217529e-01 -3.168244063854217529e-01
