-3.168269991874694824e-01 6.336544513702392578e+00 -3.168269991874694824e-01 -3.168269991874694824e-01 -3.168269991874694824e-01 -3.168269991874694824e-01 -3.168269991874694824e-01 -3.168269991874694824e-01 -3.168269991874694824e-01 -3.168269991874694824e-01 -3.168269991874694824e-01 -3.168269991874694824e-01 -3.168269991874694824e-01 -3.168269991874694824e-01 -3.168269991874694824e-01 -3.168269991874694824e-01 -3.168269991874694824e-01 -3.168269991874694824e-01 -3.168269991874694824e-01 -3.168269991874694824e-01 -3.168269991874694824e-01
5.517228126525878906e+00 -4.955371916294097900e-01 -4.955371916294097900e-01 -4.955371916294097900e-01 -4.955371916294097900e-01 -4.955371916294097900e-01 -4.955371916294097900e-01 -4.955371916294097900e-01 -4.955371916294097900e-01 -4.955371916294097900e-01 -4.955371916294097900e-01 -4.955371916294097900e-01 -4.955371916294097900e-01 -4.955371916294097900e-01 -4.955371916294097900e-01 3.897997617721557617e+00 -4.955371916294097900e-01 -4.955371916294097900e-01 -4.955371916294097900e-01 -4.955371916294097900e-01 -4.955371916294097900e-01
2.403307676315307617e+00 -7.441433668136596680e-01 -1.155666351318359375e+00 -1.155666351318359375e+00 -1.155666351318359375e+00 8.033601641654968262e-01 -1.155666351318359375e+00 6.890139579772949219e-01 -1.155666351318359375e+00 6.862697005271911621e-02 -7.441433668136596680e-01 2.564296424388885498e-01 -1.522402167320251465e-01 -1.155666351318359375e+00 6.862697005271911621e-02 3.622353076934814453e+00 1.502828240394592285e+00 8.033601641654968262e-01 2.564296424388885498e-01 -7.441433668136596680e-01 -1.155666351318359375e+00
-1.536307185888290405e-01 -1.308613538742065430e+00 -6.159687042236328125e-01 1.831496953964233398e-01 -9.234886169433593750e-01 1.728243112564086914e+00 -9.234886169433593750e-01 2.651171386241912842e-02 -1.308613538742065430e+00 1.831496953964233398e-01 -1.536307185888290405e-01 3.213063776493072510e-01 -9.234886169433593750e-01 1.950215935707092285e+00 2.083801746368408203e+00 2.933964729309082031e+00 7.496998310089111328e-01 -1.308613538742065430e+00 -6.159687042236328125e-01 -6.159687042236328125e-01 -1.308613538742065430e+00
-8.643590807914733887e-01 -8.643590807914733887e-01 2.556428909301757812e+00 -3.895812034606933594e-01 -3.895812034606933594e-01 -3.895812034606933594e-01 -8.643590807914733887e-01 -8.643590807914733887e-01 -8.643590807914733887e-01 1.857279062271118164e+00 -8.643590807914733887e-01 -8.643590807914733887e-01 2.815073728561401367e-01 7.324486970901489258e-01 -8.643590807914733887e-01 -8.643590807914733887e-01 -3.895812034606933594e-01 -1.700245402753353119e-02 -8.643590807914733887e-01 2.815073728561401367e-01 4.509785175323486328e+00
-3.713712394237518311e-01 -3.713712394237518311e-01 -3.713712394237518311e-01 -3.713712394237518311e-01 -3.713712394237518311e-01 -3.713712394237518311e-01 -3.713712394237518311e-01 -3.713712394237518311e-01 -3.713712394237518311e-01 -3.713712394237518311e-01 -3.713712394237518311e-01 -3.713712394237518311e-01 2.844408154487609863e-01 -3.713712394237518311e-01 -3.713712394237518311e-01 2.844408154487609863e-01 -3.713712394237518311e-01 -3.713712394237518311e-01 -3.713712394237518311e-01 -3.713712394237518311e-01 6.115870952606201172e+00
-3.168251514434814453e-01 -3.168251514434814453e-01 -3.168251514434814453e-01 -3.168251514434814453e-01 -3.168251514434814453e-01 -3.168251514434814453e-01 -3.168251514434814453e-01 -3.168251514434814453e-01 -3.168251514434814453e-01 -3.168251514434814453e-01 -3.168251514434814453e-01 -3.168251514434814453e-01 -3.168251514434814453e-01 -3.168251514434814453e-01 -3.168251514434814453e-01 -3.168251514434814453e-01 -3.168251514434814453e-01 -3.168251514434814453e-01 -3.168251514434814453e-01 -3.168251514434814453e-01 6.336524486541748047e+00
-3.168251514434814453e-01 -3.168251514434814453e-01 -3.168251514434814453e-01 -3.168251514434814453e-01 -3.168251514434814453e-01 -3.168251514434814453e-01 -3.168251514434814453e-01 -3.168251514434814453e-01 -3.168251514434814453e-01 -3.168251514434814453e-01 -3.168251514434814453e-01 -3.168251514434814453e-01 -3.168251514434814453e-01 -3.168251514434814453e-01 -3.168251514434814453e-01 -3.168251514434814453e-01 -3.168251514434814453e-01 -3.168251514434814453e-01 -3.168251514434814453e-01 -3.168251514434814453e-01 6.336524486541748047e+00
-7.220320105552673340e-01 -7.220320105552673340e-01 -7.220320105552673340e-01 -7.220320105552673340e-01 -7.220320105552673340e-01 1.478739619255065918e+00 -7.220320105552673340e-01 -2.076057046651840210e-01 1.945110261440277100e-01 -2.076057046651840210e-01 -7.220320105552673340e-01 -7.220320105552673340e-01 1.717791438102722168e+00 -7.220320105552673340e-01 -7.220320105552673340e-01 -2.076057046651840210e-01 1.945110261440277100e-01 1.945110261440277100e-01 -2.076057046651840210e-01 -7.220320105552673340e-01 4.992792606353759766e+00
-2.907972037792205811e-01 -1.060725092887878418e+00 -6.306897401809692383e-01 2.121242582798004150e-01 -6.306897401809692383e-01 1.484181523323059082e+00 -6.306897401809692383e-01 -2.907972037792205811e-01 -1.060725092887878418e+00 1.166150212287902832e+00 -1.060725092887878418e+00 -1.060725092887878418e+00 -1.580798067152500153e-02 4.052357971668243408e-01 -1.580798067152500153e-02 2.121242582798004150e-01 2.121242582798004150e-01 2.121242582798004150e-01 -6.306897401809692383e-01 -6.306897401809692383e-01 4.105481147766113281e+00
1.272810935974121094e+00 -1.218895673751831055e+00 -2.409961968660354614e-01 3.200592994689941406e-01 -8.187480568885803223e-01 8.960455656051635742e-01 -8.187480568885803223e-01 -1.218895673751831055e+00 -5.004260540008544922e-01 4.609133005142211914e-01 -1.218895673751831055e+00 -2.448684908449649811e-02 1.600260734558105469e-01 3.200592994689941406e-01 5.864264369010925293e-01 -2.409961968660354614e-01 -2.409961968660354614e-01 1.600260734558105469e-01 -5.004260540008544922e-01 -8.187480568885803223e-01 3.684914112091064453e+00
1.211800575256347656e+00 -1.326393485069274902e+00 2.644658088684082031e+00 1.662135839462280273e+00 -1.326393485069274902e+00 2.027978420257568359e+00 -6.386176943778991699e-01 -1.326393485069274902e+00 -9.441039562225341797e-01 -9.441039562225341797e-01 -6.386176943778991699e-01 6.287649869918823242e-01 -9.441039562225341797e-01 -3.884942233562469482e-01 1.564647704362869263e-01 2.941095530986785889e-01 7.212059497833251953e-01 -3.884942233562469482e-01 -1.326393485069274902e+00 -1.326393485069274902e+00 2.171396732330322266e+00
1.186778187751770020e+00 -1.521112203598022461e+00 -6.467278003692626953e-01 5.788411498069763184e-01 -1.521112203598022461e+00 1.186778187751770020e+00 1.233442053198814392e-01 -1.167167305946350098e+00 -1.521112203598022461e+00 1.932090282440185547e+00 6.508889198303222656e-01 -1.167167305946350098e+00 -6.467278003692626953e-01 1.378044724464416504e+00 8.418616652488708496e-01 4.185429811477661133e-01 2.306974679231643677e-01 -4.480890929698944092e-01 1.233442053198814392e-01 -1.521112203598022461e+00 1.509130954742431641e+00
3.305142819881439209e-01 -9.848200678825378418e-01 1.552011489868164062e+00 -5.386475920677185059e-01 -9.848200678825378418e-01 -5.386475920677185059e-01 -9.848200678825378418e-01 -9.848200678825378418e-01 -9.848200678825378418e-01 -1.870184987783432007e-01 -5.386475920677185059e-01 4.265500545501708984e+00 1.302339196205139160e+00 -9.848200678825378418e-01 -1.870184987783432007e-01 9.793167114257812500e-01 5.282340049743652344e-01 -1.870184987783432007e-01 -9.848200678825378418e-01 -9.848200678825378418e-01 1.097619175910949707e+00
-4.614770710468292236e-01 -9.220668077468872070e-01 2.363307476043701172e+00 1.916739791631698608e-01 -9.220668077468872070e-01 9.578375220298767090e-01 -4.614770710468292236e-01 -9.220668077468872070e-01 -9.220668077468872070e-01 -9.932467341423034668e-02 -9.220668077468872070e-01 -9.932467341423034668e-02 -9.220668077468872070e-01 -4.614770710468292236e-01 -4.614770710468292236e-01 1.811505556106567383e+00 4.366569995880126953e+00 -9.220668077468872070e-01 -9.220668077468872070e-01 1.916739791631698608e-01 -4.614770710468292236e-01
-1.187426894903182983e-01 -9.358510375022888184e-01 1.705441772937774658e-01 -4.785083830356597900e-01 -1.187426894903182983e-01 4.391098499298095703e+00 -9.358510375022888184e-01 2.120153903961181641e+00 -4.785083830356597900e-01 1.066771864891052246e+00 -9.358510375022888184e-01 7.824667096138000488e-01 -9.358510375022888184e-01 -4.785083830356597900e-01 -9.358510375022888184e-01 -1.187426894903182983e-01 -4.785083830356597900e-01 -1.187426894903182983e-01 -9.358510375022888184e-01 4.089034199714660645e-01 -9.358510375022888184e-01
-1.995217353105545044e-01 -7.158472537994384766e-01 -1.995217353105545044e-01 5.029997825622558594e+00 -7.158472537994384766e-01 1.003833651542663574e+00 -7.158472537994384766e-01 2.040228992700576782e-01 -1.995217353105545044e-01 -1.995217353105545044e-01 -7.158472537994384766e-01 -7.158472537994384766e-01 -1.995217353105545044e-01 5.248309969902038574e-01 -7.158472537994384766e-01 -7.158472537994384766e-01 1.189333200454711914e+00 2.040228992700576782e-01 -7.158472537994384766e-01 -7.158472537994384766e-01 -7.158472537994384766e-01
2.561733484268188477e+00 -2.403118908405303955e-01 -2.403118908405303955e-01 -7.471680045127868652e-01 -7.471680045127868652e-01 -7.471680045127868652e-01 -7.471680045127868652e-01 -7.471680045127868652e-01 -7.471680045127868652e-01 4.760554790496826172e+00 -7.471680045127868652e-01 -7.471680045127868652e-01 -7.471680045127868652e-01 2.914551019668579102e+00 -7.471680045127868652e-01 -7.471680045127868652e-01 -2.403118908405303955e-01 -7.471680045127868652e-01 -7.471680045127868652e-01 9.444234967231750488e-01 -7.471680045127868652e-01
-5.944720506668090820e-01 -5.944720506668090820e-01 -5.944720506668090820e-01 -5.944720506668090820e-01 5.294849872589111328e+00 -5.944720506668090820e-01 3.972441852092742920e-01 -5.944720506668090820e-01 -5.944720506668090820e-01 -5.944720506668090820e-01 -5.944720506668090820e-01 -5.944720506668090820e-01 -5.944720506668090820e-01 -5.944720506668090820e-01 -5.944720506668090820e-01 -5.944720506668090820e-01 1.442412137985229492e+00 -5.944720506668090820e-01 -5.944720506668090820e-01 2.971503734588623047e+00 -5.944720506668090820e-01
-3.168258070945739746e-01 -3.168258070945739746e-01 -3.168258070945739746e-01 -3.168258070945739746e-01 6.336543560028076172e+00 -3.168258070945739746e-01 -3.168258070945739746e-01 -3.168258070945739746e-01 -3.168258070945739746e-01 -3.168258070945739746e-01 -3.168258070945739746e-01 -3.168258070945739746e-01 -3.168258070945739746e-01 -3.168258070945739746e-01 -3.168258070945739746e-01 -3.168258070945739746e-01 -3.168258070945739746e-01 -3.168258070945739746e-01 -3.168258070945739746e-01 -3.168258070945739746e-01 -3.168258070945739746e-01
