-3.168284296989440918e-01 6.336519241333007812e+00 -3.168284296989440918e-01 -3.168284296989440918e-01 -3.168284296989440918e-01 -3.168284296989440918e-01 -3.168284296989440918e-01 -3.168284296989440918e-01 -3.168284296989440918e-01 -3.168284296989440918e-01 -3.168284296989440918e-01 -3.168284296989440918e-01 -3.168284296989440918e-01 -3.168284296989440918e-01 -3.168284296989440918e-01 -3.168284296989440918e-01 -3.168284296989440918e-01 -3.168284296989440918e-01 -3.168284296989440918e-01 -3.168284296989440918e-01 -3.168284296989440918e-01
5.524446487426757812e+00 -4.947510957717895508e-01 -4.947510957717895508e-01 -4.947510957717895508e-01 -4.947510957717895508e-01 -4.947510957717895508e-01 -4.947510957717895508e-01 -4.947510957717895508e-01 -4.947510957717895508e-01 -4.947510957717895508e-01 -4.947510957717895508e-01 -4.947510957717895508e-01 -4.947510957717895508e-01 -4.947510957717895508e-01 -4.947510957717895508e-01 3.875636577606201172e+00 -4.947510957717895508e-01 -4.947510957717895508e-01 -4.947510957717895508e-01 -4.947510957717895508e-01 -4.947510957717895508e-01
2.303145170211791992e+00 -4.360868334770202637e-01 -1.169672966003417969e+00 -7.606965899467468262e-01 -1.169672966003417969e+00 6.660648584365844727e-01 -1.169672966003417969e+00 6.660648584365844727e-01 -1.169672966003417969e+00 3.968514502048492432e-01 -7.606965899467468262e-01 -1.720449626445770264e-01 -4.360868334770202637e-01 -1.169672966003417969e+00 2.348525822162628174e-01 3.610836744308471680e+00 1.533849000930786133e+00 7.801046371459960938e-01 -1.720449626445770264e-01 -4.360868334770202637e-01 -1.169672966003417969e+00
-3.219783306121826172e-01 -1.277561187744140625e+00 -8.873920440673828125e-01 3.691750466823577881e-01 -8.873920440673828125e-01 1.914170861244201660e+00 -5.762633085250854492e-01 7.227642834186553955e-02 -1.277561187744140625e+00 7.227642834186553955e-02 -1.093124002218246460e-01 2.300767600536346436e-01 -1.277561187744140625e+00 2.031858921051025391e+00 2.059288740158081055e+00 2.999212026596069336e+00 8.856401443481445312e-01 -1.277561187744140625e+00 -5.762633085250854492e-01 -8.873920440673828125e-01 -1.277561187744140625e+00
-8.497335910797119141e-01 -8.497335910797119141e-01 2.471328496932983398e+00 3.045943975448608398e-01 -8.497335910797119141e-01 -8.497335910797119141e-01 -8.497335910797119141e-01 -8.497335910797119141e-01 -8.497335910797119141e-01 1.734814882278442383e+00 -8.497335910797119141e-01 -8.497335910797119141e-01 4.096574615687131882e-03 9.353590607643127441e-01 -8.497335910797119141e-01 -8.497335910797119141e-01 -3.711052238941192627e-01 4.096574615687131882e-03 -8.497335910797119141e-01 5.511601567268371582e-01 4.562425613403320312e+00
-3.713383674621582031e-01 -3.713383674621582031e-01 -3.713383674621582031e-01 -3.713383674621582031e-01 -3.713383674621582031e-01 -3.713383674621582031e-01 -3.713383674621582031e-01 -3.713383674621582031e-01 -3.713383674621582031e-01 -3.713383674621582031e-01 -3.713383674621582031e-01 -3.713383674621582031e-01 2.841078937053680420e-01 -3.713383674621582031e-01 -3.713383674621582031e-01 2.841078937053680420e-01 -3.713383674621582031e-01 -3.713383674621582031e-01 -3.713383674621582031e-01 -3.713383674621582031e-01 6.115816593170166016e+00
-3.168273568153381348e-01 -3.168273568153381348e-01 -3.168273568153381348e-01 -3.168273568153381348e-01 -3.168273568153381348e-01 -3.168273568153381348e-01 -3.168273568153381348e-01 -3.168273568153381348e-01 -3.168273568153381348e-01 -3.168273568153381348e-01 -3.168273568153381348e-01 -3.168273568153381348e-01 -3.168273568153381348e-01 -3.168273568153381348e-01 -3.168273568153381348e-01 -3.168273568153381348e-01 -3.168273568153381348e-01 -3.168273568153381348e-01 -3.168273568153381348e-01 -3.168273568153381348e-01 6.336536407470703125e+00
-3.168273568153381348e-01 -3.168273568153381348e-01 -3.168273568153381348e-01 -3.168273568153381348e-01 -3.168273568153381348e-01 -3.168273568153381348e-01 -3.168273568153381348e-01 -3.168273568153381348e-01 -3.168273568153381348e-01 -3.168273568153381348e-01 -3.168273568153381348e-01 -3.168273568153381348e-01 -3.168273568153381348e-01 -3.168273568153381348e-01 -3.168273568153381348e-01 -3.168273568153381348e-01 -3.168273568153381348e-01 -3.168273568153381348e-01 -3.168273568153381348e-01 -3.168273568153381348e-01 6.336536407470703125e+00
-7.193640470504760742e-01 -7.193640470504760742e-01 -7.193640470504760742e-01 -7.193640470504760742e-01 -7.193640470504760742e-01 1.610202908515930176e+00 -7.193640470504760742e-01 -2.040066421031951904e-01 1.986320912837982178e-01 -2.040066421031951904e-01 -7.193640470504760742e-01 -7.193640470504760742e-01 1.723523378372192383e+00 -7.193640470504760742e-01 -7.193640470504760742e-01 -2.040066421031951904e-01 5.188311338424682617e-01 1.986320912837982178e-01 -7.193640470504760742e-01 -7.193640470504760742e-01 4.994623184204101562e+00
-2.812205553054809570e-01 -1.053671240806579590e+00 -2.812205553054809570e-01 4.165403842926025391e-01 -6.220935583114624023e-01 1.497011184692382812e+00 -2.812205553054809570e-01 -2.812205553054809570e-01 -1.053671240806579590e+00 9.764750003814697266e-01 -1.053671240806579590e+00 -1.053671240806579590e+00 4.165403842926025391e-01 -5.470947362482547760e-03 -5.470947362482547760e-03 2.230264842510223389e-01 -5.470947362482547760e-03 -5.470947362482547760e-03 -1.053671240806579590e+00 -6.220935583114624023e-01 4.129835128784179688e+00
1.209019184112548828e+00 -1.176857590675354004e+00 -1.821684986352920532e-01 3.721842542290687561e-02 -7.691734433174133301e-01 9.662179350852966309e-01 -1.176857590675354004e+00 -1.176857590675354004e+00 -4.455176591873168945e-01 3.855974078178405762e-01 -1.176857590675354004e+00 -1.821684986352920532e-01 2.238829135894775391e-01 3.855974078178405762e-01 9.662179350852966309e-01 -1.821684986352920532e-01 -1.821684986352920532e-01 2.238829135894775391e-01 -7.691734433174133301e-01 -7.691734433174133301e-01 3.791399717330932617e+00
1.287311553955078125e+00 -1.281080842018127441e+00 2.695116758346557617e+00 1.843799233436584473e+00 -1.281080842018127441e+00 2.025742292404174805e+00 -1.281080842018127441e+00 -1.281080842018127441e+00 -1.281080842018127441e+00 -8.915042281150817871e-01 -5.807479619979858398e-01 8.798760175704956055e-01 -8.915042281150817871e-01 -8.915042281150817871e-01 3.636595606803894043e-01 5.994292497634887695e-01 7.940823435783386230e-01 -5.807479619979858398e-01 -1.281080842018127441e+00 -1.281080842018127441e+00 2.314562797546386719e+00
1.052827119827270508e+00 -1.550511956214904785e+00 -3.180895447731018066e-01 1.870419383049011230e-01 -1.550511956214904785e+00 1.097426414489746094e+00 -3.787898644804954529e-02 -9.182267785072326660e-01 -1.550511956214904785e+00 1.884426951408386230e+00 2.845360636711120605e-01 -1.200537919998168945e+00 -4.878107309341430664e-01 1.295647621154785156e+00 9.574968218803405762e-01 2.845360636711120605e-01 1.870419383049011230e-01 1.870419383049011230e-01 2.845360636711120605e-01 -1.550511956214904785e+00 1.462014913558959961e+00
3.153665065765380859e-01 -9.944245815277099609e-01 1.534167885780334473e+00 -5.502958297729492188e-01 -9.944245815277099609e-01 -5.502958297729492188e-01 -9.944245815277099609e-01 -5.502958297729492188e-01 -9.944245815277099609e-01 8.204584568738937378e-02 -9.944245815277099609e-01 4.235658645629882812e+00 1.374436616897583008e+00 -9.944245815277099609e-01 -2.003056555986404419e-01 1.187358856201171875e+00 3.153665065765380859e-01 -2.003056555986404419e-01 -9.944245815277099609e-01 -9.944245815277099609e-01 9.624316692352294922e-01
-4.633912146091461182e-01 -9.236977100372314453e-01 2.435318708419799805e+00 -1.016013845801353455e-01 -9.236977100372314453e-01 6.304000020027160645e-01 -4.633912146091461182e-01 -9.236977100372314453e-01 -9.236977100372314453e-01 1.892154663801193237e-01 -9.236977100372314453e-01 -1.016013845801353455e-01 -9.236977100372314453e-01 -1.016013845801353455e-01 -4.633912146091461182e-01 1.740458965301513672e+00 4.363235473632812500e+00 -9.236977100372314453e-01 -9.236977100372314453e-01 1.892154663801193237e-01 -4.633912146091461182e-01
-4.638756066560745239e-02 -8.848586082458496094e-01 -4.638756066560745239e-02 -4.151017665863037109e-01 -4.638756066560745239e-02 4.502833366394042969e+00 -8.848586082458496094e-01 2.398862361907958984e+00 -8.848586082458496094e-01 1.281215906143188477e+00 -8.848586082458496094e-01 4.925104081630706787e-01 -8.848586082458496094e-01 -4.151017665863037109e-01 -8.848586082458496094e-01 -4.638756066560745239e-02 -4.151017665863037109e-01 -4.151017665863037109e-01 -8.848586082458496094e-01 2.493997216224670410e-01 -8.848586082458496094e-01
-1.766866147518157959e-01 -6.984938383102416992e-01 -1.766866147518157959e-01 5.080613136291503906e+00 -6.984938383102416992e-01 1.037382364273071289e+00 -6.984938383102416992e-01 -1.766866147518157959e-01 -1.766866147518157959e-01 -1.766866147518157959e-01 -6.984938383102416992e-01 -6.984938383102416992e-01 -1.766866147518157959e-01 5.545637607574462891e-01 -6.984938383102416992e-01 -6.984938383102416992e-01 8.179731965065002441e-01 5.545637607574462891e-01 -6.984938383102416992e-01 -6.984938383102416992e-01 -6.984938383102416992e-01
2.690881729125976562e+00 -2.415508031845092773e-01 -2.415508031845092773e-01 -7.481885552406311035e-01 -7.481885552406311035e-01 -7.481885552406311035e-01 -7.481885552406311035e-01 -7.481885552406311035e-01 -7.481885552406311035e-01 4.758281230926513672e+00 -7.481885552406311035e-01 -7.481885552406311035e-01 -7.481885552406311035e-01 2.807511568069458008e+00 -7.481885552406311035e-01 -7.481885552406311035e-01 -2.415508031845092773e-01 -7.481885552406311035e-01 -7.481885552406311035e-01 9.426484107971191406e-01 -7.481885552406311035e-01
-5.875477790832519531e-01 -5.875477790832519531e-01 -5.875477790832519531e-01 -5.875477790832519531e-01 5.331894397735595703e+00 -5.875477790832519531e-01 4.086891710758209229e-01 -5.875477790832519531e-01 -5.875477790832519531e-01 -5.875477790832519531e-01 -5.875477790832519531e-01 -5.875477790832519531e-01 -5.875477790832519531e-01 -5.875477790832519531e-01 -5.875477790832519531e-01 -5.875477790832519531e-01 1.457862138748168945e+00 -5.875477790832519531e-01 -5.875477790832519531e-01 2.789862155914306641e+00 -5.875477790832519531e-01
-3.168269991874694824e-01 -3.168269991874694824e-01 -3.168269991874694824e-01 -3.168269991874694824e-01 6.336537837982177734e+00 -3.168269991874694824e-01 -3.168269991874694824e-01 -3.168269991874694824e-01 -3.168269991874694824e-01 -3.168269991874694824e-01 -3.168269991874694824e-01 -3.168269991874694824e-01 -3.168269991874694824e-01 -3.168269991874694824e-01 -3.168269991874694824e-01 -3.168269991874694824e-01 -3.168269991874694824e-01 -3.168269991874694824e-01 -3.168269991874694824e-01 -3.168269991874694824e-01 -3.168269991874694824e-01
