-3.168236017227172852e-01 6.336562156677246094e+00 -3.168236017227172852e-01 -3.168236017227172852e-01 -3.168236017227172852e-01 -3.168236017227172852e-01 -3.168236017227172852e-01 -3.168236017227172852e-01 -3.168236017227172852e-01 -3.168236017227172852e-01 -3.168236017227172852e-01 -3.168236017227172852e-01 -3.168236017227172852e-01 -3.168236017227172852e-01 -3.168236017227172852e-01 -3.168236017227172852e-01 -3.168236017227172852e-01 -3.168236017227172852e-01 -3.168236017227172852e-01 -3.168236017227172852e-01 -3.168236017227172852e-01
5.495628833770751953e+00 -4.977625310420989990e-01 -4.977625310420989990e-01 -4.977625310420989990e-01 -4.977625310420989990e-01 -4.977625310420989990e-01 -4.977625310420989990e-01 -4.977625310420989990e-01 -4.977625310420989990e-01 -4.977625310420989990e-01 -4.977625310420989990e-01 -4.977625310420989990e-01 -4.977625310420989990e-01 -4.977625310420989990e-01 -4.977625310420989990e-01 3.961893081665039062e+00 -4.977625310420989990e-01 -4.977625310420989990e-01 -4.977625310420989990e-01 -4.977625310420989990e-01 -4.977625310420989990e-01
2.480043172836303711e+00 -7.820493578910827637e-01 -1.187769293785095215e+00 -7.820493578910827637e-01 -1.187769293785095215e+00 5.103630423545837402e-01 -1.187769293785095215e+00 5.103630423545837402e-01 -7.820493578910827637e-01 3.685218095779418945e-01 -7.820493578910827637e-01 2.072554677724838257e-01 -1.974760890007019043e-01 -1.187769293785095215e+00 2.116153761744499207e-02 3.488352298736572266e+00 1.698899149894714355e+00 6.366763114929199219e-01 -1.974760890007019043e-01 -4.598091244697570801e-01 -1.187769293785095215e+00
-5.228739380836486816e-01 -1.236217141151428223e+00 -8.390139937400817871e-01 4.336777627468109131e-01 -8.390139937400817871e-01 2.075848579406738281e+00 -5.228739380836486816e-01 -8.390139937400817871e-01 -1.236217141151428223e+00 1.339827477931976318e-01 -5.228739380836486816e-01 1.339827477931976318e-01 -8.390139937400817871e-01 2.075848579406738281e+00 2.328436374664306641e+00 3.061909675598144531e+00 6.714444160461425781e-01 -1.236217141151428223e+00 -5.228739380836486816e-01 -5.228739380836486816e-01 -1.236217141151428223e+00
-9.036765694618225098e-01 -9.036765694618225098e-01 2.545965671539306641e+00 -7.325116544961929321e-02 -7.325116544961929321e-02 -4.385463893413543701e-01 -9.036765694618225098e-01 -9.036765694618225098e-01 -9.036765694618225098e-01 1.453810214996337891e+00 -9.036765694618225098e-01 -9.036765694618225098e-01 2.200817614793777466e-01 8.388298749923706055e-01 -9.036765694618225098e-01 -9.036765694618225098e-01 -4.385463893413543701e-01 -7.325116544961929321e-02 -9.036765694618225098e-01 6.645196676254272461e-01 4.410311222076416016e+00
-3.713016211986541748e-01 -3.713016211986541748e-01 -3.713016211986541748e-01 -3.713016211986541748e-01 -3.713016211986541748e-01 -3.713016211986541748e-01 -3.713016211986541748e-01 -3.713016211986541748e-01 -3.713016211986541748e-01 -3.713016211986541748e-01 -3.713016211986541748e-01 -3.713016211986541748e-01 2.838473320007324219e-01 -3.713016211986541748e-01 -3.713016211986541748e-01 2.838473320007324219e-01 -3.713016211986541748e-01 -3.713016211986541748e-01 -3.713016211986541748e-01 -3.713016211986541748e-01 6.115729331970214844e+00
-3.168273866176605225e-01 -3.168273866176605225e-01 -3.168273866176605225e-01 -3.168273866176605225e-01 -3.168273866176605225e-01 -3.168273866176605225e-01 -3.168273866176605225e-01 -3.168273866176605225e-01 -3.168273866176605225e-01 -3.168273866176605225e-01 -3.168273866176605225e-01 -3.168273866176605225e-01 -3.168273866176605225e-01 -3.168273866176605225e-01 -3.168273866176605225e-01 -3.168273866176605225e-01 -3.168273866176605225e-01 -3.168273866176605225e-01 -3.168273866176605225e-01 -3.168273866176605225e-01 6.336558818817138672e+00
-3.168273866176605225e-01 -3.168273866176605225e-01 -3.168273866176605225e-01 -3.168273866176605225e-01 -3.168273866176605225e-01 -3.168273866176605225e-01 -3.168273866176605225e-01 -3.168273866176605225e-01 -3.168273866176605225e-01 -3.168273866176605225e-01 -3.168273866176605225e-01 -3.168273866176605225e-01 -3.168273866176605225e-01 -3.168273866176605225e-01 -3.168273866176605225e-01 -3.168273866176605225e-01 -3.168273866176605225e-01 -3.168273866176605225e-01 -3.168273866176605225e-01 -3.168273866176605225e-01 6.336558818817138672e+00
-7.045332789421081543e-01 -7.045332789421081543e-01 -7.045332789421081543e-01 -7.045332789421081543e-01 -7.045332789421081543e-01 1.755326032638549805e+00 -7.045332789421081543e-01 -1.845931410789489746e-01 2.215467095375061035e-01 -7.045332789421081543e-01 -7.045332789421081543e-01 -7.045332789421081543e-01 1.755326032638549805e+00 -7.045332789421081543e-01 -7.045332789421081543e-01 2.215467095375061035e-01 5.441992282867431641e-01 -7.045332789421081543e-01 -1.845931410789489746e-01 -7.045332789421081543e-01 5.030114173889160156e+00
-7.209122180938720703e-02 -1.099569082260131836e+00 -3.430192172527313232e-01 5.087174177169799805e-01 -1.099569082260131836e+00 1.343715071678161621e+00 -3.430192172527313232e-01 -7.209122180938720703e-02 -1.099569082260131836e+00 8.977081179618835449e-01 -1.099569082260131836e+00 -1.099569082260131836e+00 1.528882384300231934e-01 1.528882384300231934e-01 1.528882384300231934e-01 1.528882384300231934e-01 1.528882384300231934e-01 1.528882384300231934e-01 -6.772050857543945312e-01 -6.772050857543945312e-01 4.014969348907470703e+00
1.220670104026794434e+00 -1.211021780967712402e+00 -2.300054281949996948e-01 3.322898745536804199e-01 -1.211021780967712402e+00 7.122893929481506348e-01 -8.094184398651123047e-01 -1.211021780967712402e+00 -4.901694953441619873e-01 5.991104841232299805e-01 -1.211021780967712402e+00 -2.300054281949996948e-01 3.322898745536804199e-01 1.719509959220886230e-01 5.991104841232299805e-01 -1.295161154121160507e-02 -2.300054281949996948e-01 4.733944237232208252e-01 -4.901694953441619873e-01 -8.094184398651123047e-01 3.705210924148559570e+00
1.475640177726745605e+00 -1.290715575218200684e+00 2.603437423706054688e+00 1.951990604400634766e+00 -1.290715575218200684e+00 2.036547422409057617e+00 -5.931434631347656250e-01 -1.290715575218200684e+00 -9.027087688446044922e-01 -1.290715575218200684e+00 -9.027087688446044922e-01 2.101170867681503296e-01 -1.290715575218200684e+00 -3.399764001369476318e-01 3.488096892833709717e-01 5.841512084007263184e-01 5.841512084007263184e-01 -3.399764001369476318e-01 -1.290715575218200684e+00 -1.290715575218200684e+00 2.318569660186767578e+00
1.129182100296020508e+00 -1.557512760162353516e+00 -3.277589082717895508e-01 5.231947302818298340e-01 -1.557512760162353516e+00 1.129182100296020508e+00 -4.795276001095771790e-02 -9.268058538436889648e-01 -1.557512760162353516e+00 1.620445966720581055e+00 5.231947302818298340e-01 -1.208438515663146973e+00 -6.939669251441955566e-01 1.354324221611022949e+00 8.954874873161315918e-01 3.636060953140258789e-01 6.996843218803405762e-02 3.636060953140258789e-01 -4.795276001095771790e-02 -1.557512760162353516e+00 1.510554552078247070e+00
8.194299042224884033e-02 -9.945271611213684082e-01 1.457094669342041016e+00 -5.503737330436706543e-01 -9.945271611213684082e-01 -5.503737330436706543e-01 -9.945271611213684082e-01 -5.503737330436706543e-01 -9.945271611213684082e-01 8.194299042224884033e-02 -5.503737330436706543e-01 4.246112823486328125e+00 1.457094669342041016e+00 -9.945271611213684082e-01 -2.003810256719589233e-01 9.622998237609863281e-01 3.152572214603424072e-01 -2.003810256719589233e-01 -9.945271611213684082e-01 -9.945271611213684082e-01 9.622998237609863281e-01
-4.863565862178802490e-01 -9.423092603683471680e-01 2.283352136611938477e+00 1.607604324817657471e-01 -9.423092603683471680e-01 7.713478207588195801e-01 -4.863565862178802490e-01 -9.423092603683471680e-01 -9.423092603683471680e-01 1.607604324817657471e-01 -9.423092603683471680e-01 -1.277471780776977539e-01 -4.863565862178802490e-01 -1.277471780776977539e-01 -4.863565862178802490e-01 1.704620718955993652e+00 4.330410003662109375e+00 -9.423092603683471680e-01 -9.423092603683471680e-01 -1.277471780776977539e-01 -4.863565862178802490e-01
-4.558370113372802734e-01 -9.176092743873596191e-01 4.386457502841949463e-01 1.985798776149749756e-01 -9.298333525657653809e-02 4.428986072540283203e+00 -9.176092743873596191e-01 2.291212081909179688e+00 -4.558370113372802734e-01 6.407887935638427734e-01 -9.176092743873596191e-01 8.143758773803710938e-01 -9.176092743873596191e-01 -4.558370113372802734e-01 -9.176092743873596191e-01 -4.558370113372802734e-01 -4.558370113372802734e-01 -4.558370113372802734e-01 -9.176092743873596191e-01 4.386457502841949463e-01 -9.176092743873596191e-01
-1.534343212842941284e-01 -6.808446049690246582e-01 -6.808446049690246582e-01 5.114799022674560547e+00 -6.808446049690246582e-01 1.259817600250244141e+00 -6.808446049690246582e-01 2.584339678287506104e-01 -6.808446049690246582e-01 -1.534343212842941284e-01 -6.808446049690246582e-01 -6.808446049690246582e-01 -1.534343212842941284e-01 5.851967930793762207e-01 -6.808446049690246582e-01 -6.808446049690246582e-01 1.565379977226257324e+00 -1.534343212842941284e-01 -6.808446049690246582e-01 -6.808446049690246582e-01 -6.808446049690246582e-01
2.456466436386108398e+00 -2.446866780519485474e-01 -2.446866780519485474e-01 -7.506198287010192871e-01 -7.506198287010192871e-01 -7.506198287010192871e-01 -7.506198287010192871e-01 -7.506198287010192871e-01 -7.506198287010192871e-01 4.757997035980224609e+00 -7.506198287010192871e-01 -7.506198287010192871e-01 -7.506198287010192871e-01 2.906843185424804688e+00 -7.506198287010192871e-01 -7.506198287010192871e-01 -2.446866780519485474e-01 -7.506198287010192871e-01 -7.506198287010192871e-01 1.121319055557250977e+00 -7.506198287010192871e-01
-5.871734619140625000e-01 -5.871734619140625000e-01 -5.871734619140625000e-01 -5.871734619140625000e-01 5.305181980133056641e+00 -5.871734619140625000e-01 -2.745234407484531403e-02 -5.871734619140625000e-01 -5.871734619140625000e-01 -5.871734619140625000e-01 -5.871734619140625000e-01 -5.871734619140625000e-01 -5.871734619140625000e-01 -5.871734619140625000e-01 -5.871734619140625000e-01 -5.871734619140625000e-01 1.626889824867248535e+00 -5.871734619140625000e-01 -5.871734619140625000e-01 3.077457666397094727e+00 -5.871734619140625000e-01
-3.168216347694396973e-01 -3.168216347694396973e-01 -3.168216347694396973e-01 -3.168216347694396973e-01 6.336560249328613281e+00 -3.168216347694396973e-01 -3.168216347694396973e-01 -3.168216347694396973e-01 -3.168216347694396973e-01 -3.168216347694396973e-01 -3.168216347694396973e-01 -3.168216347694396973e-01 -3.168216347694396973e-01 -3.168216347694396973e-01 -3.168216347694396973e-01 -3.168216347694396973e-01 -3.168216347694396973e-01 -3.168216347694396973e-01 -3.168216347694396973e-01 -3.168216347694396973e-01 -3.168216347694396973e-01
