-3.168250918388366699e-01 6.336493968963623047e+00 -3.168250918388366699e-01 -3.168250918388366699e-01 -3.168250918388366699e-01 -3.168250918388366699e-01 -3.168250918388366699e-01 -3.168250918388366699e-01 -3.168250918388366699e-01 -3.168250918388366699e-01 -3.168250918388366699e-01 -3.168250918388366699e-01 -3.168250918388366699e-01 -3.168250918388366699e-01 -3.168250918388366699e-01 -3.168250918388366699e-01 -3.168250918388366699e-01 -3.168250918388366699e-01 -3.168250918388366699e-01 -3.168250918388366699e-01 -3.168250918388366699e-01
5.539171695709228516e+00 -4.930794537067413330e-01 -4.930794537067413330e-01 -4.930794537067413330e-01 -4.930794537067413330e-01 -4.930794537067413330e-01 -4.930794537067413330e-01 -4.930794537067413330e-01 -4.930794537067413330e-01 -4.930794537067413330e-01 -4.930794537067413330e-01 -4.930794537067413330e-01 -4.930794537067413330e-01 -4.930794537067413330e-01 -4.930794537067413330e-01 3.829432725906372070e+00 -4.930794537067413330e-01 -4.930794537067413330e-01 -4.930794537067413330e-01 -4.930794537067413330e-01 -4.930794537067413330e-01
2.330392599105834961e+00 -4.348445236682891846e-01 -1.168692350387573242e+00 -1.168692350387573242e+00 -1.168692350387573242e+00 5.408470630645751953e-01 -1.168692350387573242e+00 6.676385402679443359e-01 -7.595613598823547363e-01 -4.348445236682891846e-01 -7.595613598823547363e-01 4.925515130162239075e-02 -4.348445236682891846e-01 -1.168692350387573242e+00 2.363367974758148193e-01 3.568929910659790039e+00 1.859235286712646484e+00 7.816929221153259277e-01 2.363367974758148193e-01 -4.348445236682891846e-01 -1.168692350387573242e+00
-3.237452805042266846e-01 -1.278823733329772949e+00 -8.888869285583496094e-01 4.912089407444000244e-01 -1.278823733329772949e+00 1.813962459564208984e+00 -5.779222846031188965e-01 -3.237452805042266846e-01 -1.278823733329772949e+00 4.912089407444000244e-01 -1.111772507429122925e-01 2.281137406826019287e-01 -8.888869285583496094e-01 2.057067871093750000e+00 2.109823703765869141e+00 2.986142158508300781e+00 7.977647185325622559e-01 -1.278823733329772949e+00 -8.888869285583496094e-01 -5.779222846031188965e-01 -1.278823733329772949e+00
-8.621882200241088867e-01 -8.621882200241088867e-01 2.523884534835815430e+00 -3.867481052875518799e-01 -1.391894184052944183e-02 -3.867481052875518799e-01 -8.621882200241088867e-01 -8.621882200241088867e-01 -8.621882200241088867e-01 1.788529992103576660e+00 -8.621882200241088867e-01 -8.621882200241088867e-01 2.848954796791076660e-01 5.302361249923706055e-01 -8.621882200241088867e-01 -8.621882200241088867e-01 -3.867481052875518799e-01 -3.867481052875518799e-01 -8.621882200241088867e-01 5.302361249923706055e-01 4.525124549865722656e+00
-3.713460564613342285e-01 -3.713460564613342285e-01 -3.713460564613342285e-01 -3.713460564613342285e-01 -3.713460564613342285e-01 -3.713460564613342285e-01 -3.713460564613342285e-01 -3.713460564613342285e-01 -3.713460564613342285e-01 -3.713460564613342285e-01 -3.713460564613342285e-01 -3.713460564613342285e-01 2.840979099273681641e-01 -3.713460564613342285e-01 -3.713460564613342285e-01 2.840979099273681641e-01 -3.713460564613342285e-01 -3.713460564613342285e-01 -3.713460564613342285e-01 -3.713460564613342285e-01 6.115805149078369141e+00
-3.168237209320068359e-01 -3.168237209320068359e-01 -3.168237209320068359e-01 -3.168237209320068359e-01 -3.168237209320068359e-01 -3.168237209320068359e-01 -3.168237209320068359e-01 -3.168237209320068359e-01 -3.168237209320068359e-01 -3.168237209320068359e-01 -3.168237209320068359e-01 -3.168237209320068359e-01 -3.168237209320068359e-01 -3.168237209320068359e-01 -3.168237209320068359e-01 -3.168237209320068359e-01 -3.168237209320068359e-01 -3.168237209320068359e-01 -3.168237209320068359e-01 -3.168237209320068359e-01 6.336509704589843750e+00
-3.168237209320068359e-01 -3.168237209320068359e-01 -3.168237209320068359e-01 -3.168237209320068359e-01 -3.168237209320068359e-01 -3.168237209320068359e-01 -3.168237209320068359e-01 -3.168237209320068359e-01 -3.168237209320068359e-01 -3.168237209320068359e-01 -3.168237209320068359e-01 -3.168237209320068359e-01 -3.168237209320068359e-01 -3.168237209320068359e-01 -3.168237209320068359e-01 -3.168237209320068359e-01 -3.168237209320068359e-01 -3.168237209320068359e-01 -3.168237209320068359e-01 -3.168237209320068359e-01 6.336509704589843750e+00
-7.140491008758544922e-01 -7.140491008758544922e-01 -7.140491008758544922e-01 -7.140491008758544922e-01 -7.140491008758544922e-01 1.353845119476318359e+00 -7.140491008758544922e-01 -1.970596611499786377e-01 -1.970596611499786377e-01 -1.970596611499786377e-01 -7.140491008758544922e-01 -7.140491008758544922e-01 1.734926581382751465e+00 -7.140491008758544922e-01 -7.140491008758544922e-01 -1.970596611499786377e-01 5.278613567352294922e-01 2.067719548940658569e-01 -1.970596611499786377e-01 -7.140491008758544922e-01 5.016426563262939453e+00
2.598164416849613190e-02 -1.032225131988525391e+00 -1.032225131988525391e+00 2.561982870101928711e-01 -5.961797833442687988e-01 1.464646697044372559e+00 -5.961797833442687988e-01 -2.521045207977294922e-01 -1.032225131988525391e+00 1.305788993835449219e+00 -1.032225131988525391e+00 -1.032225131988525391e+00 2.561982870101928711e-01 -2.521045207977294922e-01 2.598164416849613190e-02 2.561982870101928711e-01 2.598164416849613190e-02 2.561982870101928711e-01 -5.961797833442687988e-01 -5.961797833442687988e-01 4.176916122436523438e+00
1.391274452209472656e+00 -1.185955524444580078e+00 2.377415075898170471e-02 3.713030815124511719e-01 -7.799240946769714355e-01 6.395524740219116211e-01 -7.799240946769714355e-01 -1.185955524444580078e+00 -4.574766159057617188e-01 6.395524740219116211e-01 -1.185955524444580078e+00 2.377415075898170471e-02 2.099592089653015137e-01 -4.574766159057617188e-01 5.132059454917907715e-01 -4.574766159057617188e-01 -1.949800550937652588e-01 7.532423734664916992e-01 -4.574766159057617188e-01 -1.185955524444580078e+00 3.762846231460571289e+00
1.226352810859680176e+00 -1.317574262619018555e+00 2.602207422256469727e+00 1.990318059921264648e+00 -1.317574262619018555e+00 1.876133799552917480e+00 -9.339305162429809570e-01 -1.317574262619018555e+00 -9.339305162429809570e-01 -9.339305162429809570e-01 -6.274514198303222656e-01 8.206271529197692871e-01 -9.339305162429809570e-01 -3.765421211719512939e-01 1.695812493562698364e-01 5.416568517684936523e-01 5.416568517684936523e-01 -6.274514198303222656e-01 -1.317574262619018555e+00 -1.317574262619018555e+00 2.186486482620239258e+00
1.326134681701660156e+00 -1.531313657760620117e+00 -4.619698524475097656e-01 4.030189812183380127e-01 -1.531313657760620117e+00 1.083013534545898438e+00 -1.018593925982713699e-02 -1.531313657760620117e+00 -1.531313657760620117e+00 1.873822927474975586e+00 4.860230982303619385e-01 -1.178859949111938477e+00 -4.619698524475097656e-01 1.361652970314025879e+00 9.875436425209045410e-01 2.154340296983718872e-01 2.154340296983718872e-01 1.082649156451225281e-01 3.132041692733764648e-01 -1.531313657760620117e+00 1.395997643470764160e+00
6.849204748868942261e-02 -1.003519892692565918e+00 1.440507650375366211e+00 -5.613514184951782227e-01 -1.003519892692565918e+00 -5.613514184951782227e-01 -1.003519892692565918e+00 -5.613514184951782227e-01 -1.003519892692565918e+00 6.849204748868942261e-02 -5.613514184951782227e-01 4.244003295898437500e+00 1.171033501625061035e+00 -1.003519892692565918e+00 -2.128227353096008301e-01 6.669213771820068359e-01 4.976111948490142822e-01 6.849204748868942261e-02 -5.613514184951782227e-01 -1.003519892692565918e+00 8.151061534881591797e-01
-4.800913035869598389e-01 -9.372045397758483887e-01 2.164397239685058594e+00 1.685121953487396240e-01 -9.372045397758483887e-01 1.064385533332824707e+00 -4.800913035869598389e-01 -9.372045397758483887e-01 -9.372045397758483887e-01 1.685121953487396240e-01 -9.372045397758483887e-01 -4.800913035869598389e-01 -4.800913035869598389e-01 -4.800913035869598389e-01 -4.800913035869598389e-01 1.846001744270324707e+00 4.340802192687988281e+00 -9.372045397758483887e-01 -9.372045397758483887e-01 1.685121953487396240e-01 -4.800913035869598389e-01
-1.402699053287506104e-01 -9.512130618095397949e-01 3.841953575611114502e-01 1.471544653177261353e-01 -1.402699053287506104e-01 4.369954586029052734e+00 -9.512130618095397949e-01 1.935840964317321777e+00 -4.973143339157104492e-01 9.061335325241088867e-01 -9.512130618095397949e-01 5.840778350830078125e-01 -9.512130618095397949e-01 -4.973143339157104492e-01 -9.512130618095397949e-01 -1.402699053287506104e-01 -4.973143339157104492e-01 -1.402699053287506104e-01 -9.512130618095397949e-01 3.841953575611114502e-01 -9.512130618095397949e-01
-1.400586664676666260e-01 -6.707344651222229004e-01 -1.400586664676666260e-01 5.148696899414062500e+00 -6.707344651222229004e-01 1.091995716094970703e+00 -6.707344651222229004e-01 -1.400586664676666260e-01 -1.400586664676666260e-01 -1.400586664676666260e-01 -6.707344651222229004e-01 -6.707344651222229004e-01 -1.400586664676666260e-01 -1.400586664676666260e-01 -6.707344651222229004e-01 -6.707344651222229004e-01 1.587129354476928711e+00 -1.400586664676666260e-01 -6.707344651222229004e-01 -6.707344651222229004e-01 -6.707344651222229004e-01
2.469070434570312500e+00 -2.373561710119247437e-01 -2.373561710119247437e-01 -7.449527978897094727e-01 -7.449527978897094727e-01 -7.449527978897094727e-01 -7.449527978897094727e-01 -7.449527978897094727e-01 -7.449527978897094727e-01 4.771213531494140625e+00 -7.449527978897094727e-01 -7.449527978897094727e-01 -7.449527978897094727e-01 2.952407598495483398e+00 -7.449527978897094727e-01 -7.449527978897094727e-01 -2.373561710119247437e-01 -7.449527978897094727e-01 -7.449527978897094727e-01 9.487447142601013184e-01 -7.449527978897094727e-01
-5.974617600440979004e-01 -5.974617600440979004e-01 -5.974617600440979004e-01 -5.974617600440979004e-01 5.277674674987792969e+00 -5.974617600440979004e-01 3.922375738620758057e-01 -5.974617600440979004e-01 -5.974617600440979004e-01 -5.974617600440979004e-01 -5.974617600440979004e-01 -5.974617600440979004e-01 -5.974617600440979004e-01 -5.974617600440979004e-01 -5.974617600440979004e-01 -5.974617600440979004e-01 1.435999155044555664e+00 -5.974617600440979004e-01 -5.974617600440979004e-01 3.050992727279663086e+00 -5.974617600440979004e-01
-3.168247342109680176e-01 -3.168247342109680176e-01 -3.168247342109680176e-01 -3.168247342109680176e-01 6.336625099182128906e+00 -3.168247342109680176e-01 -3.168247342109680176e-01 -3.168247342109680176e-01 -3.168247342109680176e-01 -3.168247342109680176e-01 -3.168247342109680176e-01 -3.168247342109680176e-01 -3.168247342109680176e-01 -3.168247342109680176e-01 -3.168247342109680176e-01 -3.168247342109680176e-01 -3.168247342109680176e-01 -3.168247342109680176e-01 -3.168247342109680176e-01 -3.168247342109680176e-01 -3.168247342109680176e-01
