-3.168261051177978516e-01 6.336547374725341797e+00 -3.168261051177978516e-01 -3.168261051177978516e-01 -3.168261051177978516e-01 -3.168261051177978516e-01 -3.168261051177978516e-01 -3.168261051177978516e-01 -3.168261051177978516e-01 -3.168261051177978516e-01 -3.168261051177978516e-01 -3.168261051177978516e-01 -3.168261051177978516e-01 -3.168261051177978516e-01 -3.168261051177978516e-01 -3.168261051177978516e-01 -3.168261051177978516e-01 -3.168261051177978516e-01 -3.168261051177978516e-01 -3.168261051177978516e-01 -3.168261051177978516e-01
5.510087013244628906e+00 -4.963132441043853760e-01 -4.963132441043853760e-01 -4.963132441043853760e-01 -4.963132441043853760e-01 -4.963132441043853760e-01 -4.963132441043853760e-01 -4.963132441043853760e-01 -4.963132441043853760e-01 -4.963132441043853760e-01 -4.963132441043853760e-01 -4.963132441043853760e-01 -4.963132441043853760e-01 -4.963132441043853760e-01 -4.963132441043853760e-01 3.919856071472167969e+00 -4.963132441043853760e-01 -4.963132441043853760e-01 -4.963132441043853760e-01 -4.963132441043853760e-01 -4.963132441043853760e-01
2.465465784072875977e+00 -1.159839987754821777e+00 -1.159839987754821777e+00 -7.489194869995117188e-01 -1.159839987754821777e+00 6.822092533111572266e-01 -1.159839987754821777e+00 5.551661252975463867e-01 -7.489194869995117188e-01 4.124287664890289307e-01 -7.489194869995117188e-01 6.245050206780433655e-02 -4.231049120426177979e-01 -1.159839987754821777e+00 -1.581752300262451172e-01 3.585364818572998047e+00 1.702392101287841797e+00 6.822092533111572266e-01 6.245050206780433655e-02 -4.231049120426177979e-01 -1.159839987754821777e+00
-1.445585936307907104e-01 -1.302260279655456543e+00 -6.079060435295104980e-01 -1.445585936307907104e-01 -9.160379767417907715e-01 1.807534933090209961e+00 -6.079060435295104980e-01 -1.445585936307907104e-01 -1.302260279655456543e+00 4.545848965644836426e-01 3.585797920823097229e-02 3.310681283473968506e-01 -9.160379767417907715e-01 1.871740937232971191e+00 2.069393157958984375e+00 2.977162837982177734e+00 6.672240495681762695e-01 -1.302260279655456543e+00 -6.079060435295104980e-01 -9.160379767417907715e-01 -1.302260279655456543e+00
-9.025349617004394531e-01 -9.025349617004394531e-01 2.402707099914550781e+00 2.217637598514556885e-01 -4.370315968990325928e-01 -4.370315968990325928e-01 -9.025349617004394531e-01 -9.025349617004394531e-01 -9.025349617004394531e-01 1.630975723266601562e+00 -9.025349617004394531e-01 -9.025349617004394531e-01 2.217637598514556885e-01 8.408393859863281250e-01 -9.025349617004394531e-01 -9.025349617004394531e-01 -4.370315968990325928e-01 -7.159302383661270142e-02 -9.025349617004394531e-01 6.664562821388244629e-01 4.423557281494140625e+00
-3.712447881698608398e-01 -3.712447881698608398e-01 -3.712447881698608398e-01 -3.712447881698608398e-01 -3.712447881698608398e-01 -3.712447881698608398e-01 -3.712447881698608398e-01 -3.712447881698608398e-01 -3.712447881698608398e-01 -3.712447881698608398e-01 -3.712447881698608398e-01 -3.712447881698608398e-01 2.833398878574371338e-01 -3.712447881698608398e-01 -3.712447881698608398e-01 2.833398878574371338e-01 -3.712447881698608398e-01 -3.712447881698608398e-01 -3.712447881698608398e-01 -3.712447881698608398e-01 6.115720272064208984e+00
-3.168267607688903809e-01 -3.168267607688903809e-01 -3.168267607688903809e-01 -3.168267607688903809e-01 -3.168267607688903809e-01 -3.168267607688903809e-01 -3.168267607688903809e-01 -3.168267607688903809e-01 -3.168267607688903809e-01 -3.168267607688903809e-01 -3.168267607688903809e-01 -3.168267607688903809e-01 -3.168267607688903809e-01 -3.168267607688903809e-01 -3.168267607688903809e-01 -3.168267607688903809e-01 -3.168267607688903809e-01 -3.168267607688903809e-01 -3.168267607688903809e-01 -3.168267607688903809e-01 6.336554527282714844e+00
-3.168267607688903809e-01 -3.168267607688903809e-01 -3.168267607688903809e-01 -3.168267607688903809e-01 -3.168267607688903809e-01 -3.168267607688903809e-01 -3.168267607688903809e-01 -3.168267607688903809e-01 -3.168267607688903809e-01 -3.168267607688903809e-01 -3.168267607688903809e-01 -3.168267607688903809e-01 -3.168267607688903809e-01 -3.168267607688903809e-01 -3.168267607688903809e-01 -3.168267607688903809e-01 -3.168267607688903809e-01 -3.168267607688903809e-01 -3.168267607688903809e-01 -3.168267607688903809e-01 6.336554527282714844e+00
-6.604645252227783203e-01 -6.604645252227783203e-01 -6.604645252227783203e-01 -6.604645252227783203e-01 -6.604645252227783203e-01 1.609309554100036621e+00 -6.604645252227783203e-01 -1.264072060585021973e-01 2.906389832496643066e-01 -6.604645252227783203e-01 -6.604645252227783203e-01 -6.604645252227783203e-01 1.609309554100036621e+00 -6.604645252227783203e-01 -6.604645252227783203e-01 -1.264072060585021973e-01 2.906389832496643066e-01 -6.604645252227783203e-01 -1.264072060585021973e-01 -6.604645252227783203e-01 5.165361881256103516e+00
-2.746668457984924316e-01 -1.048964858055114746e+00 -2.746668457984924316e-01 2.304156571626663208e-01 -6.162568330764770508e-01 1.505721449851989746e+00 -2.746668457984924316e-01 1.532544847577810287e-03 -1.048964858055114746e+00 7.379558682441711426e-01 -1.048964858055114746e+00 -1.048964858055114746e+00 1.532544847577810287e-03 1.532544847577810287e-03 1.532544847577810287e-03 1.532544847577810287e-03 1.532544847577810287e-03 2.304156571626663208e-01 -6.162568330764770508e-01 -6.162568330764770508e-01 4.154895305633544922e+00
9.493229389190673828e-01 -1.186988949775695801e+00 -1.963548362255096436e-01 3.698080778121948242e-01 -7.809833884239196777e-01 8.549025654792785645e-01 -7.809833884239196777e-01 -1.186988949775695801e+00 -4.586975872516632080e-01 6.380052566528320312e-01 -1.186988949775695801e+00 2.235698327422142029e-02 3.698080778121948242e-01 3.698080778121948242e-01 5.116712450981140137e-01 -1.963548362255096436e-01 -4.586975872516632080e-01 2.085118740797042847e-01 -4.586975872516632080e-01 -1.186988949775695801e+00 3.784588813781738281e+00
1.336649537086486816e+00 -1.315592288970947266e+00 2.649271249771118164e+00 1.751144766807556152e+00 -1.315592288970947266e+00 1.848943114280700684e+00 -6.249458789825439453e-01 -1.315592288970947266e+00 -9.315478205680847168e-01 -9.315478205680847168e-01 -9.315478205680847168e-01 5.448359251022338867e-01 -9.315478205680847168e-01 -3.738501369953155518e-01 -1.635030061006546021e-01 8.238832950592041016e-01 9.030523896217346191e-01 -6.249458789825439453e-01 -1.315592288970947266e+00 -1.315592288970947266e+00 2.233628511428833008e+00
1.055699586868286133e+00 -1.548633217811584473e+00 -4.853485226631164551e-01 6.084560155868530273e-01 -1.548633217811584473e+00 1.009110927581787109e+00 8.285243809223175049e-02 -1.198411464691162109e+00 -1.548633217811584473e+00 1.845846414566040039e+00 6.757835745811462402e-01 -1.198411464691162109e+00 -6.825969815254211426e-01 1.223720908164978027e+00 1.009110927581787109e+00 1.897479891777038574e-01 2.872748970985412598e-01 2.872748970985412598e-01 8.285243809223175049e-02 -1.548633217811584473e+00 1.401555180549621582e+00
-1.909685879945755005e-01 -9.877424240112304688e-01 1.546757698059082031e+00 -5.420079827308654785e-01 -9.877424240112304688e-01 -5.420079827308654785e-01 -9.877424240112304688e-01 -5.420079827308654785e-01 -9.877424240112304688e-01 -1.909685879945755005e-01 -5.420079827308654785e-01 4.265112400054931641e+00 1.297195911407470703e+00 -9.877424240112304688e-01 -5.420079827308654785e-01 9.743459224700927734e-01 6.936839818954467773e-01 -1.909685879945755005e-01 -5.420079827308654785e-01 -9.877424240112304688e-01 9.743459224700927734e-01
-9.342628121376037598e-01 -9.342628121376037598e-01 2.299325704574584961e+00 -1.164204329252243042e-01 -9.342628121376037598e-01 1.069708228111267090e+00 -4.763275682926177979e-01 -9.342628121376037598e-01 -9.342628121376037598e-01 1.729828715324401855e-01 -9.342628121376037598e-01 1.729828715324401855e-01 -9.342628121376037598e-01 -1.164204329252243042e-01 -4.763275682926177979e-01 1.851715207099914551e+00 4.330497741699218750e+00 -9.342628121376037598e-01 -9.342628121376037598e-01 1.729828715324401855e-01 -4.763275682926177979e-01
-1.488224864006042480e-01 -9.574435949325561523e-01 3.742738962173461914e-01 -1.488224864006042480e-01 -1.488224864006042480e-01 4.341939449310302734e+00 -9.574435949325561523e-01 1.977836728096008301e+00 -5.048573613166809082e-01 1.147117495536804199e+00 -9.574435949325561523e-01 7.453516125679016113e-01 -9.574435949325561523e-01 -5.048573613166809082e-01 -9.574435949325561523e-01 -1.488224864006042480e-01 -5.048573613166809082e-01 -1.488224864006042480e-01 -9.574435949325561523e-01 3.742738962173461914e-01 -9.574435949325561523e-01
-1.814465671777725220e-01 -7.020435929298400879e-01 -1.814465671777725220e-01 5.063139915466308594e+00 -7.020435929298400879e-01 1.216855883598327637e+00 -7.020435929298400879e-01 2.253509461879730225e-01 -1.814465671777725220e-01 -1.814465671777725220e-01 -7.020435929298400879e-01 -7.020435929298400879e-01 -1.814465671777725220e-01 -1.814465671777725220e-01 -7.020435929298400879e-01 -7.020435929298400879e-01 1.378383994102478027e+00 2.253509461879730225e-01 -7.020435929298400879e-01 -7.020435929298400879e-01 -7.020435929298400879e-01
2.591477394104003906e+00 -2.494165450334548950e-01 -2.494165450334548950e-01 -7.543273568153381348e-01 -7.543273568153381348e-01 -7.543273568153381348e-01 -7.543273568153381348e-01 -7.543273568153381348e-01 -7.543273568153381348e-01 4.738583564758300781e+00 -7.543273568153381348e-01 -7.543273568153381348e-01 -7.543273568153381348e-01 2.864709854125976562e+00 -7.543273568153381348e-01 -7.543273568153381348e-01 -2.494165450334548950e-01 -7.543273568153381348e-01 -7.543273568153381348e-01 1.114042401313781738e+00 -7.543273568153381348e-01
-6.007165908813476562e-01 -6.007165908813476562e-01 -6.007165908813476562e-01 -6.007165908813476562e-01 5.273608684539794922e+00 -6.007165908813476562e-01 3.871560394763946533e-01 -6.007165908813476562e-01 -6.007165908813476562e-01 -6.007165908813476562e-01 -6.007165908813476562e-01 -6.007165908813476562e-01 -6.007165908813476562e-01 -6.007165908813476562e-01 -6.007165908813476562e-01 -6.007165908813476562e-01 1.595987200736999512e+00 -6.007165908813476562e-01 -6.007165908813476562e-01 2.955473184585571289e+00 -6.007165908813476562e-01
-3.168277442455291748e-01 -3.168277442455291748e-01 -3.168277442455291748e-01 -3.168277442455291748e-01 6.336544036865234375e+00 -3.168277442455291748e-01 -3.168277442455291748e-01 -3.168277442455291748e-01 -3.168277442455291748e-01 -3.168277442455291748e-01 -3.168277442455291748e-01 -3.168277442455291748e-01 -3.168277442455291748e-01 -3.168277442455291748e-01 -3.168277442455291748e-01 -3.168277442455291748e-01 -3.168277442455291748e-01 -3.168277442455291748e-01 -3.168277442455291748e-01 -3.168277442455291748e-01 -3.168277442455291748e-01
