-3.168273866176605225e-01 6.336515903472900391e+00 -3.168273866176605225e-01 -3.168273866176605225e-01 -3.168273866176605225e-01 -3.168273866176605225e-01 -3.168273866176605225e-01 -3.168273866176605225e-01 -3.168273866176605225e-01 -3.168273866176605225e-01 -3.168273866176605225e-01 -3.168273866176605225e-01 -3.168273866176605225e-01 -3.168273866176605225e-01 -3.168273866176605225e-01 -3.168273866176605225e-01 -3.168273866176605225e-01 -3.168273866176605225e-01 -3.168273866176605225e-01 -3.168273866176605225e-01 -3.168273866176605225e-01
5.554215431213378906e+00 -4.913190007209777832e-01 -4.913190007209777832e-01 -4.913190007209777832e-01 -4.913190007209777832e-01 -4.913190007209777832e-01 -4.913190007209777832e-01 -4.913190007209777832e-01 -4.913190007209777832e-01 -4.913190007209777832e-01 -4.913190007209777832e-01 -4.913190007209777832e-01 -4.913190007209777832e-01 -4.913190007209777832e-01 -4.913190007209777832e-01 3.780880928039550781e+00 -4.913190007209777832e-01 -4.913190007209777832e-01 -4.913190007209777832e-01 -4.913190007209777832e-01 -4.913190007209777832e-01
2.290005207061767578e+00 -7.521900534629821777e-01 -1.162476181983947754e+00 -7.521900534629821777e-01 -1.162476181983947754e+00 7.920560240745544434e-01 -1.162476181983947754e+00 6.778602600097656250e-01 -7.521900534629821777e-01 4.082057774066925049e-01 -7.521900534629821777e-01 -4.266334176063537598e-01 -1.618582159280776978e-01 -1.162476181983947754e+00 5.853500962257385254e-02 3.609798192977905273e+00 1.697651743888854980e+00 7.920560240745544434e-01 2.459193617105484009e-01 -1.162476181983947754e+00 -1.162476181983947754e+00
-3.524911403656005859e-01 -1.299881339073181152e+00 -6.048768162727355957e-01 3.346957862377166748e-01 -9.133623242378234863e-01 1.936165809631347656e+00 -6.048768162727355957e-01 3.926837071776390076e-02 -1.299881339073181152e+00 1.962450146675109863e-01 -1.412418037652969360e-01 3.926837071776390076e-02 -9.133623242378234863e-01 1.936165809631347656e+00 1.875714063644409180e+00 3.012347936630249023e+00 5.696017742156982422e-01 -1.299881339073181152e+00 -6.048768162727355957e-01 -6.048768162727355957e-01 -1.299881339073181152e+00
-9.074846506118774414e-01 -9.074846506118774414e-01 2.311416864395141602e+00 2.141138315200805664e-01 -7.875429838895797729e-02 -4.433032572269439697e-01 -9.074846506118774414e-01 -9.074846506118774414e-01 -9.074846506118774414e-01 1.771896243095397949e+00 -9.074846506118774414e-01 -9.074846506118774414e-01 2.141138315200805664e-01 8.320133686065673828e-01 -9.074846506118774414e-01 -9.074846506118774414e-01 -9.074846506118774414e-01 -7.875429838895797729e-02 -9.074846506118774414e-01 8.320133686065673828e-01 4.407661437988281250e+00
-3.713114559650421143e-01 -3.713114559650421143e-01 -3.713114559650421143e-01 -3.713114559650421143e-01 -3.713114559650421143e-01 -3.713114559650421143e-01 -3.713114559650421143e-01 -3.713114559650421143e-01 -3.713114559650421143e-01 -3.713114559650421143e-01 -3.713114559650421143e-01 -3.713114559650421143e-01 2.838889360427856445e-01 -3.713114559650421143e-01 -3.713114559650421143e-01 2.838889360427856445e-01 -3.713114559650421143e-01 -3.713114559650421143e-01 -3.713114559650421143e-01 -3.713114559650421143e-01 6.115885734558105469e+00
-3.168246746063232422e-01 -3.168246746063232422e-01 -3.168246746063232422e-01 -3.168246746063232422e-01 -3.168246746063232422e-01 -3.168246746063232422e-01 -3.168246746063232422e-01 -3.168246746063232422e-01 -3.168246746063232422e-01 -3.168246746063232422e-01 -3.168246746063232422e-01 -3.168246746063232422e-01 -3.168246746063232422e-01 -3.168246746063232422e-01 -3.168246746063232422e-01 -3.168246746063232422e-01 -3.168246746063232422e-01 -3.168246746063232422e-01 -3.168246746063232422e-01 -3.168246746063232422e-01 6.336514949798583984e+00
-3.168246746063232422e-01 -3.168246746063232422e-01 -3.168246746063232422e-01 -3.168246746063232422e-01 -3.168246746063232422e-01 -3.168246746063232422e-01 -3.168246746063232422e-01 -3.168246746063232422e-01 -3.168246746063232422e-01 -3.168246746063232422e-01 -3.168246746063232422e-01 -3.168246746063232422e-01 -3.168246746063232422e-01 -3.168246746063232422e-01 -3.168246746063232422e-01 -3.168246746063232422e-01 -3.168246746063232422e-01 -3.168246746063232422e-01 -3.168246746063232422e-01 -3.168246746063232422e-01 6.336514949798583984e+00
-7.074660062789916992e-01 -7.074660062789916992e-01 -7.074660062789916992e-01 -7.074660062789916992e-01 -7.074660062789916992e-01 1.509185075759887695e+00 -7.074660062789916992e-01 -1.884749531745910645e-01 2.169555425643920898e-01 -1.884749531745910645e-01 -7.074660062789916992e-01 -7.074660062789916992e-01 1.749092936515808105e+00 -7.074660062789916992e-01 -7.074660062789916992e-01 -1.884749531745910645e-01 -1.884749531745910645e-01 2.169555425643920898e-01 -1.884749531745910645e-01 -7.074660062789916992e-01 5.032239437103271484e+00
-2.508154213428497314e-01 -1.031295537948608398e+00 -2.508154213428497314e-01 2.576490044593811035e-01 -1.031295537948608398e+00 1.389804244041442871e+00 -2.508154213428497314e-01 2.736796624958515167e-02 -1.031295537948608398e+00 1.218429684638977051e+00 -1.031295537948608398e+00 -1.031295537948608398e+00 4.524855315685272217e-01 2.736796624958515167e-02 -2.508154213428497314e-01 -2.508154213428497314e-01 4.524855315685272217e-01 2.736796624958515167e-02 -1.031295537948608398e+00 -5.950385928153991699e-01 4.184012889862060547e+00
1.189127445220947266e+00 -1.188493847846984863e+00 -1.985049843788146973e-01 2.061313688755035400e-01 -7.829086184501647949e-01 8.523064255714416504e-01 -7.829086184501647949e-01 -1.188493847846984863e+00 -7.829086184501647949e-01 3.673714697360992432e-01 -1.188493847846984863e+00 -1.985049843788146973e-01 2.061313688755035400e-01 2.061313688755035400e-01 7.491347193717956543e-01 2.008429728448390961e-02 -1.985049843788146973e-01 5.092023611068725586e-01 -7.829086184501647949e-01 -7.829086184501647949e-01 3.770089626312255859e+00
1.309922337532043457e+00 -1.267645239830017090e+00 2.704182147979736328e+00 1.931326866149902344e+00 -1.267645239830017090e+00 2.020869255065917969e+00 -8.758491277694702148e-01 -1.267645239830017090e+00 -1.267645239830017090e+00 -8.758491277694702148e-01 -8.758491277694702148e-01 7.226722240447998047e-01 -1.267645239830017090e+00 -5.634739995002746582e-01 5.088253617286682129e-01 6.208491921424865723e-01 7.226722240447998047e-01 -8.758491277694702148e-01 -1.267645239830017090e+00 -1.267645239830017090e+00 2.399096250534057617e+00
1.133947491645812988e+00 -1.527348160743713379e+00 -4.566087424755096436e-01 5.691941976547241211e-01 -1.527348160743713379e+00 1.332458376884460449e+00 -1.367343664169311523e-01 -8.898457884788513184e-01 -1.527348160743713379e+00 1.880239129066467285e+00 6.411942243576049805e-01 -1.527348160743713379e+00 -4.566087424755096436e-01 1.176785826683044434e+00 1.042608141899108887e+00 2.213265597820281982e-01 2.213265597820281982e-01 1.140882074832916260e-01 -2.859801352024078369e-01 -1.527348160743713379e+00 1.529354214668273926e+00
2.937031090259552002e-01 -1.008213639259338379e+00 1.259887099266052246e+00 -5.670848488807678223e-01 -1.008213639259338379e+00 -1.008213639259338379e+00 -1.008213639259338379e+00 -5.670848488807678223e-01 -1.008213639259338379e+00 6.150499358773231506e-02 -5.670848488807678223e-01 4.213614940643310547e+00 1.349263072013854980e+00 -1.008213639259338379e+00 -5.670848488807678223e-01 9.383121728897094727e-01 6.590168476104736328e-01 6.150499358773231506e-02 -5.670848488807678223e-01 -1.008213639259338379e+00 1.056048512458801270e+00
-4.576345086097717285e-01 -9.190564155578613281e-01 2.514840602874755859e+00 -9.505447000265121460e-02 -9.190564155578613281e-01 8.117842078208923340e-01 -4.576345086097717285e-01 -9.190564155578613281e-01 -9.190564155578613281e-01 -9.505447000265121460e-02 -9.190564155578613281e-01 1.963679045438766479e-01 -4.576345086097717285e-01 -4.576345086097717285e-01 -9.190564155578613281e-01 1.749435424804687500e+00 4.361927986145019531e+00 -9.190564155578613281e-01 -9.190564155578613281e-01 1.963679045438766479e-01 -4.576345086097717285e-01
-4.444010257720947266e-01 -9.083973169326782227e-01 -7.992513477802276611e-02 2.128366976976394653e-01 -4.444010257720947266e-01 4.442983150482177734e+00 -9.083973169326782227e-01 2.351101636886596680e+00 -4.444010257720947266e-01 1.237146854400634766e+00 -9.083973169326782227e-01 6.564667820930480957e-01 -9.083973169326782227e-01 -4.444010257720947266e-01 -9.083973169326782227e-01 -7.992513477802276611e-02 -4.444010257720947266e-01 -7.992513477802276611e-02 -9.083973169326782227e-01 -7.992513477802276611e-02 -9.083973169326782227e-01
-1.450009495019912720e-01 -6.744661331176757812e-01 -1.450009495019912720e-01 5.143805503845214844e+00 -6.744661331176757812e-01 8.628151416778564453e-01 -6.744661331176757812e-01 -6.744661331176757812e-01 -1.450009495019912720e-01 -1.450009495019912720e-01 -6.744661331176757812e-01 -6.744661331176757812e-01 -1.450009495019912720e-01 2.684143781661987305e-01 -6.744661331176757812e-01 -6.744661331176757812e-01 1.272829651832580566e+00 5.963125228881835938e-01 -6.744661331176757812e-01 -6.744661331176757812e-01 -6.744661331176757812e-01
2.703507423400878906e+00 -2.342324852943420410e-01 -2.342324852943420410e-01 -7.425521612167358398e-01 -7.425521612167358398e-01 -7.425521612167358398e-01 -7.425521612167358398e-01 -7.425521612167358398e-01 -7.425521612167358398e-01 4.765978336334228516e+00 -7.425521612167358398e-01 -7.425521612167358398e-01 -7.425521612167358398e-01 2.891308784484863281e+00 -7.425521612167358398e-01 -7.425521612167358398e-01 -2.342324852943420410e-01 -7.425521612167358398e-01 -7.425521612167358398e-01 7.377210855484008789e-01 -7.425521612167358398e-01
-5.838933587074279785e-01 -5.838933587074279785e-01 -5.838933587074279785e-01 -5.838933587074279785e-01 5.337171077728271484e+00 -5.838933587074279785e-01 4.147836565971374512e-01 -5.838933587074279785e-01 -5.838933587074279785e-01 -5.838933587074279785e-01 -5.838933587074279785e-01 -5.838933587074279785e-01 -5.838933587074279785e-01 -5.838933587074279785e-01 -5.838933587074279785e-01 -5.838933587074279785e-01 1.270602822303771973e+00 -5.838933587074279785e-01 -5.838933587074279785e-01 2.903720378875732422e+00 -5.838933587074279785e-01
-3.168272376060485840e-01 -3.168272376060485840e-01 -3.168272376060485840e-01 -3.168272376060485840e-01 6.336521148681640625e+00 -3.168272376060485840e-01 -3.168272376060485840e-01 -3.168272376060485840e-01 -3.168272376060485840e-01 -3.168272376060485840e-01 -3.168272376060485840e-01 -3.168272376060485840e-01 -3.168272376060485840e-01 -3.168272376060485840e-01 -3.168272376060485840e-01 -3.168272376060485840e-01 -3.168272376060485840e-01 -3.168272376060485840e-01 -3.168272376060485840e-01 -3.168272376060485840e-01 -3.168272376060485840e-01
