-3.168261349201202393e-01 6.336544513702392578e+00 -3.168261349201202393e-01 -3.168261349201202393e-01 -3.168261349201202393e-01 -3.168261349201202393e-01 -3.168261349201202393e-01 -3.168261349201202393e-01 -3.168261349201202393e-01 -3.168261349201202393e-01 -3.168261349201202393e-01 -3.168261349201202393e-01 -3.168261349201202393e-01 -3.168261349201202393e-01 -3.168261349201202393e-01 -3.168261349201202393e-01 -3.168261349201202393e-01 -3.168261349201202393e-01 -3.168261349201202393e-01 -3.168261349201202393e-01 -3.168261349201202393e-01
5.524599552154541016e+00 -4.947647750377655029e-01 -4.947647750377655029e-01 -4.947647750377655029e-01 -4.947647750377655029e-01 -4.947647750377655029e-01 -4.947647750377655029e-01 -4.947647750377655029e-01 -4.947647750377655029e-01 -4.947647750377655029e-01 -4.947647750377655029e-01 -4.947647750377655029e-01 -4.947647750377655029e-01 -4.947647750377655029e-01 -4.947647750377655029e-01 3.875818967819213867e+00 -4.947647750377655029e-01 -4.947647750377655029e-01 -4.947647750377655029e-01 -4.947647750377655029e-01 -4.947647750377655029e-01
2.315121412277221680e+00 -7.694736123085021973e-01 -1.177214980125427246e+00 -7.694736123085021973e-01 -1.177214980125427246e+00 5.272584557533264160e-01 -1.177214980125427246e+00 6.538462638854980469e-01 -7.694736123085021973e-01 -1.826507300138473511e-01 -7.694736123085021973e-01 -1.826507300138473511e-01 -1.826507300138473511e-01 -1.177214980125427246e+00 2.233998477458953857e-01 3.575452566146850586e+00 1.671689987182617188e+00 7.677339911460876465e-01 2.233998477458953857e-01 -4.459372758865356445e-01 -1.177214980125427246e+00
-1.665150970220565796e-01 -1.317699313163757324e+00 -6.275839805603027344e-01 1.694720238447189331e-01 -9.339388012886047363e-01 1.676829338073730469e+00 -6.275839805603027344e-01 -1.665150970220565796e-01 -1.317699313163757324e+00 4.305205345153808594e-01 -1.665150970220565796e-01 3.073841035366058350e-01 -9.339388012886047363e-01 1.905742883682250977e+00 1.962792634963989258e+00 2.960683345794677734e+00 7.351061105728149414e-01 -1.317699313163757324e+00 -6.275839805603027344e-01 -6.275839805603027344e-01 -1.317699313163757324e+00
-9.200290441513061523e-01 -9.200290441513061523e-01 2.243311643600463867e+00 1.947891861200332642e-01 -9.636352211236953735e-02 -4.587100148200988770e-01 -9.200290441513061523e-01 -9.200290441513061523e-01 -9.200290441513061523e-01 1.513489961624145508e+00 -9.200290441513061523e-01 -9.200290441513061523e-01 1.947891861200332642e-01 9.615405797958374023e-01 -9.200290441513061523e-01 -9.200290441513061523e-01 -4.587100148200988770e-01 -9.636352211236953735e-02 -9.200290441513061523e-01 8.101143836975097656e-01 4.392408847808837891e+00
-3.712432384490966797e-01 -3.712432384490966797e-01 -3.712432384490966797e-01 -3.712432384490966797e-01 -3.712432384490966797e-01 -3.712432384490966797e-01 -3.712432384490966797e-01 -3.712432384490966797e-01 -3.712432384490966797e-01 -3.712432384490966797e-01 -3.712432384490966797e-01 -3.712432384490966797e-01 2.833513617515563965e-01 -3.712432384490966797e-01 -3.712432384490966797e-01 2.833513617515563965e-01 -3.712432384490966797e-01 -3.712432384490966797e-01 -3.712432384490966797e-01 -3.712432384490966797e-01 6.115757465362548828e+00
-3.168292641639709473e-01 -3.168292641639709473e-01 -3.168292641639709473e-01 -3.168292641639709473e-01 -3.168292641639709473e-01 -3.168292641639709473e-01 -3.168292641639709473e-01 -3.168292641639709473e-01 -3.168292641639709473e-01 -3.168292641639709473e-01 -3.168292641639709473e-01 -3.168292641639709473e-01 -3.168292641639709473e-01 -3.168292641639709473e-01 -3.168292641639709473e-01 -3.168292641639709473e-01 -3.168292641639709473e-01 -3.168292641639709473e-01 -3.168292641639709473e-01 -3.168292641639709473e-01 6.336508274078369141e+00
-3.168292641639709473e-01 -3.168292641639709473e-01 -3.168292641639709473e-01 -3.168292641639709473e-01 -3.168292641639709473e-01 -3.168292641639709473e-01 -3.168292641639709473e-01 -3.168292641639709473e-01 -3.168292641639709473e-01 -3.168292641639709473e-01 -3.168292641639709473e-01 -3.168292641639709473e-01 -3.168292641639709473e-01 -3.168292641639709473e-01 -3.168292641639709473e-01 -3.168292641639709473e-01 -3.168292641639709473e-01 -3.168292641639709473e-01 -3.168292641639709473e-01 -3.168292641639709473e-01 6.336508274078369141e+00
-7.259120941162109375e-01 -7.259120941162109375e-01 -7.259120941162109375e-01 -7.259120941162109375e-01 -7.259120941162109375e-01 1.470831274986267090e+00 -7.259120941162109375e-01 -2.125604599714279175e-01 1.886192709207534790e-01 -2.125604599714279175e-01 -7.259120941162109375e-01 -7.259120941162109375e-01 1.906421542167663574e+00 -7.259120941162109375e-01 -7.259120941162109375e-01 -2.125604599714279175e-01 5.075437426567077637e-01 -2.125604599714279175e-01 -2.125604599714279175e-01 -7.259120941162109375e-01 4.974532127380371094e+00
-2.489207834005355835e-01 -1.030008554458618164e+00 -5.933400392532348633e-01 2.933358401060104370e-02 -5.933400392532348633e-01 1.607300519943237305e+00 -1.030008554458618164e+00 2.933358401060104370e-02 -1.030008554458618164e+00 1.309900641441345215e+00 -1.030008554458618164e+00 -1.030008554458618164e+00 2.933358401060104370e-02 2.597291171550750732e-01 2.933358401060104370e-02 2.933358401060104370e-02 4.546722471714019775e-01 2.597291171550750732e-01 -1.030008554458618164e+00 -5.933400392532348633e-01 4.170771121978759766e+00
1.441090345382690430e+00 -1.191082239151000977e+00 -4.640494585037231445e-01 1.636929996311664581e-02 -7.858120799064636230e-01 1.029378294944763184e+00 -7.858120799064636230e-01 -1.191082239151000977e+00 -7.858120799064636230e-01 6.314089894294738770e-01 -1.191082239151000977e+00 1.636929996311664581e-02 3.634404838085174561e-01 2.023089379072189331e-01 5.051788091659545898e-01 -4.640494585037231445e-01 -2.020668089389801025e-01 3.634404838085174561e-01 -4.640494585037231445e-01 -7.858120799064636230e-01 3.741672039031982422e+00
1.211097359657287598e+00 -1.326779365539550781e+00 2.493130922317504883e+00 1.860476970672607422e+00 -1.326779365539550781e+00 1.974616169929504395e+00 -6.392009258270263672e-01 -1.326779365539550781e+00 -1.326779365539550781e+00 -9.445161223411560059e-01 -6.392009258270263672e-01 7.205263972282409668e-01 -9.445161223411560059e-01 -6.392009258270263672e-01 1.557997316122055054e-01 7.205263972282409668e-01 8.057717084884643555e-01 -3.890550434589385986e-01 -1.326779365539550781e+00 -1.326779365539550781e+00 2.214351415634155273e+00
1.247442841529846191e+00 -1.533673048019409180e+00 -4.651675522327423096e-01 3.994183242321014404e-01 -1.533673048019409180e+00 1.247442841529846191e+00 -1.364095602184534073e-02 -1.181463599205017090e+00 -1.533673048019409180e+00 1.848542332649230957e+00 6.314191222190856934e-01 -1.181463599205017090e+00 -8.976696729660034180e-01 1.285566210746765137e+00 9.838046431541442871e-01 2.119095325469970703e-01 2.119095325469970703e-01 1.047675758600234985e-01 3.096425235271453857e-01 -1.533673048019409180e+00 1.392191886901855469e+00
-1.833726167678833008e-01 -9.822644591331481934e-01 1.479883193969726562e+00 -5.353020429611206055e-01 -9.822644591331481934e-01 -5.353020429611206055e-01 -9.822644591331481934e-01 -5.353020429611206055e-01 -9.822644591331481934e-01 -5.353020429611206055e-01 -5.353020429611206055e-01 4.286572933197021484e+00 1.209463596343994141e+00 -9.822644591331481934e-01 -1.833726167678833008e-01 1.209463596343994141e+00 3.346944153308868408e-01 1.003116890788078308e-01 -5.353020429611206055e-01 -9.822644591331481934e-01 8.519273400306701660e-01
-4.565385878086090088e-01 -9.182434678077697754e-01 2.290024518966674805e+00 -9.381344169378280640e-02 -9.182434678077697754e-01 8.133244514465332031e-01 -4.565385878086090088e-01 -9.182434678077697754e-01 -9.182434678077697754e-01 1.976219415664672852e-01 -9.182434678077697754e-01 -9.381344169378280640e-02 -4.565385878086090088e-01 -4.565385878086090088e-01 -4.565385878086090088e-01 1.751141905784606934e+00 4.396234989166259766e+00 -9.182434678077697754e-01 -9.182434678077697754e-01 -9.381344169378280640e-02 -4.565385878086090088e-01
-1.148845478892326355e-01 -9.331720471382141113e-01 4.133263826370239258e-01 1.746585220098495483e-01 -4.749931693077087402e-01 4.391590595245361328e+00 -9.331720471382141113e-01 2.125575542449951172e+00 -4.749931693077087402e-01 1.191363096237182617e+00 -9.331720471382141113e-01 7.872397303581237793e-01 -9.331720471382141113e-01 -4.749931693077087402e-01 -9.331720471382141113e-01 -4.749931693077087402e-01 -4.749931693077087402e-01 -4.749931693077087402e-01 -9.331720471382141113e-01 4.133263826370239258e-01 -9.331720471382141113e-01
-6.932058334350585938e-01 -6.932058334350585938e-01 -1.697445809841156006e-01 5.084563255310058594e+00 -6.932058334350585938e-01 1.047573804855346680e+00 -6.932058334350585938e-01 -1.697445809841156006e-01 -1.697445809841156006e-01 -1.697445809841156006e-01 -6.932058334350585938e-01 -6.932058334350585938e-01 -1.697445809841156006e-01 5.635871887207031250e-01 -6.932058334350585938e-01 -6.932058334350585938e-01 1.539058566093444824e+00 2.391719371080398560e-01 -6.932058334350585938e-01 -6.932058334350585938e-01 -6.932058334350585938e-01
2.606854438781738281e+00 -7.270654439926147461e-01 -2.140188217163085938e-01 -7.270654439926147461e-01 -7.270654439926147461e-01 -7.270654439926147461e-01 -7.270654439926147461e-01 -7.270654439926147461e-01 -7.270654439926147461e-01 4.818383216857910156e+00 -7.270654439926147461e-01 -7.270654439926147461e-01 -7.270654439926147461e-01 2.926487684249877930e+00 -7.270654439926147461e-01 -7.270654439926147461e-01 -2.140188217163085938e-01 -7.270654439926147461e-01 -7.270654439926147461e-01 9.822916984558105469e-01 -7.270654439926147461e-01
-5.871812701225280762e-01 -5.871812701225280762e-01 -5.871812701225280762e-01 -5.871812701225280762e-01 5.318994522094726562e+00 -5.871812701225280762e-01 4.096088409423828125e-01 -5.871812701225280762e-01 -5.871812701225280762e-01 -5.871812701225280762e-01 -5.871812701225280762e-01 -5.871812701225280762e-01 -5.871812701225280762e-01 -5.871812701225280762e-01 -5.871812701225280762e-01 -5.871812701225280762e-01 1.263274669647216797e+00 -5.871812701225280762e-01 -5.871812701225280762e-01 2.990167856216430664e+00 -5.871812701225280762e-01
-3.168258368968963623e-01 -3.168258368968963623e-01 -3.168258368968963623e-01 -3.168258368968963623e-01 6.336553096771240234e+00 -3.168258368968963623e-01 -3.168258368968963623e-01 -3.168258368968963623e-01 -3.168258368968963623e-01 -3.168258368968963623e-01 -3.168258368968963623e-01 -3.168258368968963623e-01 -3.168258368968963623e-01 -3.168258368968963623e-01 -3.168258368968963623e-01 -3.168258368968963623e-01 -3.168258368968963623e-01 -3.168258368968963623e-01 -3.168258368968963623e-01 -3.168258368968963623e-01 -3.168258368968963623e-01
