-3.168244659900665283e-01 6.336499691009521484e+00 -3.168244659900665283e-01 -3.168244659900665283e-01 -3.168244659900665283e-01 -3.168244659900665283e-01 -3.168244659900665283e-01 -3.168244659900665283e-01 -3.168244659900665283e-01 -3.168244659900665283e-01 -3.168244659900665283e-01 -3.168244659900665283e-01 -3.168244659900665283e-01 -3.168244659900665283e-01 -3.168244659900665283e-01 -3.168244659900665283e-01 -3.168244659900665283e-01 -3.168244659900665283e-01 -3.168244659900665283e-01 -3.168244659900665283e-01 -3.168244659900665283e-01
5.539118289947509766e+00 -4.930566549301147461e-01 -4.930566549301147461e-01 -4.930566549301147461e-01 -4.930566549301147461e-01 -4.930566549301147461e-01 -4.930566549301147461e-01 -4.930566549301147461e-01 -4.930566549301147461e-01 -4.930566549301147461e-01 -4.930566549301147461e-01 -4.930566549301147461e-01 -4.930566549301147461e-01 -4.930566549301147461e-01 -4.930566549301147461e-01 3.829358816146850586e+00 -4.930566549301147461e-01 -4.930566549301147461e-01 -4.930566549301147461e-01 -4.930566549301147461e-01 -4.930566549301147461e-01
2.249615430831909180e+00 -4.750845134258270264e-01 -1.199480295181274414e+00 -7.959048748016357422e-01 -1.199480295181274414e+00 4.916983842849731445e-01 -1.199480295181274414e+00 4.916983842849731445e-01 -7.959048748016357422e-01 3.502416908740997314e-01 -7.959048748016357422e-01 3.939073067158460617e-03 -2.138718664646148682e-01 -1.199480295181274414e+00 1.894420683383941650e-01 3.512619733810424805e+00 1.764330506324768066e+00 4.916983842849731445e-01 3.939073067158460617e-03 -4.750845134258270264e-01 -1.199480295181274414e+00
-1.472107768058776855e-01 -1.304111599922180176e+00 -9.182525873184204102e-01 3.314922749996185303e-02 -9.182525873184204102e-01 1.929003000259399414e+00 -9.182525873184204102e-01 -1.472107768058776855e-01 -1.304111599922180176e+00 3.282402753829956055e-01 3.314922749996185303e-02 1.899472177028656006e-01 -9.182525873184204102e-01 1.929003000259399414e+00 2.091578245162963867e+00 2.874532461166381836e+00 9.956282973289489746e-01 -1.304111599922180176e+00 -6.101904511451721191e-01 -6.101904511451721191e-01 -1.304111599922180176e+00
-8.028826117515563965e-01 -8.028826117515563965e-01 2.649534702301025391e+00 7.278241217136383057e-02 -3.118314445018768311e-01 -8.028826117515563965e-01 -8.028826117515563965e-01 -8.028826117515563965e-01 -8.028826117515563965e-01 1.909164547920227051e+00 -8.028826117515563965e-01 -8.028826117515563965e-01 -8.028826117515563965e-01 6.312839388847351074e-01 -8.028826117515563965e-01 -8.028826117515563965e-01 -3.118314445018768311e-01 -3.118314445018768311e-01 -8.028826117515563965e-01 6.312839388847351074e-01 4.675887584686279297e+00
-3.445976078510284424e-01 -3.445976078510284424e-01 -3.445976078510284424e-01 -3.445976078510284424e-01 -3.445976078510284424e-01 -3.445976078510284424e-01 -3.445976078510284424e-01 -3.445976078510284424e-01 -3.445976078510284424e-01 -3.445976078510284424e-01 -3.445976078510284424e-01 -3.445976078510284424e-01 -3.445976078510284424e-01 -3.445976078510284424e-01 -3.445976078510284424e-01 3.263325989246368408e-01 -3.445976078510284424e-01 -3.445976078510284424e-01 -3.445976078510284424e-01 -3.445976078510284424e-01 6.221049785614013672e+00
-3.168272972106933594e-01 -3.168272972106933594e-01 -3.168272972106933594e-01 -3.168272972106933594e-01 -3.168272972106933594e-01 -3.168272972106933594e-01 -3.168272972106933594e-01 -3.168272972106933594e-01 -3.168272972106933594e-01 -3.168272972106933594e-01 -3.168272972106933594e-01 -3.168272972106933594e-01 -3.168272972106933594e-01 -3.168272972106933594e-01 -3.168272972106933594e-01 -3.168272972106933594e-01 -3.168272972106933594e-01 -3.168272972106933594e-01 -3.168272972106933594e-01 -3.168272972106933594e-01 6.336498737335205078e+00
-3.168272972106933594e-01 -3.168272972106933594e-01 -3.168272972106933594e-01 -3.168272972106933594e-01 -3.168272972106933594e-01 -3.168272972106933594e-01 -3.168272972106933594e-01 -3.168272972106933594e-01 -3.168272972106933594e-01 -3.168272972106933594e-01 -3.168272972106933594e-01 -3.168272972106933594e-01 -3.168272972106933594e-01 -3.168272972106933594e-01 -3.168272972106933594e-01 -3.168272972106933594e-01 -3.168272972106933594e-01 -3.168272972106933594e-01 -3.168272972106933594e-01 -3.168272972106933594e-01 6.336498737335205078e+00
-7.072035670280456543e-01 -7.072035670280456543e-01 -7.072035670280456543e-01 -7.072035670280456543e-01 -7.072035670280456543e-01 1.635873794555664062e+00 -7.072035670280456543e-01 -1.881403177976608276e-01 2.173894196748733521e-01 -7.072035670280456543e-01 -7.072035670280456543e-01 -7.072035670280456543e-01 1.852686762809753418e+00 -7.072035670280456543e-01 -7.072035670280456543e-01 2.173894196748733521e-01 2.173894196748733521e-01 2.173894196748733521e-01 -7.072035670280456543e-01 -7.072035670280456543e-01 5.023679733276367188e+00
-3.471106663346290588e-02 -1.073718905448913574e+00 -3.083288967609405518e-01 1.922066360712051392e-01 -6.463240385055541992e-01 1.231758356094360352e+00 -6.463240385055541992e-01 -3.083288967609405518e-01 -1.073718905448913574e+00 1.143306016921997070e+00 -1.073718905448913574e+00 -1.073718905448913574e+00 3.845578134059906006e-01 3.845578134059906006e-01 1.922066360712051392e-01 1.922066360712051392e-01 1.922066360712051392e-01 -3.471106663346290588e-02 -6.463240385055541992e-01 -1.073718905448913574e+00 4.080577850341796875e+00
1.365704178810119629e+00 -1.200795173645019531e+00 -2.157253324985504150e-01 3.481823801994323730e-01 -7.974571585655212402e-01 8.319498896598815918e-01 -1.200795173645019531e+00 -1.200795173645019531e+00 -4.768184721469879150e-01 4.896052777767181396e-01 -1.200795173645019531e+00 -2.157253324985504150e-01 3.481823801994323730e-01 1.997838262468576431e-03 4.896052777767181396e-01 -2.157253324985504150e-01 -2.157253324985504150e-01 6.155804395675659180e-01 -4.768184721469879150e-01 -7.974571585655212402e-01 3.723816156387329102e+00
1.236286282539367676e+00 -1.311646223068237305e+00 2.612572431564331055e+00 1.855707645416259766e+00 -1.311646223068237305e+00 1.973189353942871094e+00 -9.269901514053344727e-01 -1.311646223068237305e+00 -9.269901514053344727e-01 -9.269901514053344727e-01 -9.269901514053344727e-01 7.448465824127197266e-01 -9.269901514053344727e-01 -9.269901514053344727e-01 3.166568279266357422e-01 7.448465824127197266e-01 8.302716612815856934e-01 -3.684917092323303223e-01 -1.311646223068237305e+00 -1.311646223068237305e+00 2.174225091934204102e+00
1.227217197418212891e+00 -1.521585226058959961e+00 -2.778068184852600098e-01 2.300178855657577515e-01 -1.521585226058959961e+00 1.186044931411743164e+00 4.010491538792848587e-03 -1.167682170867919922e+00 -1.521585226058959961e+00 2.009696483612060547e+00 5.781247019767761230e-01 -1.167682170867919922e+00 -8.825914263725280762e-01 1.304970264434814453e+00 8.978757858276367188e-01 4.178480207920074463e-01 4.010491538792848587e-03 1.226615756750106812e-01 1.226615756750106812e-01 -1.521585226058959961e+00 1.477155566215515137e+00
1.090004593133926392e-01 -9.764745235443115234e-01 1.407487154006958008e+00 -5.284084677696228027e-01 -9.764745235443115234e-01 -5.284084677696228027e-01 -9.764745235443115234e-01 -9.764745235443115234e-01 -9.764745235443115234e-01 -1.754067540168762207e-01 -5.284084677696228027e-01 4.308387279510498047e+00 1.112607359886169434e+00 -9.764745235443115234e-01 -1.754067540168762207e-01 7.126581072807312012e-01 7.126581072807312012e-01 -1.754067540168762207e-01 -5.284084677696228027e-01 -9.764745235443115234e-01 1.112607359886169434e+00
-9.056921005249023438e-01 -9.056921005249023438e-01 2.272037744522094727e+00 -7.608328759670257568e-02 -9.056921005249023438e-01 9.872797131538391113e-01 -4.411309659481048584e-01 -9.056921005249023438e-01 -9.056921005249023438e-01 2.169835120439529419e-01 -9.056921005249023438e-01 -7.608328759670257568e-02 -4.411309659481048584e-01 -4.411309659481048584e-01 -4.411309659481048584e-01 1.775504827499389648e+00 4.427563190460205078e+00 -9.056921005249023438e-01 -9.056921005249023438e-01 -7.608328759670257568e-02 -4.411309659481048584e-01
-4.475836083292961121e-02 -8.837212920188903809e-01 -4.475836083292961121e-02 -4.475836083292961121e-02 -4.475836083292961121e-02 4.535523414611816406e+00 -8.837212920188903809e-01 2.175158023834228516e+00 -8.837212920188903809e-01 8.742164969444274902e-01 -8.837212920188903809e-01 6.988158822059631348e-01 -8.837212920188903809e-01 -4.137531816959381104e-01 -8.837212920188903809e-01 -4.475836083292961121e-02 -4.137531816959381104e-01 -4.137531816959381104e-01 -8.837212920188903809e-01 2.511601746082305908e-01 -8.837212920188903809e-01
-1.249710023403167725e-01 -6.594440937042236328e-01 -1.249710023403167725e-01 5.185563087463378906e+00 -6.594440937042236328e-01 1.303854584693908691e+00 -6.594440937042236328e-01 -1.249710023403167725e-01 -6.594440937042236328e-01 -1.249710023403167725e-01 -6.594440937042236328e-01 -6.594440937042236328e-01 -1.249710023403167725e-01 -1.249710023403167725e-01 -6.594440937042236328e-01 -6.594440937042236328e-01 8.914013504981994629e-01 6.230501532554626465e-01 -6.594440937042236328e-01 -6.594440937042236328e-01 -6.594440937042236328e-01
2.466504573822021484e+00 -2.388021945953369141e-01 -2.388021945953369141e-01 -7.460425496101379395e-01 -7.460425496101379395e-01 -7.460425496101379395e-01 -7.460425496101379395e-01 -7.460425496101379395e-01 -7.460425496101379395e-01 4.789731025695800781e+00 -7.460425496101379395e-01 -7.460425496101379395e-01 -7.460425496101379395e-01 2.774793386459350586e+00 -7.460425496101379395e-01 -7.460425496101379395e-01 -2.388021945953369141e-01 -7.460425496101379395e-01 -7.460425496101379395e-01 1.130033850669860840e+00 -7.460425496101379395e-01
-5.937879085540771484e-01 -5.937879085540771484e-01 -5.937879085540771484e-01 -5.937879085540771484e-01 5.310466289520263672e+00 -5.937879085540771484e-01 3.984219729900360107e-01 -5.937879085540771484e-01 -5.937879085540771484e-01 -5.937879085540771484e-01 -5.937879085540771484e-01 -5.937879085540771484e-01 -5.937879085540771484e-01 -5.937879085540771484e-01 -5.937879085540771484e-01 -5.937879085540771484e-01 1.611666917800903320e+00 -5.937879085540771484e-01 -5.937879085540771484e-01 2.773770809173583984e+00 -5.937879085540771484e-01
-3.168269693851470947e-01 -3.168269693851470947e-01 -3.168269693851470947e-01 -3.168269693851470947e-01 6.336521625518798828e+00 -3.168269693851470947e-01 -3.168269693851470947e-01 -3.168269693851470947e-01 -3.168269693851470947e-01 -3.168269693851470947e-01 -3.168269693851470947e-01 -3.168269693851470947e-01 -3.168269693851470947e-01 -3.168269693851470947e-01 -3.168269693851470947e-01 -3.168269693851470947e-01 -3.168269693851470947e-01 -3.168269693851470947e-01 -3.168269693851470947e-01 -3.168269693851470947e-01 -3.168269693851470947e-01
