-3.168310821056365967e-01 6.336484432220458984e+00 -3.168310821056365967e-01 -3.168310821056365967e-01 -3.168310821056365967e-01 -3.168310821056365967e-01 -3.168310821056365967e-01 -3.168310821056365967e-01 -3.168310821056365967e-01 -3.168310821056365967e-01 -3.168310821056365967e-01 -3.168310821056365967e-01 -3.168310821056365967e-01 -3.168310821056365967e-01 -3.168310821056365967e-01 -3.168310821056365967e-01 -3.168310821056365967e-01 -3.168310821056365967e-01 -3.168310821056365967e-01 -3.168310821056365967e-01 -3.168310821056365967e-01
5.531846046447753906e+00 -4.939253032207489014e-01 -4.939253032207489014e-01 -4.939253032207489014e-01 -4.939253032207489014e-01 -4.939253032207489014e-01 -4.939253032207489014e-01 -4.939253032207489014e-01 -4.939253032207489014e-01 -4.939253032207489014e-01 -4.939253032207489014e-01 -4.939253032207489014e-01 -4.939253032207489014e-01 -4.939253032207489014e-01 -4.939253032207489014e-01 3.852885484695434570e+00 -4.939253032207489014e-01 -4.939253032207489014e-01 -4.939253032207489014e-01 -4.939253032207489014e-01 -4.939253032207489014e-01
2.381109476089477539e+00 -7.741436362266540527e-01 -1.181035757064819336e+00 -7.741436362266540527e-01 -1.181035757064819336e+00 6.475875377655029297e-01 -1.181035757064819336e+00 5.211077332496643066e-01 -7.741436362266540527e-01 2.175143212080001831e-01 -7.741436362266540527e-01 2.175143212080001831e-01 -7.741436362266540527e-01 -1.181035757064819336e+00 2.175143212080001831e-01 3.531329393386840820e+00 1.754685997962951660e+00 5.211077332496643066e-01 2.175143212080001831e-01 -4.509952962398529053e-01 -1.181035757064819336e+00
-3.533554375171661377e-01 -1.300509691238403320e+00 -6.056466102600097656e-01 1.953335106372833252e-01 -9.140775203704833984e-01 1.935152292251586914e+00 -6.056466102600097656e-01 -6.056466102600097656e-01 -1.300509691238403320e+00 3.337383866310119629e-01 -1.421215683221817017e-01 3.337383866310119629e-01 -9.140775203704833984e-01 1.935152292251586914e+00 2.046344280242919922e+00 2.926145553588867188e+00 8.482661247253417969e-01 -1.300509691238403320e+00 -6.056466102600097656e-01 -6.056466102600097656e-01 -1.300509691238403320e+00
-8.536009192466735840e-01 -8.536009192466735840e-01 2.578849315643310547e+00 -1.456323545426130295e-03 -8.536009192466735840e-01 -3.760052621364593506e-01 -8.536009192466735840e-01 -8.536009192466735840e-01 -8.536009192466735840e-01 1.642410993576049805e+00 -8.536009192466735840e-01 -8.536009192466735840e-01 -1.456323545426130295e-03 1.082581877708435059e+00 -8.536009192466735840e-01 -8.536009192466735840e-01 -3.760052621364593506e-01 -1.456323545426130295e-03 -8.536009192466735840e-01 2.985001504421234131e-01 4.543569087982177734e+00
-3.445578813552856445e-01 -3.445578813552856445e-01 -3.445578813552856445e-01 -3.445578813552856445e-01 -3.445578813552856445e-01 -3.445578813552856445e-01 -3.445578813552856445e-01 -3.445578813552856445e-01 -3.445578813552856445e-01 -3.445578813552856445e-01 -3.445578813552856445e-01 -3.445578813552856445e-01 -3.445578813552856445e-01 -3.445578813552856445e-01 -3.445578813552856445e-01 3.256676495075225830e-01 -3.445578813552856445e-01 -3.445578813552856445e-01 -3.445578813552856445e-01 -3.445578813552856445e-01 6.221144676208496094e+00
-3.168301284313201904e-01 -3.168301284313201904e-01 -3.168301284313201904e-01 -3.168301284313201904e-01 -3.168301284313201904e-01 -3.168301284313201904e-01 -3.168301284313201904e-01 -3.168301284313201904e-01 -3.168301284313201904e-01 -3.168301284313201904e-01 -3.168301284313201904e-01 -3.168301284313201904e-01 -3.168301284313201904e-01 -3.168301284313201904e-01 -3.168301284313201904e-01 -3.168301284313201904e-01 -3.168301284313201904e-01 -3.168301284313201904e-01 -3.168301284313201904e-01 -3.168301284313201904e-01 6.336570739746093750e+00
-3.168301284313201904e-01 -3.168301284313201904e-01 -3.168301284313201904e-01 -3.168301284313201904e-01 -3.168301284313201904e-01 -3.168301284313201904e-01 -3.168301284313201904e-01 -3.168301284313201904e-01 -3.168301284313201904e-01 -3.168301284313201904e-01 -3.168301284313201904e-01 -3.168301284313201904e-01 -3.168301284313201904e-01 -3.168301284313201904e-01 -3.168301284313201904e-01 -3.168301284313201904e-01 -3.168301284313201904e-01 -3.168301284313201904e-01 -3.168301284313201904e-01 -3.168301284313201904e-01 6.336570739746093750e+00
-6.965656280517578125e-01 -6.965656280517578125e-01 -6.965656280517578125e-01 -6.965656280517578125e-01 -6.965656280517578125e-01 1.041080832481384277e+00 -6.965656280517578125e-01 -6.965656280517578125e-01 2.338917553424835205e-01 -1.741843521595001221e-01 -6.965656280517578125e-01 -6.965656280517578125e-01 1.658612012863159180e+00 -6.965656280517578125e-01 -6.965656280517578125e-01 2.338917553424835205e-01 2.338917553424835205e-01 2.338917553424835205e-01 -1.741843521595001221e-01 -6.965656280517578125e-01 5.071949958801269531e+00
-2.274888604879379272e-01 -1.014236569404602051e+00 -5.744037032127380371e-01 2.842433154582977295e-01 -5.744037032127380371e-01 1.569212436676025391e+00 -2.274888604879379272e-01 -5.744037032127380371e-01 -1.014236569404602051e+00 1.249026656150817871e+00 -1.014236569404602051e+00 -1.014236569404602051e+00 5.258388072252273560e-02 2.842433154582977295e-01 2.842433154582977295e-01 5.258388072252273560e-02 5.258388072252273560e-02 -2.274888604879379272e-01 -1.014236569404602051e+00 -5.744037032127380371e-01 4.222760200500488281e+00
1.244009613990783691e+00 -1.156544327735900879e+00 -1.534875333309173584e-01 -1.534875333309173584e-01 -7.451258301734924316e-01 5.604632496833801270e-01 -7.451258301734924316e-01 -1.156544327735900879e+00 -4.187560379505157471e-01 5.604632496833801270e-01 -1.156544327735900879e+00 6.732594221830368042e-02 6.732594221830368042e-02 4.176188707351684570e-01 9.056589603424072266e-01 -4.187560379505157471e-01 -4.187560379505157471e-01 4.176188707351684570e-01 -4.187560379505157471e-01 -1.156544327735900879e+00 3.857876300811767578e+00
1.355257749557495117e+00 -1.304463148117065430e+00 2.710367441177368164e+00 1.770079255104064941e+00 -1.304463148117065430e+00 1.957312583923339844e+00 -6.106928586959838867e-01 -1.304463148117065430e+00 -9.186692833900451660e-01 -9.186692833900451660e-01 -9.186692833900451660e-01 4.510963857173919678e-01 -9.186692833900451660e-01 -6.106928586959838867e-01 3.276565968990325928e-01 5.623919963836669922e-01 6.636110544204711914e-01 -6.106928586959838867e-01 -1.304463148117065430e+00 -1.304463148117065430e+00 2.231199264526367188e+00
1.335643529891967773e+00 -1.525380611419677734e+00 -4.539047777652740479e-01 4.120351672172546387e-01 -1.525380611419677734e+00 1.092428803443908691e+00 -2.831687927246093750e-01 -1.172047019004821777e+00 -1.525380611419677734e+00 1.945255041122436523e+00 4.950909018516540527e-01 -1.172047019004821777e+00 -8.873563408851623535e-01 1.179956316947937012e+00 1.045759081840515137e+00 3.221560120582580566e-01 2.243032902479171753e-01 3.221560120582580566e-01 2.243032902479171753e-01 -1.525380611419677734e+00 1.470996022224426270e+00
9.268324077129364014e-02 -9.873058795928955078e-01 1.686651945114135742e+00 -5.416306853294372559e-01 -9.873058795928955078e-01 -5.416306853294372559e-01 -9.873058795928955078e-01 -9.873058795928955078e-01 -9.873058795928955078e-01 9.268324077129364014e-02 -5.416306853294372559e-01 4.249879360198974609e+00 1.387495756149291992e+00 -9.873058795928955078e-01 -1.904576569795608521e-01 1.093188762664794922e+00 3.265849947929382324e-01 -1.904576569795608521e-01 -9.873058795928955078e-01 -9.873058795928955078e-01 9.749453663825988770e-01
-4.697334766387939453e-01 -9.287846684455871582e-01 2.349904537200927734e+00 -1.087892279028892517e-01 -9.287846684455871582e-01 1.079596519470214844e+00 -4.697334766387939453e-01 -9.287846684455871582e-01 -9.287846684455871582e-01 1.813603043556213379e-01 -9.287846684455871582e-01 -1.087892279028892517e-01 -9.287846684455871582e-01 -4.697334766387939453e-01 -4.697334766387939453e-01 1.862309217453002930e+00 4.341732025146484375e+00 -9.287846684455871582e-01 -9.287846684455871582e-01 1.813603043556213379e-01 -4.697334766387939453e-01
-4.639597237110137939e-01 -9.241239428520202637e-01 4.279879331588745117e-01 -4.639597237110137939e-01 -1.022095084190368652e-01 4.415375709533691406e+00 -9.241239428520202637e-01 2.143377065658569336e+00 -4.639597237110137939e-01 1.088091969490051270e+00 -9.241239428520202637e-01 9.542073011398315430e-01 -9.241239428520202637e-01 -4.639597237110137939e-01 -9.241239428520202637e-01 -1.022095084190368652e-01 -4.639597237110137939e-01 -4.639597237110137939e-01 -9.241239428520202637e-01 4.279879331588745117e-01 -9.241239428520202637e-01
-7.210022807121276855e-01 -7.210022807121276855e-01 -2.062082737684249878e-01 5.008811473846435547e+00 -7.210022807121276855e-01 1.179131269454956055e+00 -7.210022807121276855e-01 1.961009055376052856e-01 -2.062082737684249878e-01 -2.062082737684249878e-01 -7.210022807121276855e-01 -7.210022807121276855e-01 -2.062082737684249878e-01 5.160053968429565430e-01 -7.210022807121276855e-01 -7.210022807121276855e-01 1.339655041694641113e+00 5.160053968429565430e-01 -7.210022807121276855e-01 -7.210022807121276855e-01 -7.210022807121276855e-01
2.492044448852539062e+00 -7.346167564392089844e-01 -2.239862233400344849e-01 -7.346167564392089844e-01 -7.346167564392089844e-01 -7.346167564392089844e-01 -7.346167564392089844e-01 -7.346167564392089844e-01 -7.346167564392089844e-01 4.784510135650634766e+00 -7.346167564392089844e-01 -7.346167564392089844e-01 -7.346167564392089844e-01 3.038381576538085938e+00 -7.346167564392089844e-01 -7.346167564392089844e-01 -2.239862233400344849e-01 -7.346167564392089844e-01 -7.346167564392089844e-01 1.152350664138793945e+00 -7.346167564392089844e-01
-5.960022211074829102e-01 -5.960022211074829102e-01 -5.960022211074829102e-01 -5.960022211074829102e-01 5.286175727844238281e+00 -5.960022211074829102e-01 3.946771621704101562e-01 -5.960022211074829102e-01 -5.960022211074829102e-01 -5.960022211074829102e-01 -5.960022211074829102e-01 -5.960022211074829102e-01 -5.960022211074829102e-01 -5.960022211074829102e-01 -5.960022211074829102e-01 -5.960022211074829102e-01 1.439100027084350586e+00 -5.960022211074829102e-01 -5.960022211074829102e-01 3.012033700942993164e+00 -5.960022211074829102e-01
-3.168311417102813721e-01 -3.168311417102813721e-01 -3.168311417102813721e-01 -3.168311417102813721e-01 6.336528301239013672e+00 -3.168311417102813721e-01 -3.168311417102813721e-01 -3.168311417102813721e-01 -3.168311417102813721e-01 -3.168311417102813721e-01 -3.168311417102813721e-01 -3.168311417102813721e-01 -3.168311417102813721e-01 -3.168311417102813721e-01 -3.168311417102813721e-01 -3.168311417102813721e-01 -3.168311417102813721e-01 -3.168311417102813721e-01 -3.168311417102813721e-01 -3.168311417102813721e-01 -3.168311417102813721e-01
