-3.168237209320068359e-01 6.336523056030273438e+00 -3.168237209320068359e-01 -3.168237209320068359e-01 -3.168237209320068359e-01 -3.168237209320068359e-01 -3.168237209320068359e-01 -3.168237209320068359e-01 -3.168237209320068359e-01 -3.168237209320068359e-01 -3.168237209320068359e-01 -3.168237209320068359e-01 -3.168237209320068359e-01 -3.168237209320068359e-01 -3.168237209320068359e-01 -3.168237209320068359e-01 -3.168237209320068359e-01 -3.168237209320068359e-01 -3.168237209320068359e-01 -3.168237209320068359e-01 -3.168237209320068359e-01
5.510001182556152344e+00 -4.963022470474243164e-01 -4.963022470474243164e-01 -4.963022470474243164e-01 -4.963022470474243164e-01 -4.963022470474243164e-01 -4.963022470474243164e-01 -4.963022470474243164e-01 -4.963022470474243164e-01 -4.963022470474243164e-01 -4.963022470474243164e-01 -4.963022470474243164e-01 -4.963022470474243164e-01 -4.963022470474243164e-01 -4.963022470474243164e-01 3.919788599014282227e+00 -4.963022470474243164e-01 -4.963022470474243164e-01 -4.963022470474243164e-01 -4.963022470474243164e-01 -4.963022470474243164e-01
2.494971990585327148e+00 -4.335123300552368164e-01 -1.167770504951477051e+00 -1.167770504951477051e+00 -1.167770504951477051e+00 6.692271828651428223e-01 -1.167770504951477051e+00 5.424020886421203613e-01 -7.584335803985595703e-01 2.378443628549575806e-01 -7.584335803985595703e-01 5.068774148821830750e-02 -4.335123300552368164e-01 -1.167770504951477051e+00 2.378443628549575806e-01 3.555726528167724609e+00 1.640333294868469238e+00 6.692271828651428223e-01 5.068774148821830750e-02 -7.584335803985595703e-01 -1.167770504951477051e+00
-3.056817352771759033e-01 -1.265703201293945312e+00 -8.735113143920898438e-01 3.876234889030456543e-01 -8.735113143920898438e-01 1.965485572814941406e+00 -1.265703201293945312e+00 -3.056817352771759033e-01 -1.265703201293945312e+00 2.481903135776519775e-01 -9.223502129316329956e-02 2.481903135776519775e-01 -8.735113143920898438e-01 2.079946756362915039e+00 2.230804681777954102e+00 2.942016363143920898e+00 9.848435521125793457e-01 -1.265703201293945312e+00 -8.735113143920898438e-01 -5.609451532363891602e-01 -1.265703201293945312e+00
-8.668034076690673828e-01 -8.668034076690673828e-01 2.655242443084716797e+00 -3.926524519920349121e-01 -2.050350420176982880e-02 -3.926524519920349121e-01 -8.668034076690673828e-01 -8.668034076690673828e-01 -8.668034076690673828e-01 1.315366506576538086e+00 -8.668034076690673828e-01 -8.668034076690673828e-01 -2.050350420176982880e-02 9.044995903968811035e-01 -8.668034076690673828e-01 -8.668034076690673828e-01 -3.926524519920349121e-01 -2.050350420176982880e-02 -8.668034076690673828e-01 5.224668979644775391e-01 4.509869098663330078e+00
-3.713758289813995361e-01 -3.713758289813995361e-01 -3.713758289813995361e-01 -3.713758289813995361e-01 -3.713758289813995361e-01 -3.713758289813995361e-01 -3.713758289813995361e-01 -3.713758289813995361e-01 -3.713758289813995361e-01 -3.713758289813995361e-01 -3.713758289813995361e-01 -3.713758289813995361e-01 2.844595015048980713e-01 -3.713758289813995361e-01 -3.713758289813995361e-01 2.844595015048980713e-01 -3.713758289813995361e-01 -3.713758289813995361e-01 -3.713758289813995361e-01 -3.713758289813995361e-01 6.115860462188720703e+00
-3.168269395828247070e-01 -3.168269395828247070e-01 -3.168269395828247070e-01 -3.168269395828247070e-01 -3.168269395828247070e-01 -3.168269395828247070e-01 -3.168269395828247070e-01 -3.168269395828247070e-01 -3.168269395828247070e-01 -3.168269395828247070e-01 -3.168269395828247070e-01 -3.168269395828247070e-01 -3.168269395828247070e-01 -3.168269395828247070e-01 -3.168269395828247070e-01 -3.168269395828247070e-01 -3.168269395828247070e-01 -3.168269395828247070e-01 -3.168269395828247070e-01 -3.168269395828247070e-01 6.336544990539550781e+00
-3.168269395828247070e-01 -3.168269395828247070e-01 -3.168269395828247070e-01 -3.168269395828247070e-01 -3.168269395828247070e-01 -3.168269395828247070e-01 -3.168269395828247070e-01 -3.168269395828247070e-01 -3.168269395828247070e-01 -3.168269395828247070e-01 -3.168269395828247070e-01 -3.168269395828247070e-01 -3.168269395828247070e-01 -3.168269395828247070e-01 -3.168269395828247070e-01 -3.168269395828247070e-01 -3.168269395828247070e-01 -3.168269395828247070e-01 -3.168269395828247070e-01 -3.168269395828247070e-01 6.336544990539550781e+00
-7.110353112220764160e-01 -7.110353112220764160e-01 -7.110353112220764160e-01 -7.110353112220764160e-01 -7.110353112220764160e-01 1.844365596771240234e+00 -7.110353112220764160e-01 -1.932845711708068848e-01 2.114299386739730835e-01 -1.932845711708068848e-01 -7.110353112220764160e-01 -7.110353112220764160e-01 1.501561641693115234e+00 -7.110353112220764160e-01 -7.110353112220764160e-01 -1.932845711708068848e-01 -1.932845711708068848e-01 2.114299386739730835e-01 -1.932845711708068848e-01 -7.110353112220764160e-01 5.018992424011230469e+00
-2.047551982104778290e-02 -1.063924908638000488e+00 -2.951089143753051758e-01 5.666608214378356934e-01 -6.345364451408386230e-01 1.407231688499450684e+00 -2.951089143753051758e-01 -2.951089143753051758e-01 -1.063924908638000488e+00 8.422963023185729980e-01 -1.063924908638000488e+00 -1.063924908638000488e+00 4.001340866088867188e-01 -2.047551982104778290e-02 -2.047551982104778290e-02 2.072100341320037842e-01 2.072100341320037842e-01 -6.345364451408386230e-01 -6.345364451408386230e-01 -6.345364451408386230e-01 4.109968185424804688e+00
1.243438124656677246e+00 -1.156880855560302734e+00 -4.191713631153106689e-01 4.171077013015747070e-01 -1.156880855560302734e+00 5.599390268325805664e-01 -7.455395460128784180e-01 -1.156880855560302734e+00 -4.191713631153106689e-01 5.599390268325805664e-01 -1.156880855560302734e+00 -1.539428830146789551e-01 4.171077013015747070e-01 2.545801997184753418e-01 9.051154255867004395e-01 6.684468686580657959e-02 -4.191713631153106689e-01 4.171077013015747070e-01 -7.455395460128784180e-01 -1.156880855560302734e+00 3.845787286758422852e+00
1.321285843849182129e+00 -1.324821591377258301e+00 2.589750528335571289e+00 1.922544240951538086e+00 -1.324821591377258301e+00 1.893633604049682617e+00 -6.365994215011596680e-01 -1.324821591377258301e+00 -9.422476291656494141e-01 -1.324821591377258301e+00 -6.365994215011596680e-01 2.965293228626251221e-01 -9.422476291656494141e-01 -3.863425552845001221e-01 4.194885790348052979e-01 4.194885790348052979e-01 8.880895376205444336e-01 -3.863425552845001221e-01 -1.324821591377258301e+00 -1.324821591377258301e+00 2.128515005111694336e+00
1.312984108924865723e+00 -1.539649486541748047e+00 -4.731101691722869873e-01 3.905508816242218018e-01 -1.539649486541748047e+00 9.745813012123107910e-01 -3.029363155364990234e-01 -9.048189520835876465e-01 -1.539649486541748047e+00 1.860468268394470215e+00 5.504883527755737305e-01 -1.188141107559204102e+00 -9.048189520835876465e-01 1.448228955268859863e+00 9.234218597412109375e-01 3.905508816242218018e-01 3.008455932140350342e-01 3.008455932140350342e-01 2.031949162483215332e-01 -1.539649486541748047e+00 1.276224017143249512e+00
1.027188822627067566e-01 -9.806252121925354004e-01 1.559873461723327637e+00 -5.335051417350769043e-01 -9.806252121925354004e-01 -5.335051417350769043e-01 -9.806252121925354004e-01 -5.335051417350769043e-01 -9.806252121925354004e-01 1.027188822627067566e-01 -5.335051417350769043e-01 4.300079822540283203e+00 1.105150341987609863e+00 -9.806252121925354004e-01 -1.811849176883697510e-01 8.546372056007385254e-01 5.351723432540893555e-01 -5.335051417350769043e-01 -5.335051417350769043e-01 -9.806252121925354004e-01 7.055897116661071777e-01
-4.432970583438873291e-01 -9.073983430862426758e-01 2.268525838851928711e+00 -7.854793220758438110e-02 -9.073983430862426758e-01 9.841660857200622559e-01 -4.432970583438873291e-01 -9.073983430862426758e-01 -9.073983430862426758e-01 2.142863422632217407e-01 -9.073983430862426758e-01 2.142863422632217407e-01 -9.073983430862426758e-01 -7.854793220758438110e-02 -4.432970583438873291e-01 1.621504545211791992e+00 4.429264545440673828e+00 -9.073983430862426758e-01 -9.073983430862426758e-01 -7.854793220758438110e-02 -9.073983430862426758e-01
-4.119221568107604980e-01 -8.822048902511596680e-01 4.968072474002838135e-01 -4.262649267911911011e-02 -4.262649267911911011e-02 4.523677825927734375e+00 -8.822048902511596680e-01 2.126457929611206055e+00 -8.822048902511596680e-01 1.395422220230102539e+00 -8.822048902511596680e-01 8.768897652626037598e-01 -8.822048902511596680e-01 -8.822048902511596680e-01 -8.822048902511596680e-01 -4.119221568107604980e-01 -4.119221568107604980e-01 -4.119221568107604980e-01 -8.822048902511596680e-01 2.534746229648590088e-01 -8.822048902511596680e-01
-1.287177801132202148e-01 -6.621191501617431641e-01 -1.287177801132202148e-01 5.169973850250244141e+00 -6.621191501617431641e-01 1.108893394470214844e+00 -6.621191501617431641e-01 2.879177629947662354e-01 -1.287177801132202148e-01 -6.621191501617431641e-01 -6.621191501617431641e-01 -6.621191501617431641e-01 -6.621191501617431641e-01 -1.287177801132202148e-01 -6.621191501617431641e-01 -6.621191501617431641e-01 1.605608224868774414e+00 2.879177629947662354e-01 -6.621191501617431641e-01 -6.621191501617431641e-01 -6.621191501617431641e-01
2.376499414443969727e+00 -2.285062968730926514e-01 -2.285062968730926514e-01 -7.380504012107849121e-01 -7.380504012107849121e-01 -7.380504012107849121e-01 -7.380504012107849121e-01 -7.380504012107849121e-01 -7.380504012107849121e-01 4.813693046569824219e+00 -7.380504012107849121e-01 -7.380504012107849121e-01 -7.380504012107849121e-01 2.866450071334838867e+00 -7.380504012107849121e-01 -7.380504012107849121e-01 -2.285062968730926514e-01 -7.380504012107849121e-01 -7.380504012107849121e-01 9.615564346313476562e-01 -7.380504012107849121e-01
-5.778415203094482422e-01 -5.778415203094482422e-01 -5.778415203094482422e-01 -5.778415203094482422e-01 5.344304561614990234e+00 -5.778415203094482422e-01 -1.473815925419330597e-02 -5.778415203094482422e-01 -5.778415203094482422e-01 -5.778415203094482422e-01 -5.778415203094482422e-01 -5.778415203094482422e-01 -5.778415203094482422e-01 -5.778415203094482422e-01 -5.778415203094482422e-01 -5.778415203094482422e-01 1.479291319847106934e+00 -5.778415203094482422e-01 -5.778415203094482422e-01 3.014456987380981445e+00 -5.778415203094482422e-01
-3.168278038501739502e-01 -3.168278038501739502e-01 -3.168278038501739502e-01 -3.168278038501739502e-01 6.336553096771240234e+00 -3.168278038501739502e-01 -3.168278038501739502e-01 -3.168278038501739502e-01 -3.168278038501739502e-01 -3.168278038501739502e-01 -3.168278038501739502e-01 -3.168278038501739502e-01 -3.168278038501739502e-01 -3.168278038501739502e-01 -3.168278038501739502e-01 -3.168278038501739502e-01 -3.168278038501739502e-01 -3.168278038501739502e-01 -3.168278038501739502e-01 -3.168278038501739502e-01 -3.168278038501739502e-01
