-3.168288469314575195e-01 6.336524486541748047e+00 -3.168288469314575195e-01 -3.168288469314575195e-01 -3.168288469314575195e-01 -3.168288469314575195e-01 -3.168288469314575195e-01 -3.168288469314575195e-01 -3.168288469314575195e-01 -3.168288469314575195e-01 -3.168288469314575195e-01 -3.168288469314575195e-01 -3.168288469314575195e-01 -3.168288469314575195e-01 -3.168288469314575195e-01 -3.168288469314575195e-01 -3.168288469314575195e-01 -3.168288469314575195e-01 -3.168288469314575195e-01 -3.168288469314575195e-01 -3.168288469314575195e-01
5.488576889038085938e+00 -4.984718859195709229e-01 -4.984718859195709229e-01 -4.984718859195709229e-01 -4.984718859195709229e-01 -4.984718859195709229e-01 -4.984718859195709229e-01 -4.984718859195709229e-01 -4.984718859195709229e-01 -4.984718859195709229e-01 -4.984718859195709229e-01 -4.984718859195709229e-01 -4.984718859195709229e-01 -4.984718859195709229e-01 -4.984718859195709229e-01 3.982330083847045898e+00 -4.984718859195709229e-01 -4.984718859195709229e-01 -4.984718859195709229e-01 -4.984718859195709229e-01 -4.984718859195709229e-01
2.552580356597900391e+00 -4.072753787040710449e-01 -1.147841691970825195e+00 -7.348047494888305664e-01 -1.147841691970825195e+00 5.745349526405334473e-01 -1.147841691970825195e+00 4.314042031764984131e-01 -1.147841691970825195e+00 8.028961718082427979e-02 -1.147841691970825195e+00 8.028961718082427979e-02 -1.411500275135040283e-01 -1.147841691970825195e+00 2.685041129589080811e-01 3.607558727264404297e+00 1.675632953643798828e+00 7.018857002258300781e-01 8.028961718082427979e-02 -7.348047494888305664e-01 -1.147841691970825195e+00
-1.223416700959205627e-01 -1.286685705184936523e+00 -8.979872465133666992e-01 3.550717830657958984e-01 -1.286685705184936523e+00 1.729654431343078613e+00 -8.979872465133666992e-01 5.881569534540176392e-02 -1.286685705184936523e+00 4.789367616176605225e-01 -3.344430029392242432e-01 4.789367616176605225e-01 -1.286685705184936523e+00 1.929162144660949707e+00 2.239958524703979492e+00 2.927952527999877930e+00 9.502462744712829590e-01 -1.286685705184936523e+00 -5.879319310188293457e-01 -5.879319310188293457e-01 -1.286685705184936523e+00
-8.834960460662841797e-01 -8.834960460662841797e-01 2.587260961532592773e+00 -4.134520888328552246e-01 -4.446505382657051086e-02 -4.134520888328552246e-01 -8.834960460662841797e-01 -8.834960460662841797e-01 -8.834960460662841797e-01 1.492505431175231934e+00 -8.834960460662841797e-01 -8.834960460662841797e-01 2.514843940734863281e-01 8.746224641799926758e-01 -8.834960460662841797e-01 -8.834960460662841797e-01 -4.134520888328552246e-01 -4.446505382657051086e-02 -8.834960460662841797e-01 4.947208762168884277e-01 4.463677406311035156e+00
-3.713091313838958740e-01 -3.713091313838958740e-01 -3.713091313838958740e-01 -3.713091313838958740e-01 -3.713091313838958740e-01 -3.713091313838958740e-01 -3.713091313838958740e-01 -3.713091313838958740e-01 -3.713091313838958740e-01 -3.713091313838958740e-01 -3.713091313838958740e-01 -3.713091313838958740e-01 2.838951647281646729e-01 -3.713091313838958740e-01 -3.713091313838958740e-01 2.838951647281646729e-01 -3.713091313838958740e-01 -3.713091313838958740e-01 -3.713091313838958740e-01 -3.713091313838958740e-01 6.115790367126464844e+00
-3.168289065361022949e-01 -3.168289065361022949e-01 -3.168289065361022949e-01 -3.168289065361022949e-01 -3.168289065361022949e-01 -3.168289065361022949e-01 -3.168289065361022949e-01 -3.168289065361022949e-01 -3.168289065361022949e-01 -3.168289065361022949e-01 -3.168289065361022949e-01 -3.168289065361022949e-01 -3.168289065361022949e-01 -3.168289065361022949e-01 -3.168289065361022949e-01 -3.168289065361022949e-01 -3.168289065361022949e-01 -3.168289065361022949e-01 -3.168289065361022949e-01 -3.168289065361022949e-01 6.336533546447753906e+00
-3.168289065361022949e-01 -3.168289065361022949e-01 -3.168289065361022949e-01 -3.168289065361022949e-01 -3.168289065361022949e-01 -3.168289065361022949e-01 -3.168289065361022949e-01 -3.168289065361022949e-01 -3.168289065361022949e-01 -3.168289065361022949e-01 -3.168289065361022949e-01 -3.168289065361022949e-01 -3.168289065361022949e-01 -3.168289065361022949e-01 -3.168289065361022949e-01 -3.168289065361022949e-01 -3.168289065361022949e-01 -3.168289065361022949e-01 -3.168289065361022949e-01 -3.168289065361022949e-01 6.336533546447753906e+00
-7.418452501296997070e-01 -7.418452501296997070e-01 -7.418452501296997070e-01 -7.418452501296997070e-01 -7.418452501296997070e-01 1.675973773002624512e+00 -7.418452501296997070e-01 -2.333504259586334229e-01 1.642704457044601440e-01 -2.333504259586334229e-01 -7.418452501296997070e-01 -7.418452501296997070e-01 1.675973773002624512e+00 -7.418452501296997070e-01 -7.418452501296997070e-01 1.642704457044601440e-01 4.807852506637573242e-01 -2.333504259586334229e-01 -2.333504259586334229e-01 -7.418452501296997070e-01 4.932414531707763672e+00
-5.903685092926025391e-02 -1.090533375740051270e+00 -6.664163470268249512e-01 3.580082952976226807e-01 -6.664163470268249512e-01 1.559839606285095215e+00 -3.308984339237213135e-01 -5.903685092926025391e-02 -1.090533375740051270e+00 1.018084526062011719e+00 -1.090533375740051270e+00 -1.090533375740051270e+00 3.580082952976226807e-01 1.666182279586791992e-01 1.666182279586791992e-01 -5.903685092926025391e-02 -5.903685092926025391e-02 -5.903685092926025391e-02 -6.664163470268249512e-01 -6.664163470268249512e-01 4.026705265045166016e+00
1.257003307342529297e+00 -1.228219389915466309e+00 -2.538991272449493408e-01 -3.800175338983535767e-02 -8.296241760253906250e-01 6.843785643577575684e-01 -8.296241760253906250e-01 -1.228219389915466309e+00 -5.124985575675964355e-01 5.715578198432922363e-01 -1.228219389915466309e+00 -3.800175338983535767e-02 3.057003021240234375e-01 3.057003021240234375e-01 5.715578198432922363e-01 -2.538991272449493408e-01 -2.538991272449493408e-01 6.843785643577575684e-01 -5.124985575675964355e-01 -8.296241760253906250e-01 3.655965805053710938e+00
1.175596594810485840e+00 -1.348333120346069336e+00 2.519152164459228516e+00 1.793402075767517090e+00 -1.348333120346069336e+00 1.938010573387145996e+00 -6.664708256721496582e-01 -1.348333120346069336e+00 -9.694677591323852539e-01 -9.694677591323852539e-01 -6.664708256721496582e-01 7.712483406066894531e-01 -9.694677591323852539e-01 -4.181098341941833496e-01 1.236740872263908386e-01 6.862522959709167480e-01 7.712483406066894531e-01 -4.181098341941833496e-01 -1.348333120346069336e+00 -1.348333120346069336e+00 2.040636777877807617e+00
1.188200116157531738e+00 -1.546169400215148926e+00 -3.120121359825134277e-01 3.806935846805572510e-01 -1.546169400215148926e+00 1.013095259666442871e+00 8.658080548048019409e-02 -1.195576906204223633e+00 -1.546169400215148926e+00 1.911641001701354980e+00 5.404993891716003418e-01 -1.195576906204223633e+00 -4.819185733795166016e-01 1.372391104698181152e+00 9.643324613571166992e-01 1.935110390186309814e-01 -3.157220408320426941e-02 1.935110390186309814e-01 2.910680770874023438e-01 -1.546169400215148926e+00 1.265839695930480957e+00
9.449190646409988403e-02 -9.861519932746887207e-01 1.299999117851257324e+00 -5.401816368103027344e-01 -9.861519932746887207e-01 -5.401816368103027344e-01 -9.861519932746887207e-01 -5.401816368103027344e-01 -9.861519932746887207e-01 -1.887988448143005371e-01 -5.401816368103027344e-01 4.294232368469238281e+00 9.770571589469909668e-01 -9.861519932746887207e-01 -1.887988448143005371e-01 9.770571589469909668e-01 6.962893009185791016e-01 -1.887988448143005371e-01 -5.401816368103027344e-01 -9.861519932746887207e-01 8.451215624809265137e-01
-4.753472805023193359e-01 -9.333507418632507324e-01 2.172004222869873047e+00 -1.151703298091888428e-01 -9.333507418632507324e-01 9.377692341804504395e-01 -4.753472805023193359e-01 -9.333507418632507324e-01 -9.333507418632507324e-01 1.744338870048522949e-01 -9.333507418632507324e-01 -1.151703298091888428e-01 -4.753472805023193359e-01 -1.151703298091888428e-01 -4.753472805023193359e-01 1.721826434135437012e+00 4.364835262298583984e+00 -9.333507418632507324e-01 -9.333507418632507324e-01 -1.151703298091888428e-01 -4.753472805023193359e-01
-1.142532080411911011e-01 -9.326989054679870605e-01 4.140988290309906006e-01 1.754247993230819702e-01 -1.142532080411911011e-01 4.407967567443847656e+00 -9.326989054679870605e-01 2.025984764099121094e+00 -4.745342731475830078e-01 1.072550296783447266e+00 -9.326989054679870605e-01 7.880220413208007812e-01 -9.326989054679870605e-01 -4.745342731475830078e-01 -9.326989054679870605e-01 -4.745342731475830078e-01 -4.745342731475830078e-01 -1.142532080411911011e-01 -9.326989054679870605e-01 -1.142532080411911011e-01 -9.326989054679870605e-01
-1.653070449829101562e-01 -6.897500157356262207e-01 -1.653070449829101562e-01 5.101769924163818359e+00 -6.897500157356262207e-01 5.696792006492614746e-01 -6.897500157356262207e-01 -1.653070449829101562e-01 -1.653070449829101562e-01 -1.653070449829101562e-01 -6.897500157356262207e-01 -6.897500157356262207e-01 -1.653070449829101562e-01 5.696792006492614746e-01 -6.897500157356262207e-01 -6.897500157356262207e-01 1.403779149055480957e+00 2.444522529840469360e-01 -6.897500157356262207e-01 -6.897500157356262207e-01 -6.897500157356262207e-01
2.689595699310302734e+00 -1.929929256439208984e-01 -1.929929256439208984e-01 -7.108715176582336426e-01 -7.108715176582336426e-01 -7.108715176582336426e-01 -7.108715176582336426e-01 -7.108715176582336426e-01 -7.108715176582336426e-01 4.862242698669433594e+00 -7.108715176582336426e-01 -7.108715176582336426e-01 -7.108715176582336426e-01 2.963906288146972656e+00 -7.108715176582336426e-01 -7.108715176582336426e-01 -7.108715176582336426e-01 -7.108715176582336426e-01 -7.108715176582336426e-01 5.332868099212646484e-01 -7.108715176582336426e-01
-5.751856565475463867e-01 -5.751856565475463867e-01 -5.751856565475463867e-01 -5.751856565475463867e-01 5.365286827087402344e+00 -5.751856565475463867e-01 4.294168353080749512e-01 -5.751856565475463867e-01 -5.751856565475463867e-01 -5.751856565475463867e-01 -5.751856565475463867e-01 -5.751856565475463867e-01 -5.751856565475463867e-01 -5.751856565475463867e-01 -5.751856565475463867e-01 -5.751856565475463867e-01 1.057280659675598145e+00 -5.751856565475463867e-01 -5.751856565475463867e-01 2.926179885864257812e+00 -5.751856565475463867e-01
-3.168260455131530762e-01 -3.168260455131530762e-01 -3.168260455131530762e-01 -3.168260455131530762e-01 6.336534976959228516e+00 -3.168260455131530762e-01 -3.168260455131530762e-01 -3.168260455131530762e-01 -3.168260455131530762e-01 -3.168260455131530762e-01 -3.168260455131530762e-01 -3.168260455131530762e-01 -3.168260455131530762e-01 -3.168260455131530762e-01 -3.168260455131530762e-01 -3.168260455131530762e-01 -3.168260455131530762e-01 -3.168260455131530762e-01 -3.168260455131530762e-01 -3.168260455131530762e-01 -3.168260455131530762e-01
