-3.168282508850097656e-01 6.336538314819335938e+00 -3.168282508850097656e-01 -3.168282508850097656e-01 -3.168282508850097656e-01 -3.168282508850097656e-01 -3.168282508850097656e-01 -3.168282508850097656e-01 -3.168282508850097656e-01 -3.168282508850097656e-01 -3.168282508850097656e-01 -3.168282508850097656e-01 -3.168282508850097656e-01 -3.168282508850097656e-01 -3.168282508850097656e-01 -3.168282508850097656e-01 -3.168282508850097656e-01 -3.168282508850097656e-01 -3.168282508850097656e-01 -3.168282508850097656e-01 -3.168282508850097656e-01
5.546630859375000000e+00 -4.922116398811340332e-01 -4.922116398811340332e-01 -4.922116398811340332e-01 -4.922116398811340332e-01 -4.922116398811340332e-01 -4.922116398811340332e-01 -4.922116398811340332e-01 -4.922116398811340332e-01 -4.922116398811340332e-01 -4.922116398811340332e-01 -4.922116398811340332e-01 -4.922116398811340332e-01 -4.922116398811340332e-01 -4.922116398811340332e-01 3.805431127548217773e+00 -4.922116398811340332e-01 -4.922116398811340332e-01 -4.922116398811340332e-01 -4.922116398811340332e-01 -4.922116398811340332e-01
2.287689924240112305e+00 -7.875792384147644043e-01 -1.192457437515258789e+00 -7.875792384147644043e-01 -1.192457437515258789e+00 7.426415681838989258e-01 -1.192457437515258789e+00 7.426415681838989258e-01 -7.875792384147644043e-01 2.000768184661865234e-01 -7.875792384147644043e-01 -2.040700912475585938e-01 -2.040700912475585938e-01 -1.192457437515258789e+00 2.000768184661865234e-01 3.525443553924560547e+00 1.644846081733703613e+00 6.290783286094665527e-01 1.424358226358890533e-02 -4.659703373908996582e-01 -1.192457437515258789e+00
-1.094811484217643738e-01 -1.277684330940246582e+00 -5.764226913452148438e-01 3.689969480037689209e-01 -8.874991536140441895e-01 1.882302403450012207e+00 -8.874991536140441895e-01 -1.094811484217643738e-01 -1.277684330940246582e+00 2.298801690340042114e-01 -5.764226913452148438e-01 2.298801690340042114e-01 -1.277684330940246582e+00 1.944652080535888672e+00 2.137239217758178711e+00 3.009714603424072266e+00 8.854474425315856934e-01 -1.277684330940246582e+00 -5.764226913452148438e-01 -5.764226913452148438e-01 -1.277684330940246582e+00
-8.970777392387390137e-01 -8.970777392387390137e-01 2.489146232604980469e+00 2.302855551242828369e-01 -4.303314685821533203e-01 -4.303314685821533203e-01 -8.970777392387390137e-01 -8.970777392387390137e-01 -8.970777392387390137e-01 1.719594240188598633e+00 -8.970777392387390137e-01 -8.970777392387390137e-01 -6.389387696981430054e-02 6.758513450622558594e-01 -8.970777392387390137e-01 -8.970777392387390137e-01 -4.303314685821533203e-01 -6.389387696981430054e-02 -8.970777392387390137e-01 8.505007624626159668e-01 4.424194335937500000e+00
-3.712802529335021973e-01 -3.712802529335021973e-01 -3.712802529335021973e-01 -3.712802529335021973e-01 -3.712802529335021973e-01 -3.712802529335021973e-01 -3.712802529335021973e-01 -3.712802529335021973e-01 -3.712802529335021973e-01 -3.712802529335021973e-01 -3.712802529335021973e-01 -3.712802529335021973e-01 2.836393415927886963e-01 -3.712802529335021973e-01 -3.712802529335021973e-01 2.836393415927886963e-01 -3.712802529335021973e-01 -3.712802529335021973e-01 -3.712802529335021973e-01 -3.712802529335021973e-01 6.115748882293701172e+00
-3.168268501758575439e-01 -3.168268501758575439e-01 -3.168268501758575439e-01 -3.168268501758575439e-01 -3.168268501758575439e-01 -3.168268501758575439e-01 -3.168268501758575439e-01 -3.168268501758575439e-01 -3.168268501758575439e-01 -3.168268501758575439e-01 -3.168268501758575439e-01 -3.168268501758575439e-01 -3.168268501758575439e-01 -3.168268501758575439e-01 -3.168268501758575439e-01 -3.168268501758575439e-01 -3.168268501758575439e-01 -3.168268501758575439e-01 -3.168268501758575439e-01 -3.168268501758575439e-01 6.336544990539550781e+00
-3.168268501758575439e-01 -3.168268501758575439e-01 -3.168268501758575439e-01 -3.168268501758575439e-01 -3.168268501758575439e-01 -3.168268501758575439e-01 -3.168268501758575439e-01 -3.168268501758575439e-01 -3.168268501758575439e-01 -3.168268501758575439e-01 -3.168268501758575439e-01 -3.168268501758575439e-01 -3.168268501758575439e-01 -3.168268501758575439e-01 -3.168268501758575439e-01 -3.168268501758575439e-01 -3.168268501758575439e-01 -3.168268501758575439e-01 -3.168268501758575439e-01 -3.168268501758575439e-01 6.336544990539550781e+00
-7.037546634674072266e-01 -7.037546634674072266e-01 -7.037546634674072266e-01 -7.037546634674072266e-01 -7.037546634674072266e-01 1.643299102783203125e+00 -7.037546634674072266e-01 -1.836120486259460449e-01 2.227358371019363403e-01 -7.037546634674072266e-01 -7.037546634674072266e-01 -7.037546634674072266e-01 1.643299102783203125e+00 -7.037546634674072266e-01 -7.037546634674072266e-01 -1.836120486259460449e-01 2.227358371019363403e-01 2.227358371019363403e-01 -1.836120486259460449e-01 -7.037546634674072266e-01 5.041115283966064453e+00
-6.052269414067268372e-02 -1.091567993164062500e+00 -3.322743773460388184e-01 5.216812491416931152e-01 -6.675956249237060547e-01 1.200405240058898926e+00 -3.322743773460388184e-01 -6.052269414067268372e-02 -1.091567993164062500e+00 1.112200498580932617e+00 -1.091567993164062500e+00 -1.091567993164062500e+00 3.563857376575469971e-01 1.650635898113250732e-01 -6.052269414067268372e-02 -6.052269414067268372e-02 -6.052269414067268372e-02 -6.052269414067268372e-02 -6.675956249237060547e-01 -6.675956249237060547e-01 4.041026592254638672e+00
1.366225242614746094e+00 -1.200479865074157715e+00 -2.152975499629974365e-01 3.486723601818084717e-01 -7.970018982887268066e-01 8.324685096740722656e-01 -7.970018982887268066e-01 -1.200479865074157715e+00 -4.764355421066284180e-01 1.879131644964218140e-01 -1.200479865074157715e+00 2.477481728419661522e-03 3.486723601818084717e-01 1.879131644964218140e-01 8.324685096740722656e-01 -2.152975499629974365e-01 -2.152975499629974365e-01 4.901223182678222656e-01 -7.970018982887268066e-01 -1.200479865074157715e+00 3.718375921249389648e+00
1.099314808845520020e+00 -1.322503447532653809e+00 2.563546895980834961e+00 1.954558134078979492e+00 -1.322503447532653809e+00 1.926432490348815918e+00 -9.396051764488220215e-01 -1.322503447532653809e+00 -9.396051764488220215e-01 -9.396051764488220215e-01 -6.337244510650634766e-01 5.339723229408264160e-01 -9.396051764488220215e-01 -3.832117915153503418e-01 2.999804019927978516e-01 7.273831963539123535e-01 4.230180084705352783e-01 -3.832117915153503418e-01 -1.322503447532653809e+00 -1.322503447532653809e+00 2.242878675460815430e+00
1.211310625076293945e+00 -1.556511282920837402e+00 -3.264266550540924072e-01 4.477962553501129150e-01 -1.556511282920837402e+00 1.087956428527832031e+00 -1.780963987112045288e-01 -9.256324172019958496e-01 -1.556511282920837402e+00 1.744644999504089355e+00 5.246720314025878906e-01 -1.207338333129882812e+00 -4.959096312522888184e-01 1.321576476097106934e+00 8.970001339912414551e-01 1.781548559665679932e-01 1.781548559665679932e-01 2.755630314350128174e-01 7.139948010444641113e-02 -1.556511282920837402e+00 1.421228647232055664e+00
1.196179687976837158e-01 -9.693948626518249512e-01 1.653028845787048340e+00 -5.196404457092285156e-01 -9.693948626518249512e-01 -5.196404457092285156e-01 -9.693948626518249512e-01 -5.196404457092285156e-01 -9.693948626518249512e-01 -1.656320542097091675e-01 -9.693948626518249512e-01 4.307123661041259766e+00 1.232759952545166016e+00 -9.693948626518249512e-01 -5.196404457092285156e-01 1.006683588027954102e+00 5.538260936737060547e-01 1.196179687976837158e-01 -9.693948626518249512e-01 -9.693948626518249512e-01 1.006683588027954102e+00
-4.840444028377532959e-01 -9.404468536376953125e-01 2.245801210403442383e+00 -1.251484900712966919e-01 -9.404468536376953125e-01 4.015665948390960693e-01 -4.840444028377532959e-01 -9.404468536376953125e-01 -9.404468536376953125e-01 1.635739207267761230e-01 -9.404468536376953125e-01 1.635739207267761230e-01 -4.840444028377532959e-01 -1.251484900712966919e-01 -4.840444028377532959e-01 1.775983572006225586e+00 4.339577674865722656e+00 -9.404468536376953125e-01 -9.404468536376953125e-01 1.635739207267761230e-01 -4.840444028377532959e-01
-1.083286479115486145e-01 -9.284851551055908203e-01 1.818818598985671997e-01 -1.083286479115486145e-01 -4.692774713039398193e-01 4.406415939331054688e+00 -9.284851551055908203e-01 2.134783267974853516e+00 -4.692774713039398193e-01 1.080191969871520996e+00 -9.284851551055908203e-01 9.464495182037353516e-01 -9.284851551055908203e-01 -4.692774713039398193e-01 -9.284851551055908203e-01 -1.083286479115486145e-01 -4.692774713039398193e-01 -4.692774713039398193e-01 -9.284851551055908203e-01 4.209778606891632080e-01 -9.284851551055908203e-01
-1.498974412679672241e-01 -6.781683564186096191e-01 -1.498974412679672241e-01 5.130221843719482422e+00 -6.781683564186096191e-01 1.265249490737915039e+00 -6.781683564186096191e-01 2.626511156558990479e-01 -6.781683564186096191e-01 -6.781683564186096191e-01 -6.781683564186096191e-01 -6.781683564186096191e-01 -1.498974412679672241e-01 5.898309350013732910e-01 -6.781683564186096191e-01 -6.781683564186096191e-01 1.077163577079772949e+00 2.626511156558990479e-01 -6.781683564186096191e-01 -6.781683564186096191e-01 -6.781683564186096191e-01
2.556976318359375000e+00 -2.430350631475448608e-01 -2.430350631475448608e-01 -7.493423223495483398e-01 -7.493423223495483398e-01 -7.493423223495483398e-01 -7.493423223495483398e-01 -7.493423223495483398e-01 -7.493423223495483398e-01 4.771655559539794922e+00 -7.493423223495483398e-01 -7.493423223495483398e-01 -7.493423223495483398e-01 2.767477273941040039e+00 -7.493423223495483398e-01 -7.493423223495483398e-01 -2.430350631475448608e-01 -7.493423223495483398e-01 -7.493423223495483398e-01 1.123818635940551758e+00 -7.493423223495483398e-01
-5.918272137641906738e-01 -5.918272137641906738e-01 -5.918272137641906738e-01 -5.918272137641906738e-01 5.320445060729980469e+00 -5.918272137641906738e-01 4.016687870025634766e-01 -5.918272137641906738e-01 -5.918272137641906738e-01 -5.918272137641906738e-01 -5.918272137641906738e-01 -5.918272137641906738e-01 -5.918272137641906738e-01 -5.918272137641906738e-01 -5.918272137641906738e-01 -5.918272137641906738e-01 1.616326332092285156e+00 -5.918272137641906738e-01 -5.918272137641906738e-01 2.722635030746459961e+00 -5.918272137641906738e-01
-3.168245851993560791e-01 -3.168245851993560791e-01 -3.168245851993560791e-01 -3.168245851993560791e-01 6.336545944213867188e+00 -3.168245851993560791e-01 -3.168245851993560791e-01 -3.168245851993560791e-01 -3.168245851993560791e-01 -3.168245851993560791e-01 -3.168245851993560791e-01 -3.168245851993560791e-01 -3.168245851993560791e-01 -3.168245851993560791e-01 -3.168245851993560791e-01 -3.168245851993560791e-01 -3.168245851993560791e-01 -3.168245851993560791e-01 -3.168245851993560791e-01 -3.168245851993560791e-01 -3.168245851993560791e-01
