0 9 2 8 11 9 6 13 9
0 9 4 3 9 14 11 7 15
9 5 17 19 5 5 12 19 17
0 9 6 3 3 17 17 1 17
0 9 8 3 7 7 12 13 1
0 9 15 2 5 12 7 2 0
9 17 11 13 13 4 9 1 17
0 9 18 3 0 4 19 14 13
0 9 18 12 9 0 19 5 17
0 17 9 5 15 4 15 19 17
0 17 12 5 5 5 10 12 7
17 19 1 0 1 4 17 3 9
3 10 0 15 17 9 4 8 0
6 9 0 3 9 1 7 3 17
4 7 0 3 13 7 9 0 16
4 7 18 9 0 16 14 14 17
4 7 19 9 4 17 16 3 16
4 9 0 4 16 5 17 0 5
4 9 1 3 7 9 14 15 10
4 9 1 11 0 14 17 8 17
4 9 2 3 5 4 15 5 9
4 9 2 3 5 4 15 5 9
4 9 2 8 4 10 3 0 17
9 4 13 3 3 1 18 6 9
4 9 5 15 9 9 7 9 17
9 9 2 3 16 3 17 15 17
4 9 9 18 8 0 16 5 17
4 9 11 2 0 15 0 1 17
4 9 11 2 20 15 3 13 17
4 9 11 15 20 4 13 3 9
4 9 12 8 13 5 13 7 4
4 9 14 3 19 9 19 17 19
4 9 14 6 10 1 6 4 16
4 9 15 3 4 0 5 16 13
4 9 15 3 9 3 0 15 17
4 9 16 8 9 17 6 9 17
4 9 17 3 15 13 9 6 9
4 9 18 5 15 14 0 6 0
4 9 18 5 15 14 0 6 0
4 9 19 3 9 3 3 8 10
4 10 0 16 19 3 7 11 17
4 10 3 11 20 7 10 3 10
4 10 8 2 5 9 16 5 0
17 9 4 2 14 9 15 8 9
4 13 9 12 7 9 13 12 0
13 9 14 16 0 2 18 6 9
4 15 2 19 17 13 1 4 9
17 0 11 9 4 11 16 19 9
17 9 0 15 9 1 9 19 17
17 9 0 15 9 1 9 19 17
4 17 9 3 6 3 2 5 9
19 9 5 15 0 19 6 0 0
5 9 4 3 2 16 11 9 4
5 9 4 14 17 16 12 3 7
5 9 8 2 9 9 11 12 7
5 9 15 3 8 1 15 9 17
5 9 15 8 19 14 12 0 7
5 9 16 4 8 2 17 16 17
5 10 9 12 20 15 11 19 17
10 9 12 15 11 19 17 3 0
5 10 9 16 11 7 18 16 17
5 13 3 5 8 19 2 9 9
5 13 4 5 8 17 18 10 0
6 9 7 5 5 7 13 17 9
6 9 10 11 7 0 7 7 0
4 9 15 3 9 3 0 15 17
7 9 12 4 4 19 9 5 15
7 9 12 5 17 4 15 8 9
7 9 19 6 5 11 9 17 17
7 10 5 13 13 12 0 12 13
7 17 19 12 16 12 16 12 7
8 7 4 9 1 11 0 14 17
8 9 0 2 4 5 9 0 1
8 9 0 2 4 5 9 0 1
9 6 17 15 17 3 0 4 17
8 9 7 11 15 13 7 11 9
8 9 8 3 6 9 5 4 0
8 9 9 3 5 13 12 17 9
8 9 9 11 1 12 1 12 0
8 9 9 15 3 4 4 15 1
9 9 15 3 4 4 15 1 9
9 9 15 4 6 15 17 4 16
8 9 11 12 15 13 11 17 17
9 12 19 15 19 11 9 1 17
8 9 15 4 9 17 10 7 7
9 17 17 17 5 0 0 5 17
8 9 19 3 15 4 19 5 12
8 10 5 8 16 7 19 8 19
8 10 9 2 5 9 3 15 9
8 16 7 13 16 7 17 4 9
8 16 7 19 8 19 17 6 9
16 9 5 7 8 9 15 4 9
16 9 10 3 17 10 15 8 7
8 17 18 0 17 16 3 3 17
0 9 12 12 16 17 19 3 17
9 7 7 3 11 14 19 0 17
9 9 0 0 5 9 5 14 0
9 9 0 0 20 14 13 9 9
9 9 0 3 9 12 0 15 17
9 9 0 8 13 9 19 14 17
9 9 0 12 9 7 0 16 9
9 9 2 11 5 16 9 16 7
9 9 4 5 12 15 1 0 9
9 9 4 16 2 13 6 5 9
9 9 4 16 2 13 6 5 9
9 4 19 5 0 17 7 3 17
9 9 6 15 5 17 7 5 0
9 9 6 15 5 17 7 5 0
9 9 8 0 5 18 13 11 9
9 9 9 9 12 9 15 17 0
9 9 9 11 5 9 5 9 0
9 9 12 5 11 11 18 8 17
9 9 9 12 9 15 17 0 14
9 9 9 15 15 9 5 19 9
9 9 11 2 0 15 4 7 15
9 9 12 5 11 11 18 8 17
9 13 17 1 18 9 13 15 0
9 14 10 11 13 15 13 4 7
9 9 15 3 4 4 15 1 9
9 9 15 4 6 15 17 4 16
9 9 15 9 18 17 12 13 17
9 9 15 11 3 9 6 14 9
9 9 19 2 6 12 9 8 17
9 10 10 6 15 0 16 15 0
9 10 10 6 15 0 16 15 0
9 10 10 6 15 0 16 15 0
9 13 2 15 5 9 18 4 12
9 13 17 1 18 9 13 15 0
9 17 0 2 17 9 15 12 17
9 17 0 17 4 14 18 0 17
9 4 0 14 6 9 14 3 17
10 9 7 7 9 0 5 4 9
10 9 11 12 9 7 19 15 9
10 9 11 16 15 17 12 11 19
10 9 12 15 11 19 17 3 0
10 9 12 15 11 19 17 3 0
10 9 17 15 16 10 12 17 17
11 7 9 5 4 16 4 2 7
11 9 4 9 4 7 2 8 9
11 9 7 11 3 0 10 2 17
15 9 9 9 9 12 9 15 17
13 9 4 10 0 16 19 3 7
13 9 9 8 4 7 12 15 9
13 9 15 15 17 14 1 19 17
9 17 10 17 9 17 5 5 9
9 1 9 19 1 5 19 12 17
14 9 2 5 4 4 8 11 0
14 9 7 5 9 10 10 16 0
14 9 9 14 5 19 2 13 17
9 9 14 12 7 19 2 19 9
14 9 9 14 20 12 7 19 17
14 9 10 2 15 0 13 17 0
14 9 10 5 7 11 15 16 0
14 9 10 5 7 11 15 16 0
14 9 12 5 9 7 9 19 16
14 9 15 3 17 10 0 14 10
14 9 17 9 13 9 9 3 9
14 10 5 13 16 17 7 0 17
14 15 4 15 3 17 4 9 17
14 16 0 2 18 6 9 19 9
3 13 10 2 17 0 4 13 17
9 1 8 15 7 9 9 4 9
9 1 9 19 17 17 17 5 17
15 9 6 2 9 16 2 5 17
15 9 6 12 15 0 12 4 9
15 9 7 11 15 16 17 7 17
15 9 9 0 0 14 13 9 9
15 9 9 9 9 12 9 15 17
15 9 9 9 9 12 9 15 17
15 9 15 3 0 14 13 2 17
15 9 15 15 2 4 11 12 9
15 9 15 15 2 4 11 12 9
15 9 19 3 9 3 8 3 4
15 9 19 9 11 16 16 17 9
9 4 0 14 6 9 14 3 17
15 13 12 12 0 5 15 3 17
15 13 19 3 19 16 17 9 9
15 17 9 15 0 9 4 15 7
16 7 7 16 13 9 15 15 17
16 9 0 3 1 5 5 6 17
16 9 4 6 2 9 18 8 9
16 9 5 7 8 9 15 4 9
16 9 10 3 17 10 15 8 7
16 9 19 9 14 11 11 13 9
10 10 1 17 15 14 11 3 9
16 17 18 2 4 16 9 3 9
17 9 0 15 9 1 9 19 17
17 9 0 15 9 1 9 19 17
17 9 4 2 14 9 15 8 9
17 9 4 2 14 9 15 8 9
17 9 4 15 11 3 15 15 9
9 9 8 0 5 18 13 11 9
9 9 8 0 5 18 13 11 9
9 9 15 17 9 7 7 9 9
9 10 10 6 15 0 16 15 0
17 9 11 4 19 16 16 4 17
17 9 15 0 9 4 15 7 16
9 17 0 2 17 9 15 12 17
17 9 18 7 15 0 4 10 17
15 17 9 15 0 9 4 15 7
18 9 17 2 4 4 15 12 18
13 9 2 0 9 2 4 9 17
0 17 13 2 4 9 6 3 7
19 7 9 2 14 3 15 12 9
19 7 16 8 14 7 7 0 17
19 7 19 11 12 15 9 0 9
0 9 12 12 16 17 19 3 17
19 9 0 17 2 0 9 3 9
19 9 2 17 4 17 6 0 7
19 9 4 7 8 2 11 3 7
19 9 7 7 3 11 14 19 0
9 7 7 3 11 14 19 0 17
19 9 9 7 6 5 16 0 17
19 9 9 11 2 0 15 12 7
19 9 9 13 8 9 15 1 9
9 9 14 6 0 11 7 4 16
19 9 11 3 0 17 4 11 4
17 17 0 2 17 1 12 8 17
19 9 19 17 20 19 8 7 17
19 9 19 17 19 8 7 17 15
19 17 19 8 7 17 15 13 9
19 10 12 5 17 5 2 4 0
19 10 12 5 17 5 2 4 0
19 10 18 14 18 8 13 4 9
19 13 15 12 2 9 15 8 17
19 17 13 1 4 9 0 4 16
19 17 19 8 7 17 15 13 9
