9.862685815066767336e-01
9.647266313932980619e-01
9.682539682539682557e-01
9.837490551776266745e-01
9.716553287981858356e-01
9.811035525321238904e-01
9.827412446460065398e-01
9.828672209624590428e-01
9.730410682791634791e-01
9.671201814058957291e-01
9.746787603930460175e-01
9.840010078105315694e-01
9.556563366087175160e-01
9.880322499370117750e-01
9.758125472411186552e-01
9.934492315444696242e-01
9.463340891912320751e-01
9.494834971025447601e-01
9.834971025447215576e-01
9.657344419249180856e-01
9.868984630889392484e-01
9.624590576971530087e-01
9.924414210128496006e-01
9.629629629629630205e-01
9.813555051650290073e-01
9.834971025447216686e-01
9.884101788863693949e-01
9.774502393550013046e-01
9.605694129503653533e-01
9.648526077097505649e-01
9.909297052154195651e-01
9.491055681531872512e-01
9.847568657092465871e-01
9.690098261526832735e-01
9.566641471403375396e-01
9.938271604938271331e-01
9.661123708742755944e-01
9.720332577475434555e-01
9.824892920131015339e-01
9.952128999748047766e-01
9.518770471151423163e-01
9.657344419249181966e-01
9.700176366843032971e-01
9.741748551272361167e-01
9.662383471907282084e-01
9.746787603930461286e-01
9.584278155706725810e-01
9.811035525321238904e-01
9.576719576719576743e-01
9.595616024187452187e-01
