7.028438594372659054e-01
6.939071368192246680e-01
7.076832508151188472e-01
6.905784325564545689e-01
6.786650163023789650e-01
7.069405868856417641e-01
6.796848206738317355e-01
6.958881777563097337e-01
7.191589180050719232e-01
7.068699432435696650e-01
7.161459968602826853e-01
6.943774906412268910e-01
7.104015215553677320e-01
7.031312643400554618e-01
7.116875981161694398e-01
6.799595459485571203e-01
7.017135611641106552e-01
6.752541963530974689e-01
7.003188020770438893e-01
7.055144306243207319e-01
6.908302137423016909e-01
7.090816326530612335e-01
6.949523004468060039e-01
6.953465765004226418e-01
6.960035019925128186e-01
6.919665499335828640e-01
6.995399106388117128e-01
6.968023185605602965e-01
6.966338606448496673e-01
6.964074387151308887e-01
6.863023789397416641e-01
7.196316869943242267e-01
7.048454292959785983e-01
6.904745803646902269e-01
6.935762589059293326e-01
7.128239343074507239e-01
6.938467576379665491e-01
7.060964859316507525e-01
7.026204564666101993e-01
7.096153846153845368e-01
6.967860161816206155e-01
7.064068349233182387e-01
7.233594976452119019e-01
6.935231252264220103e-01
7.006188866078975064e-01
7.088757396449704151e-01
6.703326892887333521e-01
7.063881173771284772e-01
7.150863422291994231e-01
7.160041057843256063e-01
