7.413954193075932286e-01
6.954622358021262940e-01
6.905128658367212235e-01
6.804121108052827438e-01
6.965733188555843780e-01
7.042246407918992812e-01
7.162192873917325731e-01
7.058912653720865737e-01
7.426832655741016920e-01
6.929875508194236478e-01
7.527840206055402827e-01
7.267745763995858699e-01
7.166485694805686535e-01
6.915229413398651381e-01
7.215979394459736129e-01
6.677861670159845886e-01
7.161182798414181816e-01
7.233150678013181567e-01
7.193505214514784862e-01
7.028105350874978008e-01
7.213454205701876898e-01
6.815989495214767047e-01
7.303855963233252258e-01
7.249564404939270457e-01
6.841998939420721459e-01
7.362692861291382229e-01
7.040731294664275275e-01
7.486932148178075952e-01
7.511173960253527682e-01
7.567233150678013276e-01
6.818767202848412534e-01
7.064215550112371567e-01
6.873311280018181701e-01
7.192747657887428314e-01
7.148051816873313147e-01
6.437716219287392683e-01
7.192242620135854692e-01
6.956137471275978257e-01
7.285422085300876649e-01
7.151839600010099218e-01
6.873311280018181701e-01
6.933410772455241844e-01
6.881644402919118164e-01
7.204868563925153069e-01
7.496022827706370073e-01
7.252089593697128578e-01
6.633418348021514754e-01
6.569026034696093808e-01
7.180121714098128827e-01
7.542738819726775290e-01
