-4.245234429836273193e-01
-2.641129493713378906e-01
-2.748054862022399902e-01
-9.315652847290039062e-01
-8.265654444694519043e-01
-1.691709458827972412e-01
-9.792938828468322754e-01
-6.531012654304504395e-01
-5.565459132194519043e-01
-6.893937587738037109e-01
1.160648465156555176e-02
-1.092305183410644531e+00
-2.203559279441833496e-01
-2.811425924301147461e-02
-5.782439708709716797e-01
8.693322539329528809e-02
-8.479465246200561523e-01
1.136745214462280273e-01
-1.524451971054077148e-01
-8.287751078605651855e-01
-9.139916896820068359e-01
-3.371127843856811523e-01
6.552989482879638672e-01
3.172039389610290527e-01
6.836519837379455566e-01
2.701393067836761475e-01
-9.950385242700576782e-02
-3.527144789695739746e-01
6.565677523612976074e-01
-6.763024330139160156e-01
-1.120938777923583984e+00
-1.745654642581939697e-01
-5.371772646903991699e-01
-8.641684055328369141e-02
9.631675481796264648e-02
3.263984322547912598e-01
2.480571568012237549e-01
-6.668806076049804688e-03
-3.941134512424468994e-01
5.503311753273010254e-01
-3.498440980911254883e-01
-7.816985845565795898e-01
-3.056337237358093262e-01
1.657789051532745361e-01
4.579346776008605957e-01
-9.668927192687988281e-01
2.515664696693420410e-01
5.228896439075469971e-02
6.455610394477844238e-01
-3.332871794700622559e-01
-2.742651700973510742e-01
-1.122867584228515625e+00
-2.859702706336975098e-02
-5.757324695587158203e-01
-6.896988153457641602e-01
4.388564229011535645e-01
1.316539049148559570e+00
1.257536172866821289e+00
-1.873165965080261230e-01
-8.374801278114318848e-02
1.652549058198928833e-01
-1.645371079444885254e+00
-3.579056262969970703e-01
2.222028374671936035e-01
1.427058279514312744e-01
3.495891392230987549e-01
-6.119279861450195312e-01
4.653886556625366211e-01
-6.020172238349914551e-01
-1.502377629280090332e+00
1.014030426740646362e-01
1.073368430137634277e+00
-1.780963897705078125e+00
-4.464643597602844238e-01
-4.734319448471069336e-02
5.020743608474731445e-01
-6.873175501823425293e-03
-6.290922164916992188e-01
-1.083325743675231934e-01
6.725500822067260742e-01
-3.778355419635772705e-01
5.641984939575195312e-02
5.055926442146301270e-01
-5.679931044578552246e-01
-5.527957677841186523e-01
-7.532232999801635742e-01
-7.071323990821838379e-01
1.790217161178588867e-01
1.717854142189025879e-01
-6.689938306808471680e-01
-6.319673657417297363e-01
8.747812509536743164e-01
-3.888756036758422852e-02
-4.051008224487304688e-01
9.820601344108581543e-02
-3.296866416931152344e-01
2.589696645736694336e-02
6.156231760978698730e-01
4.980090260505676270e-01
-4.155018329620361328e+00
-4.989477992057800293e-02
2.401832342147827148e-01
-1.681527495384216309e-02
-4.174748063087463379e-02
4.107812643051147461e-01
-1.016741871833801270e+00
9.470349550247192383e-02
-4.129997789859771729e-01
9.934300184249877930e-01
-4.541786313056945801e-01
-5.545611381530761719e-01
9.613209962844848633e-01
2.809618413448333740e-02
-1.385911464691162109e+00
8.418257534503936768e-02
-7.737275958061218262e-01
-1.236510276794433594e+00
-1.143072009086608887e+00
-6.349314749240875244e-02
-1.250844299793243408e-01
-7.980939149856567383e-01
-8.620557188987731934e-01
1.479217052459716797e+00
-2.158960551023483276e-01
1.311793088912963867e+00
-9.215441942214965820e-01
-2.699424922466278076e-01
-2.392769455909729004e-01
-6.292637586593627930e-01
-2.082857638597488403e-01
-5.601468086242675781e-01
-1.853533267974853516e+00
-4.082632064819335938e-01
-4.719402194023132324e-01
-4.315261244773864746e-01
9.546334743499755859e-01
-1.290883302688598633e+00
2.028520554304122925e-01
-8.716236352920532227e-01
5.083541870117187500e-01
9.297757148742675781e-01
9.842634201049804688e-02
-3.809544742107391357e-01
1.247328400611877441e+00
-3.254665136337280273e-01
3.074389696121215820e-02
-2.874864041805267334e-01
-1.332579135894775391e+00
1.992145627737045288e-01
-5.037187337875366211e-01
2.985594272613525391e-01
-1.247054100036621094e+00
1.738480091094970703e+00
-8.068423271179199219e-01
-7.644650936126708984e-01
-1.279231309890747070e+00
6.169408559799194336e-02
4.945950508117675781e-01
-1.094346046447753906e+00
1.473536044359207153e-01
-3.301650881767272949e-01
-2.575426995754241943e-01
1.967694163322448730e-01
-5.424400568008422852e-01
-6.591747403144836426e-01
1.376857161521911621e-01
-1.700955331325531006e-01
-7.748891115188598633e-01
-5.995571613311767578e-02
-3.655410408973693848e-01
5.136169791221618652e-01
-6.034891009330749512e-01
1.937343329191207886e-01
4.497955739498138428e-02
6.268199682235717773e-01
-6.977215409278869629e-01
1.714426279067993164e-02
-1.848462373018264771e-01
-8.124625682830810547e-01
3.541741073131561279e-01
-5.490586161613464355e-01
-2.185304760932922363e-01
2.283589243888854980e-01
2.133137434720993042e-01
-6.324774026870727539e-01
3.545987606048583984e-02
1.242174357175827026e-01
1.905309200286865234e+00
-6.967622041702270508e-01
-4.796321392059326172e-01
1.660883426666259766e-02
-1.280270576477050781e+00
6.650557518005371094e-01
-5.791894197463989258e-01
-4.001225233078002930e-01
-1.407594442367553711e+00
9.969043731689453125e-01
-8.523126244544982910e-01
-5.922513008117675781e-01
