9.139919877052307129e-01
3.405265331268310547e+00
1.289280414581298828e+00
-4.622575640678405762e-02
-2.318618893623352051e-01
9.556093811988830566e-01
7.513275146484375000e-01
1.646087646484375000e+00
-3.625234365463256836e-01
1.127529144287109375e+00
6.188238859176635742e-01
5.218619108200073242e-01
-2.911736071109771729e-01
5.716079473495483398e-01
7.347017526626586914e-01
1.662672162055969238e-01
2.603708744049072266e+00
8.269051909446716309e-01
8.737932443618774414e-01
3.147072792053222656e-01
8.904998898506164551e-01
2.912296354770660400e-01
-1.598421037197113037e-01
1.460408329963684082e+00
1.351332664489746094e+00
3.298072814941406250e+00
3.426571369171142578e+00
2.607066631317138672e+00
5.464233756065368652e-01
7.138606309890747070e-01
-4.123015403747558594e-01
1.305706262588500977e+00
-5.640780925750732422e-01
-1.242613792419433594e+00
-2.661898434162139893e-01
-2.132658809423446655e-01
-9.261628985404968262e-01
2.128540992736816406e+00
8.970839381217956543e-01
-1.993896961212158203e-01
-7.148655056953430176e-01
7.520680427551269531e-01
6.888843774795532227e-01
1.347300052642822266e+00
-8.020212054252624512e-01
9.973689317703247070e-01
-9.406168460845947266e-01
-1.713544577360153198e-01
9.145507812500000000e-01
-1.071743607521057129e+00
1.546267628669738770e+00
6.136121749877929688e-01
-2.518469095230102539e-02
-4.542993605136871338e-01
1.013151407241821289e-01
-3.500655889511108398e-01
-7.922018170356750488e-01
1.287502169609069824e+00
-4.587638974189758301e-01
2.968909740447998047e-01
-8.907457590103149414e-01
-4.563990831375122070e-01
2.315437793731689453e+00
3.212148547172546387e-01
-2.951192855834960938e-01
-1.391566514968872070e+00
2.068948745727539062e+00
-3.933139145374298096e-01
4.407753646373748779e-01
1.163568973541259766e+00
-4.322016239166259766e-01
9.375405311584472656e-01
-3.277343213558197021e-01
-4.521884918212890625e-01
-3.804005086421966553e-01
2.543557167053222656e+00
2.257633805274963379e-01
1.518197059631347656e+00
-1.045676827430725098e+00
5.580397248268127441e-01
-1.931120753288269043e-01
3.456629514694213867e-01
7.247421145439147949e-02
2.101982235908508301e-01
8.168475031852722168e-01
7.693364024162292480e-01
-1.056428849697113037e-01
1.276303827762603760e-01
-9.429377317428588867e-01
1.196645617485046387e+00
7.144640684127807617e-01
2.725952386856079102e+00
6.623125076293945312e-01
8.686619997024536133e-02
1.433449029922485352e+00
3.904104948043823242e+00
1.477611064910888672e+00
3.601680040359497070e+00
2.013067960739135742e+00
-7.529590129852294922e-01
8.718726634979248047e-01
-5.849049687385559082e-01
7.352030277252197266e-02
2.915536463260650635e-01
7.108027935028076172e-01
1.705023527145385742e+00
2.110159099102020264e-01
1.173915982246398926e+00
-1.509800672531127930e+00
-1.689173579216003418e-01
3.221901416778564453e+00
8.213311433792114258e-01
7.731437683105468750e-03
1.281086444854736328e+00
2.234774351119995117e+00
2.045900344848632812e+00
-5.413737297058105469e-01
5.083038210868835449e-01
-1.407566368579864502e-01
1.410204648971557617e+00
1.475430130958557129e+00
-7.170368432998657227e-01
6.859194040298461914e-01
5.426630973815917969e-01
1.520100116729736328e+00
-4.292808175086975098e-01
3.445228934288024902e-01
1.012337207794189453e+00
1.313696861267089844e+00
4.586793482303619385e-01
5.842317342758178711e-01
2.395148277282714844e+00
1.373788714408874512e-01
3.947330474853515625e+00
1.132794976234436035e+00
4.214982032775878906e+00
-4.771852195262908936e-01
3.531271934509277344e+00
-1.195411443710327148e+00
2.249371767044067383e+00
3.430625200271606445e+00
1.113994717597961426e+00
-6.555026769638061523e-01
1.269751667976379395e+00
5.020066723227500916e-02
-4.935736656188964844e-01
3.363454103469848633e+00
1.640725851058959961e+00
-3.713192343711853027e-01
-6.599221229553222656e-01
3.412430763244628906e+00
-7.663238644599914551e-01
1.364965558052062988e+00
-4.578449726104736328e-01
-7.936474680900573730e-01
-3.042817115783691406e-05
2.575220108032226562e+00
-6.294059157371520996e-01
1.466492891311645508e+00
-6.404509544372558594e-01
1.574809312820434570e+00
1.581815004348754883e+00
1.351262807846069336e+00
2.532468557357788086e+00
8.947598934173583984e-01
1.345648765563964844e-01
1.686451196670532227e+00
-1.748685836791992188e-01
2.783897519111633301e-02
3.764823973178863525e-01
-8.235302567481994629e-01
3.305133342742919922e+00
-1.809502840042114258e-01
1.898109078407287598e+00
-2.557860910892486572e-01
-2.543287575244903564e-01
9.873930215835571289e-01
8.433189988136291504e-01
-1.000998020172119141e-01
-3.117000460624694824e-01
7.184958457946777344e-01
-1.741048455238342285e+00
1.393881738185882568e-01
-4.104924201965332031e-01
-5.586109161376953125e-01
2.476336240768432617e+00
-6.326115131378173828e-01
-1.634606719017028809e-02
-1.350012421607971191e+00
5.159950852394104004e-01
1.162969589233398438e+00
5.100813508033752441e-01
3.554397821426391602e+00
1.030080437660217285e+00
5.022987723350524902e-01
9.422152042388916016e-01
3.793764710426330566e-01
1.728724241256713867e-01
4.216144233942031860e-02
