-9.599702954292297363e-01
-6.133088469505310059e-01
-7.840549945831298828e-01
5.716133117675781250e-01
-2.244497239589691162e-01
5.636263489723205566e-01
9.904134273529052734e-02
-6.664625406265258789e-01
-7.165116071701049805e-01
7.919710874557495117e-02
1.178396224975585938e+00
-2.456125617027282715e-01
-9.353430271148681641e-01
-1.298587441444396973e+00
3.839939832687377930e-01
-2.028354704380035400e-01
-5.643394589424133301e-02
4.180253744125366211e-01
9.459477663040161133e-02
-1.470041394233703613e+00
1.630573272705078125e-01
-1.194609165191650391e+00
-3.574180603027343750e-01
2.015017271041870117e-01
-1.789472401142120361e-01
3.193845748901367188e-01
-4.072900414466857910e-01
9.398742020130157471e-02
-2.099705040454864502e-01
2.355280369520187378e-01
5.970941781997680664e-01
-3.671917319297790527e-01
-4.783516526222229004e-01
-9.403733611106872559e-01
-4.043644666671752930e-01
-3.487350344657897949e-01
1.664608716964721680e-01
1.600457429885864258e-01
1.129940152168273926e-01
7.734693288803100586e-01
-7.042860388755798340e-01
-2.841876149177551270e-01
-5.690084099769592285e-01
-3.559428751468658447e-01
-1.450488209724426270e+00
-6.591802835464477539e-01
-4.230860769748687744e-01
1.114686250686645508e+00
-7.875974774360656738e-01
-3.642829358577728271e-01
1.447079181671142578e-01
8.357469439506530762e-01
1.520812362432479858e-01
8.705879449844360352e-01
-8.219873905181884766e-02
1.178883075714111328e+00
-1.328586816787719727e+00
-8.873901963233947754e-01
-1.689644455909729004e-01
-5.585875511169433594e-01
-8.446488976478576660e-01
7.251786589622497559e-01
-1.950051486492156982e-01
-3.317236900329589844e-02
-4.994094371795654297e-01
8.723995089530944824e-02
-2.969420433044433594e+00
-3.543716669082641602e-01
4.885145127773284912e-01
-6.461300253868103027e-01
2.689641416072845459e-01
-4.525589346885681152e-01
-6.277281641960144043e-01
7.400628328323364258e-01
-5.256973505020141602e-01
4.686276316642761230e-01
-3.900764584541320801e-01
4.169238507747650146e-01
-9.393913745880126953e-01
-1.795560121536254883e-02
-7.325645685195922852e-01
1.335870623588562012e-01
-1.128515243530273438e+00
-8.240697383880615234e-01
2.522051036357879639e-01
-1.548063516616821289e+00
-7.246048450469970703e-01
-3.247291445732116699e-01
1.458839178085327148e-01
9.001186490058898926e-01
1.708274185657501221e-01
-3.703888952732086182e-01
-7.747915983200073242e-01
-1.104466319084167480e+00
2.033198475837707520e-01
-7.836406230926513672e-01
-1.024047136306762695e+00
4.892296195030212402e-01
-1.160477519035339355e+00
-3.622034192085266113e-02
4.498583674430847168e-01
2.148253023624420166e-01
-6.773517727851867676e-01
-1.176725327968597412e-01
1.552073657512664795e-02
-1.020987629890441895e+00
-3.147958517074584961e-01
-8.484052419662475586e-01
-5.754545927047729492e-01
3.620491027832031250e-01
4.324110150337219238e-01
-4.173645675182342529e-01
-5.141165852546691895e-02
4.349500536918640137e-01
3.782043457031250000e-01
-7.426023483276367188e-02
-9.796234369277954102e-01
-5.354657173156738281e-01
-3.807651996612548828e-02
-2.094874083995819092e-01
-2.155886888504028320e-01
-5.639103651046752930e-01
-5.484344363212585449e-01
-3.203469812870025635e-01
-1.382362246513366699e+00
-5.454356670379638672e-01
-4.578787684440612793e-01
6.430680751800537109e-01
2.301755547523498535e-01
-6.500713229179382324e-01
-5.044261217117309570e-01
-2.276963889598846436e-01
-1.911526769399642944e-01
-4.601443409919738770e-01
4.304814636707305908e-01
-1.007923603057861328e+00
-1.574181318283081055e+00
-1.833254992961883545e-01
-3.315175473690032959e-01
5.924061536788940430e-01
-2.025566577911376953e+00
7.737895250320434570e-01
7.550497651100158691e-01
-5.802832245826721191e-01
4.071860313415527344e-01
-1.181619882583618164e+00
4.092624783515930176e-01
-5.386065840721130371e-01
-4.424310326576232910e-01
-8.145693540573120117e-01
4.975968599319458008e-01
6.313011646270751953e-01
-1.573733985424041748e-01
-3.518859744071960449e-01
1.038111448287963867e-01
-9.107485413551330566e-01
-3.086321055889129639e-01
3.515951633453369141e-01
1.785699725151062012e-01
-3.587819039821624756e-01
-3.226593434810638428e-01
1.937050819396972656e-01
6.243567466735839844e-01
-3.766175508499145508e-01
1.893897950649261475e-01
1.899600327014923096e-01
-6.331786513328552246e-01
-9.137995839118957520e-01
6.862653791904449463e-02
-1.198744654655456543e+00
-2.496540099382400513e-01
8.922556042671203613e-02
-1.129508137702941895e+00
4.789593815803527832e-01
-6.677040457725524902e-01
6.557765603065490723e-02
-3.907471895217895508e-01
-1.350061655044555664e+00
-1.603439450263977051e-01
1.038021087646484375e+00
-5.796297788619995117e-01
-1.050536274909973145e+00
-6.860703229904174805e-02
1.038273334503173828e+00
-8.481954336166381836e-01
-5.989397764205932617e-01
-1.601189374923706055e-02
3.288832604885101318e-01
-3.489348590373992920e-01
9.072750806808471680e-01
-6.856040954589843750e-01
4.104855954647064209e-01
-4.443335533142089844e-02
-3.641456067562103271e-01
-9.434187412261962891e-02
-7.938469648361206055e-01
-4.398366212844848633e-01
-4.092747569084167480e-01
4.771178364753723145e-01
