4.179062843322753906e+00
1.541140079498291016e+00
8.285068273544311523e-01
1.188591003417968750e+00
-2.905843257904052734e-01
5.574492812156677246e-01
-1.294484138488769531e-01
1.510070204734802246e+00
3.555738627910614014e-01
6.735166907310485840e-01
1.459860503673553467e-01
4.347190260887145996e-03
7.869335412979125977e-01
2.779859066009521484e+00
-1.324052333831787109e+00
1.966984510421752930e+00
-1.971016526222229004e-01
7.352769374847412109e-03
8.463671803474426270e-02
-1.072110295295715332e+00
-8.514028787612915039e-02
-4.739903807640075684e-01
4.984631836414337158e-01
9.467178583145141602e-02
1.797688007354736328e-01
6.836680769920349121e-01
-5.339093208312988281e-01
-3.131131529808044434e-01
1.127916276454925537e-01
3.453540086746215820e+00
-6.275248527526855469e-02
-1.891791224479675293e-01
4.456967711448669434e-01
4.851580262184143066e-01
-3.441759347915649414e-01
5.013626813888549805e-01
9.862709045410156250e-01
2.141191959381103516e+00
1.030781269073486328e+00
7.122675776481628418e-01
1.667741298675537109e+00
-1.853872090578079224e-01
-3.354675173759460449e-01
1.489330053329467773e+00
-6.383209824562072754e-01
-6.431332826614379883e-01
1.042423486709594727e+00
-3.587595820426940918e-01
1.032434701919555664e-01
2.185960292816162109e+00
2.400734424591064453e+00
1.642807245254516602e+00
6.203830242156982422e-03
5.325862765312194824e-01
7.135389447212219238e-01
1.382916927337646484e+00
1.128056526184082031e+00
8.470253348350524902e-01
2.645349502563476562e+00
-8.349690437316894531e-01
1.610533714294433594e+00
-6.636064052581787109e-01
-2.880884110927581787e-01
1.143309473991394043e-01
1.446256160736083984e+00
9.044961929321289062e-01
-1.113457083702087402e+00
-1.072823643684387207e+00
8.819397091865539551e-01
8.850719928741455078e-01
1.556470870971679688e+00
1.000860571861267090e+00
1.182294368743896484e+00
-2.077265679836273193e-01
1.813162684440612793e+00
1.552256822586059570e+00
-7.817612886428833008e-01
2.587897300720214844e+00
1.755289554595947266e+00
-3.712553679943084717e-01
2.320437431335449219e-01
2.996223866939544678e-01
4.908968806266784668e-01
7.047891616821289062e-02
6.951656937599182129e-01
7.925098538398742676e-01
4.367790222167968750e-01
-1.464758217334747314e-01
2.448348999023437500e+00
1.105648517608642578e+00
-1.542397886514663696e-01
2.024157524108886719e+00
1.665883421897888184e+00
1.167544484138488770e+00
-7.344608902931213379e-01
9.633980393409729004e-01
1.372901558876037598e+00
1.472704410552978516e-01
-7.236186265945434570e-01
2.649405002593994141e+00
-8.782076835632324219e-01
1.440265178680419922e-01
7.702934145927429199e-01
5.475349426269531250e-01
-4.713281989097595215e-01
6.656340360641479492e-01
1.114878177642822266e+00
-8.560844659805297852e-01
1.786369383335113525e-01
-1.113875269889831543e+00
-1.084566235542297363e+00
1.080229520797729492e+00
1.062958359718322754e+00
2.631825953722000122e-02
9.268104434013366699e-01
-3.286869227886199951e-01
-5.969260931015014648e-01
1.070859432220458984e+00
-6.457511782646179199e-01
-8.285585045814514160e-02
1.152402400970458984e+00
-3.933919966220855713e-02
4.651134610176086426e-01
3.214637994766235352e+00
5.096528530120849609e-01
2.494440078735351562e+00
4.000689029693603516e+00
-1.700140237808227539e-01
-6.364818215370178223e-01
-3.067574203014373779e-01
-1.609774470329284668e+00
3.161650151014328003e-02
-1.120241880416870117e-01
3.708388328552246094e+00
5.345253944396972656e-01
-8.550177216529846191e-01
-2.878149151802062988e-01
2.607279777526855469e+00
1.757942914962768555e+00
-2.426549792289733887e-01
-8.263545036315917969e-01
1.111960411071777344e-02
-1.537310481071472168e-01
1.487535715103149414e+00
1.135627031326293945e-01
1.020778298377990723e+00
1.126783609390258789e+00
-4.417779743671417236e-01
8.121755123138427734e-01
-3.638496994972229004e-02
-7.158275842666625977e-01
-6.863878965377807617e-01
2.043764114379882812e+00
-1.984326541423797607e-01
6.443941593170166016e-02
-5.310594439506530762e-01
-1.157013475894927979e-01
-1.386922001838684082e+00
-1.146935820579528809e-01
1.699128389358520508e+00
7.033495903015136719e-01
-6.759134531021118164e-01
-3.625711798667907715e-02
3.791031241416931152e-01
3.954258441925048828e+00
-7.756091356277465820e-01
2.434639334678649902e-01
-9.978830814361572266e-01
2.396895408630371094e+00
1.480599641799926758e+00
6.223894357681274414e-01
-2.244411110877990723e-01
-6.940624117851257324e-01
4.108301639556884766e+00
2.706737518310546875e+00
1.595103740692138672e+00
-3.745084404945373535e-01
2.055522680282592773e+00
1.261741876602172852e+00
5.690796375274658203e-01
4.181835174560546875e+00
-6.238678693771362305e-01
2.196750164031982422e+00
2.187892794609069824e-03
-2.625951170921325684e-01
6.998927593231201172e-01
-6.860938668251037598e-01
-1.048210263252258301e-02
6.122075319290161133e-01
5.522750020027160645e-01
-2.929170429706573486e-01
1.435823738574981689e-01
-1.245988607406616211e+00
7.286393642425537109e-01
5.946239829063415527e-01
1.953916072845458984e+00
-4.918160736560821533e-01
8.008399009704589844e-01
-2.275450229644775391e-01
