2.487777471542358398e-01
-1.881888508796691895e-01
-1.102084755897521973e+00
1.438365221023559570e+00
-3.290600776672363281e-01
4.994117021560668945e-01
-2.048665285110473633e-01
-6.218693256378173828e-01
-8.641324043273925781e-01
-5.798395276069641113e-01
1.467062830924987793e-01
-2.440546452999114990e-01
1.213402301073074341e-01
-3.183743953704833984e-01
-5.690685510635375977e-01
-7.974647283554077148e-01
-6.829082965850830078e-03
-8.801140189170837402e-01
-9.505998492240905762e-01
-2.258252620697021484e+00
8.663139343261718750e-01
-1.866371333599090576e-01
-7.728888988494873047e-01
-8.887032866477966309e-01
2.849293947219848633e-01
-8.448374271392822266e-01
1.561566710472106934e+00
-1.732909679412841797e-01
-1.950563192367553711e-01
-5.236888527870178223e-01
-4.654611349105834961e-01
2.217966318130493164e-01
-8.773919939994812012e-02
-7.318016290664672852e-01
-1.589863896369934082e-01
-1.037578582763671875e-01
-6.962391138076782227e-01
-9.802274703979492188e-01
1.006403923034667969e+00
-5.477445721626281738e-01
-4.697532951831817627e-01
-6.515830159187316895e-01
-1.705253720283508301e-01
-1.194982528686523438e-01
1.352334022521972656e-01
-3.796632587909698486e-01
-1.078499078750610352e+00
-1.204963207244873047e+00
-9.446747303009033203e-01
-9.546133875846862793e-01
-4.420568943023681641e-01
-7.972222566604614258e-02
-3.985249996185302734e-01
3.658125400543212891e-01
-1.407507658004760742e-01
-1.858491063117980957e+00
5.146343111991882324e-01
9.264010190963745117e-02
1.599754095077514648e-01
-4.853155612945556641e-01
-6.190289855003356934e-01
-6.940133869647979736e-03
1.896889209747314453e-01
-1.035415053367614746e+00
-5.548865795135498047e-01
3.466143012046813965e-01
1.320775449275970459e-01
1.466025352478027344e+00
-8.623792529106140137e-01
1.068621397018432617e+00
-4.564425051212310791e-01
8.312699198722839355e-02
1.323809325695037842e-01
1.178140640258789062e-01
2.722106873989105225e-02
-6.079647541046142578e-01
-4.653035700321197510e-01
-3.322192728519439697e-01
-4.055235981941223145e-01
-6.009992361068725586e-01
-7.022857666015625000e-01
-1.116124987602233887e+00
1.190513372421264648e-02
3.796577453613281250e-03
4.711549282073974609e-01
-3.740909695625305176e-01
1.208690643310546875e+00
-1.881632506847381592e-01
4.000582098960876465e-01
-1.098360061645507812e+00
3.151575922966003418e-01
-3.563051819801330566e-01
-4.878566265106201172e-01
2.549839019775390625e-02
-1.154781877994537354e-01
6.400724649429321289e-01
1.899197101593017578e-01
-1.539359986782073975e-01
-6.697526574134826660e-01
-2.078080177307128906e-02
-3.625124692916870117e-03
3.983944058418273926e-01
4.951226711273193359e-02
1.428812742233276367e-01
-5.557986497879028320e-01
-8.624858856201171875e-01
-6.219791769981384277e-01
-8.020737767219543457e-01
-3.213832378387451172e-01
8.616465330123901367e-01
3.849756717681884766e-02
6.393448114395141602e-01
-3.037111461162567139e-01
-3.394240736961364746e-01
1.959456503391265869e-02
-1.247425317764282227e+00
-1.018918991088867188e+00
-8.620452284812927246e-01
1.414960026741027832e-01
-3.179562687873840332e-01
-2.643668055534362793e-01
-6.169059872627258301e-01
-6.064519286155700684e-02
-9.664175510406494141e-01
-5.737618803977966309e-01
-2.540889382362365723e-02
3.840632438659667969e-01
4.862800240516662598e-01
1.569772958755493164e-01
-6.068778634071350098e-01
-9.199655652046203613e-01
-5.639990568161010742e-01
-4.183813333511352539e-01
-1.129074692726135254e-01
-5.952705740928649902e-01
-3.493968248367309570e-01
-2.015627026557922363e-01
6.552634835243225098e-01
-1.531076669692993164e+00
4.402620792388916016e-01
-7.150014042854309082e-01
3.518861234188079834e-01
-6.140861511230468750e-01
-7.415693998336791992e-01
-2.671607136726379395e-01
8.168859481811523438e-01
-1.137171983718872070e+00
-5.282181501388549805e-01
-2.777339220046997070e-01
-6.952826976776123047e-01
-3.969259858131408691e-01
1.398265361785888672e-02
-2.314806580543518066e-01
-1.732082366943359375e+00
3.328846096992492676e-01
-1.162580996751785278e-01
-1.396661996841430664e-02
-3.421773314476013184e-01
5.265772342681884766e-02
-5.467387437820434570e-01
-3.964295983314514160e-01
-5.973690152168273926e-01
-4.094854295253753662e-01
5.773563385009765625e-01
-6.148031949996948242e-01
-9.341094493865966797e-01
-7.598031759262084961e-01
-4.174457490444183350e-01
1.226695895195007324e+00
-6.843708157539367676e-01
-3.250505328178405762e-01
8.121585845947265625e-02
4.495503902435302734e-01
-9.322091937065124512e-01
3.432947993278503418e-01
3.207230865955352783e-01
-2.508883178234100342e-02
-3.305321931838989258e-02
-2.180730700492858887e-01
2.695620805025100708e-02
-4.896587133407592773e-02
8.712689280509948730e-01
-8.788336515426635742e-01
-8.108645677566528320e-02
7.169947028160095215e-01
-3.417359590530395508e-01
1.660494923591613770e+00
1.051701068878173828e+00
-5.886909961700439453e-01
-6.281859874725341797e-01
-3.163909316062927246e-01
-1.325103342533111572e-01
1.099907755851745605e-01
-9.198981523513793945e-01
3.962668776512145996e-01
5.699908733367919922e-02
-8.117395639419555664e-01
-4.921409189701080322e-01
-4.445247054100036621e-01
