3.206624031066894531e+00
-1.100646376609802246e+00
1.637838840484619141e+00
5.675890445709228516e-01
-7.749899029731750488e-01
9.490358829498291016e-02
5.930922627449035645e-01
-1.287343204021453857e-01
5.470318198204040527e-01
3.731505632400512695e+00
3.437940478324890137e-01
1.312689185142517090e-01
7.939147949218750000e-01
-8.384124934673309326e-02
1.641406178474426270e+00
-2.093228101730346680e-01
1.288852691650390625e+00
-5.002817511558532715e-01
1.491965204477310181e-01
-1.910821199417114258e-01
-4.686876535415649414e-01
-7.987759113311767578e-01
3.927780628204345703e+00
1.570194959640502930e-01
-9.596496820449829102e-01
1.515878081321716309e+00
2.953004837036132812e-01
1.679582118988037109e+00
-6.864510774612426758e-01
1.357151508331298828e+00
7.402595877647399902e-02
-6.092199087142944336e-01
-6.529527902603149414e-01
-1.824139058589935303e-01
3.717291355133056641e-01
2.717692852020263672e-01
-3.543983995914459229e-01
3.121801614761352539e-01
-5.218871831893920898e-01
-5.658466219902038574e-01
3.237875699996948242e-01
-8.178360462188720703e-01
1.455110311508178711e-02
-8.776440620422363281e-01
-4.724293947219848633e-02
-7.686623930931091309e-01
-8.765375018119812012e-01
7.073280811309814453e-01
6.307222843170166016e-01
1.468793272972106934e+00
1.381826400756835938e+00
3.321992874145507812e+00
8.595378696918487549e-02
2.125972270965576172e+00
2.378200769424438477e+00
2.871806621551513672e+00
-8.641543388366699219e-01
9.244090318679809570e-01
4.250022888183593750e+00
8.953412175178527832e-01
1.575830936431884766e+00
3.382873296737670898e+00
3.495317935943603516e+00
5.527521967887878418e-01
-1.530157923698425293e-01
-2.013251185417175293e-02
1.547626703977584839e-01
3.008916378021240234e-01
1.492535471916198730e+00
2.857912778854370117e-01
-4.369320571422576904e-01
6.987926363945007324e-02
5.851203203201293945e-02
-1.140952348709106445e+00
1.723233222961425781e+00
2.316038012504577637e-01
1.208507537841796875e+00
-2.700143754482269287e-01
3.645041584968566895e-01
3.079926967620849609e+00
3.725897073745727539e+00
-5.280795693397521973e-01
-8.501217365264892578e-01
-1.095829010009765625e+00
-3.372789025306701660e-01
8.484572768211364746e-01
-9.554669260978698730e-01
3.712695360183715820e+00
-4.346690475940704346e-01
-2.807467579841613770e-01
7.162708044052124023e-01
-2.558560371398925781e-01
5.998532772064208984e-01
-8.205360770225524902e-01
-5.547523498535156250e-03
1.278514027595520020e+00
1.849169284105300903e-01
-1.790017783641815186e-01
1.749300718307495117e+00
-5.053964257240295410e-01
3.938989639282226562e+00
6.717092990875244141e-01
-9.063236713409423828e-01
-7.932016849517822266e-01
-6.374429464340209961e-01
-8.544020056724548340e-01
2.223235368728637695e-02
2.808865070343017578e+00
1.282284259796142578e-01
5.115024447441101074e-01
1.174433469772338867e+00
-7.730332016944885254e-01
1.618410706520080566e+00
1.130407929420471191e+00
-4.002932608127593994e-01
-3.801243305206298828e-01
1.158399581909179688e+00
9.227487444877624512e-01
5.324621796607971191e-01
6.487837433815002441e-01
4.131128191947937012e-01
3.207499980926513672e+00
6.880372762680053711e-01
-5.459608137607574463e-02
6.817233562469482422e-01
2.647350132465362549e-01
-4.077521264553070068e-01
3.535166263580322266e+00
-3.471723794937133789e-01
2.584742546081542969e+00
-4.933170974254608154e-01
6.168518662452697754e-01
3.664988279342651367e-02
1.052007436752319336e+00
3.760541379451751709e-01
8.568812012672424316e-01
-9.911239147186279297e-01
5.849521160125732422e-01
3.037153005599975586e+00
-4.941661953926086426e-01
3.565651655197143555e+00
2.917249441146850586e+00
1.121277093887329102e+00
9.958455562591552734e-01
4.139822423458099365e-01
3.280196487903594971e-01
-3.589115142822265625e-01
2.995346069335937500e+00
8.397104740142822266e-01
2.236141562461853027e-01
-1.034603357315063477e+00
-4.058912396430969238e-01
2.030169486999511719e+00
2.933993339538574219e+00
8.330007791519165039e-01
2.044239044189453125e+00
-1.881449222564697266e-01
-9.586280584335327148e-01
1.319183826446533203e+00
2.841263115406036377e-01
-3.753310739994049072e-01
-3.009372949600219727e-02
1.673459768295288086e+00
3.563199043273925781e-01
5.002396702766418457e-01
1.211473941802978516e-01
1.168503761291503906e+00
1.449925661087036133e+00
1.304377675056457520e+00
-4.538093507289886475e-01
2.783169031143188477e+00
-7.406424283981323242e-01
-4.185754060745239258e-01
-1.115820407867431641e-01
3.276212692260742188e+00
1.224141001701354980e+00
-5.440518856048583984e-01
-2.595315873622894287e-01
-1.302723407745361328e+00
-8.323682546615600586e-01
3.077001810073852539e+00
-7.985170483589172363e-01
2.114150822162628174e-01
-1.049767732620239258e+00
-4.430219829082489014e-01
-8.754476308822631836e-01
1.410906553268432617e+00
-8.014917373657226562e-03
1.451211214065551758e+00
3.170764446258544922e+00
1.236398935317993164e+00
-5.185191035270690918e-01
6.198463439941406250e-01
-2.230676710605621338e-01
3.731289625167846680e+00
-6.632872819900512695e-01
3.818619847297668457e-01
8.121313452720642090e-01
2.748263478279113770e-01
