-1.101813197135925293e+00
-5.843508243560791016e-02
7.277536392211914062e-02
4.521208405494689941e-01
-6.120767593383789062e-01
-9.988529682159423828e-01
-1.631344079971313477e+00
-3.128119111061096191e-01
-3.541654348373413086e-01
-8.393158912658691406e-01
-7.242320775985717773e-01
-5.504729747772216797e-01
-1.327203512191772461e-01
-4.563275575637817383e-01
-8.806015253067016602e-01
-1.431493759155273438e-01
6.799556314945220947e-02
-1.096535205841064453e+00
1.004366874694824219e-01
-6.194784641265869141e-01
1.074028968811035156e+00
-4.556626379489898682e-01
-2.248930931091308594e-01
-5.514478683471679688e-02
5.803537368774414062e-01
-4.059484004974365234e-01
1.506579816341400146e-01
-1.027433872222900391e+00
-1.006625771522521973e+00
-7.408418655395507812e-01
2.942861318588256836e-01
-1.622457802295684814e-01
1.931941509246826172e-01
-7.113870382308959961e-01
-3.356480002403259277e-01
-1.036109924316406250e-01
-1.088804244995117188e+00
-1.002728581428527832e+00
1.041209399700164795e-01
-3.998339176177978516e-01
1.418805122375488281e-02
-6.070482730865478516e-01
-1.842773556709289551e-01
1.055432319641113281e+00
-7.881110310554504395e-01
-1.237128376960754395e-01
-4.336579740047454834e-01
-3.061841428279876709e-01
1.377812922000885010e-01
-5.818689465522766113e-01
-8.205692768096923828e-01
-6.245946884155273438e-01
5.694121122360229492e-02
4.079651236534118652e-01
3.104891777038574219e-01
2.262249886989593506e-01
5.627359747886657715e-01
1.958850771188735962e-01
5.032662153244018555e-01
3.753162920475006104e-02
-3.851453363895416260e-01
-8.837810754776000977e-01
-1.428108215332031250e-01
1.651243120431900024e-01
-7.285931706428527832e-02
-3.662116527557373047e-01
-1.242430925369262695e+00
-9.374231100082397461e-01
-2.957890629768371582e-01
-3.070347309112548828e-01
-1.824095547199249268e-01
-1.342894434928894043e+00
-7.786754369735717773e-01
9.000144004821777344e-01
-7.341638803482055664e-01
7.501393556594848633e-02
1.257321119308471680e+00
-2.659828662872314453e-01
-2.661520540714263916e-01
1.719624996185302734e-01
-1.476914286613464355e-01
-1.078492164611816406e+00
1.209298968315124512e-01
-6.256123781204223633e-01
-4.889762103557586670e-01
-5.746424198150634766e-03
3.950054049491882324e-01
-3.390352427959442139e-01
5.231425762176513672e-01
-9.685201048851013184e-01
1.006302237510681152e-02
1.096985697746276855e+00
1.398209333419799805e-01
-1.147778630256652832e-01
-6.287923455238342285e-01
2.708997130393981934e-01
4.606819450855255127e-01
-9.417999982833862305e-01
-1.461670398712158203e-01
1.483829021453857422e-01
4.815669059753417969e-01
-5.735024213790893555e-01
3.590140938758850098e-01
2.398734688758850098e-01
-1.835657954216003418e-01
1.997548341751098633e-02
1.325478315353393555e+00
-3.036375939846038818e-01
-5.227305293083190918e-01
-3.046135902404785156e-01
-1.155477404594421387e+00
8.916848897933959961e-02
-4.402545690536499023e-01
-2.096414566040039062e-03
-6.288340091705322266e-01
6.378709077835083008e-01
1.620364040136337280e-01
1.137406945228576660e+00
2.820619940757751465e-01
-3.554721772670745850e-01
8.169338107109069824e-02
-4.791229367256164551e-01
-1.911920905113220215e-01
-2.401912212371826172e-01
-3.932178616523742676e-01
-6.581761837005615234e-01
-2.340751886367797852e-01
-6.881327927112579346e-02
6.591725349426269531e-02
-5.715178251266479492e-01
7.678988575935363770e-01
-1.182032585144042969e+00
4.666811525821685791e-01
-1.119926929473876953e+00
6.514172554016113281e-01
-2.082006037235260010e-01
-5.673721432685852051e-01
2.095308005809783936e-01
-2.208323001861572266e+00
1.412510871887207031e-03
-2.173129022121429443e-01
-7.234201431274414062e-01
9.605079889297485352e-01
-6.629689335823059082e-01
-3.255478441715240479e-01
-4.643374681472778320e-02
-1.727133989334106445e-01
2.444693595170974731e-01
-4.351996779441833496e-01
-3.872151672840118408e-01
-8.413844108581542969e-01
-2.350843846797943115e-01
-1.426047682762145996e-01
9.025022983551025391e-01
5.993044376373291016e-02
-1.682256162166595459e-01
-7.348246574401855469e-01
6.281065940856933594e-02
-4.402252435684204102e-01
7.028193473815917969e-01
-4.654656410217285156e+00
-4.642015695571899414e-01
5.537628531455993652e-01
-6.248638629913330078e-01
1.075204849243164062e+00
-8.470064401626586914e-01
-9.805312156677246094e-01
-6.211528778076171875e-01
1.513332128524780273e-02
-3.974215984344482422e-01
-8.287485837936401367e-01
5.776031315326690674e-02
-5.836553573608398438e-01
-2.052364945411682129e-01
-1.112210750579833984e-02
1.151671409606933594e-01
-8.789338469505310059e-01
-1.092786431312561035e+00
-1.003615260124206543e-01
-2.955059409141540527e-01
-3.440189659595489502e-01
1.981218606233596802e-01
-4.649689793586730957e-01
-1.277384757995605469e-01
3.880618214607238770e-01
-1.190431952476501465e+00
-4.606103301048278809e-01
-9.628516435623168945e-02
6.244890093803405762e-01
7.781779170036315918e-01
-1.170376420021057129e+00
-5.611789226531982422e-01
-1.316657662391662598e-01
-1.346214056015014648e+00
-1.009062051773071289e+00
-2.336740791797637939e-01
3.214702904224395752e-01
-1.694737374782562256e-01
1.399442553520202637e-02
