-1.589024066925048828e-02
-1.030570745468139648e+00
-2.941968441009521484e-01
4.939128160476684570e-01
-1.642292737960815430e-01
-2.846300303936004639e-01
3.615491390228271484e-01
-4.849624633789062500e-01
-5.875481367111206055e-01
4.583303928375244141e-01
-5.962033867835998535e-01
2.171036601066589355e-01
2.609202563762664795e-01
3.362709581851959229e-01
-2.049036622047424316e-01
-9.165204167366027832e-01
-2.775147855281829834e-01
-8.414431810379028320e-01
-6.563242673873901367e-01
-4.139770865440368652e-01
-3.164911568164825439e-01
-1.129157066345214844e+00
2.538931667804718018e-01
6.552559733390808105e-01
-7.820306420326232910e-01
-5.957277417182922363e-01
-2.291833758354187012e-01
-9.948039054870605469e-01
-1.230013847351074219e+00
2.494363486766815186e-01
-5.025580525398254395e-02
2.715317606925964355e-01
-3.879105448722839355e-01
3.163247406482696533e-01
-8.665605187416076660e-01
7.256875038146972656e-01
-3.098249435424804688e-02
-1.305006265640258789e+00
-3.131319880485534668e-01
-2.992857992649078369e-01
-3.076644539833068848e-01
4.734860658645629883e-01
8.832412362098693848e-01
-1.454349458217620850e-01
-5.323930084705352783e-02
-5.102655887603759766e-01
-1.015446424484252930e+00
-9.768506288528442383e-01
-5.413459539413452148e-01
8.422495722770690918e-01
-5.312248468399047852e-01
5.279402732849121094e-01
-9.150068461894989014e-02
-8.791959285736083984e-01
-6.105813980102539062e-01
-2.180133759975433350e-01
3.478350639343261719e-01
-9.969899058341979980e-01
-3.643422424793243408e-01
-2.101818919181823730e-01
8.804214000701904297e-02
-8.535224199295043945e-02
-1.741826534271240234e-02
3.302296102046966553e-01
4.666013717651367188e-01
-8.352308273315429688e-01
-1.327037096023559570e+00
3.710645139217376709e-01
3.893614113330841064e-01
-9.342898130416870117e-01
2.429184317588806152e-01
3.789056539535522461e-01
-4.987925291061401367e-02
-5.707439780235290527e-02
-1.267079114913940430e-01
-9.097237586975097656e-01
-9.777014255523681641e-01
5.094194412231445312e-02
-1.008010983467102051e+00
-2.296650707721710205e-01
-7.996076345443725586e-02
-4.967401623725891113e-01
6.328732371330261230e-01
5.318444967269897461e-02
-6.320787072181701660e-01
-6.141533255577087402e-01
-1.551279902458190918e+00
-4.606708884239196777e-01
6.707800030708312988e-01
-3.488559722900390625e-01
4.744618237018585205e-01
-3.081350922584533691e-01
-9.082122445106506348e-01
1.866187900304794312e-01
-6.258673667907714844e-01
-1.662186980247497559e-01
-1.723887026309967041e-02
2.230917960405349731e-01
-1.952983736991882324e-01
1.424463987350463867e-01
1.357117891311645508e-01
-3.818520903587341309e-02
4.299211204051971436e-01
-4.974087476730346680e-01
7.210060954093933105e-01
-8.105884790420532227e-01
-4.828295111656188965e-01
-1.761047840118408203e-01
1.120449379086494446e-01
2.084581255912780762e-01
-1.440900564193725586e+00
-4.872928261756896973e-01
3.847803473472595215e-01
-1.528009176254272461e-01
2.368691563606262207e-01
-1.750424206256866455e-01
1.660009145736694336e+00
-4.553659260272979736e-01
-1.330450892448425293e+00
-6.482713818550109863e-01
3.558171689510345459e-01
-9.032797217369079590e-01
-9.367322921752929688e-02
-6.762480139732360840e-01
-1.330268085002899170e-01
-2.390997111797332764e-01
-5.193897485733032227e-01
-4.867254793643951416e-01
-2.016688585281372070e-01
3.891677856445312500e-01
1.932066977024078369e-01
2.621515750885009766e+00
1.663931608200073242e-01
1.070907264947891235e-01
-5.178680419921875000e-01
-1.466801762580871582e-01
6.259320974349975586e-01
-9.405672550201416016e-01
-1.387117147445678711e+00
1.542302012443542480e+00
6.717079877853393555e-02
-9.227263927459716797e-02
-8.736407756805419922e-01
-8.913354575634002686e-02
-1.371492743492126465e-01
-4.134551584720611572e-01
-2.773234546184539795e-01
7.638168931007385254e-01
5.290535688400268555e-01
-2.344205677509307861e-01
-5.374271869659423828e-01
-1.388203799724578857e-01
1.324111938476562500e+00
-3.607757687568664551e-01
-1.424914598464965820e+00
3.228066563606262207e-01
1.131166219711303711e-01
7.264032959938049316e-03
-8.621071577072143555e-01
-3.549401760101318359e-01
3.043217658996582031e-01
1.843875795602798462e-01
1.164608955383300781e+00
-1.558266878128051758e+00
-7.153084278106689453e-01
2.440381050109863281e-01
-4.401469230651855469e-01
1.650779843330383301e-01
-1.142127156257629395e+00
-1.764724552631378174e-01
-1.738538146018981934e-01
-4.265621900558471680e-01
-3.268276154994964600e-01
3.389255404472351074e-01
-1.040990233421325684e+00
-1.073042273521423340e+00
-9.600783586502075195e-01
-1.059355139732360840e+00
-9.530921578407287598e-01
-8.845563530921936035e-01
1.338853836059570312e-01
-7.355704307556152344e-01
-7.154278159141540527e-01
7.626760601997375488e-01
-4.032729864120483398e-01
2.281426936388015747e-01
-5.442824959754943848e-01
-3.134090900421142578e-01
-2.757782936096191406e-01
-6.544475555419921875e-01
-2.109404206275939941e-01
-4.854613542556762695e-02
-1.236341595649719238e-01
3.567908406257629395e-01
1.884811520576477051e-01
-1.270793080329895020e-01
2.147572785615921021e-01
4.758020639419555664e-01
1.936006098985671997e-01
