-5.811491012573242188e-01
-1.878339052200317383e-01
1.333625614643096924e-01
-1.452436447143554688e+00
-4.031082987785339355e-01
-1.476025283336639404e-01
-2.779624462127685547e-01
-2.238211929798126221e-01
-8.695930242538452148e-02
-1.228349804878234863e+00
-1.178889155387878418e+00
3.513693809509277344e-04
-1.295740127563476562e+00
-6.850537061691284180e-01
8.519324660301208496e-02
6.931535601615905762e-01
-4.662553668022155762e-01
2.353459596633911133e-02
-3.278283476829528809e-01
-4.691376686096191406e-01
-9.799783825874328613e-01
-6.224450469017028809e-01
-3.251518011093139648e-01
-3.473809659481048584e-01
2.122809290885925293e-01
-2.730066180229187012e-01
-4.776956439018249512e-01
-8.750110864639282227e-01
-1.000270485877990723e+00
-3.205463290214538574e-01
-3.264230489730834961e-02
2.555223703384399414e-01
7.321127653121948242e-01
-3.530076742172241211e-01
1.004960179328918457e+00
-5.168295502662658691e-01
-8.111548423767089844e-02
-3.532817661762237549e-01
-1.124914288520812988e-01
6.278154850006103516e-01
-8.486577868461608887e-01
-4.598174691200256348e-01
-1.602725088596343994e-01
1.165656089782714844e+00
6.494778394699096680e-02
-1.449401497840881348e+00
-1.451800763607025146e-01
1.772757768630981445e-01
-3.047022223472595215e-01
-4.728706777095794678e-01
-4.559823572635650635e-01
-8.261165022850036621e-01
-8.042280673980712891e-01
-9.990131258964538574e-01
-1.239336133003234863e+00
-3.460280001163482666e-01
5.769001245498657227e-01
-2.073765397071838379e-01
3.929349184036254883e-01
-1.262136399745941162e-01
-7.666100263595581055e-01
-1.650024056434631348e-01
1.684281826019287109e-01
-2.855412960052490234e-01
-1.265204250812530518e-01
3.396705985069274902e-01
-1.553679704666137695e+00
-7.742392420768737793e-01
3.274490833282470703e-01
-7.427490353584289551e-01
1.159727573394775391e-01
-1.325058937072753906e+00
-1.911980807781219482e-01
1.924480199813842773e-01
-3.421718478202819824e-01
1.377438604831695557e-01
-1.741272807121276855e-01
-5.853550434112548828e-01
5.666561126708984375e-01
-3.474865555763244629e-01
-3.823149204254150391e-02
-3.975837826728820801e-01
-2.158231258392333984e+00
-2.792471647262573242e-01
7.814857959747314453e-01
-3.719821691513061523e+00
-1.031875371932983398e+00
-6.749410033226013184e-01
-1.056797266006469727e+00
-6.223191022872924805e-01
-1.366928815841674805e-01
-1.097092986106872559e+00
-3.776403069496154785e-01
1.307480335235595703e-01
1.457448303699493408e-01
-2.866711318492889404e-01
-1.856075525283813477e-01
6.510109901428222656e-01
-3.135596513748168945e-01
-3.892088532447814941e-01
-1.041059017181396484e+00
-4.515119791030883789e-01
-1.746348142623901367e-01
-4.645343422889709473e-01
-2.302315235137939453e-01
-9.409815669059753418e-01
-4.927238821983337402e-02
-4.936028122901916504e-01
-4.320770502090454102e-02
1.755671858787536621e+00
-3.770258724689483643e-01
-1.490136981010437012e+00
-6.685920953750610352e-01
-2.138676941394805908e-01
-5.856634974479675293e-01
2.434239387512207031e-01
-6.077150106430053711e-01
2.433253824710845947e-01
6.749105453491210938e-01
-5.621756315231323242e-01
1.389272212982177734e+00
-1.345927596092224121e+00
-2.694474458694458008e-01
1.644421368837356567e-01
7.978937029838562012e-02
1.062462925910949707e+00
7.467204332351684570e-02
-1.267549991607666016e-01
-1.058041572570800781e+00
-8.155226707458496094e-02
2.205367684364318848e-01
-3.134641051292419434e-02
-1.696978807449340820e-01
-1.140985846519470215e+00
4.080709815025329590e-02
5.852791070938110352e-01
4.151414632797241211e-01
-1.145536541938781738e+00
9.500679373741149902e-02
1.365291476249694824e-01
-4.701014161109924316e-01
9.178459644317626953e-03
9.254416227340698242e-01
-8.559584617614746094e-02
-6.001993417739868164e-01
-3.010272383689880371e-01
6.373544931411743164e-01
-1.133384108543395996e+00
1.309226155281066895e+00
-4.574544429779052734e-01
-3.769006729125976562e-01
-2.312482297420501709e-01
-2.543442845344543457e-01
3.099092841148376465e-01
2.344050556421279907e-01
-1.329257607460021973e+00
-4.524223804473876953e-01
-3.456933498382568359e-01
8.343051671981811523e-01
-3.019396066665649414e-01
-1.182697117328643799e-01
1.322596073150634766e-01
6.114846467971801758e-02
-1.021198630332946777e-01
-1.758738756179809570e+00
-9.702911972999572754e-01
-3.432984948158264160e-01
-2.075057029724121094e-01
-8.876631259918212891e-01
-7.370197772979736328e-02
1.296809911727905273e-01
-4.903207123279571533e-01
-1.169753551483154297e+00
-6.635056138038635254e-01
-7.955364584922790527e-01
-5.385200381278991699e-01
-2.645128071308135986e-01
-1.523830056190490723e+00
-1.780421376228332520e+00
-5.244162082672119141e-01
-6.556234359741210938e-01
-3.568470478057861328e-01
-9.986386895179748535e-01
-7.247468233108520508e-01
-9.120123982429504395e-01
-8.117516040802001953e-01
-2.205645143985748291e-01
6.083889603614807129e-01
4.447871446609497070e-02
-8.844015598297119141e-01
-2.256252765655517578e-01
3.843614459037780762e-01
-4.648402333259582520e-01
-3.690110445022583008e-01
3.239266276359558105e-01
-6.100078225135803223e-01
-6.683634519577026367e-01
2.918726205825805664e-01
-2.071389853954315186e-01
