6.813166141510009766e-01
-5.106472969055175781e-01
-2.379327118396759033e-01
1.451174259185791016e+00
5.331044793128967285e-01
1.905763626098632812e+00
1.754281520843505859e-01
9.116411209106445312e-02
-1.157126426696777344e-01
4.808608591556549072e-01
-4.998525083065032959e-01
-2.328693866729736328e-02
-3.806011974811553955e-01
1.328946590423583984e+00
9.022310972213745117e-01
1.204440832138061523e+00
1.690149188041687012e+00
3.056089878082275391e+00
-4.953899979591369629e-02
7.527905702590942383e-01
-3.582308590412139893e-01
1.266207814216613770e+00
1.850389719009399414e+00
1.324910670518875122e-01
-2.040935754776000977e-01
6.443658471107482910e-01
5.747933387756347656e-01
5.740034580230712891e-02
-5.717363357543945312e-01
2.195508241653442383e+00
1.277877449989318848e+00
-2.321345061063766479e-01
-4.224862456321716309e-01
2.316308766603469849e-01
4.977726936340332031e-02
1.600487470626831055e+00
-5.121756196022033691e-01
1.535156726837158203e+00
1.281336784362792969e+00
-9.945575594902038574e-01
-3.180062472820281982e-01
6.015527248382568359e-01
1.778144121170043945e+00
-1.299662590026855469e-01
1.514542341232299805e+00
3.780385971069335938e+00
4.246466755867004395e-01
-2.406562566757202148e-01
4.651475548744201660e-01
3.047331869602203369e-01
-5.984768271446228027e-01
1.273391008377075195e+00
6.018753647804260254e-01
5.670373439788818359e-01
1.559330463409423828e+00
2.332270860671997070e+00
1.529222726821899414e+00
1.115424871444702148e+00
1.136172890663146973e+00
-4.423399269580841064e-01
-1.151391267776489258e+00
1.804930806159973145e+00
1.666633009910583496e+00
-4.734073877334594727e-01
1.290929913520812988e+00
8.016586303710937500e-03
1.096904993057250977e+00
1.968350410461425781e+00
1.585722565650939941e+00
-9.842489957809448242e-01
3.905022144317626953e-01
5.808584690093994141e-01
2.235636472702026367e+00
7.086527943611145020e-01
3.727820396423339844e+00
2.732370495796203613e-01
-1.216922998428344727e-01
-9.518189430236816406e-01
-2.052580416202545166e-01
2.153188228607177734e+00
1.601772785186767578e+00
8.502417802810668945e-01
-3.806296288967132568e-01
-3.812330067157745361e-01
1.345819532871246338e-01
5.354856252670288086e-01
9.422340989112854004e-01
3.809457063674926758e+00
5.271054506301879883e-01
1.659916639328002930e+00
2.555211782455444336e+00
3.480807781219482422e+00
1.394987225532531738e+00
-2.711113393306732178e-01
3.434078693389892578e-01
1.383028268814086914e+00
2.554590225219726562e+00
2.890840768814086914e-01
-3.942617774009704590e-01
2.764249324798583984e+00
3.835543155670166016e+00
-3.052406609058380127e-01
3.085093021392822266e+00
1.243368387222290039e+00
-1.149707436561584473e-01
8.966153860092163086e-01
8.490047454833984375e-01
1.389663815498352051e-01
1.208063244819641113e+00
3.661119937896728516e-02
-2.249389886856079102e-02
-1.151723861694335938e+00
-8.213655948638916016e-01
7.120714187622070312e-01
-1.506828188896179199e+00
-6.756182909011840820e-01
-7.940957546234130859e-01
-1.037201285362243652e+00
1.310375571250915527e+00
-9.088991284370422363e-01
-5.050694942474365234e-01
3.741592168807983398e-01
8.449752628803253174e-02
2.372117340564727783e-01
-6.324919462203979492e-01
-6.156816482543945312e-01
1.336158275604248047e+00
1.697091341018676758e+00
2.578486919403076172e+00
-1.331384778022766113e-01
3.980428218841552734e+00
-2.260713875293731689e-01
4.447057247161865234e-01
8.848916292190551758e-01
-1.944018602371215820e-01
9.414563179016113281e-01
8.964486122131347656e-01
9.728785753250122070e-01
2.396173238754272461e+00
-3.585294783115386963e-01
7.840092778205871582e-01
-8.784270286560058594e-01
7.221123576164245605e-02
4.495453536510467529e-01
1.488776445388793945e+00
1.562704920768737793e+00
1.282056212425231934e+00
-1.519570052623748779e-01
2.792831659317016602e-01
3.078467845916748047e-01
1.435785889625549316e-01
2.368028461933135986e-01
-1.482642889022827148e-01
-9.071931838989257812e-01
-1.592516601085662842e-01
4.662413895130157471e-01
2.567017555236816406e+00
-5.191734433174133301e-02
2.749392747879028320e+00
4.045844554901123047e+00
1.678921461105346680e+00
1.263603925704956055e+00
-1.747359037399291992e-01
2.341488897800445557e-01
2.233365535736083984e+00
2.399530410766601562e+00
4.994883537292480469e-01
2.398912012577056885e-01
-7.371376752853393555e-01
1.395463705062866211e+00
7.381223440170288086e-01
-1.014472603797912598e+00
-7.439631819725036621e-01
-1.772816032171249390e-01
9.961363673210144043e-01
5.257380604743957520e-01
-9.011064171791076660e-01
3.303111553192138672e+00
1.079447388648986816e+00
-2.777409553527832031e-01
1.464598655700683594e+00
2.615502357482910156e+00
-7.711699008941650391e-01
-1.384922266006469727e-01
2.261951208114624023e+00
3.688966035842895508e+00
2.618828415870666504e-01
1.917577683925628662e-01
1.646197795867919922e+00
-8.879378437995910645e-02
7.265021800994873047e-01
1.620143651962280273e+00
3.091914057731628418e-01
-5.974739789962768555e-03
-7.907038927078247070e-01
-6.046821177005767822e-02
-6.957163214683532715e-01
-2.107443809509277344e-01
-8.861690759658813477e-01
