4.436129331588745117e-02
1.779620766639709473e+00
3.214533030986785889e-01
-1.288203239440917969e+00
5.218079090118408203e-01
2.014676630496978760e-01
-2.060807049274444580e-01
-9.482427835464477539e-01
-5.045261979103088379e-01
2.095720618963241577e-01
-6.223118305206298828e-01
1.570635080337524414e+00
3.542061328887939453e+00
3.296893358230590820e+00
6.408680081367492676e-01
1.811373591423034668e+00
1.334771394729614258e+00
-1.013382196426391602e+00
6.526499986648559570e-01
3.451663255691528320e-01
1.541180253028869629e+00
6.993259489536285400e-02
-4.314312934875488281e-01
1.334301471710205078e+00
-3.848707675933837891e-02
3.533461809158325195e+00
7.441057562828063965e-01
3.665050864219665527e-02
-8.134175539016723633e-01
-2.683123946189880371e-01
7.109586000442504883e-01
3.504841625690460205e-01
-6.013925671577453613e-01
9.411680698394775391e-02
8.957939147949218750e-01
1.423448085784912109e+00
-3.611320257186889648e-02
-4.317923784255981445e-01
1.567891597747802734e+00
5.814104676246643066e-01
-4.336695671081542969e-01
1.107526183128356934e+00
-2.040391266345977783e-01
8.001682162284851074e-01
3.570635318756103516e+00
1.690790176391601562e+00
1.688761115074157715e-01
6.457855701446533203e-01
1.343492269515991211e-01
9.083445668220520020e-01
-1.890712976455688477e-02
-7.977223396301269531e-02
1.790917873382568359e+00
2.497486472129821777e-01
1.413395643234252930e+00
-4.829667210578918457e-01
1.488880634307861328e+00
4.646482467651367188e-01
4.948946833610534668e-02
3.782071113586425781e+00
7.964867353439331055e-01
-3.407555818557739258e-01
-6.605261564254760742e-01
-1.793930083513259888e-01
2.752037048339843750e-01
2.485741376876831055e-01
6.388911008834838867e-01
1.095610618591308594e+00
-1.346118152141571045e-01
4.503542780876159668e-01
-3.891299366950988770e-01
-6.105806827545166016e-01
3.041816234588623047e+00
1.610209107398986816e+00
9.607774019241333008e-01
-6.018978357315063477e-01
-2.260246872901916504e-01
2.733023166656494141e-01
1.179819345474243164e+00
-9.442274570465087891e-01
6.934748291969299316e-01
-2.591019868850708008e-01
1.298568993806838989e-01
-4.172889888286590576e-01
-2.786375880241394043e-01
2.092112064361572266e+00
7.325397729873657227e-01
-6.470122933387756348e-02
3.001200199127197266e+00
-9.363245368003845215e-01
2.128303050994873047e-03
1.945402622222900391e-01
-6.632631421089172363e-01
4.485723018646240234e+00
-7.760937213897705078e-01
2.155273854732513428e-01
-7.387834787368774414e-01
-2.149221897125244141e-01
2.472834587097167969e-01
1.407858848571777344e+00
1.012607812881469727e+00
-1.882967650890350342e-01
-6.926409006118774414e-01
9.529471397399902344e-01
-4.619430899620056152e-01
1.648110389709472656e+00
3.116731405258178711e+00
-1.442886888980865479e-01
3.466591238975524902e-02
-5.879820585250854492e-01
-2.325470745563507080e-01
1.669818758964538574e+00
2.384590148925781250e+00
-2.628982365131378174e-01
1.170084238052368164e+00
5.419113636016845703e-01
-1.190992891788482666e-01
1.040753245353698730e+00
-8.411442041397094727e-01
-8.446589112281799316e-02
1.110094189643859863e-01
2.862874269485473633e-01
4.155057907104492188e+00
3.151724100112915039e+00
2.202252864837646484e+00
2.534800469875335693e-01
8.135865330696105957e-01
1.056884646415710449e+00
-1.338772535324096680e+00
-4.137597978115081787e-01
3.957807123661041260e-01
-2.281883358955383301e-01
2.038166284561157227e+00
2.979368567466735840e-01
-6.533273458480834961e-01
-1.689211130142211914e-01
1.130980491638183594e+00
-1.360384225845336914e-01
5.241448879241943359e-01
-1.036643624305725098e+00
-8.634963631629943848e-01
-2.345338463783264160e-02
-2.361536026000976562e-04
-3.620526492595672607e-01
1.331594228744506836e+00
-7.730425894260406494e-02
1.698704361915588379e+00
-5.751388072967529297e-01
1.401148915290832520e+00
-5.440214872360229492e-01
4.021182060241699219e-01
1.370299607515335083e-01
-2.218958437442779541e-01
-1.175520658493041992e+00
4.171579480171203613e-01
-7.173143625259399414e-01
1.263061761856079102e+00
-5.064408779144287109e-01
3.329679965972900391e-01
3.507294893264770508e+00
-8.161374330520629883e-01
-1.616495847702026367e-01
7.637048959732055664e-01
3.171731710433959961e+00
3.270012855529785156e+00
1.434364318847656250e+00
3.928103208541870117e+00
3.599001646041870117e+00
-1.146431922912597656e+00
-4.629651606082916260e-01
1.093009710311889648e-01
5.391415357589721680e-01
5.333234667778015137e-01
-9.122309684753417969e-01
-5.118402242660522461e-01
3.169777154922485352e+00
1.093575954437255859e+00
8.411191105842590332e-01
2.768626809120178223e-01
9.831523895263671875e-01
-5.882203578948974609e-02
3.028028011322021484e-01
5.774410963058471680e-01
-2.680216431617736816e-01
4.304275810718536377e-01
-9.994297027587890625e-01
1.171995401382446289e+00
1.284254789352416992e-01
-1.816518306732177734e-01
-6.731744408607482910e-01
1.083367228507995605e+00
-1.284637451171875000e+00
-3.260219097137451172e-01
1.051685690879821777e+00
-2.198045700788497925e-01
-5.331678390502929688e-01
-8.263556361198425293e-01
6.972838640213012695e-01
-6.812731027603149414e-01
