8.494344353675842285e-01
2.898906707763671875e+00
4.305970668792724609e-01
-4.920073449611663818e-01
5.905172824859619141e-01
-4.211670458316802979e-01
5.519120693206787109e-01
3.008615255355834961e+00
-6.919674873352050781e-01
-3.611096739768981934e-01
2.131610810756683350e-01
3.354047060012817383e+00
9.209618568420410156e-01
1.502497673034667969e+00
-6.175316572189331055e-01
6.223883628845214844e-01
8.462092876434326172e-01
-1.977266967296600342e-01
2.264216423034667969e+00
7.566094398498535156e-03
-4.045719206333160400e-01
5.545860528945922852e-02
1.712551593780517578e+00
-4.940308332443237305e-01
2.828433275222778320e+00
-6.113769412040710449e-01
7.852037549018859863e-01
1.020763993263244629e+00
-3.009854555130004883e-01
-9.391753673553466797e-01
-2.339420914649963379e-01
-1.137880682945251465e-01
3.279082775115966797e+00
3.783081531524658203e+00
9.263336658477783203e-01
-1.714825928211212158e-01
1.541514277458190918e+00
-9.540641307830810547e-02
1.399976134300231934e+00
5.673551559448242188e-01
3.625526428222656250e-01
4.211826026439666748e-01
-5.835902094841003418e-01
-2.349722981452941895e-01
1.630234003067016602e+00
1.631029725074768066e+00
3.442990779876708984e+00
1.673918724060058594e+00
6.219252347946166992e-01
-6.691348552703857422e-01
2.886371135711669922e+00
3.146246969699859619e-01
2.434550523757934570e+00
1.225949525833129883e-01
5.342133641242980957e-01
1.997568011283874512e-01
-1.712751388549804688e-02
2.790582180023193359e-01
1.458511710166931152e+00
1.421346664428710938e+00
-9.705504775047302246e-01
1.091275095939636230e+00
2.553528547286987305e-02
2.330038547515869141e-01
5.305965542793273926e-01
3.037632226943969727e+00
1.327761173248291016e+00
4.815483093261718750e-02
-1.342391371726989746e-01
5.812152624130249023e-01
-3.318953514099121094e-01
3.232403755187988281e+00
1.164648056030273438e+00
5.727653503417968750e-01
2.883884310722351074e-01
-2.315028905868530273e-01
-7.082034349441528320e-01
1.735209107398986816e+00
-7.476351857185363770e-01
2.883337020874023438e+00
1.711872100830078125e+00
1.457712054252624512e-01
2.384691834449768066e-01
1.660769701004028320e+00
-4.306190609931945801e-01
1.260216474533081055e+00
-1.867041587829589844e-01
3.384369373321533203e+00
-4.996761381626129150e-01
-5.873958468437194824e-01
2.674996614456176758e+00
2.040425300598144531e+00
-1.476597785949707031e-02
1.062315464019775391e+00
-1.002126932144165039e+00
-8.898020982742309570e-01
2.724745273590087891e-01
-6.608123779296875000e-01
2.087577819824218750e+00
5.739739537239074707e-01
1.908416748046875000e+00
-1.062933802604675293e-01
-2.619774043560028076e-01
2.837902307510375977e+00
1.006104350090026855e-01
1.244870305061340332e+00
3.975505232810974121e-01
-7.760356664657592773e-01
5.332593619823455811e-02
5.607421398162841797e-01
1.104496955871582031e+00
1.904915213584899902e+00
1.635359048843383789e+00
3.987416982650756836e+00
1.375768423080444336e+00
-2.203010916709899902e-01
1.624146223068237305e+00
-3.936514258384704590e-01
8.954564929008483887e-01
-2.852982282638549805e-01
-3.037357926368713379e-01
1.110979318618774414e+00
1.105424046516418457e+00
-2.485803961753845215e-01
3.834067583084106445e-01
1.715662479400634766e+00
-1.461194753646850586e-01
2.529897212982177734e+00
1.700304508209228516e+00
1.285930037498474121e+00
-3.383756875991821289e-01
1.568779349327087402e-01
2.469394803047180176e-01
-8.457076549530029297e-01
-4.054416716098785400e-01
6.936112642288208008e-01
6.814267635345458984e-01
2.075787544250488281e+00
1.854004383087158203e+00
1.778942942619323730e+00
1.016557097434997559e+00
4.592719674110412598e-02
-9.038391709327697754e-01
4.999437928199768066e-01
-1.000414371490478516e+00
1.210107922554016113e+00
-3.809829354286193848e-01
2.418053627014160156e+00
1.960861921310424805e+00
9.930559396743774414e-01
-6.772171258926391602e-01
4.617622494697570801e-02
1.678799152374267578e+00
-7.232655286788940430e-01
4.149473905563354492e-01
6.120967864990234375e-01
-7.663017511367797852e-02
-9.433370232582092285e-01
3.187479019165039062e+00
3.498752713203430176e-01
2.082256078720092773e-01
9.946296215057373047e-01
8.290866017341613770e-01
-5.303208827972412109e-01
-6.567764282226562500e-01
1.001421451568603516e+00
-6.810538768768310547e-01
-1.027941584587097168e+00
3.074331283569335938e+00
1.286118030548095703e+00
5.496829152107238770e-01
1.233666777610778809e+00
1.565045595169067383e+00
1.320886254310607910e+00
3.314829826354980469e+00
-2.855484485626220703e-01
-7.686737775802612305e-01
4.842953085899353027e-01
-9.118369817733764648e-01
-3.400933146476745605e-01
-8.213295936584472656e-01
6.610816121101379395e-01
4.515945911407470703e-04
5.472556352615356445e-01
1.770249843597412109e+00
2.274052381515502930e+00
-3.499038815498352051e-01
-1.408262103796005249e-01
1.413285851478576660e+00
3.387719690799713135e-01
-2.763599157333374023e-01
-1.858581304550170898e-01
1.607265233993530273e+00
7.807195186614990234e-03
1.912020325660705566e+00
-5.596941709518432617e-02
4.026505649089813232e-01
-2.644373178482055664e-01
4.317466914653778076e-01
