-6.919439136981964111e-02
3.497049093246459961e+00
1.699520707130432129e+00
-7.497843503952026367e-01
-9.591783285140991211e-01
-8.965513110160827637e-02
1.136385679244995117e+00
-4.572650194168090820e-01
1.773442625999450684e+00
6.989879012107849121e-01
-3.171311318874359131e-01
8.281437158584594727e-01
6.982241868972778320e-01
1.182435512542724609e+00
7.527768611907958984e-01
-1.198912188410758972e-01
5.694057941436767578e-01
2.656668424606323242e-02
2.937811613082885742e-02
-7.476273775100708008e-01
5.338822603225708008e-01
8.277866244316101074e-02
2.232788562774658203e+00
4.231541156768798828e+00
-2.065665423870086670e-01
9.765434265136718750e-02
4.896091520786285400e-01
-1.687882840633392334e-01
-1.036479830741882324e+00
9.766493439674377441e-01
1.108391523361206055e+00
-1.585690379142761230e-01
2.677491664886474609e+00
-5.291632413864135742e-01
6.656977534294128418e-02
5.037557482719421387e-01
9.294949471950531006e-02
1.644088864326477051e+00
-7.738292217254638672e-01
3.235992789268493652e-01
4.932439327239990234e-02
-9.019380807876586914e-01
-9.073057174682617188e-01
1.232779979705810547e+00
-8.771444559097290039e-01
-4.815021753311157227e-01
6.362187862396240234e-02
-1.425573706626892090e+00
2.809518814086914062e+00
-1.030520915985107422e+00
-4.234738349914550781e-01
7.163463234901428223e-01
1.142351150512695312e+00
6.534028053283691406e-01
3.852816581726074219e+00
8.069930076599121094e-01
4.900676012039184570e-02
7.156015038490295410e-01
4.001877903938293457e-01
4.117918610572814941e-01
4.428556561470031738e-01
9.674348235130310059e-01
3.323880434036254883e-01
-2.531969845294952393e-01
-4.264879226684570312e-02
2.660244703292846680e-01
-2.547584176063537598e-01
-5.632982850074768066e-01
2.840714454650878906e-01
-7.100341320037841797e-01
8.457962274551391602e-01
-8.345425128936767578e-02
1.493941307067871094e+00
9.868887662887573242e-01
8.551197648048400879e-01
-5.279314517974853516e-02
1.416601300239562988e+00
-9.411903619766235352e-01
7.497861981391906738e-02
-4.091368615627288818e-01
-6.870376467704772949e-01
-5.294333696365356445e-01
1.169397950172424316e+00
-2.466682195663452148e-01
4.238749146461486816e-01
-1.091905474662780762e+00
4.454348683357238770e-01
-2.810992002487182617e-01
-1.994229257106781006e-01
2.562185525894165039e-01
1.133669137954711914e+00
-7.179594039916992188e-01
-8.203819394111633301e-02
-8.429589867591857910e-01
1.377231717109680176e+00
2.370718955993652344e+00
-8.619471788406372070e-01
2.767557144165039062e+00
1.444726228713989258e+00
-1.019427537918090820e+00
1.412368416786193848e+00
-5.263891816139221191e-02
-5.992838740348815918e-01
-3.855406641960144043e-01
1.976515054702758789e+00
-4.019986391067504883e-01
-8.007479906082153320e-01
-4.886576235294342041e-01
6.494304537773132324e-01
6.738376021385192871e-01
-5.201065540313720703e-01
-3.665052056312561035e-01
8.713840246200561523e-01
1.865486741065979004e+00
8.604916334152221680e-01
1.783770024776458740e-01
8.485636115074157715e-02
-1.198867261409759521e-01
1.308202862739562988e+00
-8.574118018150329590e-01
-9.819403886795043945e-01
1.659756422042846680e+00
-5.231261253356933594e-02
2.371953487396240234e+00
-3.522479534149169922e-01
-8.739918470382690430e-03
1.510305047035217285e+00
2.630655288696289062e+00
4.567199945449829102e-02
1.834101378917694092e-01
2.883718609809875488e-01
3.701121807098388672e-01
1.138838052749633789e+00
-1.014656066894531250e+00
-5.484706163406372070e-01
-5.427817106246948242e-01
4.294897615909576416e-02
-1.426243782043457031e-01
4.449205398559570312e-01
-3.873764574527740479e-01
9.418982267379760742e-01
-2.663764953613281250e-01
5.000095367431640625e-01
-1.447629630565643311e-01
7.136490941047668457e-02
3.939456939697265625e-01
5.988369882106781006e-02
-2.570244669914245605e-02
1.535163640975952148e+00
4.105891227722167969e+00
-7.621742486953735352e-01
2.723372936248779297e+00
-4.975162744522094727e-01
5.355194807052612305e-01
-8.440286517143249512e-01
-7.532932758331298828e-01
-9.521326422691345215e-01
1.201241016387939453e-01
6.249249577522277832e-01
4.000477313995361328e+00
1.249903142452239990e-01
1.091636419296264648e-01
-3.387835025787353516e-01
3.617390871047973633e+00
-3.551406860351562500e-01
2.039842128753662109e+00
-2.466956153512001038e-02
2.863268613815307617e+00
1.631444096565246582e-01
1.003696322441101074e+00
1.697169780731201172e+00
1.375522494316101074e+00
3.418583154678344727e+00
2.902568340301513672e+00
3.280350565910339355e-01
5.549315214157104492e-01
-4.017457962036132812e-01
9.431148767471313477e-01
4.354497790336608887e-01
3.916394114494323730e-01
1.412588357925415039e-02
1.395129442214965820e+00
-7.963627576828002930e-01
3.838112592697143555e+00
-3.804652094841003418e-01
-2.999131381511688232e-01
-9.276974946260452271e-02
-3.473663330078125000e-01
3.319767117500305176e-01
4.510670602321624756e-01
1.283296346664428711e+00
-5.915655493736267090e-01
5.532082915306091309e-01
1.802195787429809570e+00
5.904114246368408203e-01
2.883063554763793945e-01
3.258328437805175781e-01
2.319099903106689453e+00
3.498349905014038086e+00
