1.653748393058776855e+00
1.160246253013610840e+00
2.333518266677856445e-01
6.504485607147216797e-01
-6.825510263442993164e-01
1.729010343551635742e-01
6.392320394515991211e-01
3.230258703231811523e+00
2.506067156791687012e-01
1.229860901832580566e+00
-3.038068115711212158e-01
3.858010768890380859e+00
8.139306902885437012e-01
3.173761367797851562e-01
3.378090143203735352e+00
-7.023836970329284668e-01
6.460553407669067383e-01
-5.240889191627502441e-01
5.600311756134033203e-01
1.348838686943054199e+00
1.757942438125610352e+00
-1.150927245616912842e-01
1.423165798187255859e+00
2.149227559566497803e-01
-1.230622291564941406e+00
5.001786947250366211e-01
1.091134667396545410e+00
-9.527517557144165039e-01
-4.433655142784118652e-01
-8.134427070617675781e-01
2.188987970352172852e+00
1.762886524200439453e+00
2.122766733169555664e+00
-1.580939590930938721e-01
1.382855653762817383e+00
-3.335997462272644043e-01
-5.860637426376342773e-01
1.023044109344482422e+00
4.125472307205200195e-01
4.603861570358276367e-01
-3.433991670608520508e-01
3.501289367675781250e+00
2.805182933807373047e+00
4.695965647697448730e-01
2.365908384323120117e+00
2.697286128997802734e+00
-7.633560895919799805e-01
1.624798417091369629e+00
1.897168755531311035e-01
1.186888217926025391e+00
3.095502853393554688e-01
2.766335010528564453e+00
9.521791338920593262e-02
1.121508717536926270e+00
1.141631484031677246e+00
-3.474120795726776123e-01
2.372703850269317627e-01
6.303232908248901367e-01
3.938425779342651367e+00
2.903065681457519531e+00
3.389805555343627930e+00
-6.370123624801635742e-01
-4.137733578681945801e-02
1.594431638717651367e+00
3.338880062103271484e+00
2.887076735496520996e-01
2.516342699527740479e-02
1.944133788347244263e-01
6.709837317466735840e-01
-4.615866541862487793e-01
1.642262697219848633e+00
2.631413936614990234e-02
2.204896688461303711e+00
1.620009541511535645e-02
6.806509494781494141e-01
2.932444572448730469e+00
1.289490222930908203e+00
-3.206405937671661377e-01
3.099148750305175781e+00
-2.501325607299804688e-01
-3.262001574039459229e-01
-3.451335430145263672e-02
-7.467249631881713867e-01
-1.131188273429870605e-01
1.754446864128112793e+00
3.427355766296386719e+00
1.213460683822631836e+00
7.537460923194885254e-01
5.104352235794067383e-01
9.660227894783020020e-01
-9.251719713211059570e-02
-9.055253267288208008e-01
-5.537618696689605713e-02
3.614316701889038086e+00
1.073290109634399414e+00
5.155308842658996582e-01
-4.190333187580108643e-01
-1.218456029891967773e-02
1.136735439300537109e+00
-4.237567186355590820e-01
-5.424902439117431641e-01
5.971969366073608398e-01
-7.441909313201904297e-01
-4.933929443359375000e-01
-3.197373747825622559e-01
1.681387424468994141e+00
6.671130657196044922e-01
2.256787121295928955e-01
5.172487497329711914e-01
9.509783387184143066e-01
1.645304203033447266e+00
8.453956842422485352e-01
1.233896374702453613e+00
4.106240868568420410e-01
7.335304021835327148e-01
3.380219936370849609e-01
4.107256412506103516e+00
2.640395760536193848e-01
-1.109882831573486328e+00
1.141863346099853516e+00
2.538837909698486328e+00
-5.653132796287536621e-01
-6.581779122352600098e-01
-1.119334399700164795e-01
2.702898740768432617e+00
2.728655338287353516e+00
-4.072718024253845215e-01
3.257337570190429688e+00
6.673650741577148438e-01
9.343267679214477539e-01
-7.536601424217224121e-01
-6.012990474700927734e-01
-2.490969598293304443e-01
-9.550343751907348633e-01
-1.673934459686279297e-01
2.591357707977294922e+00
1.413575410842895508e-01
1.011017322540283203e+00
5.058783292770385742e-01
6.800025701522827148e-01
-3.605569601058959961e-01
1.305461049079895020e+00
-6.298863887786865234e-01
1.196430444717407227e+00
-3.748422265052795410e-01
5.182225108146667480e-01
2.703996181488037109e+00
1.174937844276428223e+00
-1.065651059150695801e+00
2.391323745250701904e-01
5.304207801818847656e-01
1.853412985801696777e+00
5.640019178390502930e-01
7.334351539611816406e-04
4.917480945587158203e-01
-4.336078464984893799e-01
1.557464361190795898e+00
1.586296319961547852e+00
5.948427319526672363e-02
-3.035569190979003906e-01
-3.555959761142730713e-01
1.013666510581970215e+00
-5.340487957000732422e-01
1.101786136627197266e+00
2.570237636566162109e+00
3.803941607475280762e-01
8.896923065185546875e-01
-8.644080162048339844e-01
-1.233294010162353516e-01
-1.226305961608886719e-03
3.493438661098480225e-01
-2.139426469802856445e-01
4.484775364398956299e-01
5.748407840728759766e-01
1.302700281143188477e+00
-6.001465320587158203e-01
4.485222697257995605e-01
2.936978340148925781e-01
3.383893489837646484e+00
5.284847617149353027e-01
-1.241387724876403809e-01
-1.409638524055480957e-01
-4.558408260345458984e-02
-9.948819875717163086e-03
7.749891281127929688e-01
-3.553650975227355957e-01
-4.839061796665191650e-01
2.125744968652725220e-01
-2.056406140327453613e-01
-9.034118652343750000e-01
2.906028985977172852e+00
-1.088287532329559326e-01
-1.034628391265869141e+00
-8.234869241714477539e-01
2.825419902801513672e-01
-1.323094367980957031e-01
3.850933551788330078e+00
-1.312130093574523926e-01
1.362482309341430664e+00
