-1.346476078033447266e-01
7.548307776451110840e-01
3.131356716156005859e+00
-3.593876063823699951e-01
-3.446838855743408203e-01
-4.691269397735595703e-01
3.190872669219970703e+00
1.151923179626464844e+00
6.728543043136596680e-01
-1.045771121978759766e+00
5.032440423965454102e-01
2.807142734527587891e+00
1.905107617378234863e+00
-8.902133107185363770e-01
-1.525919735431671143e-01
6.748032569885253906e-01
3.426028728485107422e+00
-6.714636087417602539e-02
3.523988425731658936e-01
-8.604436516761779785e-01
5.090742111206054688e-01
-1.138953089714050293e+00
-9.289495348930358887e-01
-8.723925352096557617e-01
1.453511476516723633e+00
4.264448165893554688e+00
3.180213868618011475e-01
1.695842146873474121e-01
-1.241959452629089355e+00
3.888229429721832275e-01
3.835287094116210938e+00
9.270977973937988281e-01
-7.265486717224121094e-01
7.714457511901855469e-01
-6.671775579452514648e-01
-1.429627537727355957e+00
-5.855762362480163574e-01
-1.418590545654296875e+00
5.906867980957031250e-01
2.339541912078857422e-02
1.049319505691528320e+00
4.789702594280242920e-01
-7.995906472206115723e-01
2.236093282699584961e+00
-1.655243039131164551e-01
1.470991730690002441e+00
-1.219121456146240234e+00
3.625139236450195312e+00
5.282477736473083496e-01
1.550314903259277344e+00
5.844907760620117188e-01
1.897427439689636230e-01
-1.142925918102264404e-01
-1.806575417518615723e+00
2.394840717315673828e-01
-3.341826796531677246e-01
8.110659122467041016e-01
-6.011575460433959961e-01
3.265903711318969727e+00
1.139083147048950195e+00
4.210822105407714844e+00
-7.055617570877075195e-01
-1.027137994766235352e+00
-9.975625574588775635e-02
1.298167228698730469e+00
5.818018317222595215e-01
2.262276649475097656e+00
5.580403208732604980e-01
-3.873338997364044189e-01
2.372120916843414307e-01
3.029179573059082031e-01
-1.375964641571044922e+00
-5.984406471252441406e-01
3.143898546695709229e-01
3.349705457687377930e+00
1.841699957847595215e+00
2.926609516143798828e+00
1.347430944442749023e+00
2.878427982330322266e+00
-6.384018063545227051e-01
1.395620584487915039e+00
-9.524494409561157227e-01
-4.019385278224945068e-01
-4.975492358207702637e-01
-4.967534542083740234e-02
1.412398219108581543e+00
3.322484493255615234e+00
3.192073106765747070e-01
-4.149069786071777344e-01
7.245086431503295898e-01
-2.416112124919891357e-01
-5.764644742012023926e-01
-7.638524174690246582e-01
5.876744389533996582e-01
-7.879951000213623047e-01
5.966234207153320312e-02
3.327974081039428711e-01
-5.750957727432250977e-01
1.806666374206542969e+00
4.929420948028564453e-01
1.128219842910766602e+00
-7.061849832534790039e-01
1.172734737396240234e+00
3.468458652496337891e+00
-4.054810106754302979e-01
2.969073057174682617e-01
-4.445417821407318115e-01
1.687513113021850586e+00
3.050907850265502930e+00
2.307047843933105469e+00
1.423403143882751465e+00
3.408993721008300781e+00
1.646055340766906738e+00
-5.736117362976074219e-01
1.430831193923950195e+00
1.255817711353302002e-01
-3.737066984176635742e-01
-1.018999576568603516e+00
1.681205034255981445e-01
-9.299672245979309082e-01
-8.118877410888671875e-01
1.028671264648437500e-01
-6.888699531555175781e-02
9.729375243186950684e-01
1.949255704879760742e+00
1.739814579486846924e-01
-2.121521234512329102e-01
1.538417041301727295e-01
-1.236919283866882324e+00
1.940764188766479492e+00
-4.794819355010986328e-01
-6.083323359489440918e-01
4.515829086303710938e-01
2.983826100826263428e-01
-1.771520972251892090e-01
-4.920665025711059570e-01
1.687897205352783203e+00
-2.278935909271240234e-01
-1.778331995010375977e-01
1.558030009269714355e+00
9.303784370422363281e-02
3.022950649261474609e+00
9.171320199966430664e-01
-3.464616537094116211e-01
5.712639093399047852e-01
-6.467775106430053711e-01
1.094162225723266602e+00
4.318690299987792969e-02
1.088711142539978027e+00
3.986479043960571289e-01
3.166368603706359863e-01
5.518614649772644043e-01
5.090294480323791504e-01
1.884041428565979004e+00
9.888682961463928223e-01
3.225872039794921875e+00
2.577837109565734863e-01
9.014095067977905273e-01
9.795446991920471191e-01
1.387532234191894531e+00
6.504275798797607422e-01
4.632699489593505859e-02
-4.093857407569885254e-01
1.937564373016357422e+00
2.504717111587524414e-01
8.748978376388549805e-01
2.674404621124267578e+00
-2.925391197204589844e-01
3.458687365055084229e-01
1.336906313896179199e+00
5.796295404434204102e-01
3.208124637603759766e-02
-2.414757013320922852e-02
4.870681464672088623e-01
-5.920428037643432617e-02
8.107739090919494629e-01
-8.474178314208984375e-01
1.920834541320800781e+00
-2.817405462265014648e-01
-8.064902424812316895e-01
1.773319244384765625e+00
1.682576894760131836e+00
-1.092144846916198730e-01
-4.121595025062561035e-01
3.960728645324707031e-02
-1.150360584259033203e+00
4.870837330818176270e-01
6.234741210937500000e-01
-4.951936602592468262e-01
3.513899445533752441e-02
7.814007401466369629e-01
-1.130847930908203125e+00
7.746229171752929688e-01
1.413520812988281250e+00
-1.777486801147460938e-01
-3.724657297134399414e-01
-6.782940030097961426e-01
-1.262542605400085449e+00
-3.915835320949554443e-01
