-5.683370828628540039e-01
-6.131494045257568359e-02
-1.215517997741699219e+00
-5.264713764190673828e-01
-7.816872000694274902e-01
-2.416788637638092041e-01
-9.057388901710510254e-01
-6.094875931739807129e-01
2.426227927207946777e-01
4.280231893062591553e-03
-6.421785354614257812e-01
5.715212821960449219e-01
-9.400340914726257324e-01
-1.416167020797729492e-01
1.722839474678039551e-01
-5.905721187591552734e-01
6.099776029586791992e-01
4.761175513267517090e-01
-1.167002022266387939e-01
-4.551965296268463135e-01
-5.000736713409423828e-01
1.262397766113281250e-01
-7.505571842193603516e-01
2.587317824363708496e-01
-4.196749031543731689e-01
-2.616670131683349609e-01
-4.668077230453491211e-01
-6.161208450794219971e-02
7.344666719436645508e-01
-2.463824748992919922e-01
-1.380448937416076660e-01
5.407977104187011719e-01
4.121750593185424805e-03
-1.067768931388854980e+00
-1.029088735580444336e+00
-1.259019970893859863e-01
-1.011432290077209473e+00
-1.361958622932434082e+00
-4.434688091278076172e-01
-1.876156926155090332e-01
-3.324537873268127441e-01
2.690720558166503906e-01
-4.460556209087371826e-01
-1.135967731475830078e+00
-6.120421886444091797e-01
-1.145371913909912109e+00
-1.373965263366699219e+00
-8.547794818878173828e-02
-9.358447790145874023e-02
5.630141496658325195e-01
3.572078943252563477e-01
-3.499783277511596680e-01
3.142464160919189453e-01
4.007698893547058105e-01
1.916234970092773438e+00
-7.292201519012451172e-01
-5.518723130226135254e-01
-8.846409320831298828e-01
-1.154256582260131836e+00
-1.098766922950744629e-03
-2.665787339210510254e-01
-6.002745032310485840e-01
-1.053934097290039062e-01
7.624350488185882568e-02
4.566081464290618896e-01
2.781774997711181641e-01
-1.307671517133712769e-01
9.694539010524749756e-02
8.202021121978759766e-01
3.452217578887939453e-01
-8.411077857017517090e-01
-1.265731811523437500e+00
-5.624115467071533203e-01
-8.854109048843383789e-02
5.170898437500000000e-01
-2.500514984130859375e-01
-7.767730951309204102e-02
-4.136615097522735596e-01
9.532823562622070312e-01
5.662918090820312500e-01
-3.094434738159179688e-01
-8.868497610092163086e-02
-2.850753068923950195e-01
-3.470691442489624023e-01
2.707310318946838379e-01
9.237229824066162109e-02
-7.199676036834716797e-01
1.502898186445236206e-01
-3.697125613689422607e-01
-4.553421437740325928e-01
-2.919705212116241455e-02
-5.848761200904846191e-01
-3.358132839202880859e-01
3.617794215679168701e-01
-5.079429149627685547e-01
4.421760141849517822e-01
-6.746434569358825684e-01
2.159457802772521973e-01
-1.323875784873962402e-01
-8.932065963745117188e-01
1.144400537014007568e-01
3.903537988662719727e-01
-6.789284944534301758e-01
-3.112482428550720215e-01
-6.897065043449401855e-01
-6.932431459426879883e-01
-1.588086485862731934e-01
-3.470671772956848145e-01
-6.377847194671630859e-01
-4.152579605579376221e-01
1.320585727691650391e+00
-1.786943674087524414e-01
-3.193394541740417480e-01
2.618186473846435547e-01
6.403359174728393555e-01
-3.450860679149627686e-01
2.030235528945922852e-01
-2.148736119270324707e-01
8.405082821846008301e-01
-3.526840806007385254e-01
1.363588571548461914e+00
-1.010157704353332520e+00
-1.989770889282226562e+00
-9.709696769714355469e-01
1.117449104785919189e-01
-9.651420712471008301e-01
-2.882845103740692139e-01
-1.036252021789550781e+00
8.882570266723632812e-02
1.124657034873962402e+00
-9.934641718864440918e-01
-8.218582868576049805e-01
-8.835819959640502930e-01
5.505206584930419922e-01
-1.962701678276062012e-01
1.143735796213150024e-01
-5.771496295928955078e-01
-1.830065846443176270e-01
2.770518958568572998e-01
-4.634511470794677734e-02
1.228669643402099609e+00
8.059710264205932617e-03
-7.293970584869384766e-01
-1.041404306888580322e-01
2.899932861328125000e-02
2.800351381301879883e-01
-7.668519020080566406e-02
2.058824896812438965e-01
-4.708287715911865234e-01
-3.472310006618499756e-01
3.396267592906951904e-01
1.890292465686798096e-01
9.934496879577636719e-02
9.472843408584594727e-01
-1.043478369712829590e+00
6.298950314521789551e-02
5.431351065635681152e-01
4.679592847824096680e-01
-5.420390367507934570e-01
1.071077585220336914e-02
-3.016025424003601074e-01
6.525338888168334961e-01
-8.503197431564331055e-01
-1.026522040367126465e+00
-2.109731435775756836e-01
1.589919328689575195e-01
-8.938871622085571289e-01
1.148269176483154297e+00
3.260214030742645264e-01
-1.127466559410095215e-01
-4.629446268081665039e-01
3.668672442436218262e-01
5.780401229858398438e-01
2.336847186088562012e-01
-8.295431137084960938e-01
-4.362301230430603027e-01
4.119123220443725586e-01
-2.814249098300933838e-01
7.189840674400329590e-01
-3.506527543067932129e-01
-2.941280603408813477e-01
-7.782942652702331543e-01
1.984750479459762573e-01
3.886545896530151367e-01
-1.006764888763427734e+00
-6.226226687431335449e-01
9.891718626022338867e-03
2.528106272220611572e-01
-6.542281508445739746e-01
-3.225048482418060303e-01
-2.656735181808471680e-01
-9.384737014770507812e-01
-3.465285897254943848e-01
-1.489254236221313477e+00
-6.450701355934143066e-01
5.419204831123352051e-01
-5.210921764373779297e-01
-2.117161154747009277e-01
-2.967462837696075439e-01
