-1.397482037544250488e+00
-5.952803492546081543e-01
2.303311228752136230e-01
-3.631851971149444580e-01
-8.055860996246337891e-01
1.133918166160583496e-01
7.650885581970214844e-01
7.181286215782165527e-01
-1.292216181755065918e+00
-3.603042066097259521e-01
-3.340485692024230957e-01
5.945515632629394531e-02
-2.071602344512939453e-01
-9.446847438812255859e-01
3.221066594123840332e-01
-4.244548082351684570e-01
-7.501137256622314453e-02
-8.023687601089477539e-01
-1.560752391815185547e-01
-3.415339589118957520e-01
-3.679661452770233154e-01
-4.910109043121337891e-01
-1.787997484207153320e-01
9.541732072830200195e-02
-6.097488403320312500e-01
2.480452805757522583e-01
2.087697684764862061e-01
-1.017560958862304688e+00
-5.968148708343505859e-01
5.868341922760009766e-01
-3.263858556747436523e-01
-2.347072958946228027e-02
2.229446172714233398e-01
-7.397161722183227539e-01
-1.093418598175048828e+00
-3.948047757148742676e-01
-3.119277358055114746e-01
-2.132438570261001587e-01
-7.202179431915283203e-01
-6.864219903945922852e-01
1.719090342521667480e-02
-6.115067005157470703e-01
4.833924770355224609e-01
-2.515795528888702393e-01
-3.542211949825286865e-01
-7.819193601608276367e-01
-1.029882729053497314e-01
-1.097887754440307617e-02
1.580027580261230469e+00
-3.168563246726989746e-01
-2.638483643531799316e-01
-5.073899030685424805e-02
-8.819485902786254883e-01
-2.581175267696380615e-01
1.803731322288513184e-01
-1.600165963172912598e-01
-9.831111431121826172e-01
-9.649819135665893555e-01
-4.408821463584899902e-02
7.684471607208251953e-01
-5.992128252983093262e-01
-4.611538350582122803e-01
-5.316032767295837402e-01
-3.248758316040039062e-01
2.978157401084899902e-01
-7.858992815017700195e-01
-7.940467000007629395e-01
7.431160211563110352e-01
-1.060314178466796875e-01
-4.452191591262817383e-01
8.052421808242797852e-01
3.752945661544799805e-01
-3.783661425113677979e-01
1.701194643974304199e-01
7.869806885719299316e-02
-1.917241215705871582e-01
-6.783484816551208496e-01
-1.018861770629882812e+00
3.162372112274169922e-01
-3.506175875663757324e-01
4.690862894058227539e-01
-5.504276752471923828e-01
1.752640604972839355e-01
8.549411296844482422e-01
-9.677282571792602539e-01
-4.236659705638885498e-01
1.571700572967529297e-01
-2.690755426883697510e-01
-1.128296256065368652e+00
-5.080657005310058594e-01
-8.012279272079467773e-01
4.761487245559692383e-02
7.668426036834716797e-01
-2.662807703018188477e-01
-1.114566624164581299e-01
7.952739298343658447e-02
1.126162767410278320e+00
3.511308431625366211e-01
-4.885413348674774170e-01
-7.800048589706420898e-01
-9.628076553344726562e-01
4.219497740268707275e-02
-4.073718190193176270e-01
5.862571001052856445e-01
9.020882844924926758e-02
4.734170734882354736e-01
2.638497948646545410e-02
-1.041079044342041016e+00
2.706014513969421387e-01
-5.660766363143920898e-02
-2.582382559776306152e-01
-6.907522678375244141e-01
-6.840513944625854492e-01
-3.392659127712249756e-01
2.988910675048828125e-01
3.789201378822326660e-01
-3.481477797031402588e-01
5.133348703384399414e-02
-5.410248041152954102e-01
4.521850943565368652e-01
-3.060487508773803711e-01
-8.369624018669128418e-01
-1.020274281501770020e+00
6.804311871528625488e-01
-3.909924626350402832e-01
4.869861602783203125e-01
-4.368259012699127197e-01
9.629692435264587402e-01
7.565640211105346680e-01
-8.678176403045654297e-01
-9.732276201248168945e-01
-4.584110081195831299e-01
-1.334701180458068848e-01
-7.354038953781127930e-01
2.898393869400024414e-01
-5.988329052925109863e-01
-7.851890325546264648e-01
-5.971426963806152344e-01
1.070029854774475098e+00
-8.341780304908752441e-02
-1.132561326026916504e+00
-1.508183121681213379e+00
-5.950597524642944336e-01
-1.208442449569702148e-01
-2.418974041938781738e-01
2.624797821044921875e-01
-1.793694496154785156e-02
4.214989244937896729e-01
-2.738726735115051270e-01
-3.179511427879333496e-01
2.114535570144653320e-01
-6.266210079193115234e-01
-2.390661835670471191e-02
-6.615344285964965820e-01
-4.908755421638488770e-02
2.935071289539337158e-01
-3.689644336700439453e-01
-4.463368952274322510e-01
-3.365148007869720459e-01
-5.246973633766174316e-01
-1.157606124877929688e+00
-5.744716525077819824e-01
3.848900794982910156e-01
-1.529209762811660767e-01
8.173328042030334473e-01
-1.323224782943725586e+00
-4.994092285633087158e-01
-7.746107578277587891e-01
-6.876351833343505859e-01
-7.506154775619506836e-01
1.134935379028320312e+00
-7.591899633407592773e-01
-2.646684646606445312e-01
-6.192480921745300293e-01
-1.500440090894699097e-01
-6.040163636207580566e-01
-1.002027273178100586e+00
-6.272491216659545898e-01
1.438342332839965820e-01
-1.977825164794921875e-01
-5.374311804771423340e-01
8.549788594245910645e-02
-5.100271105766296387e-01
-3.898139894008636475e-01
-1.467687785625457764e-01
-5.143909454345703125e-01
2.141798734664916992e+00
-7.905313372611999512e-01
8.927655816078186035e-01
-9.702948331832885742e-01
-7.415853738784790039e-01
-1.252165198326110840e+00
-4.857408404350280762e-01
-1.411170363426208496e-01
3.527370095252990723e-02
-4.865312278270721436e-01
7.321861982345581055e-01
-3.424429595470428467e-01
7.959532737731933594e-02
