-7.373286485671997070e-01
-9.816559553146362305e-01
3.068551123142242432e-01
-1.352591156959533691e+00
-9.622099399566650391e-01
-3.205768764019012451e-01
-6.254682540893554688e-01
1.530528903007507324e+00
-4.099975228309631348e-01
-7.158410549163818359e-02
-6.334149241447448730e-01
7.913120985031127930e-01
4.451408982276916504e-03
-1.152567505836486816e+00
-5.065286755561828613e-01
-5.778045654296875000e-01
-3.892474174499511719e-01
-2.589699029922485352e-01
1.240518838167190552e-01
5.267512202262878418e-01
-1.825752854347229004e-01
-1.844609379768371582e-01
4.671575427055358887e-01
7.120066881179809570e-02
-3.644384145736694336e-01
8.828531503677368164e-01
-2.041903734207153320e-01
4.557438492774963379e-01
-8.928933739662170410e-02
-9.685955047607421875e-01
-1.252267837524414062e+00
2.728447616100311279e-01
-4.659726619720458984e-01
1.032240509986877441e+00
1.509469509124755859e+00
-2.977511286735534668e-01
-4.201266765594482422e-01
4.325077533721923828e-01
-3.122412860393524170e-01
-3.176739215850830078e-01
1.073754131793975830e-01
-8.077437877655029297e-01
-2.833705544471740723e-01
-2.922208607196807861e-01
2.251118421554565430e-02
-8.602678775787353516e-01
-6.382437348365783691e-01
-2.479870617389678955e-01
-6.693851947784423828e-01
-1.582204699516296387e-01
-1.852456629276275635e-01
-4.755122661590576172e-01
2.374622523784637451e-01
4.331042766571044922e-01
-5.230075716972351074e-01
-2.230661213397979736e-01
-5.024515390396118164e-01
-1.593022048473358154e-01
-5.783860683441162109e-01
5.706000328063964844e-02
3.020112514495849609e-01
3.162813782691955566e-01
9.003406763076782227e-02
-8.935080766677856445e-01
-5.289254188537597656e-01
-9.494139552116394043e-01
-5.948226451873779297e-01
9.058094024658203125e-02
1.770481467247009277e-01
-3.743322491645812988e-01
-6.205111145973205566e-01
-1.177237272262573242e+00
-1.007817983627319336e+00
-4.555678069591522217e-01
-2.342919111251831055e-01
-3.521862924098968506e-01
1.601393222808837891e-01
-3.468174338340759277e-01
7.998253107070922852e-01
1.111856341361999512e+00
5.536174774169921875e-01
-9.972057938575744629e-01
1.078428745269775391e+00
-4.273836910724639893e-01
6.319302916526794434e-01
1.986408829689025879e-01
-6.365385055541992188e-01
-1.324337720870971680e+00
-2.546538710594177246e-01
-2.974328398704528809e-01
2.365042865276336670e-01
1.277465820312500000e+00
-1.702044904232025146e-01
7.318177819252014160e-01
-9.191813468933105469e-01
2.003006339073181152e-01
-5.401320457458496094e-01
-1.731673717498779297e+00
-2.826092243194580078e-01
4.194307327270507812e-02
-1.342958569526672363e+00
7.089028954505920410e-01
1.229885578155517578e+00
-1.821227073669433594e+00
-5.897113680839538574e-01
2.119650840759277344e+00
-5.633738636970520020e-01
7.550951838493347168e-01
-3.304105997085571289e-01
-6.867306232452392578e-01
-1.858868598937988281e-01
-3.168218731880187988e-01
2.097344100475311279e-01
-1.005082607269287109e+00
-6.292566061019897461e-01
-7.061010599136352539e-01
-1.135621190071105957e+00
4.797953069210052490e-01
-3.595862388610839844e-01
4.588354825973510742e-01
2.599090933799743652e-01
3.898710310459136963e-01
6.865667104721069336e-01
-2.083879113197326660e-01
-5.061745047569274902e-01
4.655770659446716309e-01
2.967677116394042969e-01
9.256401658058166504e-01
6.641995310783386230e-01
-3.350643217563629150e-01
-4.291176795959472656e-03
-5.871254801750183105e-01
2.714840769767761230e-01
-1.070553064346313477e+00
-5.572798848152160645e-01
-7.697117328643798828e-01
-7.318950295448303223e-01
-4.267911314964294434e-01
2.673722207546234131e-01
-7.994908094406127930e-02
3.583353757858276367e-01
-7.623546719551086426e-01
-6.771947741508483887e-01
4.624820947647094727e-01
-1.325274109840393066e-01
-1.182818412780761719e+00
8.078348636627197266e-02
-4.831896424293518066e-01
5.458128452301025391e-01
1.156996726989746094e+00
-7.678838968276977539e-01
-7.045941948890686035e-01
-4.271258711814880371e-01
-9.710642099380493164e-01
2.664467811584472656e+00
1.839038580656051636e-01
-4.273001253604888916e-01
-7.773305177688598633e-01
2.543438971042633057e-01
-1.594771742820739746e-01
9.829246997833251953e-02
5.012238025665283203e-01
-6.790383458137512207e-01
2.292899489402770996e-01
-5.721471905708312988e-01
-7.411575317382812500e-01
-3.366434574127197266e-01
-9.388422966003417969e-02
-3.718254566192626953e-01
-4.952805936336517334e-01
-9.770667552947998047e-02
-7.148178815841674805e-01
5.362362861633300781e-01
-3.269277811050415039e-01
-5.189361572265625000e-01
-1.912088692188262939e-02
9.594900012016296387e-01
-7.225962281227111816e-01
-6.084122061729431152e-01
-9.924434423446655273e-01
-6.660798192024230957e-01
4.653984308242797852e-02
-1.163667440414428711e+00
-8.579525947570800781e-01
2.676534950733184814e-01
-3.707844018936157227e+00
-8.072055578231811523e-01
-8.701486587524414062e-01
-4.510868787765502930e-01
-5.093736052513122559e-01
-8.652249574661254883e-01
-4.576811790466308594e-01
-6.272829771041870117e-01
-1.157761812210083008e+00
-1.063612580299377441e+00
-1.822300255298614502e-01
-1.065819740295410156e+00
-3.907604515552520752e-01
-2.495374679565429688e-01
