4.521706104278564453e-01
6.147842109203338623e-02
4.394823312759399414e-02
1.693981289863586426e+00
-7.839313745498657227e-01
-5.660391449928283691e-01
-3.764852881431579590e-01
-8.859781026840209961e-01
-5.004611015319824219e-01
-2.800388932228088379e-01
-4.506403207778930664e-01
-3.442508876323699951e-01
-5.801264643669128418e-01
1.984473228454589844e+00
3.832614421844482422e+00
1.297197580337524414e+00
4.421913146972656250e+00
-2.043642699718475342e-01
8.682013750076293945e-01
1.428433537483215332e+00
1.109458208084106445e-01
9.507150053977966309e-01
-4.912699759006500244e-01
3.008332729339599609e+00
1.215359807014465332e+00
-5.855899453163146973e-01
-3.097227215766906738e-01
1.389014005661010742e+00
1.161198735237121582e+00
3.224636018276214600e-01
2.040489673614501953e+00
-2.412829995155334473e-01
2.081937789916992188e+00
-6.014724373817443848e-01
4.097660779953002930e-01
-8.291356563568115234e-01
5.463211536407470703e-01
7.538548111915588379e-02
1.352583289146423340e+00
1.460109055042266846e-01
9.788854122161865234e-01
3.765539407730102539e+00
5.095782279968261719e-01
9.788845181465148926e-01
1.286641955375671387e-01
2.681797266006469727e+00
2.011915147304534912e-01
-2.540886402130126953e-02
-3.291460871696472168e-02
-4.593282341957092285e-01
1.865810871124267578e+00
-1.420284807682037354e-01
-3.595719933509826660e-01
6.907363533973693848e-01
1.380274891853332520e+00
2.782804012298583984e+00
1.300942599773406982e-01
3.321673274040222168e-01
-6.557468175888061523e-01
1.062474012374877930e+00
2.209593057632446289e-01
-9.586870670318603516e-01
-8.300621509552001953e-01
1.368886828422546387e+00
5.682270526885986328e-01
-9.515916109085083008e-01
-4.151413440704345703e-01
3.517042875289916992e+00
-7.580251693725585938e-01
-9.719471931457519531e-01
-3.949194550514221191e-01
-3.998146355152130127e-01
-3.983940482139587402e-01
-1.552871167659759521e-01
1.689600825309753418e+00
-1.012442708015441895e-01
-1.054427862167358398e+00
-1.530581235885620117e+00
7.000374794006347656e-01
1.078117191791534424e-01
3.614806652069091797e+00
1.216484308242797852e+00
6.513320803642272949e-01
-6.919871568679809570e-01
-1.742383837699890137e-01
-7.651201486587524414e-01
1.601635813713073730e+00
-9.819405674934387207e-01
-1.180103659629821777e+00
9.402221441268920898e-02
1.884772479534149170e-01
1.388759315013885498e-01
-3.661715984344482422e-01
-5.203472375869750977e-01
1.964146375656127930e+00
9.291528463363647461e-01
6.358440518379211426e-01
6.396418213844299316e-01
-2.698918581008911133e-01
-1.333825826644897461e+00
-2.800050973892211914e-01
1.231904864311218262e+00
-5.286224484443664551e-01
7.369073629379272461e-01
5.256182551383972168e-01
8.127139210700988770e-01
2.675677537918090820e-01
2.786888599395751953e+00
-6.158438920974731445e-01
3.432558536529541016e+00
1.314807057380676270e+00
-4.015426635742187500e-01
5.137392282485961914e-01
-3.089969754219055176e-01
3.972984254360198975e-01
2.264204621315002441e-01
3.693382143974304199e-01
1.188926935195922852e+00
5.667344331741333008e-01
-1.641221046447753906e-01
-6.266148090362548828e-01
1.756677269935607910e+00
9.338613748550415039e-01
2.402845025062561035e-01
-5.107414722442626953e-01
-2.673860192298889160e-01
-6.742035746574401855e-01
2.777801990509033203e+00
2.481552809476852417e-01
-2.142776548862457275e-01
2.362583398818969727e+00
-1.058362245559692383e+00
5.068445205688476562e-01
-8.026689291000366211e-01
-1.131770849227905273e+00
-7.211856842041015625e-01
-1.503517031669616699e-01
-8.671486973762512207e-01
2.741664886474609375e+00
7.551938295364379883e-02
1.693629741668701172e+00
-4.478438794612884521e-01
2.941253185272216797e+00
1.199117779731750488e+00
-5.187271237373352051e-01
-6.874852180480957031e-01
4.136073112487792969e+00
1.924091219902038574e+00
3.974474668502807617e-01
-6.576042175292968750e-01
1.950582385063171387e+00
1.188678443431854248e-01
-2.234120965003967285e-01
-3.006870150566101074e-01
1.759509146213531494e-01
2.254895687103271484e+00
1.687835454940795898e+00
-4.736263453960418701e-01
1.185338377952575684e+00
9.988876581192016602e-01
-4.278225898742675781e-01
6.382343769073486328e-01
8.343200683593750000e-01
1.344626665115356445e+00
3.292803287506103516e+00
8.288601040840148926e-01
9.273433685302734375e-02
2.915556430816650391e-01
7.995873689651489258e-01
2.788285017013549805e+00
-6.400239467620849609e-02
2.787300646305084229e-01
-5.192395448684692383e-01
1.469161808490753174e-01
9.739140272140502930e-01
2.786464989185333252e-01
-8.673362731933593750e-01
3.306185245513916016e+00
-8.012490272521972656e-01
3.289145946502685547e+00
3.850548267364501953e+00
9.147537946701049805e-01
-2.266381978988647461e-01
1.062661647796630859e+00
5.130934119224548340e-01
2.649339675903320312e+00
4.985461235046386719e-01
-1.345921754837036133e-01
1.805012822151184082e-01
1.171093106269836426e+00
-1.471275836229324341e-02
-6.406176090240478516e-01
4.813662469387054443e-01
-8.609616756439208984e-02
1.535972356796264648e+00
1.821931123733520508e+00
6.647330522537231445e-02
-7.860304117202758789e-01
1.709146201610565186e-01
