2.332643419504165649e-01
2.821705937385559082e-01
-3.634577989578247070e-01
-4.866449236869812012e-01
9.609098434448242188e-01
1.669269800186157227e-01
2.381345272064208984e+00
1.461986780166625977e+00
3.074588060379028320e+00
-6.164908409118652344e-03
1.916521549224853516e+00
-2.487101554870605469e-01
-6.255096197128295898e-02
-3.766515254974365234e-01
7.044072747230529785e-01
-2.151786983013153076e-01
2.171465635299682617e+00
9.569351673126220703e-01
-1.252590119838714600e-01
8.710326552391052246e-01
6.449733972549438477e-01
4.254739761352539062e+00
6.028648614883422852e-01
-6.131496429443359375e-01
-3.824580907821655273e-01
-4.274524450302124023e-01
7.986564040184020996e-01
-8.587241172790527344e-03
-1.029474616050720215e+00
-1.312113881111145020e+00
6.832372546195983887e-01
1.112526655197143555e-02
4.267895221710205078e-02
-1.010642647743225098e-01
3.253789246082305908e-01
6.215248107910156250e-01
2.609108448028564453e+00
1.295789837837219238e+00
-3.534567654132843018e-01
1.330496430397033691e+00
3.698977530002593994e-01
-6.982834339141845703e-01
1.378964781761169434e+00
3.077414035797119141e-01
-6.991979479789733887e-02
2.238628387451171875e+00
3.078637361526489258e+00
-4.276107549667358398e-01
5.723086595535278320e-01
-1.339916944503784180e+00
2.647780656814575195e+00
1.967978477478027344e-02
-2.277776896953582764e-01
2.846819162368774414e+00
4.141005516052246094e+00
-7.212704420089721680e-02
-3.115285038948059082e-01
1.385928750038146973e+00
3.030945360660552979e-01
2.755295276641845703e+00
-5.212682485580444336e-01
7.132308483123779297e-01
-7.281724214553833008e-01
-5.078194141387939453e-01
-1.105792164802551270e+00
1.492086410522460938e+00
3.582802712917327881e-01
-4.875943064689636230e-01
8.200395107269287109e-01
1.255987405776977539e+00
-8.323323726654052734e-01
4.479587078094482422e-03
3.682408332824707031e-01
-3.658010363578796387e-01
-5.663336515426635742e-01
-9.173447489738464355e-01
8.110800981521606445e-01
3.282762050628662109e+00
4.338182508945465088e-01
-1.235823750495910645e+00
3.973179578781127930e+00
1.745219826698303223e+00
3.515380322933197021e-01
3.673496544361114502e-01
4.301253557205200195e-01
-2.041812539100646973e-01
1.238387107849121094e+00
8.881648778915405273e-01
2.000866681337356567e-01
-1.564869284629821777e-01
-6.562736630439758301e-02
-1.005339622497558594e-01
7.482681870460510254e-01
-4.881821274757385254e-01
3.907560825347900391e+00
-3.239788711071014404e-01
7.809106111526489258e-01
2.987061738967895508e+00
-1.312313973903656006e-01
1.112962365150451660e+00
-1.092985272407531738e+00
-9.834085106849670410e-01
-1.151921272277832031e+00
1.075223684310913086e+00
1.571910858154296875e+00
-9.455356001853942871e-02
-2.257705628871917725e-01
2.748893976211547852e+00
-2.997027933597564697e-01
8.305415511131286621e-01
1.083230018615722656e+00
1.623896718025207520e+00
6.302563548088073730e-01
-2.018103599548339844e-01
9.104214310646057129e-01
3.253154754638671875e-01
3.757792949676513672e+00
1.567812204360961914e+00
1.011567473411560059e+00
5.171222686767578125e-01
-4.786008596420288086e-01
2.387978076934814453e+00
7.627248764038085938e-02
-8.453447818756103516e-01
-1.106959581375122070e-02
1.359358310699462891e+00
-5.513454675674438477e-01
-8.232171535491943359e-01
-1.058937788009643555e+00
1.451453685760498047e+00
4.277190268039703369e-01
-1.471559166908264160e+00
1.926700592041015625e+00
-2.668970823287963867e-01
1.574717760086059570e+00
-1.222978591918945312e+00
1.807199239730834961e+00
-8.252747058868408203e-01
1.577207446098327637e-02
2.965435266494750977e+00
1.446353197097778320e+00
1.396868228912353516e+00
-1.265093088150024414e+00
5.435484647750854492e-02
4.389252364635467529e-01
1.281427860260009766e+00
-5.395262241363525391e-01
-4.222828149795532227e-01
1.436114907264709473e+00
-4.157219827175140381e-01
6.529633998870849609e-01
-3.353385925292968750e-01
2.660793066024780273e-01
4.645628929138183594e-01
-3.168338537216186523e-02
5.520539879798889160e-01
1.488822400569915771e-01
1.382318139076232910e+00
-5.697431564331054688e-01
8.914598226547241211e-01
-4.270783662796020508e-01
1.213917136192321777e+00
4.339050650596618652e-01
-3.353100419044494629e-01
7.023236751556396484e-01
-7.855096459388732910e-01
9.287786483764648438e-02
-7.309495210647583008e-01
1.091422557830810547e+00
-4.444287121295928955e-01
5.588464736938476562e-01
-3.418464064598083496e-01
9.455811977386474609e-02
4.582119464874267578e+00
-6.579974293708801270e-01
9.379956126213073730e-01
-3.543618917465209961e-01
1.300490200519561768e-01
1.145684719085693359e+00
1.139806032180786133e+00
1.512972831726074219e+00
7.965745329856872559e-01
6.620411276817321777e-01
-1.057400107383728027e-01
1.867379188537597656e+00
4.608535170555114746e-01
9.050271511077880859e-01
-9.342228770256042480e-01
2.509318828582763672e+00
8.484768867492675781e-01
8.639626502990722656e-01
-1.215055227279663086e+00
-9.522548317909240723e-01
-1.338308811187744141e+00
6.531534790992736816e-01
2.429973334074020386e-01
-5.462120175361633301e-01
4.922663271427154541e-01
-8.218076825141906738e-01
