3.939409255981445312e-01
6.778086423873901367e-01
-8.229856491088867188e-01
-8.049963116645812988e-01
2.046722173690795898e-01
-4.120759367942810059e-01
-2.565428018569946289e-01
7.856947779655456543e-01
-1.107728481292724609e+00
-7.576408386230468750e-01
3.461756110191345215e-01
-1.500532627105712891e-01
1.916975229978561401e-01
-9.427090287208557129e-01
-1.486623883247375488e-01
-7.880750298500061035e-01
8.632658123970031738e-01
-3.617146611213684082e-01
4.562489092350006104e-01
-1.531918048858642578e-01
2.516016364097595215e-01
-3.082541823387145996e-01
3.717895150184631348e-01
4.883612692356109619e-02
-9.307259321212768555e-02
-4.976230859756469727e-01
5.029575228691101074e-01
-4.824092984199523926e-01
9.855526685714721680e-02
-4.623376131057739258e-01
6.838201880455017090e-01
-2.636072039604187012e-01
2.255967617034912109e+00
-1.530518531799316406e-01
-6.113981008529663086e-01
-3.526175618171691895e-01
1.347396373748779297e-01
6.025114655494689941e-01
-6.242470741271972656e-01
-4.930483102798461914e-01
-4.772868752479553223e-02
-9.873338341712951660e-01
-2.102048993110656738e-01
-7.985858917236328125e-01
-5.609606504440307617e-01
7.550947666168212891e-01
-8.589566946029663086e-01
-3.769586086273193359e-01
-2.117353379726409912e-01
3.573754429817199707e-01
1.836055517196655273e-02
-3.199708461761474609e-01
-5.443009376525878906e+00
-1.134943723678588867e+00
-3.045365512371063232e-01
4.775351285934448242e-01
-1.468990445137023926e-01
-3.692376613616943359e-01
2.988173663616180420e-01
-5.259456634521484375e-01
-3.656137585639953613e-01
7.460695505142211914e-02
-7.549258470535278320e-01
-2.020853757858276367e-02
1.071914553642272949e+00
-9.763205647468566895e-01
5.343985557556152344e-01
-5.848281383514404297e-01
-6.583073735237121582e-01
-3.235529661178588867e-01
5.663487315177917480e-02
4.989669919013977051e-01
2.018877863883972168e-02
-2.719352543354034424e-01
-3.956298828125000000e-01
-7.908834815025329590e-01
-9.739769101142883301e-01
-5.747150182723999023e-01
-1.909033179283142090e+00
-3.022169470787048340e-01
1.949468255043029785e-02
1.098655760288238525e-01
-9.433482289314270020e-01
-1.414627194404602051e+00
7.308351397514343262e-01
-8.228386044502258301e-01
-1.595691442489624023e+00
-1.090703845024108887e+00
5.846155881881713867e-01
-1.208809018135070801e+00
-2.525687217712402344e-01
8.362367153167724609e-01
1.586152315139770508e-01
4.614565968513488770e-01
-4.350468814373016357e-01
-4.711319208145141602e-01
2.240449786186218262e-01
1.421798467636108398e-01
6.057986617088317871e-01
-4.232376813888549805e-02
9.355966448783874512e-01
1.924991011619567871e-01
3.808368742465972900e-02
3.269850015640258789e-01
-4.186556637287139893e-01
1.385242342948913574e-01
4.847298860549926758e-01
-1.026411294937133789e+00
-6.469047069549560547e-01
3.036251962184906006e-01
-1.471844315528869629e-01
-4.177915453910827637e-01
-7.919372916221618652e-01
2.786036729812622070e-01
-9.240507483482360840e-01
1.254169344902038574e-01
-3.241651058197021484e-01
-9.961580634117126465e-01
7.696528434753417969e-01
-1.231873035430908203e+00
3.305094838142395020e-01
-2.035328745841979980e-01
-6.341028213500976562e-01
-5.479556322097778320e-02
-9.544096589088439941e-01
-4.224977791309356689e-01
5.599299073219299316e-01
2.338534444570541382e-01
-4.141294956207275391e-02
-8.702500909566879272e-02
-1.960578262805938721e-01
-2.786343097686767578e-01
3.186163008213043213e-01
-2.658336162567138672e-01
-1.199013710021972656e+00
-5.531225800514221191e-01
4.216494560241699219e-01
-5.347223281860351562e-01
-7.597585320472717285e-01
-6.508154273033142090e-01
-1.566319346427917480e+00
-1.705494523048400879e-01
-2.505879104137420654e-01
5.521359443664550781e-01
3.280622661113739014e-01
-9.613635540008544922e-01
-1.359958499670028687e-01
-3.808460831642150879e-01
-3.077875077724456787e-01
-5.272764563560485840e-01
1.171633720397949219e+00
-6.788752079010009766e-01
-4.921287298202514648e-01
-7.861814498901367188e-01
2.622388899326324463e-01
1.888810396194458008e-01
1.343493759632110596e-01
1.169600844383239746e+00
-5.320062637329101562e-01
6.740787029266357422e-01
-9.214720129966735840e-02
-3.896433711051940918e-01
-2.855388522148132324e-01
-1.803905367851257324e-01
-9.494799375534057617e-01
-2.045889794826507568e-01
-4.281669259071350098e-01
-2.196698784828186035e-01
-8.936938047409057617e-01
2.582442760467529297e-01
-4.294347465038299561e-01
-2.362263202667236328e-01
6.293350458145141602e-02
-7.602157592773437500e-01
5.903370976448059082e-01
-7.804132103919982910e-01
-1.707457900047302246e-01
-8.040720224380493164e-01
-8.313525915145874023e-01
7.141857743263244629e-01
-1.802742600440979004e+00
-4.474706649780273438e-01
4.373746216297149658e-01
-3.675052523612976074e-01
-1.353366851806640625e+00
-3.131550550460815430e-01
-4.680555760860443115e-01
1.775268077850341797e+00
-8.228907585144042969e-01
-7.849416732788085938e-01
-1.008209228515625000e+00
1.225964307785034180e+00
2.184415459632873535e-01
-3.707644045352935791e-01
-7.136591672897338867e-01
-5.746145248413085938e-01
-3.603946864604949951e-01
-3.932131230831146240e-01
-3.369312584400177002e-01
