1.261616349220275879e+00
-1.039904356002807617e+00
-6.835862398147583008e-01
-3.018117845058441162e-01
-4.635296463966369629e-01
-7.184112071990966797e-02
-8.856124281883239746e-01
2.124643623828887939e-01
-4.046852886676788330e-01
9.689992666244506836e-01
-6.582129001617431641e-02
-1.287628412246704102e-01
-1.988365054130554199e-01
-8.136901855468750000e-01
-2.114883065223693848e-01
-5.441997051239013672e-01
4.396402835845947266e-01
-5.487561225891113281e-01
-8.328202366828918457e-02
-7.617686986923217773e-01
-2.220744490623474121e-01
3.916687667369842529e-01
1.234997510910034180e-01
-1.384321451187133789e-01
-5.478485226631164551e-01
1.074725687503814697e-01
-3.280370235443115234e-01
-4.600427746772766113e-01
-9.831873178482055664e-01
-3.952986001968383789e-01
1.272358298301696777e-01
-4.661944806575775146e-01
6.678210496902465820e-01
-3.277842998504638672e-01
-2.656300663948059082e-01
-1.924203038215637207e-01
2.618365585803985596e-01
-8.831574916839599609e-01
9.688298702239990234e-01
-3.115964829921722412e-01
-5.504715442657470703e-02
3.058230578899383545e-01
-2.610210478305816650e-01
-2.063094377517700195e-01
-1.008079767227172852e+00
-9.057024717330932617e-01
6.185181140899658203e-01
-1.000377416610717773e+00
-4.342025518417358398e-02
6.595501899719238281e-01
-3.339374065399169922e-02
8.922396302223205566e-01
6.730391383171081543e-01
-5.967304706573486328e-01
-8.170163631439208984e-01
-1.469484865665435791e-01
1.367175877094268799e-01
-3.154608607292175293e-02
-2.409656345844268799e-02
5.125598907470703125e-01
-6.435410976409912109e-01
5.895732641220092773e-01
6.237562298774719238e-01
-9.872705936431884766e-01
9.460900425910949707e-01
-1.316284537315368652e-01
-1.697046756744384766e-01
2.031260132789611816e-01
-5.176618695259094238e-01
-4.573851227760314941e-01
-7.301359772682189941e-01
-1.054567813873291016e+00
-2.695593237876892090e-01
6.720486879348754883e-01
1.214946985244750977e+00
-4.246737957000732422e-01
-1.569764018058776855e+00
-1.582101345062255859e+00
-1.673118174076080322e-01
4.146716594696044922e-01
-8.204602003097534180e-01
8.712356686592102051e-01
-4.765795171260833740e-02
-2.136084437370300293e-01
4.921355247497558594e-01
-1.729248166084289551e-01
-2.574188709259033203e-01
-4.927453696727752686e-01
-4.981535673141479492e-01
-5.083376169204711914e-01
9.850174188613891602e-03
-7.554219961166381836e-01
-5.263197422027587891e-02
-4.365798234939575195e-01
-8.812284469604492188e-01
-6.196839809417724609e-01
-7.329608201980590820e-01
2.706702798604965210e-03
-3.470744490623474121e-01
-9.450615644454956055e-01
-6.845998167991638184e-01
1.758712679147720337e-01
3.594340384006500244e-02
-2.027667164802551270e-01
5.469131469726562500e-02
3.476107120513916016e-01
9.153109788894653320e-01
-5.246886014938354492e-01
-1.008628129959106445e+00
-2.443924546241760254e-02
-2.952692210674285889e-01
-4.239811301231384277e-01
-5.732775330543518066e-01
1.687898933887481689e-01
-5.171954631805419922e-02
1.114835739135742188e-01
-1.049280643463134766e+00
1.216131448745727539e-02
-4.306873679161071777e-02
1.154718399047851562e-01
-6.306293606758117676e-01
-8.364611864089965820e-01
-2.867893278598785400e-01
8.418360948562622070e-01
1.226912736892700195e-01
-6.671737432479858398e-01
1.048922836780548096e-01
-3.279058337211608887e-01
-3.838057518005371094e-01
3.615833520889282227e-01
1.037067174911499023e-01
-8.472417593002319336e-01
-3.920760750770568848e-02
2.136298418045043945e-01
-5.962644219398498535e-01
-7.963598966598510742e-01
2.524109184741973877e-01
9.517018795013427734e-01
2.298264205455780029e-01
-3.244102597236633301e-01
-2.540692389011383057e-01
-4.749986529350280762e-02
7.628965377807617188e-01
1.273766756057739258e-01
-3.791254162788391113e-01
6.667467951774597168e-01
-7.122747302055358887e-01
-8.540027141571044922e-01
-5.642632842063903809e-01
-3.454327583312988281e-02
-9.527722597122192383e-01
-1.950592398643493652e-01
7.267647981643676758e-01
1.740345358848571777e-01
-6.590918302536010742e-01
-9.555147886276245117e-01
5.514216423034667969e-01
4.041526317596435547e-01
-4.299607276916503906e-01
1.028334498405456543e-01
-3.622571825981140137e-01
-4.789322018623352051e-01
-5.674461126327514648e-01
-2.987316250801086426e-02
1.275407075881958008e-01
-4.938799440860748291e-01
1.040743589401245117e+00
-4.023285806179046631e-01
-3.543985188007354736e-01
1.192542016506195068e-01
-5.551017522811889648e-01
-1.204652190208435059e+00
-4.275596439838409424e-01
-1.347662806510925293e-01
8.632697463035583496e-01
-7.961611151695251465e-01
3.589204549789428711e-01
-5.077377557754516602e-01
-2.659220397472381592e-01
-3.846356272697448730e-01
-8.426169157028198242e-01
-6.199814081192016602e-01
1.295098900794982910e+00
-1.322591662406921387e+00
-7.180221676826477051e-01
7.373102307319641113e-01
-3.048788309097290039e-01
5.125691890716552734e-01
9.980395436286926270e-01
-6.442027688026428223e-01
-2.103068530559539795e-01
-7.679420709609985352e-02
2.013683915138244629e-01
5.376390218734741211e-01
2.287729680538177490e-01
-2.036115825176239014e-01
-4.589203596115112305e-01
-3.689835667610168457e-01
9.967491030693054199e-02
