1.847463726997375488e+00
1.990540862083435059e+00
4.436507821083068848e-02
3.372783660888671875e-01
1.758054733276367188e+00
-8.417573571205139160e-01
3.056865632534027100e-01
3.105734109878540039e+00
-4.140367507934570312e-01
3.394607305526733398e-01
-3.099958598613739014e-01
1.571583271026611328e+00
4.691838026046752930e-01
3.796823620796203613e-01
-4.117879867553710938e-01
-3.919440507888793945e-02
4.158061742782592773e-01
7.553163766860961914e-01
9.164422750473022461e-01
1.699760437011718750e+00
1.511343955993652344e+00
-9.606830775737762451e-02
4.897022247314453125e-01
3.527894258499145508e+00
4.347126483917236328e-01
-7.900628447532653809e-02
4.113245010375976562e-01
-1.426889002323150635e-01
4.706311821937561035e-01
2.814362645149230957e-01
-8.813017606735229492e-02
-2.542736530303955078e-01
4.533075094223022461e-01
1.524501323699951172e+00
1.465851068496704102e-01
7.939867377281188965e-01
1.110882759094238281e+00
-1.702342629432678223e-01
5.391071438789367676e-01
-4.359401762485504150e-01
-5.345231890678405762e-01
-7.203215360641479492e-01
1.601315498352050781e+00
2.514582395553588867e+00
1.234490871429443359e+00
-1.045462250709533691e+00
-1.346386373043060303e-01
1.771201729774475098e+00
2.287415027618408203e+00
-7.486211657524108887e-01
9.557784795761108398e-01
6.145449876785278320e-01
8.263451457023620605e-01
-6.778740882873535156e-01
1.821895718574523926e+00
-1.183156073093414307e-01
2.321909189224243164e+00
4.685153067111968994e-02
1.147601902484893799e-01
-9.376140832901000977e-01
4.644735455513000488e-01
-7.108956575393676758e-01
-6.090098619461059570e-01
1.764163851737976074e+00
-4.814183712005615234e-02
-1.255058050155639648e-01
1.022402763366699219e+00
2.451908826828002930e+00
-4.028622508049011230e-01
1.890393733978271484e+00
-8.342685103416442871e-01
2.868649959564208984e+00
1.129519462585449219e+00
1.557858228683471680e+00
-2.209427952766418457e-01
5.516958832740783691e-01
2.163020133972167969e+00
1.607212781906127930e+00
1.202808320522308350e-01
1.240678310394287109e+00
4.216301441192626953e-02
3.073686063289642334e-01
1.071331620216369629e+00
-2.573689222335815430e-01
6.365915536880493164e-01
2.404783248901367188e+00
5.961536169052124023e-01
1.546095132827758789e+00
1.046254158020019531e+00
4.013080298900604248e-01
-1.256891787052154541e-01
3.723188877105712891e+00
-3.181716203689575195e-01
1.179842233657836914e+00
-9.343340396881103516e-01
1.541427612304687500e+00
1.354675889015197754e-01
4.265905618667602539e-01
-3.356534242630004883e-01
2.694817483425140381e-01
-7.111740708351135254e-01
-8.980735540390014648e-01
-1.461830735206604004e-01
5.102862119674682617e-01
-2.200215458869934082e-01
-9.917802214622497559e-01
-1.369806826114654541e-01
-9.853407144546508789e-01
9.878250360488891602e-01
1.615471124649047852e+00
-1.004216790199279785e+00
1.229225754737854004e+00
1.222060441970825195e+00
1.846173405647277832e-01
-4.888505339622497559e-01
1.289646029472351074e+00
1.146262288093566895e+00
3.877824544906616211e-02
9.404240846633911133e-01
1.625145435333251953e+00
-1.352844119071960449e+00
3.023595213890075684e-01
-5.684589147567749023e-01
-6.644074916839599609e-01
1.089680075645446777e+00
3.454118967056274414e+00
-6.372156739234924316e-01
1.383879661560058594e+00
-3.899856805801391602e-01
1.993497610092163086e-01
-2.295256257057189941e-01
-3.286063373088836670e-01
2.605376958847045898e+00
1.063769340515136719e+00
1.538064241409301758e+00
8.322718143463134766e-01
-6.547376513481140137e-01
1.376243948936462402e+00
1.309657454490661621e+00
1.410899281501770020e+00
-5.497285723686218262e-02
3.391142368316650391e+00
6.659688949584960938e-01
-9.085696935653686523e-02
1.814130783081054688e+00
-9.096271991729736328e-01
4.378479480743408203e+00
-7.087225317955017090e-01
4.186181068420410156e+00
-4.999217391014099121e-01
1.392093598842620850e-01
1.811334371566772461e+00
1.114111304283142090e+00
1.984678149223327637e+00
-4.529519677162170410e-01
3.752624988555908203e-01
-1.056944131851196289e-01
8.242533206939697266e-01
5.223274230957031250e-02
1.002122402191162109e+00
3.654873967170715332e-01
-6.819826960563659668e-01
9.923760294914245605e-01
4.952533245086669922e-01
1.580612897872924805e+00
8.317930698394775391e-01
1.304047346115112305e+00
1.067645788192749023e+00
1.390524744987487793e+00
8.585923910140991211e-01
5.837008953094482422e-01
2.668763101100921631e-01
1.238479971885681152e+00
-4.264591634273529053e-01
4.652075171470642090e-01
-8.522932529449462891e-01
1.013225436210632324e+00
9.009354710578918457e-01
-8.194249272346496582e-01
-2.357168793678283691e-01
8.529103994369506836e-01
-3.203209638595581055e-01
-1.383136749267578125e+00
1.108891010284423828e+00
3.923870086669921875e+00
1.554342985153198242e+00
6.145449876785278320e-01
2.921515703201293945e-01
1.099585175514221191e+00
1.138332188129425049e-01
-5.557391643524169922e-01
1.580404520034790039e+00
3.161526679992675781e+00
1.605487942695617676e+00
2.918623685836791992e-01
-1.012956857681274414e+00
-2.467086315155029297e-01
-1.191556453704833984e-02
-3.461040854454040527e-01
