4.872026443481445312e-01
-7.519792020320892334e-02
3.549519181251525879e-01
9.373378753662109375e-02
6.015229225158691406e-02
3.846460580825805664e-02
3.865773677825927734e-01
-1.149308681488037109e+00
-1.210504531860351562e+00
4.381430745124816895e-01
-1.166394650936126709e-01
3.492463827133178711e-01
-1.854487657546997070e-01
-4.212047457695007324e-01
1.730033308267593384e-01
9.102314710617065430e-02
-2.714780867099761963e-01
5.770176649093627930e-03
-6.016480922698974609e-02
-7.296358346939086914e-01
-1.340411067008972168e+00
7.262220382690429688e-01
4.321200251579284668e-01
-5.762259960174560547e-01
-2.950972020626068115e-01
-8.018697500228881836e-01
-1.386792063713073730e-01
-8.357539176940917969e-01
4.548484086990356445e-01
1.740517020225524902e-01
-1.232301354408264160e+00
1.140022516250610352e+00
1.020984649658203125e+00
-8.722910284996032715e-02
2.916524410247802734e-01
-7.794919610023498535e-02
-1.023146957159042358e-01
2.127462476491928101e-01
-9.168778657913208008e-01
-5.741844177246093750e-01
1.172410398721694946e-01
-6.368252635002136230e-02
-5.739001035690307617e-01
2.828133106231689453e-02
-3.826424479484558105e-01
-7.845836281776428223e-01
-1.828420162200927734e-02
-1.317954957485198975e-01
-8.424881100654602051e-02
4.755827188491821289e-01
5.963204503059387207e-01
-3.953160643577575684e-01
-2.164049595594406128e-01
-3.324372768402099609e-01
-4.736337661743164062e-01
-1.057184338569641113e-01
-1.971660554409027100e-01
1.257094740867614746e-01
4.525275826454162598e-01
1.385313570499420166e-01
7.856565713882446289e-01
9.463638067245483398e-01
-8.023549914360046387e-01
4.637147188186645508e-01
-7.485857009887695312e-01
-4.303551316261291504e-01
-2.880304455757141113e-01
-4.635377526283264160e-01
-9.300417900085449219e-01
-7.420922517776489258e-01
-1.259505152702331543e-01
-2.634143531322479248e-01
-4.596985578536987305e-01
-2.512651681900024414e-01
3.045523166656494141e-02
7.388084530830383301e-01
-6.959164142608642578e-02
-8.225746750831604004e-01
-7.252385616302490234e-01
-5.598711967468261719e-01
-4.552767872810363770e-01
-1.663733005523681641e+00
-3.191519677639007568e-01
1.704925298690795898e+00
-1.894429624080657959e-01
3.537406921386718750e-01
-8.795310556888580322e-02
-7.513546943664550781e-02
5.915590524673461914e-01
-1.903843283653259277e-01
-1.459405899047851562e+00
9.772628545761108398e-02
3.302451372146606445e-01
-1.947066783905029297e-01
-1.158423274755477905e-01
-7.201449573040008545e-02
2.407795488834381104e-01
-2.291496694087982178e-01
6.471177339553833008e-01
-2.203162312507629395e-01
-1.534051060676574707e+00
5.408478379249572754e-01
-3.044548332691192627e-01
1.265984773635864258e-02
-2.227120697498321533e-01
-9.383589029312133789e-03
-9.941706061363220215e-02
4.672579765319824219e-01
9.315312504768371582e-01
1.363359689712524414e-01
-1.717647433280944824e+00
6.329009532928466797e-01
-8.816722631454467773e-01
7.852451801300048828e-01
-1.876696109771728516e+00
1.845477074384689331e-01
9.774646759033203125e-01
2.143503427505493164e-01
-7.519970536231994629e-01
2.938557267189025879e-01
1.741426885128021240e-01
-3.385218977928161621e-01
4.208071231842041016e-01
-4.218367934226989746e-01
-5.144740343093872070e-01
1.824413239955902100e-01
1.538330316543579102e-01
8.884042501449584961e-03
2.365584969520568848e-01
2.123099416494369507e-01
2.514193654060363770e-01
5.748499631881713867e-01
-5.018007755279541016e-01
-1.008359432220458984e+00
-1.282002210617065430e+00
-8.308218717575073242e-01
5.030426979064941406e-01
-6.641805171966552734e-01
7.702465057373046875e-01
-7.058848738670349121e-01
-3.611915707588195801e-01
1.845242977142333984e-01
5.531430244445800781e-03
3.943748474121093750e-01
-1.163103580474853516e+00
-1.224015951156616211e+00
-1.242236375808715820e+00
-3.095845580101013184e-01
-3.264470994472503662e-01
2.433312535285949707e-01
-2.647988796234130859e-01
-5.979812145233154297e-02
-3.156539797782897949e-02
3.185620307922363281e-01
-1.131744384765625000e-01
6.309196352958679199e-01
-2.645407915115356445e-01
-4.984108209609985352e-01
2.595956325531005859e-01
1.808397293090820312e+00
8.821348547935485840e-01
-2.359271049499511719e-02
3.844489753246307373e-01
-6.821614503860473633e-01
-2.876715660095214844e-01
-1.351807564496994019e-01
-1.700634062290191650e-01
-1.373749732971191406e+00
-4.474770426750183105e-01
-2.992298007011413574e-01
-8.760268688201904297e-01
1.084432840347290039e+00
-6.075277924537658691e-02
-6.567580103874206543e-01
-1.948267221450805664e-02
-1.146484613418579102e+00
-9.107036590576171875e-01
-5.994139909744262695e-01
-3.469806313514709473e-01
1.628652691841125488e+00
-9.215340018272399902e-01
5.933146476745605469e-01
-2.351107001304626465e-01
2.372106313705444336e-01
4.492889642715454102e-01
3.549637198448181152e-01
-5.286467075347900391e-01
8.098649978637695312e-02
-7.255133986473083496e-01
-3.694301843643188477e-01
1.590448617935180664e-01
-1.257915735244750977e+00
-7.006945013999938965e-01
7.641309499740600586e-01
-2.350561022758483887e-01
-3.263309299945831299e-01
-5.393806695938110352e-01
-1.843094825744628906e-03
-5.677576661109924316e-01
