8.932160139083862305e-01
3.393039107322692871e-01
3.942950963973999023e-01
2.971814870834350586e-01
4.867398738861083984e-02
-7.999560236930847168e-02
2.011862277984619141e+00
1.865013360977172852e+00
-8.298842906951904297e-01
-1.747620403766632080e-01
-1.189573526382446289e+00
5.963109135627746582e-01
7.330048680305480957e-01
1.342705488204956055e+00
1.448707342147827148e+00
-1.263023376464843750e+00
2.322465181350708008e-01
4.185004830360412598e-01
2.100497961044311523e+00
2.010454416275024414e+00
2.842588126659393311e-01
7.117641568183898926e-01
-9.145954847335815430e-01
1.199583888053894043e+00
-4.688253700733184814e-01
3.470374584197998047e+00
1.450193881988525391e+00
1.096641182899475098e+00
-5.597248077392578125e-01
-7.904144525527954102e-01
-2.279709279537200928e-01
5.613157749176025391e-01
-4.888550937175750732e-01
9.822833538055419922e-02
2.268028974533081055e+00
-1.843345165252685547e-02
-1.604370474815368652e-01
-3.271785974502563477e-01
2.854363620281219482e-01
4.213362693786621094e+00
1.352819502353668213e-01
-8.503022193908691406e-01
3.930771946907043457e-01
3.586056828498840332e-01
6.687390804290771484e-01
-4.810208082199096680e-02
1.426323652267456055e+00
4.834057390689849854e-01
3.545392990112304688e+00
-6.083553433418273926e-01
7.097480297088623047e-01
3.664931654930114746e-01
-7.733311057090759277e-01
2.118383407592773438e+00
9.373158216476440430e-02
-2.439642548561096191e-01
1.350424289703369141e+00
-3.196405768394470215e-01
-3.005981743335723877e-01
-6.361278891563415527e-02
-8.414614796638488770e-01
-6.211310625076293945e-02
-1.022472858428955078e+00
2.562220692634582520e-01
2.758075237274169922e+00
-8.276325464248657227e-02
8.150786757469177246e-01
-1.007637739181518555e+00
8.578350543975830078e-01
1.192078828811645508e+00
-4.002484083175659180e-01
1.351499319076538086e+00
5.369247794151306152e-01
1.084829807281494141e+00
8.908438086509704590e-01
7.349500060081481934e-02
-1.066671967506408691e+00
-3.108019232749938965e-01
3.301073312759399414e-01
1.283448696136474609e+00
2.216925024986267090e-01
1.627547621726989746e+00
-2.837652564048767090e-01
7.163950800895690918e-01
3.381313800811767578e+00
1.240403890609741211e+00
1.054152131080627441e+00
3.036547303199768066e-01
4.051433563232421875e+00
7.540709972381591797e-01
6.489297151565551758e-01
4.003847122192382812e+00
8.416378498077392578e-02
1.258446455001831055e+00
2.839043140411376953e+00
6.218826770782470703e-01
1.353682518005371094e+00
1.026842951774597168e+00
1.249942183494567871e+00
-6.837598681449890137e-01
-4.308421611785888672e-01
2.972442626953125000e+00
-9.042089581489562988e-01
-9.074926376342773438e-03
1.148626506328582764e-01
-1.285618245601654053e-01
2.433845996856689453e+00
8.268147706985473633e-01
6.238080263137817383e-01
-5.365591049194335938e-01
9.494089484214782715e-01
2.793133258819580078e-03
-1.681889533996582031e+00
1.213221549987792969e+00
3.800704002380371094e+00
5.582845807075500488e-01
1.860891342163085938e+00
2.082062482833862305e+00
5.462422966957092285e-01
-2.672440409660339355e-01
1.283489465713500977e-01
3.475000381469726562e+00
-2.681859135627746582e-01
1.014087647199630737e-01
-3.482574224472045898e-01
-6.144635677337646484e-01
9.052011370658874512e-01
-6.600879430770874023e-01
-2.907441258430480957e-01
1.147808790206909180e+00
4.757827520370483398e-01
-9.508617520332336426e-01
-6.917071342468261719e-01
-4.268032610416412354e-01
-1.786102950572967529e-01
5.065770447254180908e-02
1.073072910308837891e+00
6.363111138343811035e-01
-2.279059886932373047e-01
7.518391013145446777e-01
1.834306120872497559e-01
4.710186719894409180e-01
-8.705855607986450195e-01
8.377429842948913574e-01
-3.658691048622131348e-01
2.088381052017211914e-01
6.333404779434204102e-02
2.265874624252319336e+00
-5.770063400268554688e-01
3.291748762130737305e-01
1.493475437164306641e+00
-3.775882720947265625e-02
2.212917804718017578e+00
1.833037853240966797e+00
9.927828907966613770e-01
1.135694146156311035e+00
1.294682502746582031e+00
4.623938798904418945e-01
1.493611812591552734e+00
-7.860919833183288574e-02
4.705089926719665527e-01
-5.937710404396057129e-01
2.788777828216552734e+00
4.055082321166992188e+00
1.580987691879272461e+00
6.091498732566833496e-01
-7.566229104995727539e-01
1.810287684202194214e-01
1.883137941360473633e+00
1.167038917541503906e+00
9.722944498062133789e-01
-3.338301777839660645e-01
1.159547567367553711e+00
1.935001850128173828e+00
-3.096081018447875977e-01
1.125771522521972656e+00
9.725653529167175293e-01
5.885345339775085449e-01
1.803239464759826660e+00
4.876472651958465576e-01
-6.872400045394897461e-01
-3.198484480381011963e-01
-1.342858552932739258e+00
1.424433588981628418e-01
-2.660561203956604004e-01
3.485635817050933838e-01
3.991520702838897705e-01
-9.444743394851684570e-02
-1.580280065536499023e-02
-6.050975322723388672e-01
3.844557523727416992e+00
1.650897741317749023e+00
1.354347467422485352e+00
1.959006071090698242e+00
1.306054145097732544e-01
-4.191029369831085205e-01
4.881417751312255859e-02
-7.506644129753112793e-01
-5.069345235824584961e-01
