-1.665861904621124268e-01
6.417258977890014648e-01
-4.461509287357330322e-01
1.239723205566406250e+00
-7.813177108764648438e-01
-7.009613513946533203e-01
-1.761760413646697998e-01
-4.355779290199279785e-01
-7.965084314346313477e-01
1.585969924926757812e-01
-7.529361844062805176e-01
-1.088809370994567871e+00
-5.147961378097534180e-01
-7.351464629173278809e-01
8.699899911880493164e-01
8.540269136428833008e-01
-4.072062373161315918e-01
1.317269206047058105e-01
-8.901177644729614258e-01
-4.834163188934326172e-02
-6.288084983825683594e-01
1.342338025569915771e-01
-3.780912756919860840e-01
-1.414255201816558838e-01
2.839305996894836426e-02
-3.973553776741027832e-01
-1.831670403480529785e-01
2.217144072055816650e-01
6.281489133834838867e-01
-9.200489521026611328e-02
1.214224994182586670e-01
-3.114327490329742432e-01
-4.659318327903747559e-01
-1.068659543991088867e+00
-1.073141098022460938e+00
-2.644139230251312256e-01
2.513641357421875000e+00
2.125918865203857422e-03
9.584149122238159180e-01
1.408448100090026855e+00
-3.677802085876464844e-01
8.487096428871154785e-01
9.056217074394226074e-01
-1.256041169166564941e+00
-8.433437943458557129e-01
-4.819968342781066895e-01
-7.296608090400695801e-01
-3.459668159484863281e-01
-7.816051244735717773e-01
-8.822480440139770508e-01
-4.473861455917358398e-01
-2.587632536888122559e-01
-7.831110954284667969e-01
-8.975483179092407227e-01
-3.710133135318756104e-01
-6.140115261077880859e-01
-3.404701650142669678e-01
3.134091198444366455e-01
1.814164042472839355e+00
-5.034129619598388672e-01
-1.181659996509552002e-01
-3.324638605117797852e-01
1.836151480674743652e-01
-3.452315092086791992e+00
-3.164601325988769531e-02
5.435740351676940918e-01
-2.396755814552307129e-01
7.529935240745544434e-01
-7.597107887268066406e-01
-7.857354283332824707e-01
2.002818882465362549e-01
-8.753380179405212402e-02
-9.464312791824340820e-01
-6.104443073272705078e-01
-4.585928022861480713e-01
-6.987801790237426758e-01
1.742185950279235840e-01
4.268780350685119629e-01
-6.247652173042297363e-01
2.151829153299331665e-01
7.408991456031799316e-02
-1.688641786575317383e+00
3.400769233703613281e-01
6.107771396636962891e-01
-7.501453757286071777e-01
-1.435729861259460449e-01
-1.908361196517944336e+00
4.159076213836669922e-01
-5.233388543128967285e-01
-4.774712324142456055e-01
-5.425425767898559570e-01
-1.930077970027923584e-01
-7.827795147895812988e-01
5.544667840003967285e-01
-9.242672920227050781e-01
-7.500465512275695801e-01
3.308475315570831299e-01
3.846239149570465088e-01
-3.591435849666595459e-01
-7.237479090690612793e-01
-2.322303950786590576e-01
-4.179103374481201172e-01
-1.012502670288085938e+00
7.482650876045227051e-02
-3.081383407115936279e-01
7.264695763587951660e-01
-1.575094223022460938e+00
1.100020855665206909e-01
1.441778242588043213e-01
2.870926260948181152e-02
-1.664153784513473511e-01
-8.188733458518981934e-01
-8.207541704177856445e-01
-5.928942561149597168e-01
4.253975450992584229e-01
5.067840814590454102e-01
-3.626247048377990723e-01
-5.545678138732910156e-01
4.809641242027282715e-01
-5.386034846305847168e-01
-6.978833675384521484e-02
-1.139786958694458008e+00
-7.952647209167480469e-01
-6.800991296768188477e-02
-1.132180392742156982e-01
-8.089234828948974609e-01
-2.252616882324218750e-01
-1.035815775394439697e-01
3.965213298797607422e-01
1.554650425910949707e+00
3.198496997356414795e-01
-9.804233908653259277e-01
-3.761882185935974121e-01
6.713739037513732910e-01
2.551364898681640625e-02
1.150023221969604492e+00
-1.101804018020629883e+00
1.572756022214889526e-01
-6.780228614807128906e-01
-3.717793822288513184e-01
-4.747656583786010742e-01
-1.015747189521789551e+00
7.457345724105834961e-02
3.838365674018859863e-01
-7.568572759628295898e-01
1.411344408988952637e-01
-4.316306114196777344e-01
3.294780850410461426e-02
-1.680775284767150879e-01
-4.889072179794311523e-01
1.078926682472229004e+00
2.589166164398193359e-01
-5.618367791175842285e-01
6.182222366333007812e-01
-7.830485105514526367e-01
-9.411672949790954590e-01
-1.453585028648376465e-01
-7.283595204353332520e-02
5.485435724258422852e-01
3.441787958145141602e-01
3.529573678970336914e-01
-5.613043308258056641e-01
-8.408325910568237305e-02
-7.022545337677001953e-01
-3.123883306980133057e-01
-4.403457045555114746e-02
-2.138351202011108398e-01
-2.465972304344177246e-01
-2.526692748069763184e-01
6.979220509529113770e-01
-2.176665663719177246e-01
-7.310046553611755371e-01
2.804425358772277832e-02
-5.041334033012390137e-01
2.677559852600097656e-02
-5.826717019081115723e-01
2.207837104797363281e-01
-1.792361736297607422e-01
-1.567063331604003906e-01
-5.408328771591186523e-01
-6.081665754318237305e-01
-3.599407076835632324e-01
8.730143308639526367e-02
-4.768111407756805420e-01
-2.041556835174560547e-01
-6.641312837600708008e-01
-7.916910052299499512e-01
3.288730680942535400e-01
-1.136272668838500977e+00
-2.799381613731384277e-01
-4.450474381446838379e-01
-1.034464478492736816e+00
-1.143238693475723267e-01
2.542985081672668457e-01
-5.029941201210021973e-01
-8.434479832649230957e-01
-1.364324092864990234e+00
-4.384534358978271484e-01
-2.937306761741638184e-01
