1.553894281387329102e-01
-1.413855850696563721e-01
5.398662686347961426e-01
-1.731545925140380859e-01
-1.011412024497985840e+00
-6.159170866012573242e-01
-1.570254564285278320e-02
-1.241529226303100586e+00
3.714724779129028320e-01
-4.926837384700775146e-01
2.894035577774047852e-01
4.882335662841796875e-02
-8.628449440002441406e-01
9.819452166557312012e-01
-4.998501837253570557e-01
-1.009387016296386719e+00
2.270036935806274414e+00
-6.975398063659667969e-01
1.235400080680847168e+00
-1.947684437036514282e-01
-1.857002675533294678e-01
-1.904052495956420898e-01
5.328071117401123047e-02
-7.102883458137512207e-01
-8.537384867668151855e-01
-4.025185108184814453e-02
-4.540154337882995605e-01
-3.163824379444122314e-01
-1.145428419113159180e+00
-3.265522718429565430e-01
-1.836592853069305420e-01
5.539414882659912109e-01
-9.729170203208923340e-01
2.973079681396484375e-02
-1.687992811203002930e-01
-1.720332205295562744e-01
-4.402183294296264648e-01
-4.059212505817413330e-01
-7.316188812255859375e-01
-6.632257103919982910e-01
4.744275808334350586e-01
-6.248507499694824219e-01
-5.478046536445617676e-01
-2.194971442222595215e-01
5.745637416839599609e-01
3.835490047931671143e-01
-7.126411199569702148e-01
1.482010483741760254e-01
3.473693728446960449e-01
1.062337398529052734e+00
2.376987934112548828e-01
4.525650739669799805e-01
-2.255696058273315430e-02
-1.466330885887145996e-01
-4.973329901695251465e-01
-1.659722924232482910e-01
-6.573796272277832031e-02
-3.020979464054107666e-01
-6.442979574203491211e-01
-5.137619972229003906e-01
-1.495746374130249023e+00
-3.256958723068237305e-01
3.501090109348297119e-01
9.272702932357788086e-01
1.828310787677764893e-01
-1.599906384944915771e-01
-1.755460262298583984e+00
-3.185176849365234375e-01
1.024830579757690430e+00
2.586973309516906738e-01
-4.088687598705291748e-01
-1.356261968612670898e-01
1.257584929466247559e+00
-7.972088456153869629e-01
-3.692400753498077393e-01
-9.729984402656555176e-01
-6.491234302520751953e-01
1.695376038551330566e-01
-1.026137471199035645e+00
2.074605822563171387e-01
7.257364690303802490e-02
9.111908078193664551e-02
-6.952339410781860352e-02
-2.977455258369445801e-01
-3.964999914169311523e-01
-1.461883783340454102e-01
-5.610907077789306641e-01
-3.979581594467163086e-02
2.940374612808227539e-01
-2.290805280208587646e-01
-4.231383204460144043e-01
-5.254292488098144531e-02
-1.487697064876556396e-01
-4.590947926044464111e-01
-6.168533563613891602e-01
-1.265144646167755127e-01
-7.157381772994995117e-01
-9.061879515647888184e-01
-2.151798605918884277e-01
6.343414187431335449e-01
9.017909169197082520e-01
6.542728543281555176e-01
4.838763475418090820e-01
-8.210200071334838867e-01
3.543708622455596924e-01
-8.426510095596313477e-01
1.560215353965759277e-01
1.267214059829711914e+00
4.113819599151611328e-01
-3.039709329605102539e-01
-6.716187000274658203e-01
-3.679602444171905518e-01
-2.416899204254150391e-01
2.576040625572204590e-01
-4.565311968326568604e-01
3.285262882709503174e-01
4.703652858734130859e-02
-2.448225021362304688e-01
-1.004075646400451660e+00
-9.568324685096740723e-02
1.478031277656555176e-01
-3.955492496490478516e+00
-6.098448038101196289e-01
-6.597998142242431641e-01
-1.097913503646850586e+00
1.577443361282348633e+00
-6.342781782150268555e-01
-1.070413827896118164e+00
5.574302673339843750e-01
-4.833357930183410645e-01
-7.231934070587158203e-01
-1.742298007011413574e-01
-8.158180713653564453e-01
-5.680341720581054688e-01
1.855438351631164551e-01
-2.389091253280639648e-02
-2.649388909339904785e-01
-1.111098647117614746e+00
-8.255801796913146973e-01
-4.202654838562011719e+00
-3.955385088920593262e-01
7.532536983489990234e-02
-7.820379734039306641e-02
6.267985105514526367e-01
-7.708787918090820312e-01
1.202442884445190430e+00
5.675090551376342773e-01
4.043743014335632324e-01
1.511623263359069824e-01
-3.544882535934448242e-01
-2.786139249801635742e-01
1.653566360473632812e-01
-4.875267148017883301e-01
-3.253601789474487305e-01
-2.796164751052856445e-01
-8.382753133773803711e-01
-4.366263151168823242e-01
-1.561709046363830566e-01
1.351468414068222046e-01
-2.096899151802062988e-01
-2.531586885452270508e-01
2.112262010574340820e+00
-4.701650440692901611e-01
8.428705334663391113e-01
1.705464720726013184e-01
-7.022807598114013672e-01
-7.178663611412048340e-01
6.496583819389343262e-01
-1.465115070343017578e+00
-2.959635257720947266e-01
-3.858491182327270508e-01
-4.910441040992736816e-01
6.992061138153076172e-01
-1.419648528099060059e+00
-3.048994541168212891e-01
-5.698875188827514648e-01
-4.862864613533020020e-01
1.809489727020263672e-02
-1.121352434158325195e+00
-8.496186137199401855e-02
-7.079597711563110352e-01
-5.980389714241027832e-01
3.365557789802551270e-01
-4.564985036849975586e-01
-3.812918961048126221e-01
-5.941978693008422852e-01
-6.786422133445739746e-01
-6.714733839035034180e-01
-2.354686856269836426e-01
2.092766761779785156e-02
-1.516019344329833984e+00
-4.666653275489807129e-01
-3.947188556194305420e-01
-5.276180505752563477e-01
-1.503148674964904785e-01
-6.490531563758850098e-02
5.318537354469299316e-02
-3.940588235855102539e-01
9.163415431976318359e-02
