4.560900926589965820e-01
1.691411256790161133e+00
-4.298859536647796631e-01
5.834903717041015625e-01
8.389391303062438965e-01
1.614256501197814941e+00
9.667984247207641602e-01
2.717609703540802002e-01
7.229648828506469727e-01
1.668100059032440186e-01
2.661122560501098633e+00
4.233930110931396484e+00
-1.354538917541503906e+00
-4.850383102893829346e-01
1.859603166580200195e+00
-3.370503187179565430e-01
-3.498056828975677490e-01
-3.154901564121246338e-01
8.561512827873229980e-02
7.038770318031311035e-01
-7.147374153137207031e-01
1.257291913032531738e+00
2.501325607299804688e-01
-8.577356934547424316e-01
1.034657835960388184e+00
-7.338175773620605469e-01
-5.566837787628173828e-01
-1.081504464149475098e+00
3.050663232803344727e+00
1.029929518699645996e-01
7.464509010314941406e-01
1.341908454895019531e+00
-6.198826432228088379e-01
4.842095375061035156e-01
6.200638413429260254e-02
-4.659449458122253418e-01
-7.605379819869995117e-01
1.171936988830566406e+00
2.289976477622985840e-01
9.629008173942565918e-01
-6.613674759864807129e-01
3.279792547225952148e+00
2.543839216232299805e+00
4.893140792846679688e-01
2.320063412189483643e-01
1.478838324546813965e+00
7.485033273696899414e-01
-1.419967412948608398e-01
-7.397457957267761230e-01
-7.291992306709289551e-01
1.674578905105590820e+00
6.385463476181030273e-01
-3.059478998184204102e-01
2.884860515594482422e+00
5.781297683715820312e-01
1.257052898406982422e+00
5.552962422370910645e-01
6.396074295043945312e-01
4.080216407775878906e+00
5.286043882369995117e-01
-3.666443228721618652e-01
2.455013245344161987e-01
-9.472159147262573242e-01
6.514827013015747070e-01
3.089396715164184570e+00
-8.175531625747680664e-01
-4.823769032955169678e-01
3.043301105499267578e-01
1.190954208374023438e+00
1.515122890472412109e+00
-8.349142074584960938e-01
-5.641458034515380859e-01
3.827482759952545166e-01
-1.232216596603393555e+00
-1.786720752716064453e-01
1.908844113349914551e-01
-3.370226919651031494e-01
-2.301127314567565918e-01
-9.796726703643798828e-02
-4.448021650314331055e-01
5.819081068038940430e-01
9.982505440711975098e-02
1.763958454132080078e+00
-5.606153607368469238e-01
1.369373559951782227e+00
1.783581972122192383e-01
1.368820816278457642e-01
1.416497468948364258e+00
1.671792984008789062e+00
-1.171516031026840210e-01
7.979567050933837891e-01
2.691322863101959229e-01
3.620744645595550537e-01
3.414380073547363281e+00
-4.731950163841247559e-02
-5.395571589469909668e-01
-5.528254508972167969e-01
5.275117754936218262e-01
-7.428023219108581543e-01
-1.003039121627807617e+00
3.740374088287353516e+00
-3.406410813331604004e-01
1.036017417907714844e+00
1.222286581993103027e+00
2.898352622985839844e+00
6.153841018676757812e-01
-5.468730330467224121e-01
1.875101029872894287e-01
-4.484655857086181641e-01
4.533198475837707520e-02
2.163660526275634766e-01
9.871926903724670410e-01
-1.188966631889343262e-02
6.753159165382385254e-01
-8.356170654296875000e-01
2.083818197250366211e+00
1.306453347206115723e-02
2.956427931785583496e-01
3.915861845016479492e-01
9.451603293418884277e-01
-4.677006304264068604e-01
-6.864840984344482422e-01
-3.739658594131469727e-01
2.806234598159790039e+00
-6.496496200561523438e-01
1.475011229515075684e+00
1.100242853164672852e+00
3.635311126708984375e-01
1.069645285606384277e+00
-1.011439442634582520e+00
3.614527702331542969e+00
1.352888703346252441e+00
3.525538444519042969e+00
1.661353588104248047e+00
-1.425873935222625732e-01
-1.111682057380676270e+00
-8.660885691642761230e-02
5.477116107940673828e-01
-2.249878644943237305e-01
1.358845978975296021e-01
9.598047137260437012e-01
-3.520237803459167480e-01
-6.937477588653564453e-01
3.912929773330688477e+00
7.140758633613586426e-02
4.533546268939971924e-01
2.924885272979736328e+00
-4.877871870994567871e-01
1.129000663757324219e+00
-1.458436846733093262e-01
8.530119657516479492e-01
1.152652978897094727e+00
-2.305188179016113281e-01
-7.148236036300659180e-02
1.894171118736267090e+00
3.512326717376708984e+00
-8.456527590751647949e-01
3.258911132812500000e+00
-8.517029881477355957e-02
6.326110363006591797e-01
-3.890170753002166748e-01
3.072367906570434570e+00
1.315013170242309570e-01
9.689459800720214844e-01
2.085505962371826172e+00
1.167004823684692383e+00
-1.752799749374389648e-01
-9.812009334564208984e-01
1.701924800872802734e-01
9.907066822052001953e-03
9.983058571815490723e-01
-1.073671877384185791e-01
1.843174993991851807e-01
-1.979776918888092041e-01
-7.194272875785827637e-01
2.651870250701904297e-01
-4.765320420265197754e-01
2.954617023468017578e+00
-9.793419241905212402e-01
-2.024745047092437744e-01
1.119680553674697876e-01
1.475069165229797363e+00
2.697996050119400024e-02
1.871083527803421021e-01
-9.556784629821777344e-01
4.310706257820129395e-01
1.636194229125976562e+00
1.663711547851562500e+00
1.782784759998321533e-01
8.060095906257629395e-01
2.464878559112548828e-02
-2.493942677974700928e-01
6.068950891494750977e-01
1.054086983203887939e-01
1.889703989028930664e+00
3.344343602657318115e-01
1.133782625198364258e+00
7.596422433853149414e-01
-1.039467096328735352e+00
