4.705452919006347656e-01
1.086811542510986328e+00
-1.866674423217773438e-02
2.352051258087158203e+00
-5.526587963104248047e-01
-2.521204948425292969e-01
-9.493255615234375000e-02
4.574832916259765625e-01
-7.583898305892944336e-01
-2.864695191383361816e-01
3.003059029579162598e-01
-5.518510341644287109e-01
2.476889133453369141e+00
3.139178752899169922e-01
-2.201235890388488770e-01
-1.218227148056030273e-01
9.655883312225341797e-01
2.745061397552490234e+00
-5.286902189254760742e-01
1.768556118011474609e+00
3.204652667045593262e-01
-1.344743967056274414e-01
3.060198783874511719e+00
5.513815879821777344e-01
2.199922561645507812e+00
2.937640249729156494e-01
7.663741111755371094e-01
-8.423786163330078125e-01
2.309758067131042480e-01
6.035643219947814941e-01
-9.136171340942382812e-01
-4.300233721733093262e-01
-7.523542642593383789e-01
-8.301241993904113770e-01
-6.392738819122314453e-01
5.512316823005676270e-01
1.476504325866699219e+00
1.720654845237731934e+00
1.829125434160232544e-01
1.690649390220642090e+00
-2.269150316715240479e-01
8.636771440505981445e-01
6.185271143913269043e-01
7.479819059371948242e-01
-5.891991257667541504e-01
-3.182979822158813477e-01
7.273298501968383789e-01
-6.888833045959472656e-01
-1.160696744918823242e-01
-7.926777601242065430e-01
-2.345473468303680420e-01
-5.498304367065429688e-01
8.474225997924804688e-01
1.383296012878417969e+00
2.494595646858215332e-01
3.752650737762451172e+00
1.632560968399047852e+00
2.422887682914733887e-01
2.653180837631225586e+00
-3.025420904159545898e-01
-2.461600899696350098e-01
2.546609044075012207e-01
-1.015448093414306641e+00
-1.716467142105102539e-01
-9.962171912193298340e-01
-2.777383327484130859e-01
5.456861853599548340e-01
1.602971553802490234e+00
-7.473502159118652344e-01
1.901867866516113281e+00
-1.478872299194335938e-01
1.632025837898254395e+00
-1.893602013587951660e-01
6.097019910812377930e-01
-1.040834426879882812e+00
6.182935833930969238e-01
-6.484928727149963379e-01
6.200889945030212402e-01
1.981926798820495605e+00
2.566833198070526123e-01
5.625959634780883789e-01
2.446336269378662109e+00
2.404812574386596680e-01
4.790160655975341797e-01
2.598584890365600586e-01
-6.036267876625061035e-01
2.279498577117919922e-01
-1.095375299453735352e+00
7.690048217773437500e-02
1.652519941329956055e+00
3.088814616203308105e-01
-2.039858698844909668e-01
-3.667568564414978027e-01
-1.048086881637573242e-01
1.616865158081054688e+00
1.697642564773559570e+00
-9.055419564247131348e-01
-2.322813868522644043e-02
8.719085454940795898e-01
-8.521960377693176270e-01
1.383638501167297363e+00
6.540417075157165527e-01
1.635879755020141602e+00
2.837310075759887695e+00
1.488342642784118652e+00
-1.964849829673767090e-01
-3.542582094669342041e-01
1.467286944389343262e-01
-1.499313712120056152e-01
-9.073214232921600342e-02
7.862020730972290039e-01
-2.399189174175262451e-01
1.189367175102233887e-01
-2.448459863662719727e-01
-3.981357216835021973e-01
1.134099364280700684e+00
-2.424342334270477295e-01
1.901582121849060059e+00
-2.053778767585754395e-01
-8.125618100166320801e-02
1.247239589691162109e+00
5.721533298492431641e-02
1.411774754524230957e-01
-1.424611508846282959e-01
-1.056111931800842285e+00
6.115604639053344727e-01
-1.832194328308105469e-01
1.218790650367736816e+00
1.609506487846374512e+00
-3.768718242645263672e-01
5.825556516647338867e-01
1.669935464859008789e+00
8.643813431262969971e-03
-9.035527706146240234e-03
1.551088571548461914e+00
-6.487117707729339600e-02
-1.330795288085937500e-01
1.646657228469848633e+00
5.895782113075256348e-01
-1.070007801055908203e+00
2.906567335128784180e+00
1.370419621467590332e+00
1.867524623870849609e+00
-5.984245538711547852e-01
3.951956748962402344e+00
-1.160817861557006836e+00
8.188723325729370117e-01
-2.771528959274291992e-01
-4.855886101722717285e-02
1.232960224151611328e-01
1.363518238067626953e+00
-1.140720009803771973e+00
2.154662311077117920e-01
2.467238605022430420e-01
3.762173652648925781e-02
3.782895505428314209e-01
-7.394409775733947754e-01
-1.256799399852752686e-01
4.086411595344543457e-01
4.931101500988006592e-01
2.065595686435699463e-01
2.598127365112304688e+00
2.342853784561157227e+00
1.730512857437133789e+00
1.754216551780700684e+00
2.315576553344726562e+00
-2.456315755844116211e-01
-5.283107757568359375e-01
-1.085202813148498535e+00
1.889742851257324219e+00
4.228099822998046875e+00
1.177564382553100586e+00
-1.480344235897064209e-01
3.368857622146606445e+00
2.393205165863037109e+00
1.069020271301269531e+00
-1.164644718170166016e+00
1.122552990913391113e+00
-9.200819730758666992e-01
-1.352701306343078613e+00
-2.159589529037475586e-01
1.395382523536682129e+00
1.701548695564270020e+00
3.404837131500244141e+00
3.828911781311035156e+00
-1.214884519577026367e-01
-1.127955317497253418e-02
1.707054615020751953e+00
6.157958507537841797e-02
-1.171543836593627930e+00
2.736129164695739746e-01
1.346964538097381592e-01
2.288868665695190430e+00
2.351477444171905518e-01
-1.303899586200714111e-01
-5.683833360671997070e-02
2.076733589172363281e+00
-9.910342693328857422e-01
1.232351064682006836e+00
