6.711876392364501953e-01
1.407587528228759766e-01
-7.126626968383789062e-01
-7.073204517364501953e-01
1.645061492919921875e+00
3.853606581687927246e-01
3.537784218788146973e-01
3.710344135761260986e-01
-1.388970613479614258e-01
-4.067952632904052734e-01
-2.717870473861694336e-02
-6.541287899017333984e-01
-3.386692106723785400e-01
1.196288347244262695e+00
-9.272277951240539551e-01
6.397285461425781250e-01
4.734820425510406494e-01
4.664897322654724121e-01
-7.492525577545166016e-01
5.914565324783325195e-01
-3.167773485183715820e-01
-9.919008016586303711e-01
1.957605779170989990e-02
1.829627156257629395e-02
-5.184242725372314453e-01
-4.314672350883483887e-01
1.131107091903686523e+00
8.426684141159057617e-01
5.655688047409057617e-02
-3.948308527469635010e-01
1.162136197090148926e-01
-8.310309052467346191e-01
2.169060707092285156e-01
8.223853111267089844e-01
1.134001493453979492e+00
-7.595319151878356934e-01
-3.410339057445526123e-01
1.486135721206665039e-01
-2.908247113227844238e-01
-1.601173877716064453e-01
8.837147355079650879e-01
2.742820978164672852e-01
1.618338525295257568e-01
-7.874995470046997070e-03
-4.458217024803161621e-01
-2.138349056243896484e+00
4.589112102985382080e-01
-1.158943891525268555e+00
4.000249505043029785e-02
-7.830089330673217773e-01
5.032703280448913574e-02
-3.383936882019042969e-01
-1.936076730489730835e-01
-2.974575757980346680e-02
-4.176416993141174316e-01
-1.207448244094848633e-01
-1.130532026290893555e-01
-5.460332036018371582e-01
-3.656318485736846924e-01
5.346439480781555176e-01
-4.487364292144775391e-01
-2.671525180339813232e-01
-2.045829892158508301e-01
3.525593876838684082e-01
-6.706966161727905273e-01
-2.088646888732910156e-01
-7.075264453887939453e-01
-4.253939390182495117e-01
-3.451590240001678467e-01
3.213906288146972656e-01
2.231810092926025391e-01
-5.632404088973999023e-01
-3.358572125434875488e-01
-1.176323413848876953e+00
-5.992165207862854004e-02
-1.636270135641098022e-01
1.377944946289062500e-01
-7.785807847976684570e-01
-4.226900637149810791e-01
-1.656227707862854004e-01
-1.126233637332916260e-01
-1.264690756797790527e-01
-7.626830935478210449e-01
7.865065336227416992e-02
-3.327669799327850342e-01
5.974277853965759277e-02
1.560158133506774902e-01
5.857349038124084473e-01
1.380240559577941895e+00
-9.228233695030212402e-01
-1.247499823570251465e+00
-1.695488095283508301e-01
-5.261746644973754883e-01
-4.743864536285400391e-01
-3.847162723541259766e-01
-1.258541345596313477e-01
-6.708250045776367188e-01
-3.670906722545623779e-01
-3.011479675769805908e-01
-6.132470369338989258e-01
3.475463390350341797e-02
-4.550845623016357422e-01
2.869834899902343750e-01
-1.700588017702102661e-01
-4.221135675907135010e-01
-3.855157196521759033e-01
-6.849128007888793945e-01
8.110135793685913086e-03
-1.777256727218627930e-01
-8.073679208755493164e-01
-3.990303575992584229e-01
-6.971513032913208008e-01
1.312993466854095459e-01
-9.783941507339477539e-01
3.115343749523162842e-01
-5.356279611587524414e-01
-1.141338229179382324e+00
2.340733408927917480e-01
1.653301119804382324e-01
-5.523701310157775879e-01
1.968476921319961548e-01
-6.224150657653808594e-01
8.799760341644287109e-01
1.352451443672180176e-01
4.434853196144104004e-01
-4.144786596298217773e-01
-5.901591777801513672e-01
2.668335437774658203e-01
-1.096991777420043945e+00
-1.647143363952636719e-01
5.979032516479492188e-01
-2.781174778938293457e-01
-9.287468194961547852e-01
6.502348184585571289e-02
-3.221216797828674316e-01
-6.654509305953979492e-01
1.376309037208557129e+00
1.121733486652374268e-01
2.594979405403137207e-01
-3.894564807415008545e-01
-4.753702878952026367e-02
-3.491374254226684570e-01
3.584964275360107422e-01
-4.251763224601745605e-01
1.336109638214111328e+00
-6.351129412651062012e-01
1.240101456642150879e-01
-4.561361372470855713e-01
-7.721641063690185547e-01
-7.763903141021728516e-01
-1.170043349266052246e-01
-1.927077770233154297e-03
3.200854659080505371e-01
-3.482580184936523438e-01
-6.040814518928527832e-02
1.843767464160919189e-01
-1.878271996974945068e-01
-3.170813918113708496e-01
-6.102563142776489258e-01
-1.105914831161499023e+00
4.087135195732116699e-02
-5.343437790870666504e-01
9.591331481933593750e-01
1.364965438842773438e+00
1.006408929824829102e-01
4.541431069374084473e-01
-1.975679397583007812e-01
-8.290368318557739258e-01
-1.023206233978271484e+00
-2.755606174468994141e-01
-1.278773784637451172e+00
1.549008488655090332e-02
-3.346816897392272949e-01
-1.606767028570175171e-01
-8.786516189575195312e-01
-1.206059455871582031e-01
-3.477140367031097412e-01
-5.867205858230590820e-01
-3.454248905181884766e-01
-2.638173103332519531e-02
-1.821644604206085205e-01
5.425069332122802734e-01
-8.118721246719360352e-01
-2.938449978828430176e-01
3.501114249229431152e-01
-7.236769199371337891e-01
-1.441984295845031738e+00
-8.143598437309265137e-01
-5.164138078689575195e-01
-6.892346143722534180e-01
-9.042447805404663086e-02
-5.632567405700683594e-01
-2.287122726440429688e+00
2.292059063911437988e-01
1.995487213134765625e-01
-1.101181626319885254e+00
-6.232172250747680664e-02
-1.204395890235900879e-01
-1.282572746276855469e-02
