-1.393847465515136719e-01
3.664731681346893311e-01
4.670127630233764648e-01
-1.415372729301452637e+00
-1.793383359909057617e-01
-1.660239219665527344e+00
-1.897999942302703857e-01
-9.367491006851196289e-01
-8.495110869407653809e-01
-4.897710084915161133e-01
-9.423454403877258301e-01
1.641429364681243896e-01
-1.881639957427978516e-01
-1.290129423141479492e-01
1.058819890022277832e-01
1.081175684928894043e+00
1.362800598144531250e-01
-7.931404709815979004e-01
2.624459862709045410e-01
-3.977504372596740723e-01
2.873414754867553711e-02
-4.953500628471374512e-01
-1.003645062446594238e+00
-7.285964488983154297e-01
-7.182338833808898926e-01
2.618072032928466797e-01
-3.375374674797058105e-01
-1.102542877197265625e-01
-1.109833419322967529e-01
-5.817456841468811035e-01
4.150472879409790039e-01
-3.639453649520874023e-01
1.252068877220153809e-01
-3.527863919734954834e-01
-2.222604453563690186e-01
-2.194379121065139771e-01
-6.196214556694030762e-01
-1.458922266960144043e+00
-8.459246158599853516e-01
1.093385219573974609e-01
-6.269955635070800781e-02
-1.549892872571945190e-01
7.554736733436584473e-02
-7.701133489608764648e-01
2.014391124248504639e-01
-6.003578901290893555e-01
-3.332806229591369629e-01
2.498784363269805908e-01
1.005436658859252930e+00
-3.882400989532470703e-01
2.238171100616455078e-01
-5.631837248802185059e-01
-5.271872878074645996e-01
-1.205933094024658203e+00
5.744705200195312500e-01
-5.524488687515258789e-01
1.622683405876159668e-01
2.978495955467224121e-01
-8.951928615570068359e-01
1.254041194915771484e-01
-1.097345232963562012e+00
-7.671865224838256836e-01
-4.393003880977630615e-01
-6.646260023117065430e-01
-2.308902740478515625e-01
-9.603124856948852539e-01
-1.147498607635498047e+00
-5.002956390380859375e-01
-7.205510139465332031e-01
-1.742259263992309570e-01
5.834739208221435547e-01
-5.274657011032104492e-01
5.719757080078125000e-02
-4.797098934650421143e-01
4.660697281360626221e-01
6.215098500251770020e-01
-5.962671041488647461e-01
-7.438869476318359375e-01
-9.960082769393920898e-01
-8.433707952499389648e-01
6.061314344406127930e-01
-5.603291988372802734e-01
6.461553275585174561e-02
-9.440506696701049805e-01
-7.064394354820251465e-01
2.937987148761749268e-01
1.163223385810852051e-01
-8.225547671318054199e-01
-1.599132418632507324e-01
-6.034675836563110352e-01
-7.116939425468444824e-01
-1.968322992324829102e-01
-9.115463495254516602e-01
2.373521775007247925e-01
-5.631796121597290039e-01
-5.595744252204895020e-01
1.185145616531372070e+00
1.335188746452331543e-01
5.224279761314392090e-01
2.278631329536437988e-01
1.324981451034545898e-02
-8.265671730041503906e-01
2.616667151451110840e-01
-1.281539440155029297e+00
3.825385570526123047e-01
-1.337192535400390625e+00
-8.845969438552856445e-01
1.172409877181053162e-01
-8.239749073982238770e-01
3.093848824501037598e-01
-8.291869759559631348e-01
-9.548363685607910156e-01
-1.517902016639709473e-01
2.968355417251586914e-01
7.061903476715087891e-01
-3.791672289371490479e-01
-3.783848881721496582e-01
1.368299841880798340e+00
1.003821253776550293e+00
8.686421811580657959e-02
1.556630581617355347e-01
4.658527076244354248e-01
-9.905110001564025879e-01
6.954013109207153320e-01
-9.208495020866394043e-01
-1.054131746292114258e+00
-3.236749768257141113e-01
-5.613470673561096191e-01
5.906010270118713379e-01
-5.690178871154785156e-01
7.627186179161071777e-02
-5.082666277885437012e-01
-7.379394173622131348e-01
-1.961011290550231934e-01
-7.664188146591186523e-01
-3.439410924911499023e-01
-4.946479797363281250e-01
6.638792157173156738e-02
9.103691577911376953e-01
-6.316624283790588379e-01
-5.553320050239562988e-01
-2.210794985294342041e-01
9.070026278495788574e-01
1.762010455131530762e-01
-5.661686062812805176e-01
3.950987458229064941e-01
-2.662684619426727295e-01
8.714203834533691406e-01
-1.223926246166229248e-01
-2.520267963409423828e-01
-1.868014931678771973e+00
-1.599135994911193848e-01
3.744692206382751465e-01
-9.750847816467285156e-01
1.541514396667480469e-01
-9.534823894500732422e-01
-3.047642111778259277e-02
6.623032093048095703e-01
-9.931923747062683105e-01
-1.783120632171630859e-01
-5.165221691131591797e-01
-1.111203789710998535e+00
-6.726545095443725586e-01
7.487801909446716309e-01
-6.884527206420898438e-02
-7.199221849441528320e-01
-2.400798797607421875e-01
-1.449205756187438965e+00
3.106772899627685547e-03
7.077583670616149902e-01
-2.384600639343261719e-01
8.939526081085205078e-01
-7.813531160354614258e-01
8.976984024047851562e-02
-4.824674129486083984e-01
-3.551273643970489502e-01
5.015093088150024414e-01
-2.609685063362121582e-02
-5.462486743927001953e-01
-1.134545683860778809e+00
2.071834802627563477e-01
-2.804379463195800781e-01
-1.501196622848510742e-01
-1.263218969106674194e-01
-1.792770922183990479e-01
-4.739923775196075439e-01
-3.899306952953338623e-01
9.793840646743774414e-01
-6.012312769889831543e-01
6.433414220809936523e-01
-3.002848029136657715e-01
-1.272434234619140625e+00
2.258689701557159424e-01
-5.057622194290161133e-01
1.162940561771392822e-01
5.491627454757690430e-01
5.660057067871093750e-01
-3.827418565750122070e+00
6.389939188957214355e-01
