-4.297720789909362793e-01
-4.651304185390472412e-01
-1.278511881828308105e-01
-1.053209424018859863e+00
-1.087376713752746582e+00
-8.408543467521667480e-02
-6.420840620994567871e-01
1.547498404979705811e-01
-2.907221913337707520e-01
1.448690772056579590e+00
6.400294899940490723e-01
-6.263744831085205078e-02
-1.145951449871063232e-01
-3.468234837055206299e-01
-5.836115479469299316e-01
-4.139170050621032715e-01
-9.883424639701843262e-02
5.402984619140625000e-01
-5.851808190345764160e-01
-1.166272640228271484e+00
-6.150916814804077148e-01
1.289354860782623291e-01
-7.890217900276184082e-01
7.106429338455200195e-02
-1.505979597568511963e-01
-7.453008294105529785e-01
-7.736545801162719727e-01
-9.141339063644409180e-01
-1.911713480949401855e-01
-1.976236253976821899e-01
-6.236778497695922852e-01
-1.586593687534332275e-01
-1.585534811019897461e+00
-2.990779578685760498e-01
-6.768545508384704590e-02
-7.446391582489013672e-01
2.468489706516265869e-01
1.510308682918548584e-01
9.119889736175537109e-01
2.795606255531311035e-01
-2.932738065719604492e-01
1.675553619861602783e-02
-5.707489252090454102e-01
4.482828080654144287e-01
7.031711339950561523e-01
5.413514971733093262e-01
-5.860509872436523438e-01
-5.950127542018890381e-02
-2.812621295452117920e-01
-9.658123850822448730e-01
-1.115069270133972168e+00
-8.284085392951965332e-01
-1.612535715103149414e+00
2.177517175674438477e+00
-5.455524921417236328e-01
1.490852236747741699e-01
-7.402102947235107422e-01
-2.459183931350708008e-01
1.514806389808654785e+00
-1.025848090648651123e-01
-2.443090975284576416e-01
-1.083686351776123047e-01
7.010394334793090820e-02
9.496247768402099609e-02
-2.721423506736755371e-01
2.900156676769256592e-01
-9.803621768951416016e-01
-4.722082018852233887e-01
4.166436791419982910e-01
-2.595875263214111328e-01
-1.061228275299072266e+00
-1.913351714611053467e-01
6.139301657676696777e-01
1.601555943489074707e-02
3.824366033077239990e-01
-1.667539477348327637e-01
-1.255413293838500977e-01
-3.343183100223541260e-01
-1.109708547592163086e+00
-1.087840437889099121e+00
-6.001136451959609985e-02
1.204646378755569458e-01
-2.458987236022949219e-01
3.345717787742614746e-01
2.559400200843811035e-01
-8.128700852394104004e-01
3.577489256858825684e-01
-2.759023308753967285e-01
-6.717483997344970703e-01
-1.243216395378112793e-01
-4.603677988052368164e-02
1.303077816963195801e+00
9.199191331863403320e-01
-1.011698126792907715e+00
6.328510046005249023e-01
-8.472060561180114746e-01
-6.614976525306701660e-01
-2.911813855171203613e-01
1.354914903640747070e-02
-1.903176307678222656e-04
1.291850328445434570e+00
-6.112981438636779785e-01
5.985221862792968750e-01
-7.843425869941711426e-02
-4.027903079986572266e-02
-6.265327334403991699e-01
-7.956513166427612305e-01
-7.480682134628295898e-01
-5.010288357734680176e-01
7.269326448440551758e-01
1.241951733827590942e-01
1.326568722724914551e+00
1.591068506240844727e-01
-1.792149543762207031e-01
-2.061290740966796875e+00
-3.063464164733886719e-02
-1.316836774349212646e-01
-4.412439763545989990e-01
-1.443478941917419434e+00
1.083720207214355469e+00
-8.020055294036865234e-01
-9.803995490074157715e-02
4.788333177566528320e-01
-4.848113954067230225e-01
-2.436313629150390625e-01
4.481679201126098633e-01
2.690608203411102295e-01
3.246081471443176270e-01
-2.989153265953063965e-01
-4.965284466743469238e-01
-1.008749723434448242e+00
1.336059272289276123e-01
-1.105188369750976562e+00
-1.170212030410766602e-01
-2.855337262153625488e-01
-5.099858641624450684e-01
-6.068701744079589844e-01
-3.412579894065856934e-01
-6.096056103706359863e-01
-1.349517405033111572e-01
3.378386497497558594e-01
-4.337387382984161377e-01
-3.891862630844116211e-01
-4.525900483131408691e-01
-3.366404771804809570e-02
-3.722669482231140137e-01
4.061813354492187500e-01
3.151102960109710693e-01
-4.580397605895996094e-01
3.183279633522033691e-01
-2.229639291763305664e-01
-1.041467428207397461e+00
-1.215883195400238037e-01
-1.176818847656250000e+00
-1.244011521339416504e-01
-4.159493744373321533e-01
-1.830327510833740234e-01
-4.969735443592071533e-01
-1.313840031623840332e+00
4.586031436920166016e-01
-7.364432811737060547e-01
8.139101862907409668e-01
-2.620743811130523682e-01
-2.640671133995056152e-01
-3.626697063446044922e-01
2.172077894210815430e-01
5.935285091400146484e-01
2.386739253997802734e-01
-4.398945569992065430e-01
-3.145456314086914062e-02
5.157230496406555176e-01
2.133972346782684326e-01
1.187312752008438110e-01
-2.574440836906433105e-02
-4.586101472377777100e-01
2.588677406311035156e-02
-1.645410060882568359e+00
1.240207314491271973e+00
-3.678665459156036377e-01
-3.987689614295959473e-01
-6.578620672225952148e-01
6.151763796806335449e-01
4.950562715530395508e-01
-9.654332399368286133e-01
-8.647794723510742188e-01
-5.639955997467041016e-01
-2.118433117866516113e-01
-4.780219495296478271e-01
-3.385514020919799805e-02
8.505737781524658203e-02
-1.809297204017639160e-01
-5.306676626205444336e-01
-5.124539136886596680e-02
-6.556192636489868164e-01
-7.101127505302429199e-02
-4.406082630157470703e-02
-3.671166002750396729e-01
-1.152892947196960449e+00
-7.935278415679931641e-01
