-3.052327334880828857e-01
2.976971864700317383e-02
-5.236892700195312500e-01
-6.529886126518249512e-01
2.543121874332427979e-01
1.199740767478942871e-01
2.842695415019989014e-01
-4.141755700111389160e-01
-6.822137832641601562e-01
2.592913210391998291e-01
-7.809156179428100586e-01
-3.691800236701965332e-01
-1.217019557952880859e-01
-2.606376707553863525e-01
-7.838773131370544434e-01
-5.317488312721252441e-01
2.065413445234298706e-01
-2.598546743392944336e-01
3.387767076492309570e-02
-5.815462768077850342e-02
-2.339910864830017090e-01
-3.398856222629547119e-01
1.447368264198303223e-01
2.168328523635864258e+00
-8.042535185813903809e-02
-1.175989151000976562e+00
6.358335614204406738e-01
-5.351787805557250977e-01
6.706121563911437988e-02
-1.325857788324356079e-01
-2.997472882270812988e-01
-2.880551815032958984e-01
-1.481822729110717773e-01
-1.977385878562927246e-01
1.201139092445373535e-01
-1.107115149497985840e+00
-5.375460386276245117e-01
-2.072646915912628174e-01
-2.247975468635559082e-01
-1.027303218841552734e+00
-1.764262616634368896e-01
-1.621036291122436523e+00
-3.224918544292449951e-01
-1.371905207633972168e-02
-6.366802453994750977e-01
-8.448878526687622070e-01
-6.462271213531494141e-01
6.665914058685302734e-01
-1.108180522918701172e+00
6.022045016288757324e-01
2.673037648200988770e-01
-7.105327248573303223e-01
-2.510976791381835938e-01
-9.105587005615234375e-01
-4.581000506877899170e-01
-4.672716557979583740e-01
6.812208890914916992e-01
-1.513165235519409180e+00
-8.438795208930969238e-01
-2.953999638557434082e-01
1.079400479793548584e-01
1.807800084352493286e-01
-1.287718296051025391e+00
-7.625123858451843262e-02
-4.166207313537597656e-01
-5.172120332717895508e-01
2.827550768852233887e-01
-3.546687960624694824e-01
-1.775144934654235840e-01
2.105535566806793213e-02
5.168628692626953125e-02
-6.680541634559631348e-01
2.511097788810729980e-01
1.665961742401123047e-02
1.994299888610839844e-02
4.098083972930908203e-01
-5.330653190612792969e-01
1.471873223781585693e-01
-2.008085548877716064e-01
-1.616490781307220459e-01
-9.091063737869262695e-01
-4.923386573791503906e-01
3.951542079448699951e-01
-3.364404141902923584e-01
-1.386463344097137451e-01
-7.867017984390258789e-01
-1.992613524198532104e-01
7.104277610778808594e-03
-8.022726774215698242e-01
-1.623107194900512695e-01
-5.181887745857238770e-01
2.866675853729248047e-01
-1.455081701278686523e-01
-4.348347187042236328e-01
3.753861784934997559e-01
-2.704466581344604492e-01
-5.448687076568603516e-01
-7.928741574287414551e-01
-1.757247447967529297e+00
-1.870686411857604980e-01
-1.329434394836425781e+00
-8.806903362274169922e-01
-1.147871375083923340e+00
1.931905150413513184e-01
2.391143888235092163e-01
-7.851111888885498047e-01
-4.044616818428039551e-01
-5.257703661918640137e-01
-2.395508885383605957e-01
-2.802565693855285645e-02
-7.755310535430908203e-01
-3.226951658725738525e-01
-4.444958269596099854e-01
-2.601938247680664062e-01
2.039096653461456299e-01
-4.108925759792327881e-01
-1.200732588768005371e-01
6.820312738418579102e-01
-1.148489713668823242e+00
2.200834751129150391e-01
-6.262599229812622070e-01
-1.849158108234405518e-02
-7.461238503456115723e-01
4.116851389408111572e-01
-2.442163079977035522e-01
4.720394909381866455e-01
-9.938088655471801758e-01
-4.786695837974548340e-01
-1.112822413444519043e+00
-1.553852260112762451e-01
-9.084190726280212402e-01
-8.061696290969848633e-01
5.561316013336181641e-01
6.172243505716323853e-02
4.837071895599365234e-02
-2.518623173236846924e-01
6.700354218482971191e-01
2.203385233879089355e-01
1.068242192268371582e-01
-1.143450438976287842e-01
1.620960235595703125e-01
-9.278080463409423828e-01
-6.122973561286926270e-01
-7.691728472709655762e-01
-5.960630178451538086e-01
-7.761348485946655273e-01
2.186408936977386475e-01
7.916315197944641113e-01
-4.150429964065551758e-01
-2.538350820541381836e-01
-8.908219337463378906e-01
1.018325686454772949e-01
-4.444301128387451172e-01
-1.939874887466430664e-02
-4.926330149173736572e-01
5.389918684959411621e-01
-9.067714214324951172e-01
-9.736788868904113770e-01
-5.451467037200927734e-01
3.663324713706970215e-01
-3.412690758705139160e-02
-5.470236539840698242e-01
-5.559676885604858398e-01
2.728007137775421143e-01
1.236664056777954102e-01
-9.786774516105651855e-01
2.122444510459899902e-01
-9.699858427047729492e-01
1.057092398405075073e-01
-2.328556776046752930e-02
1.276422381401062012e+00
-1.145684957504272461e+00
-9.475966095924377441e-01
2.622254490852355957e-01
-6.465731263160705566e-01
-1.140134334564208984e+00
1.917355060577392578e-01
-1.000991344451904297e+00
-6.859955787658691406e-01
-8.140296936035156250e-01
7.039252519607543945e-01
5.445656180381774902e-01
-2.306119501590728760e-01
9.214268922805786133e-01
-7.227636575698852539e-01
-2.911328673362731934e-01
-4.027881026268005371e-01
1.500383019447326660e-01
-7.084555625915527344e-01
5.219607353210449219e-01
8.941986560821533203e-01
3.634781837463378906e-01
-3.827977776527404785e-01
-5.224872231483459473e-01
-7.765966653823852539e-01
6.972553730010986328e-01
-1.534788250923156738e+00
-6.260896921157836914e-01
-1.079125106334686279e-01
