-4.678571224212646484e-02
3.290872335433959961e+00
2.349905669689178467e-01
3.216694831848144531e+00
-8.089333772659301758e-02
3.430296778678894043e-01
1.458955407142639160e-01
-1.068477153778076172e+00
-1.249791383743286133e-01
3.747579455375671387e-01
-1.473191529512405396e-01
-3.980849683284759521e-01
2.968241691589355469e+00
1.122905313968658447e-02
5.570462346076965332e-02
1.054227828979492188e+00
2.815368771553039551e-01
7.613217830657958984e-01
-1.329851150512695312e-01
-6.204991340637207031e-01
-6.375253200531005859e-01
-1.557377278804779053e-01
9.853926897048950195e-01
-8.680421113967895508e-01
7.638147473335266113e-01
-1.509678363800048828e+00
9.963464736938476562e-02
-1.586494147777557373e-01
-2.035502493381500244e-01
-1.335481107234954834e-01
1.178566455841064453e+00
3.090232610702514648e-01
-2.675539255142211914e-02
3.582855939865112305e+00
3.606040477752685547e+00
4.043675065040588379e-01
3.501849472522735596e-01
2.089985013008117676e-01
9.039962291717529297e-02
-1.776385307312011719e-01
3.241117477416992188e+00
9.843693971633911133e-01
1.941441893577575684e-01
-6.934916973114013672e-02
-2.074064463376998901e-01
-3.154467940330505371e-01
-8.339508771896362305e-01
3.932993412017822266e-01
1.210584402084350586e+00
1.924509763717651367e+00
4.899850487709045410e-01
3.325248241424560547e+00
4.830877780914306641e-01
1.042955636978149414e+00
2.068013191223144531e+00
-7.092779278755187988e-01
-1.883330941200256348e-01
5.726281404495239258e-01
1.564024448394775391e+00
-8.174419403076171875e-02
5.197379589080810547e-01
-7.586717605590820312e-01
3.171601295471191406e-01
6.471263170242309570e-01
4.286291003227233887e-01
-3.353919982910156250e-01
-9.807944297790527344e-04
2.252665758132934570e+00
2.776080965995788574e-01
-4.581473469734191895e-01
1.788097620010375977e+00
3.791885375976562500e-01
-2.795301973819732666e-01
3.766515254974365234e+00
1.340297698974609375e+00
7.431464195251464844e-01
1.338466405868530273e+00
5.141191482543945312e-01
1.359091997146606445e+00
3.473264932632446289e+00
-5.005385875701904297e-01
7.815712690353393555e-02
6.147516369819641113e-01
2.464840888977050781e+00
-1.336639821529388428e-01
-6.331586837768554688e-02
-7.108086347579956055e-02
1.207494020462036133e+00
-3.284392654895782471e-01
3.489041924476623535e-01
-7.867376804351806641e-01
1.911962747573852539e+00
4.444235563278198242e-02
-1.956397891044616699e-01
-3.298573195934295654e-01
3.227395057678222656e+00
1.317528039216995239e-01
3.902500391006469727e+00
7.542082667350769043e-01
5.950521230697631836e-01
-2.863574922084808350e-01
-8.347179293632507324e-01
2.530210614204406738e-01
2.251764774322509766e+00
-4.078918099403381348e-01
3.709208965301513672e+00
-9.892464876174926758e-01
2.487423121929168701e-01
4.753065407276153564e-01
2.353360414505004883e+00
1.690571427345275879e+00
1.085993349552154541e-01
9.721538424491882324e-02
4.067696034908294678e-01
6.731278300285339355e-01
1.009277224540710449e+00
-4.016039669513702393e-01
9.261586666107177734e-01
1.167633831501007080e-01
1.605779647827148438e+00
2.301987648010253906e+00
4.854604601860046387e-01
1.758171200752258301e+00
6.594671010971069336e-01
-9.034126996994018555e-03
2.094236016273498535e-01
-3.731606900691986084e-02
1.510689973831176758e+00
6.061595678329467773e-02
3.997573256492614746e-01
1.992069005966186523e+00
1.730444669723510742e+00
3.289185166358947754e-01
-5.016700625419616699e-01
1.464568376541137695e-01
5.730496644973754883e-01
8.142302036285400391e-01
-4.627929925918579102e-01
5.612525939941406250e-01
7.485364675521850586e-01
3.253740072250366211e+00
1.765198707580566406e+00
4.431945979595184326e-01
-1.283109188079833984e-03
4.440608918666839600e-01
-2.797909080982208252e-01
3.331788778305053711e-01
6.441769003868103027e-01
-9.983403086662292480e-01
2.017343282699584961e+00
-1.884084939956665039e-02
-1.297003924846649170e-01
2.528361082077026367e+00
1.963070034980773926e-01
-4.912542104721069336e-01
2.416537284851074219e+00
-9.537124633789062500e-02
3.224991559982299805e+00
4.946663081645965576e-01
1.585581600666046143e-01
1.681431889533996582e+00
-3.307622671127319336e-01
1.967061042785644531e+00
4.223117828369140625e-01
4.750618338584899902e-02
4.029900431632995605e-01
-3.447629809379577637e-01
1.226515769958496094e-01
-4.562011957168579102e-01
-4.672230482101440430e-01
-1.175575017929077148e+00
-3.903252780437469482e-01
1.756171464920043945e+00
2.257094383239746094e+00
-9.874345064163208008e-01
2.199295043945312500e+00
2.788994789123535156e+00
1.605793118476867676e+00
-2.907989025115966797e-01
3.575186729431152344e-01
-9.571579098701477051e-02
-6.735045909881591797e-01
-3.091000020503997803e-01
3.529218673706054688e+00
6.142672896385192871e-01
2.017990648746490479e-01
1.878788709640502930e+00
-7.620403766632080078e-01
4.152378559112548828e+00
-9.863955378532409668e-01
2.613832473754882812e+00
-3.888410329818725586e-01
9.062585830688476562e-01
2.117628574371337891e+00
8.810222148895263672e-02
7.375553250312805176e-01
1.547733664512634277e+00
-4.417432248592376709e-01
1.405059218406677246e+00
