5.304517745971679688e-01
-3.835517764091491699e-01
-3.117747306823730469e-01
5.388858914375305176e-01
4.056258797645568848e-01
-4.093025028705596924e-01
-5.409247875213623047e-01
7.697030901908874512e-01
-1.254168033599853516e+00
3.453671932220458984e-02
1.257275342941284180e+00
-1.274841070175170898e+00
-5.852777957916259766e-01
-1.041385889053344727e+00
7.891058921813964844e-03
-5.917910337448120117e-01
-4.044752717018127441e-01
2.458395063877105713e-01
-2.119281142950057983e-01
5.884885787963867188e-03
-3.997978568077087402e-01
-9.763972759246826172e-01
5.003675222396850586e-01
4.336344599723815918e-01
-1.742216587066650391e+00
-1.904318034648895264e-01
-3.894689083099365234e-01
-6.948441267013549805e-01
2.645715475082397461e-01
5.020995140075683594e-01
2.110990881919860840e-01
-2.320148646831512451e-01
2.038825675845146179e-02
-8.160322904586791992e-02
-1.205919384956359863e-01
-2.452504336833953857e-01
2.223349064588546753e-01
-5.506196022033691406e-01
-5.237630009651184082e-01
-3.848484754562377930e+00
-8.137760162353515625e-01
-8.209807872772216797e-01
-6.958432197570800781e-01
-6.052827835083007812e-01
-4.306542277336120605e-01
7.857054471969604492e-02
5.948622226715087891e-01
7.528345286846160889e-02
3.435151576995849609e-01
-6.720023155212402344e-01
-5.422918796539306641e-01
-4.944941103458404541e-01
-7.417081296443939209e-02
-9.490160644054412842e-02
-5.233874320983886719e-01
1.804249584674835205e-01
-4.407497048377990723e-01
6.210681796073913574e-01
5.909979939460754395e-01
3.653715848922729492e-01
2.408117055892944336e-03
-8.187090158462524414e-01
-1.182985305786132812e+00
-7.279238104820251465e-01
-2.459222376346588135e-01
4.365761280059814453e-01
5.507202744483947754e-01
3.854295909404754639e-01
-6.921252012252807617e-01
9.399462938308715820e-01
2.558743953704833984e-02
-5.112107992172241211e-01
-3.473854064941406250e-01
-8.518090248107910156e-01
3.678648471832275391e-01
6.255439519882202148e-01
-2.062471508979797363e-01
3.707894682884216309e-02
-2.872240543365478516e-01
-2.424917221069335938e-01
-6.324003934860229492e-01
-8.956046700477600098e-01
3.289826512336730957e-01
-5.586581230163574219e-01
-1.259494423866271973e-01
2.761325538158416748e-01
3.692346811294555664e-01
3.904264569282531738e-01
-1.718932390213012695e-01
1.252020597457885742e-01
-4.210417270660400391e-01
-3.493449091911315918e-01
-9.174665808677673340e-02
-8.565986156463623047e-02
7.522524148225784302e-02
-4.366170465946197510e-01
1.208739280700683594e+00
-4.538524746894836426e-01
1.061223387718200684e+00
1.384809017181396484e+00
-2.267480790615081787e-01
2.242992520332336426e-01
1.991646587848663330e-01
1.620399653911590576e-01
-4.002304375171661377e-02
-2.865334153175354004e-01
-2.426312863826751709e-01
-4.566767215728759766e-01
-9.186309576034545898e-02
5.873657464981079102e-01
-3.164495825767517090e-01
1.349519133567810059e+00
1.723168194293975830e-01
1.222594529390335083e-01
-6.664620637893676758e-01
3.607169985771179199e-01
-7.193896770477294922e-01
9.945112466812133789e-02
-1.348534584045410156e+00
-3.277701735496520996e-01
-2.862500250339508057e-01
-8.203808069229125977e-01
5.502403974533081055e-01
-4.098281264305114746e-01
6.710584759712219238e-01
8.579686880111694336e-01
-3.972037434577941895e-01
5.339955091476440430e-01
-4.315486550331115723e-01
-9.828512668609619141e-01
-1.051140904426574707e+00
-2.402024865150451660e-01
-1.201280832290649414e+00
-4.018801748752593994e-01
2.329118549823760986e-03
-9.975346922874450684e-01
-9.171977043151855469e-01
-5.672497749328613281e-01
-8.331556916236877441e-01
9.165827035903930664e-01
-3.275598585605621338e-01
-6.545146703720092773e-01
-2.658160328865051270e-01
9.072709083557128906e-02
-5.579596161842346191e-01
-2.926424145698547363e-02
-1.518753290176391602e+00
-2.777021527290344238e-01
-2.433833181858062744e-01
-4.997810721397399902e-01
-2.734928727149963379e-01
8.974246978759765625e-01
-1.698633909225463867e+00
-2.447136640548706055e-01
-8.713427782058715820e-01
-4.930577278137207031e-01
-3.697541356086730957e-02
1.773897409439086914e-01
-5.508484840393066406e-01
-1.382610201835632324e-01
-5.785682201385498047e-01
2.586654722690582275e-01
3.450131416320800781e-01
-4.798382520675659180e-03
-8.832302093505859375e-01
-8.590549230575561523e-02
-6.287027597427368164e-01
3.248167932033538818e-01
5.739334225654602051e-02
-8.418945074081420898e-01
-1.997003704309463501e-02
4.683031439781188965e-01
1.119431853294372559e+00
-6.874309778213500977e-01
1.425735652446746826e-01
8.447875976562500000e-01
-2.265440523624420166e-01
3.133017420768737793e-01
-1.066888928413391113e+00
5.492763519287109375e-01
-2.545408606529235840e-01
-8.764129877090454102e-01
-2.271049618721008301e-01
-1.762647628784179688e-01
-6.145849227905273438e-01
-1.120185375213623047e+00
2.577431797981262207e-01
-2.371273040771484375e-01
1.100772023200988770e-01
-3.149185478687286377e-01
3.065977394580841064e-01
-7.161910533905029297e-01
2.169325947761535645e-01
-7.551995515823364258e-01
2.353872060775756836e-01
-7.476493716239929199e-02
-5.350943803787231445e-01
1.098563075065612793e-01
-2.120043635368347168e-01
