1.254055380821228027e+00
1.580536365509033203e+00
-7.769907712936401367e-01
1.751929759979248047e+00
-1.315112590789794922e+00
-4.559082090854644775e-01
3.178414821624755859e+00
-1.144279763102531433e-01
-8.664246797561645508e-01
5.709121227264404297e-01
1.980487108230590820e-01
-7.305091619491577148e-02
4.446289539337158203e-01
2.539414167404174805e-02
1.346905231475830078e+00
1.303210854530334473e-03
-4.576582014560699463e-01
-5.153132677078247070e-01
5.182858705520629883e-01
-7.788157463073730469e-01
-1.827384829521179199e-01
5.608495473861694336e-01
-8.909918665885925293e-01
1.017033576965332031e+00
-2.989321947097778320e-01
-9.941127896308898926e-01
4.094392657279968262e-01
1.751538515090942383e-01
-1.154333114624023438e+00
4.906452894210815430e-01
-1.641693413257598877e-01
-2.742274701595306396e-01
-1.049895286560058594e+00
-1.750781536102294922e-01
4.697893261909484863e-01
3.718824148178100586e+00
1.171949982643127441e+00
-4.315617978572845459e-01
-2.212800681591033936e-01
2.376776933670043945e-02
-6.448916196823120117e-01
1.305822014808654785e+00
-4.559263288974761963e-01
-6.335381865501403809e-01
2.149717569351196289e+00
-2.836363911628723145e-01
1.034748315811157227e+00
1.127674937248229980e+00
8.067784309387207031e-01
1.770440101623535156e+00
1.962367534637451172e+00
2.048706531524658203e+00
-8.407328724861145020e-01
-7.852831482887268066e-01
-4.261419177055358887e-01
5.694043636322021484e-02
-1.620086550712585449e+00
-9.257389307022094727e-01
4.101589918136596680e-01
2.908710002899169922e+00
-3.765289783477783203e-01
1.144788026809692383e+00
9.774401187896728516e-01
-6.924542784690856934e-02
-3.576427698135375977e-03
2.935207605361938477e+00
2.926268339157104492e+00
-1.115522623062133789e+00
7.464605569839477539e-01
-3.379459381103515625e-01
2.112493038177490234e+00
-1.628788590431213379e+00
-7.252712249755859375e-01
-1.329050540924072266e+00
5.747760534286499023e-01
-6.898463368415832520e-01
-2.143993973731994629e-02
1.802648901939392090e-01
1.087781667709350586e+00
-2.871611118316650391e-01
-2.760035693645477295e-01
4.485615491867065430e-01
3.089370131492614746e-01
9.788089990615844727e-01
3.442552089691162109e-01
4.550882577896118164e-01
1.009013175964355469e+00
2.114575505256652832e-01
1.054566144943237305e+00
2.018043041229248047e+00
7.015337944030761719e-01
1.629842996597290039e+00
-4.784458875656127930e-02
-2.362631261348724365e-01
-1.443317532539367676e+00
4.348938465118408203e-01
5.077069401741027832e-01
1.282572150230407715e-01
2.252832353115081787e-01
4.058702945709228516e+00
-6.414961814880371094e-01
1.268213510513305664e+00
2.143660068511962891e+00
9.715932607650756836e-02
-1.044757664203643799e-01
4.987418651580810547e-03
8.423705101013183594e-01
-3.924844861030578613e-01
1.712368130683898926e+00
-1.225171923637390137e+00
3.132501840591430664e-01
6.662213802337646484e-02
6.516042947769165039e-01
3.789766788482666016e+00
-5.988367199897766113e-01
-1.626160740852355957e+00
1.489118099212646484e+00
1.015103578567504883e+00
3.924735069274902344e+00
1.436238527297973633e+00
9.892108440399169922e-01
4.592809975147247314e-01
2.926522731781005859e+00
4.414971828460693359e+00
-6.912705302238464355e-02
1.960718929767608643e-01
2.306424856185913086e+00
-1.109084784984588623e-01
1.394954085350036621e+00
-8.874493241310119629e-01
8.035290837287902832e-01
-1.241800487041473389e-01
-7.915931344032287598e-01
-2.007296085357666016e-01
1.733934283256530762e+00
2.194883823394775391e-01
1.458962321281433105e+00
6.797068119049072266e-01
1.688048124313354492e+00
1.434395909309387207e+00
-5.587794780731201172e-01
-3.980219066143035889e-01
1.370181202888488770e+00
8.945935368537902832e-01
9.332316517829895020e-01
1.111315965652465820e+00
1.101492345333099365e-01
1.252010822296142578e+00
2.635208368301391602e+00
3.721790313720703125e-01
8.038606643676757812e-01
-2.800643444061279297e-02
5.222373604774475098e-01
5.320233702659606934e-01
4.752385139465332031e+00
1.218395948410034180e+00
4.341175556182861328e-01
-7.533437013626098633e-01
2.610563635826110840e-01
4.949871599674224854e-01
9.666017293930053711e-01
-5.950105786323547363e-01
9.847427606582641602e-01
1.460654497146606445e+00
1.146503090858459473e+00
-1.464040577411651611e-01
3.151120245456695557e-02
6.073117256164550781e-04
-6.271376609802246094e-01
1.524390816688537598e+00
-6.128742694854736328e-01
-3.780355453491210938e-01
7.594494819641113281e-01
1.571578860282897949e+00
-5.286646485328674316e-01
-2.353186905384063721e-01
-4.636293053627014160e-01
-7.342911958694458008e-01
-1.850867271423339844e-01
8.873428106307983398e-01
-2.593752145767211914e-01
9.135277271270751953e-01
3.818505704402923584e-01
4.221320152282714844e-03
5.975582003593444824e-01
9.146623611450195312e-01
3.491262197494506836e-01
-8.268777728080749512e-01
3.149507999420166016e+00
7.697296142578125000e-01
1.305175721645355225e-01
3.419344127178192139e-01
-3.305094242095947266e-01
1.685507535934448242e+00
-7.527470588684082031e-01
-1.089694738388061523e+00
-1.170380830764770508e+00
-2.580915987491607666e-01
-1.757299900054931641e-02
