-4.881626367568969727e-02
-7.027871608734130859e-01
-3.178132474422454834e-01
-1.209592819213867188e+00
-1.988373994827270508e-01
-9.970923662185668945e-01
-1.540589332580566406e-01
-4.254022240638732910e-01
-1.295399963855743408e-01
5.303843021392822266e-01
1.444988548755645752e-01
-1.194862872362136841e-01
1.223250150680541992e+00
-3.872380852699279785e-01
-7.221949696540832520e-01
-5.585119128227233887e-01
1.241352558135986328e-01
-2.886061668395996094e-01
-4.273195266723632812e-01
-3.217661976814270020e-01
2.200419306755065918e-01
5.242598056793212891e-02
7.339071035385131836e-01
-1.260193586349487305e-01
1.762623786926269531e-01
-2.020519375801086426e-01
6.121599674224853516e-02
-1.450371265411376953e+00
3.267467021942138672e-03
-2.600083649158477783e-01
-9.327796101570129395e-01
-2.493487000465393066e-01
-4.395560324192047119e-01
9.290925264358520508e-01
-9.919065237045288086e-02
-8.850368857383728027e-01
-1.426278948783874512e+00
1.597381353378295898e+00
4.803538322448730469e-03
-1.430299520492553711e+00
2.377229332923889160e-01
2.441022992134094238e-01
-7.376996278762817383e-01
-6.548002958297729492e-01
-2.546385526657104492e-01
-1.133898258209228516e+00
4.637912809848785400e-01
-3.222332596778869629e-01
-2.133281826972961426e-01
-5.346562862396240234e-01
-4.998927414417266846e-01
-5.260008573532104492e-01
-1.637648046016693115e-01
-3.238586187362670898e-01
6.676031351089477539e-01
4.990252852439880371e-02
-4.615026712417602539e-01
1.130907416343688965e+00
3.642900884151458740e-01
-6.215680241584777832e-01
-5.023360252380371094e-01
-3.443566858768463135e-01
2.941232919692993164e-02
5.813501477241516113e-01
-1.560066938400268555e-01
1.466333270072937012e-01
8.061981201171875000e-01
-8.113560080528259277e-02
-7.200508117675781250e-01
1.714687943458557129e-01
-6.717064380645751953e-01
-9.590793848037719727e-01
6.906906962394714355e-01
2.829081058502197266e+00
-8.926787972450256348e-02
-1.759202480316162109e-01
-1.668283343315124512e-01
2.153060436248779297e-01
2.396605610847473145e-01
1.801151633262634277e-01
-3.017872571945190430e-01
1.877289712429046631e-01
-1.150071024894714355e-01
-3.111618757247924805e-01
-7.195764780044555664e-02
-4.058227539062500000e-01
1.282048463821411133e+00
6.288149952888488770e-01
-9.839246869087219238e-01
-3.291689455509185791e-01
2.711065709590911865e-01
-2.390507459640502930e-01
-6.710308790206909180e-01
7.078759670257568359e-01
9.397514462471008301e-01
-5.854191780090332031e-01
-9.685977697372436523e-01
9.661949872970581055e-01
3.916528224945068359e-01
-6.381760239601135254e-01
2.531817853450775146e-01
-5.543571710586547852e-02
-5.735939741134643555e-01
-9.096345901489257812e-01
-1.531106829643249512e-01
-1.528175175189971924e-01
-3.436254858970642090e-01
-5.759140253067016602e-01
-3.251648545265197754e-01
-1.386545777320861816e+00
-2.803394794464111328e-01
6.284408569335937500e-01
-2.654772400856018066e-01
5.443966388702392578e-02
-1.872540116310119629e-01
-4.181980490684509277e-01
-6.421515941619873047e-01
7.259547710418701172e-01
-9.907228350639343262e-01
-1.227598339319229126e-01
-1.056712269783020020e-01
-1.238876581192016602e-02
-5.965964794158935547e-01
4.896181821823120117e-02
-4.701861739158630371e-01
6.002891063690185547e-02
1.947653591632843018e-01
-7.590476870536804199e-01
-9.511453509330749512e-01
4.112285375595092773e-02
1.012488245964050293e+00
-2.061534076929092407e-01
-1.020084619522094727e-01
-3.113970458507537842e-01
7.638958692550659180e-01
-4.824587702751159668e-02
8.471192717552185059e-01
-6.301286220550537109e-01
-7.966454625129699707e-01
-7.656982541084289551e-02
-5.316601991653442383e-01
-4.265587031841278076e-01
1.764567792415618896e-01
5.628685355186462402e-01
-2.936023473739624023e-02
-5.447056293487548828e-01
8.499880433082580566e-01
-7.161527872085571289e-02
-1.124312996864318848e+00
3.173240125179290771e-01
-4.885420799255371094e-01
4.704061746597290039e-01
5.827729105949401855e-01
4.772324860095977783e-01
-6.345137357711791992e-01
-6.609274148941040039e-01
2.421844005584716797e-01
5.198488235473632812e-01
1.265996098518371582e-01
1.581892728805541992e+00
-6.140780448913574219e-02
-3.328161239624023438e-01
2.176484912633895874e-01
4.925972223281860352e-01
2.270328402519226074e-01
-1.608172059059143066e-02
-7.159834504127502441e-01
-7.118953466415405273e-01
-1.161331415176391602e+00
-4.596334099769592285e-01
2.715389728546142578e-01
4.920603334903717041e-02
1.337722837924957275e-01
-3.544178307056427002e-01
5.128085613250732422e-03
-8.852066397666931152e-01
8.196815848350524902e-01
-5.138981342315673828e-02
-8.307592868804931641e-01
-3.076329231262207031e-01
-1.854484081268310547e-01
-9.046626091003417969e-01
7.296347618103027344e-02
-6.846010684967041016e-01
2.904760837554931641e-02
5.060696005821228027e-01
-7.441019415855407715e-01
-2.208126783370971680e-01
-5.115047097206115723e-02
2.128490805625915527e-01
-6.382120847702026367e-01
-3.546748161315917969e-01
6.684272289276123047e-01
-7.190563082695007324e-01
-6.694434881210327148e-01
2.046950459480285645e-01
-1.227287769317626953e+00
-6.749318838119506836e-01
-1.041669607162475586e+00
