-6.804623603820800781e-01
-5.577057600021362305e-02
8.973329067230224609e-01
-4.169208705425262451e-01
-2.913658022880554199e-01
-9.364326596260070801e-01
3.355480670928955078e+00
-3.390579521656036377e-01
1.523429632186889648e+00
9.141783714294433594e-01
6.679913997650146484e-01
-1.136309146881103516e+00
-7.327500581741333008e-01
-2.585090398788452148e-01
2.807976245880126953e+00
1.695351600646972656e+00
5.885834097862243652e-01
-1.051416993141174316e-01
1.326306343078613281e+00
-1.257919073104858398e-01
-8.602718710899353027e-01
-9.679234027862548828e-02
-3.782244920730590820e-01
6.809860467910766602e-02
4.149713814258575439e-01
1.139560580253601074e+00
1.169366836547851562e-01
1.652884721755981445e+00
6.232938170433044434e-02
-4.817993640899658203e-01
2.203712463378906250e-01
9.902462959289550781e-01
-5.393633842468261719e-01
1.254703700542449951e-01
3.617295265197753906e+00
3.500469207763671875e+00
3.236888647079467773e-01
-2.496214509010314941e-01
5.265349745750427246e-01
1.202509164810180664e+00
2.789288043975830078e+00
-3.262978792190551758e-01
-3.432444632053375244e-01
1.439065217971801758e+00
1.960611701011657715e+00
-3.898200988769531250e-01
4.464969038963317871e-01
4.462241172790527344e+00
-1.238595485687255859e+00
2.443155944347381592e-01
4.911711812019348145e-01
1.957628577947616577e-01
-3.796678781509399414e-01
-8.455073237419128418e-01
1.908394217491149902e+00
5.265805721282958984e-01
-7.838189601898193359e-02
-1.075655221939086914e-01
-2.747343182563781738e-01
1.296300888061523438e+00
1.542135238647460938e+00
3.160235404968261719e+00
1.951771259307861328e+00
3.294416069984436035e-01
-3.296913206577301025e-01
1.616245031356811523e+00
7.021161317825317383e-01
5.527848005294799805e-01
1.572429239749908447e-01
1.921333909034729004e+00
2.826868891716003418e-01
3.464055061340332031e+00
9.801315665245056152e-01
-7.093524932861328125e-01
1.063977181911468506e-01
8.484914898872375488e-02
-4.628751277923583984e-01
2.896619796752929688e+00
5.952531695365905762e-01
1.901725828647613525e-01
1.108688116073608398e+00
1.025448322296142578e+00
3.914048373699188232e-01
-1.875588893890380859e-01
1.536460041999816895e+00
-5.361132621765136719e-01
-8.871786594390869141e-01
7.390019297599792480e-01
2.104649543762207031e-01
2.082892060279846191e-01
2.221846282482147217e-01
8.296433687210083008e-01
7.108420729637145996e-01
-1.425677537918090820e-01
6.837649345397949219e-01
1.681870222091674805e+00
-1.276034474372863770e+00
3.493954420089721680e+00
2.546574115753173828e+00
-4.058012366294860840e-01
2.483851015567779541e-01
-2.078024864196777344e+00
-4.635669291019439697e-01
1.040423870086669922e+00
8.341163396835327148e-01
3.097450733184814453e+00
2.584596157073974609e+00
1.301063895225524902e+00
-1.405271738767623901e-01
-6.318358182907104492e-01
5.522122383117675781e-01
3.554193973541259766e-01
-2.111775279045104980e-01
3.962394237518310547e+00
2.502137422561645508e-01
-1.293094873428344727e+00
-1.694825768470764160e+00
1.340971112251281738e+00
3.270215988159179688e-01
1.774254441261291504e+00
6.527907252311706543e-01
7.191129326820373535e-01
-7.803818583488464355e-01
1.187741607427597046e-01
1.396264314651489258e+00
-5.633474588394165039e-01
1.135842561721801758e+00
3.879046440124511719e+00
9.975638985633850098e-02
4.219849407672882080e-01
-2.088495492935180664e-01
1.607949018478393555e+00
5.496641397476196289e-01
2.425944089889526367e+00
1.525590717792510986e-01
-4.369112849235534668e-02
4.156447410583496094e+00
-4.135879874229431152e-01
-3.641744554042816162e-01
5.265809297561645508e-01
1.047578096389770508e+00
8.153423666954040527e-02
-6.826052069664001465e-01
9.335929751396179199e-01
6.091773509979248047e-01
1.441365957260131836e+00
1.225854635238647461e+00
1.520131230354309082e+00
2.884943723678588867e+00
3.526793479919433594e+00
5.595552921295166016e-02
2.503026127815246582e-01
1.575407266616821289e+00
-6.796518564224243164e-01
-2.221697568893432617e-01
-8.234095573425292969e-02
1.602211892604827881e-01
-6.265479326248168945e-01
5.677790641784667969e-01
7.726051807403564453e-01
5.349140167236328125e-01
2.901994466781616211e+00
3.981907963752746582e-01
1.146897196769714355e+00
-9.436771869659423828e-01
4.681903719902038574e-01
-1.048027873039245605e-01
2.318009376525878906e+00
-1.099714040756225586e+00
8.203321099281311035e-01
5.331538915634155273e-01
1.402124881744384766e+00
-3.210875391960144043e-01
-2.808192670345306396e-01
1.174419283866882324e+00
3.412775993347167969e-01
-7.994018197059631348e-01
-5.542960762977600098e-02
2.687987685203552246e-02
2.285393238067626953e+00
-4.523343443870544434e-01
1.206323146820068359e+00
1.087268829345703125e+00
1.060799837112426758e+00
2.819596290588378906e+00
3.361765384674072266e+00
3.080576419830322266e+00
2.086785316467285156e+00
1.114507555961608887e+00
-9.695113301277160645e-01
-7.871168851852416992e-01
1.924695968627929688e+00
-2.490967512130737305e-01
-9.639285802841186523e-01
8.955618143081665039e-01
7.893240451812744141e-02
1.272070884704589844e+00
1.702210307121276855e+00
2.183222532272338867e+00
