-2.095083296298980713e-01
4.225018620491027832e-02
-2.443686127662658691e-01
1.988682627677917480e+00
4.801094233989715576e-01
1.945978164672851562e+00
-2.767863869667053223e-02
3.554190695285797119e-01
3.602358400821685791e-01
1.042740821838378906e+00
3.597048044204711914e+00
-2.971780300140380859e-02
3.327838182449340820e+00
-5.902701616287231445e-01
2.876347899436950684e-01
-5.968326330184936523e-01
-1.135411739349365234e+00
-3.738482594490051270e-01
-8.041652441024780273e-01
7.485356926918029785e-02
5.932400226593017578e-01
5.903297066688537598e-01
1.044880628585815430e+00
1.316862940788269043e+00
6.914691329002380371e-01
2.779863834381103516e+00
-4.340237379074096680e-02
1.107961535453796387e+00
3.415083169937133789e+00
-1.735000014305114746e-01
8.411115407943725586e-02
3.139413356781005859e+00
-2.276256680488586426e-01
-2.530697882175445557e-01
5.267959833145141602e-01
-1.029884099960327148e+00
1.913105607032775879e+00
-9.845908284187316895e-01
-8.186948299407958984e-02
5.713005065917968750e-01
1.196802616119384766e+00
4.995355606079101562e-01
6.764870882034301758e-02
3.860816061496734619e-01
-3.395163714885711670e-01
-4.654850363731384277e-01
-2.861091792583465576e-01
3.396680355072021484e-01
-4.985516369342803955e-01
-5.458347797393798828e-01
4.117261409759521484e+00
1.182350158691406250e+00
-8.165993094444274902e-01
4.648187756538391113e-01
-4.212246537208557129e-01
-1.632696390151977539e-02
6.302768588066101074e-01
-2.727292180061340332e-01
1.509655833244323730e+00
6.717885732650756836e-01
5.155782699584960938e-01
3.755256652832031250e+00
3.724505186080932617e+00
1.227167844772338867e-01
-3.864152729511260986e-01
4.018007814884185791e-01
3.550857782363891602e+00
-1.476137340068817139e-01
-4.259033203125000000e-01
-1.680636167526245117e+00
1.531942605972290039e+00
8.273431062698364258e-01
6.812596917152404785e-01
5.964491367340087891e-01
5.909821987152099609e-01
-6.144352555274963379e-01
-5.402032136917114258e-01
1.676553606986999512e+00
1.168297290802001953e+00
-2.448246181011199951e-01
5.802854895591735840e-01
7.097764611244201660e-01
4.391644001007080078e-01
-2.034007012844085693e-02
-8.581304550170898438e-01
-2.271163463592529297e-01
3.458945512771606445e+00
-3.951415121555328369e-01
2.056533336639404297e+00
2.932878732681274414e-01
-3.110074698925018311e-01
1.721877813339233398e+00
1.548753738403320312e+00
-6.021576523780822754e-01
6.954738497734069824e-01
3.466912746429443359e+00
1.015355467796325684e+00
-2.948302626609802246e-01
1.049762248992919922e+00
4.154713153839111328e+00
9.066537618637084961e-01
-2.987431883811950684e-01
1.740375161170959473e+00
-3.498501479625701904e-01
6.013668179512023926e-01
1.476621866226196289e+00
2.591455578804016113e-01
8.685666322708129883e-01
-1.061727643013000488e+00
8.691537380218505859e-01
-6.674754023551940918e-01
9.633798003196716309e-01
-5.151689648628234863e-01
1.801245659589767456e-01
8.712530136108398438e-01
2.602591514587402344e+00
-9.548853039741516113e-01
-2.603173255920410156e-01
-2.404540181159973145e-01
1.505652070045471191e-01
2.244043350219726562e-02
1.253709316253662109e+00
7.271758913993835449e-01
1.473778963088989258e+00
-4.053502082824707031e-01
2.107843160629272461e+00
2.927081584930419922e-01
1.158952474594116211e+00
-3.599150180816650391e-01
-1.396189928054809570e-01
-2.256470918655395508e-01
1.859935045242309570e+00
-4.447892308235168457e-01
8.829521536827087402e-01
2.022975921630859375e+00
2.831713676452636719e+00
-6.259716153144836426e-01
1.990693807601928711e-02
1.008088290691375732e-01
6.837964057922363281e-02
2.960260391235351562e+00
5.620561838150024414e-01
4.936554431915283203e-01
-6.665284633636474609e-01
2.638059854507446289e-02
-8.696227073669433594e-01
-3.402277231216430664e-01
1.304777026176452637e+00
1.604578018188476562e+00
-8.535618185997009277e-01
8.848282098770141602e-01
5.089723467826843262e-01
3.665399789810180664e+00
1.350951910018920898e+00
-3.159279227256774902e-01
-1.053788661956787109e+00
1.579508066177368164e+00
-2.283106148242950439e-01
2.137730121612548828e+00
-8.731582760810852051e-01
1.308973789215087891e+00
-3.052722811698913574e-01
3.961737751960754395e-01
2.039151668548583984e+00
2.366098165512084961e-01
-1.004397392272949219e+00
2.074908018112182617e+00
-8.244708180427551270e-01
-2.049641013145446777e-01
2.619144439697265625e+00
1.260374784469604492e+00
2.481559991836547852e+00
3.147846937179565430e+00
-5.525460243225097656e-01
1.093060970306396484e-01
7.642036080360412598e-01
-5.475461483001708984e-02
-9.491985440254211426e-01
7.121681571006774902e-01
-1.075141906738281250e+00
-2.550772726535797119e-01
5.876349806785583496e-01
5.552704334259033203e-01
3.429460763931274414e+00
2.305724322795867920e-01
7.250300645828247070e-01
8.120137453079223633e-01
1.156264781951904297e+00
6.336329579353332520e-01
-3.520404100418090820e-01
1.405130922794342041e-01
-2.070419192314147949e-01
-5.196640491485595703e-01
6.248754262924194336e-02
-8.580998182296752930e-01
6.546698808670043945e-01
3.557292938232421875e+00
1.770894169807434082e+00
1.119973063468933105e-01
