4.350325107574462891e+00
-1.221056580543518066e-01
-6.591609716415405273e-01
1.676297307014465332e+00
1.629477143287658691e-01
1.241740107536315918e+00
1.552604913711547852e+00
3.674677371978759766e+00
-6.784408688545227051e-01
-3.103691935539245605e-01
4.882651865482330322e-01
1.021061658859252930e+00
-5.678888559341430664e-01
-8.507585525512695312e-01
-1.089616417884826660e-01
-7.112922668457031250e-01
3.713439702987670898e+00
1.863405466079711914e+00
-5.587980747222900391e-01
5.459110438823699951e-02
-3.641303181648254395e-01
1.457356214523315430e-01
2.392117261886596680e+00
3.769835710525512695e+00
1.361638784408569336e+00
-9.005046486854553223e-01
-5.083088874816894531e-01
-4.294293224811553955e-01
1.392864227294921875e+00
3.689206838607788086e+00
-6.935897469520568848e-02
3.579328298568725586e+00
1.329813480377197266e+00
-6.206378936767578125e-01
-3.781761229038238525e-01
3.436054229736328125e+00
3.902627527713775635e-01
1.547008275985717773e+00
1.057668447494506836e+00
1.406217575073242188e+00
2.234862744808197021e-01
-2.466656267642974854e-01
1.173225998878479004e+00
1.104510664939880371e+00
-5.286917090415954590e-01
1.383754491806030273e+00
4.318825900554656982e-01
4.824753999710083008e-01
-4.011165201663970947e-01
-9.430235624313354492e-02
5.034159421920776367e-01
1.486480712890625000e+00
1.485279053449630737e-01
1.218516826629638672e+00
3.859670460224151611e-01
-9.846274256706237793e-01
6.206840276718139648e-01
3.867770135402679443e-01
6.086398363113403320e-01
2.559111118316650391e+00
1.996270418167114258e+00
-3.667333722114562988e-01
8.800173401832580566e-01
2.759148597717285156e+00
-7.212617397308349609e-01
-6.103178262710571289e-01
2.855268120765686035e-01
-1.344094872474670410e-01
-3.794189691543579102e-01
-9.409955143928527832e-02
-6.754876375198364258e-01
-4.267244040966033936e-02
7.430289387702941895e-01
-6.659914255142211914e-01
1.056566834449768066e+00
-4.094744324684143066e-01
8.114377260208129883e-01
7.908026576042175293e-01
1.582974493503570557e-01
1.998227953910827637e+00
4.319161176681518555e-03
-9.709958434104919434e-01
-1.166460514068603516e-01
4.837912917137145996e-01
-4.495258331298828125e-01
6.570681333541870117e-01
-4.634171128273010254e-01
1.210674643516540527e-01
6.979337930679321289e-01
1.737229466438293457e+00
-6.531426310539245605e-02
2.678179264068603516e+00
4.203456640243530273e-01
5.372434854507446289e-01
5.375038385391235352e-01
3.073640108108520508e+00
7.285328209400177002e-02
1.260932981967926025e-01
2.488023936748504639e-01
9.062623977661132812e-02
3.694368362426757812e+00
-3.081736862659454346e-01
-4.935336410999298096e-01
1.750244379043579102e+00
2.771560907363891602e+00
-3.230496048927307129e-01
1.613763689994812012e+00
-1.259090900421142578e-01
-8.286445736885070801e-01
-9.716190099716186523e-01
-9.057572484016418457e-01
1.985387682914733887e+00
-3.651970326900482178e-01
-7.865553498268127441e-01
1.414033889770507812e+00
4.141313433647155762e-01
-4.231177568435668945e-01
1.342961072921752930e+00
-1.178646206855773926e+00
-3.069623112678527832e-01
3.902627527713775635e-01
-1.164897441864013672e+00
8.647208809852600098e-01
6.910201311111450195e-01
1.624169111251831055e+00
-3.889330029487609863e-01
1.298718690872192383e+00
3.256584167480468750e+00
-1.469636261463165283e-01
1.093664765357971191e+00
-1.454203844070434570e+00
4.578781127929687500e-01
6.148774027824401855e-01
-3.241040110588073730e-01
1.370900750160217285e+00
-4.922530055046081543e-02
2.833010196685791016e+00
-3.097501397132873535e-02
-1.038067579269409180e+00
1.041204214096069336e+00
-4.207444787025451660e-01
2.151904821395874023e+00
5.113859176635742188e-01
-8.170577287673950195e-01
-4.337804615497589111e-01
5.821696519851684570e-01
1.118878722190856934e+00
7.944527864456176758e-01
3.403644084930419922e+00
-3.130177259445190430e-01
2.283683419227600098e-02
8.277466297149658203e-01
1.226611852645874023e+00
1.916168451309204102e+00
-4.239746332168579102e-01
6.795555949211120605e-01
1.941158056259155273e+00
6.039270162582397461e-01
-9.287104010581970215e-01
-5.063340663909912109e-01
-8.052641153335571289e-02
5.401135683059692383e-01
2.594142436981201172e+00
2.876108288764953613e-01
-7.269383072853088379e-01
-1.502901911735534668e-01
-2.844750881195068359e-03
5.657104253768920898e-01
5.854166150093078613e-01
-9.666222333908081055e-02
3.709495067596435547e-02
-6.951203346252441406e-01
1.522855907678604126e-01
-4.008149504661560059e-01
-8.239811062812805176e-01
1.352663159370422363e+00
-1.027232050895690918e+00
1.778643131256103516e-01
1.881237030029296875e+00
1.153425216674804688e+00
8.439344167709350586e-01
-3.293567895889282227e-01
-5.149444937705993652e-02
2.109930038452148438e+00
2.851139068603515625e+00
-4.496145248413085938e-02
-4.727458953857421875e-02
-9.995254278182983398e-01
1.005093455314636230e-01
1.351833105087280273e+00
-4.618039727210998535e-02
1.313579082489013672e-01
1.055843591690063477e+00
-2.800119519233703613e-01
-8.095372915267944336e-01
4.228865504264831543e-01
1.409751653671264648e+00
4.748671650886535645e-01
6.925064921379089355e-01
