1.478015661239624023e+00
8.265629410743713379e-01
-3.372787237167358398e-01
-1.256115317344665527e+00
1.439925193786621094e+00
8.861149549484252930e-01
-3.668524026870727539e-01
8.490933775901794434e-01
-4.769212007522583008e-02
1.424913704395294189e-01
3.965242624282836914e+00
1.476853132247924805e+00
8.864163160324096680e-01
-1.866951137781143188e-01
6.993604898452758789e-01
1.640363693237304688e+00
5.131508708000183105e-01
7.855455279350280762e-01
-3.962649106979370117e-01
-3.336574137210845947e-01
2.255358099937438965e-01
3.501283168792724609e+00
-7.459616065025329590e-01
7.067474126815795898e-01
1.115764379501342773e+00
1.169216036796569824e-01
1.021697163581848145e+00
-8.152756094932556152e-02
1.576341688632965088e-01
-3.010966181755065918e-01
1.397404551506042480e+00
3.685194730758666992e+00
-6.261509656906127930e-01
2.636014461517333984e+00
-1.041887164115905762e+00
8.128972053527832031e-01
3.809175729751586914e+00
1.432775497436523438e+00
3.941337585449218750e+00
4.775573313236236572e-01
1.553355216979980469e+00
-7.470595836639404297e-02
-6.828504204750061035e-01
-3.896354436874389648e-01
4.668115377426147461e-01
4.696281552314758301e-01
3.504712581634521484e+00
8.428172767162322998e-02
1.228309273719787598e-01
6.759076714515686035e-01
5.778131484985351562e-01
1.545127511024475098e+00
3.558948755264282227e+00
-6.544619798660278320e-01
-3.097863793373107910e-01
2.660313129425048828e+00
-6.461977958679199219e-01
-1.174373030662536621e-01
3.651985645294189453e+00
7.005123496055603027e-01
2.808676719665527344e+00
4.525957107543945312e-01
1.527089118957519531e+00
5.728597640991210938e-01
-4.419364035129547119e-02
-2.537767291069030762e-01
2.965214252471923828e+00
8.551492094993591309e-01
6.177402734756469727e-01
3.053252220153808594e+00
1.345224976539611816e+00
-3.572207093238830566e-01
-7.917260527610778809e-01
-1.737957000732421875e-01
-3.676865696907043457e-01
-2.471513748168945312e-01
-1.317843794822692871e-02
4.932449162006378174e-01
6.975826025009155273e-01
1.170752167701721191e+00
7.829637527465820312e-01
1.110733270645141602e+00
1.429352164268493652e+00
6.033436954021453857e-02
-2.796612381935119629e-01
8.825137615203857422e-01
9.149295091629028320e-02
-9.284406900405883789e-02
1.475007295608520508e+00
-1.191305518150329590e-01
2.363227605819702148e+00
1.740646123886108398e+00
-1.774144172668457031e-01
-7.720779180526733398e-01
-4.058222770690917969e-01
5.119264125823974609e-01
-3.244956731796264648e-01
1.582570075988769531e+00
-1.731424808502197266e+00
1.491456985473632812e+00
1.200023531913757324e+00
7.495223283767700195e-01
7.280234694480895996e-01
4.406933784484863281e+00
-2.493953704833984375e-02
1.510131359100341797e+00
6.651751399040222168e-01
-9.229567050933837891e-01
1.303659677505493164e+00
-3.856842219829559326e-01
-1.810963153839111328e-01
6.421148777008056641e-01
1.106114387512207031e+00
1.711419522762298584e-01
5.141264200210571289e-01
7.035212516784667969e-01
-2.730346620082855225e-01
2.057071924209594727e-01
-6.623262763023376465e-01
6.520760059356689453e-02
1.948530435562133789e+00
4.497880339622497559e-01
-1.109895586967468262e+00
1.143602728843688965e-01
1.520264863967895508e+00
-6.846302747726440430e-01
-5.969074368476867676e-01
1.671236038208007812e+00
4.568644762039184570e-01
5.359971523284912109e-01
-6.664997339248657227e-02
-2.492176890373229980e-01
-4.842503666877746582e-01
-7.293164134025573730e-01
1.067866802215576172e+00
4.116405248641967773e-01
9.834996461868286133e-01
5.963551998138427734e-02
4.128510951995849609e+00
1.003147363662719727e+00
-7.429208159446716309e-01
-3.497505187988281250e-01
-2.994403243064880371e-01
-3.556822538375854492e-01
2.854406833648681641e+00
6.121661663055419922e-01
-2.629383802413940430e-01
1.186619043350219727e+00
-3.960687518119812012e-01
-7.233235239982604980e-01
1.764449357986450195e+00
-3.084630370140075684e-01
-2.019787132740020752e-01
1.184259176254272461e+00
1.441811442375183105e+00
-3.249217271804809570e-01
-3.640779554843902588e-01
1.354233980178833008e+00
-3.280168473720550537e-01
1.383950352668762207e+00
7.199078798294067383e-02
-8.010091781616210938e-01
-8.071749210357666016e-01
1.691843986511230469e+00
-1.201555013656616211e+00
-1.175850868225097656e+00
1.383335709571838379e+00
-2.672007381916046143e-01
-5.198489427566528320e-01
3.658106625080108643e-01
1.957801103591918945e+00
-7.719845175743103027e-01
-2.296912670135498047e-02
3.562272548675537109e+00
-6.004773974418640137e-01
1.307708024978637695e-01
1.088671684265136719e+00
-3.865039348602294922e-01
1.711435019969940186e-01
-2.555129528045654297e-01
-3.965272307395935059e-01
1.638215780258178711e-02
1.467643618583679199e+00
1.871466159820556641e+00
1.088049888610839844e+00
6.764966249465942383e-01
-7.716507315635681152e-01
2.467875957489013672e+00
-1.227819919586181641e-02
-8.048930764198303223e-02
-1.021824836730957031e+00
1.069520354270935059e+00
-8.505191206932067871e-01
-5.999822616577148438e-01
2.965956032276153564e-01
-6.422412991523742676e-01
3.322035670280456543e-01
-6.608005762100219727e-01
-6.030092239379882812e-01
