9.804219603538513184e-01
-1.332556903362274170e-01
-1.350919365882873535e+00
-5.817245244979858398e-01
4.988994002342224121e-01
-4.422795176506042480e-01
2.015344500541687012e-01
-2.637887001037597656e-01
-7.851566672325134277e-01
-9.675460457801818848e-01
-6.130831241607666016e-01
5.015968680381774902e-01
-4.795067608356475830e-01
-1.660283505916595459e-01
-9.974333643913269043e-02
-1.491177320480346680e+00
-3.160625994205474854e-01
-6.600818037986755371e-02
-1.422584056854248047e-02
1.343434154987335205e-01
-4.412106871604919434e-01
-8.543797135353088379e-01
1.121167540550231934e-01
-1.970024555921554565e-01
5.656231045722961426e-01
-1.627347469329833984e-01
-1.549124240875244141e+00
-5.200073719024658203e-01
-7.581025362014770508e-02
6.052508950233459473e-02
-1.063021659851074219e+00
-4.141231179237365723e-01
8.988845348358154297e-02
-3.884506523609161377e-01
-1.787706315517425537e-01
6.448710560798645020e-01
-1.207711219787597656e+00
5.221551656723022461e-01
-1.217172294855117798e-01
-4.331681430339813232e-01
-9.763793349266052246e-01
-4.169467687606811523e-01
2.587894201278686523e-01
-5.389857292175292969e-02
-3.180776834487915039e-01
1.322341442108154297e+00
-5.324720144271850586e-01
1.100306510925292969e-01
-9.888935089111328125e-02
1.364286839962005615e-01
-6.747841835021972656e-02
-1.047019362449645996e-01
-1.380451440811157227e+00
-3.752547502517700195e-02
-9.664776921272277832e-01
-1.490555703639984131e-02
-5.784796476364135742e-01
7.995173931121826172e-01
-3.171764612197875977e-01
-1.299395322799682617e+00
1.196504116058349609e+00
-1.754037141799926758e-01
1.174883127212524414e+00
6.350827217102050781e-01
1.736623793840408325e-01
-3.997398912906646729e-01
1.245362043380737305e+00
7.756692171096801758e-01
-7.266833186149597168e-01
-5.061819553375244141e-01
1.031962394714355469e+00
-9.196317195892333984e-02
-4.140171408653259277e-01
1.181351095438003540e-01
3.089286386966705322e-01
-1.042345762252807617e-01
8.523831963539123535e-01
-1.264428198337554932e-01
4.990019202232360840e-01
-5.574367046356201172e-01
7.228827476501464844e-02
-1.138806641101837158e-01
-1.393940150737762451e-01
-2.497620880603790283e-01
-4.166651666164398193e-01
-4.961330890655517578e-01
-1.806820631027221680e-01
-9.067822694778442383e-01
-2.373871207237243652e-01
6.677639484405517578e-02
-9.964838624000549316e-02
7.279599905014038086e-01
-2.923309803009033203e-02
3.954736590385437012e-01
-6.958700418472290039e-01
-1.149834156036376953e+00
-3.285109102725982666e-01
-5.560534000396728516e-01
3.125305473804473877e-01
3.597581982612609863e-01
3.558177649974822998e-01
-1.327993571758270264e-01
-3.497371077537536621e-01
-8.240343332290649414e-01
-1.098186850547790527e+00
-4.514549970626831055e-01
-3.766509294509887695e-01
-9.352736473083496094e-01
-1.051969647407531738e+00
-6.469672322273254395e-01
-1.540903449058532715e-01
-1.586553901433944702e-01
-1.028553247451782227e-01
-1.078179478645324707e-01
6.830716133117675781e-02
6.318646669387817383e-01
-9.364705085754394531e-01
3.933445513248443604e-01
-4.062701761722564697e-01
-4.369962811470031738e-01
-9.939830899238586426e-01
1.033928096294403076e-01
-4.573363065719604492e-01
-2.096991240978240967e-01
-3.366135954856872559e-01
4.627443552017211914e-01
-6.964067220687866211e-01
-2.613491117954254150e-01
-1.008147835731506348e+00
-3.672044277191162109e-01
3.131698071956634521e-01
-1.399859666824340820e+00
-5.119711160659790039e-01
5.845054388046264648e-01
5.313555002212524414e-01
1.248177587985992432e-01
-7.262469530105590820e-01
6.934940814971923828e-03
-9.924935102462768555e-01
-1.984589993953704834e-01
-3.937559127807617188e-01
1.684907078742980957e-01
-8.380353450775146484e-01
-6.743311882019042969e-02
4.090614914894104004e-01
-2.891445159912109375e-01
-7.781108021736145020e-01
7.233113050460815430e-01
-3.318784832954406738e-01
5.836945772171020508e-01
1.100050926208496094e+00
-8.306654691696166992e-01
-3.081834316253662109e-02
-8.830906748771667480e-01
-4.169275462627410889e-01
-6.787472367286682129e-01
1.452461957931518555e+00
7.734465599060058594e-01
5.049020648002624512e-01
1.355913043022155762e+00
9.523183107376098633e-03
-9.007772207260131836e-01
-1.028398036956787109e+00
1.861395239830017090e-01
1.042785882949829102e+00
1.432495117187500000e-01
1.167814135551452637e-01
-9.730019569396972656e-01
3.213983178138732910e-01
-4.383001923561096191e-01
3.100113868713378906e-01
-3.588362038135528564e-01
-9.877843856811523438e-01
-2.206854224205017090e-01
-2.051801204681396484e+00
-2.844724655151367188e-01
-8.424754738807678223e-01
-1.825696825981140137e-01
-7.000991702079772949e-02
3.137497305870056152e-01
1.038370132446289062e+00
-1.442694783210754395e+00
1.142664849758148193e-01
6.363809108734130859e-02
-5.218364000320434570e-01
-1.059973478317260742e+00
4.788517951965332031e-03
-6.451254487037658691e-01
5.703735351562500000e-02
4.937158524990081787e-01
4.862035512924194336e-01
-5.419551730155944824e-01
-5.295360088348388672e-01
8.103724718093872070e-01
3.020887970924377441e-01
1.337006211280822754e+00
3.949488997459411621e-01
5.699342489242553711e-01
-5.628845095634460449e-01
