-1.722455918788909912e-01
-6.691770255565643311e-02
7.577030062675476074e-01
-9.300760030746459961e-01
-1.230586767196655273e+00
-1.032742023468017578e+00
-2.386202812194824219e-01
-5.873242020606994629e-01
2.451393306255340576e-01
7.860403060913085938e-01
2.454089522361755371e-01
-4.478116631507873535e-01
-1.148904681205749512e+00
-3.087289929389953613e-01
-1.554667949676513672e+00
-1.591480970382690430e+00
3.860138058662414551e-01
-5.295622944831848145e-01
8.793760836124420166e-02
2.199476063251495361e-01
-8.313615918159484863e-01
-2.791329324245452881e-01
-3.069986701011657715e-01
-4.934990108013153076e-01
-7.640686035156250000e-01
-8.787387609481811523e-01
-2.882870435714721680e-01
6.663371324539184570e-01
4.274341762065887451e-01
-1.123537182807922363e+00
-6.412317752838134766e-01
-8.483062982559204102e-01
-2.447612285614013672e-01
-4.081301689147949219e-01
1.026676297187805176e-01
-1.677165150642395020e+00
-5.100739002227783203e-02
3.464788198471069336e-01
-1.331353187561035156e-02
-5.400925874710083008e-01
5.188309550285339355e-01
-1.519566535949707031e+00
-5.291287899017333984e-01
-7.273275852203369141e-01
4.712925255298614502e-01
-3.446205854415893555e-01
2.839214801788330078e-01
-1.344934701919555664e-01
-1.048834472894668579e-01
5.919599533081054688e-02
-2.464405298233032227e-01
2.772755920886993408e-01
-4.566205143928527832e-01
-2.010677754878997803e-01
-2.784313559532165527e-01
-1.208236217498779297e+00
1.544474363327026367e-01
-2.839521765708923340e-01
-1.407224416732788086e+00
-7.258468270301818848e-01
-5.349794030189514160e-01
2.480330467224121094e-01
-1.116760373115539551e+00
2.722265720367431641e-01
1.471123099327087402e-01
2.984454035758972168e-01
-7.946187257766723633e-01
-1.189732789993286133e+00
-4.614532887935638428e-01
9.634897112846374512e-02
1.589305639266967773e+00
-4.403140246868133545e-01
-1.633025169372558594e+00
-2.539528012275695801e-01
6.355662345886230469e-01
7.480869293212890625e-01
1.090418100357055664e-01
5.013054013252258301e-01
-1.179980874061584473e+00
4.091428518295288086e-01
3.108398020267486572e-01
-1.684491187334060669e-01
1.701527833938598633e-02
-4.585129320621490479e-01
-3.603075146675109863e-01
-4.648692607879638672e-01
5.745257139205932617e-01
-7.765681743621826172e-01
1.915531754493713379e-01
1.142863035202026367e+00
1.171907186508178711e-01
-5.549666285514831543e-01
-3.315070271492004395e-01
-6.096242666244506836e-01
2.034761190414428711e+00
6.432200670242309570e-01
1.045424342155456543e-01
5.534691810607910156e-01
1.309180736541748047e+00
5.413579940795898438e-02
4.368772506713867188e-01
-6.281931400299072266e-01
-2.294661998748779297e-01
-4.234901368618011475e-01
-8.825926184654235840e-01
-2.477422952651977539e-01
-4.574048519134521484e-02
-4.719479978084564209e-01
-9.979113936424255371e-01
-4.169628620147705078e-01
-1.016333341598510742e+00
-6.906374692916870117e-01
-5.028176307678222656e-01
2.078331410884857178e-01
7.307072281837463379e-01
2.680904150009155273e+00
-2.835729122161865234e-01
4.230678081512451172e-01
-1.438187718391418457e+00
-4.457573592662811279e-01
-3.478573560714721680e-01
-8.729076385498046875e-01
1.139789819717407227e-02
-1.583296060562133789e-02
7.903183698654174805e-01
2.685862183570861816e-01
-1.426066160202026367e-01
-6.832317113876342773e-01
-1.121000289916992188e+00
3.571171164512634277e-01
-1.366447687149047852e+00
3.708149194717407227e-01
-1.167993187904357910e+00
-3.914636373519897461e-01
1.051402390003204346e-01
7.842868566513061523e-03
3.124824166297912598e-02
-2.590502500534057617e-01
-8.086373805999755859e-01
-1.231664180755615234e+00
-4.089469909667968750e-01
2.651320695877075195e-01
1.051272153854370117e-01
2.103394269943237305e-01
-2.341396212577819824e-01
7.696486711502075195e-01
-1.208090066909790039e+00
-5.722159743309020996e-01
-7.189214229583740234e-03
-6.736131906509399414e-01
-1.166358947753906250e+00
-5.170551538467407227e-01
-6.864093542098999023e-01
6.219052076339721680e-01
-3.114801645278930664e-02
-1.011417865753173828e+00
-1.225801706314086914e+00
-1.649164557456970215e+00
-6.193228960037231445e-01
1.056116342544555664e+00
-4.581536650657653809e-01
-5.954146385192871094e-01
1.712830901145935059e+00
-1.297544240951538086e-01
-9.690457582473754883e-02
-2.037194371223449707e-01
-3.346393108367919922e-01
-2.082986235618591309e-01
4.483222961425781250e-01
-9.643067121505737305e-01
-4.048365354537963867e-01
-1.447446644306182861e-01
6.443054080009460449e-01
-4.698322415351867676e-01
-2.023003399372100830e-01
2.185898780822753906e+00
-5.793124437332153320e-01
-2.823268175125122070e-01
-6.407663822174072266e-01
-4.923184514045715332e-01
-1.823722124099731445e-01
-3.034410476684570312e-01
1.714476346969604492e-01
-8.401438593864440918e-01
8.376430273056030273e-01
3.686168193817138672e-01
-1.894340515136718750e-01
1.605823040008544922e-01
1.127070486545562744e-01
1.212768852710723877e-01
9.281216263771057129e-01
-1.095658779144287109e+00
3.038254380226135254e-02
3.663410544395446777e-01
2.009682893753051758e+00
-5.250395536422729492e-01
-5.869229435920715332e-01
-8.788682222366333008e-01
2.824047803878784180e-01
