-1.527886390686035156e-01
-5.388988256454467773e-01
1.133819222450256348e-01
2.952889204025268555e-01
1.723268151283264160e+00
-6.296986937522888184e-01
3.933875083923339844e+00
2.453943252563476562e+00
8.480888009071350098e-01
5.320375561714172363e-01
3.014971017837524414e-01
2.958499193191528320e-01
3.238639235496520996e-01
-6.703469157218933105e-01
1.254059910774230957e+00
1.831456184387207031e+00
6.884062290191650391e-01
7.368104457855224609e-01
4.634217023849487305e-01
2.191834449768066406e+00
-7.422042489051818848e-01
9.612491726875305176e-01
3.343194961547851562e+00
-5.622168779373168945e-01
4.964120984077453613e-01
-1.110107302665710449e-01
-3.381755053997039795e-01
2.915849983692169189e-01
1.165966987609863281e+00
-1.762038469314575195e-01
3.733300566673278809e-01
2.834886908531188965e-01
-1.232034862041473389e-01
-3.295961618423461914e-01
-1.379530429840087891e-01
1.934301018714904785e+00
1.754717111587524414e+00
-4.016178846359252930e-02
6.273746490478515625e-02
1.101423501968383789e+00
-6.017529964447021484e-02
9.794934988021850586e-01
1.635390520095825195e+00
-4.852813482284545898e-02
2.853268384933471680e-02
3.863783776760101318e-01
7.189375162124633789e-02
2.977872192859649658e-01
1.632882475852966309e+00
1.589662313461303711e+00
1.197842121124267578e+00
2.146304249763488770e-01
-4.770566821098327637e-01
1.269400715827941895e+00
9.150596261024475098e-01
-9.704104065895080566e-01
7.421404123306274414e-01
7.402610778808593750e-02
7.243506908416748047e-01
1.211651265621185303e-01
4.966377317905426025e-01
7.159969806671142578e-01
-4.859328269958496094e-02
-2.888433933258056641e-01
3.448997020721435547e+00
8.649817705154418945e-01
2.885313510894775391e+00
1.209155797958374023e+00
8.831245899200439453e-01
-9.682632684707641602e-01
-6.616297960281372070e-01
-8.945157527923583984e-01
-3.321969509124755859e-01
-1.051063656806945801e+00
3.251999020576477051e-01
6.467073559761047363e-01
1.721710562705993652e+00
2.956369876861572266e+00
-7.567552328109741211e-01
3.271148681640625000e+00
-1.642379164695739746e-01
-5.362774729728698730e-01
2.453804016113281250e+00
8.971589803695678711e-02
-5.116128921508789062e-01
6.421341896057128906e-01
-2.777583599090576172e-01
9.920468330383300781e-01
2.790603041648864746e-01
8.126213550567626953e-01
-8.711553215980529785e-01
9.532507061958312988e-01
3.568110704421997070e+00
-3.187493681907653809e-01
9.261199235916137695e-01
-6.503805518150329590e-01
1.211899042129516602e+00
3.140562534332275391e+00
1.169104337692260742e+00
6.376168876886367798e-02
-2.711052298545837402e-01
1.727589249610900879e+00
1.740908324718475342e-01
-4.167969524860382080e-02
-8.966252207756042480e-01
1.247714519500732422e+00
1.782378435134887695e+00
2.938398718833923340e-02
1.987690925598144531e+00
-6.373921632766723633e-01
-1.009651184082031250e+00
-1.104747056961059570e-01
7.100542783737182617e-01
1.587751507759094238e+00
1.538395047187805176e+00
-2.292989790439605713e-01
5.490745902061462402e-01
-2.408131957054138184e-02
1.489603519439697266e-01
3.520108222961425781e+00
3.537287235260009766e+00
-1.988988220691680908e-01
-2.601346373558044434e-02
1.503640174865722656e+00
5.106865167617797852e-01
1.405182600021362305e+00
1.375700235366821289e+00
1.318323016166687012e+00
3.072746753692626953e+00
1.812006592750549316e+00
-1.867613196372985840e-02
-1.337464749813079834e-01
-4.017795324325561523e-01
-3.210652470588684082e-01
1.616169214248657227e+00
2.756134867668151855e-01
1.469959616661071777e-01
3.239122867584228516e+00
-6.471916437149047852e-01
1.679075241088867188e+00
3.915936708450317383e+00
-1.054384112358093262e-01
-4.626101255416870117e-02
-5.468976497650146484e-01
5.793204307556152344e-01
2.193469703197479248e-01
8.092686533927917480e-02
9.703114628791809082e-01
2.813700139522552490e-01
3.087666511535644531e+00
-1.050029873847961426e+00
-8.426678180694580078e-02
1.023885309696197510e-01
3.835304021835327148e+00
3.718346595764160156e+00
-1.855643093585968018e-01
2.168015837669372559e-01
1.716721892356872559e+00
1.131541013717651367e+00
1.481182813644409180e+00
7.625955343246459961e-01
-4.066684842109680176e-01
-2.208631634712219238e-01
5.496546626091003418e-01
3.718181371688842773e+00
-4.400241374969482422e-02
-5.816496610641479492e-01
3.240288496017456055e-01
1.102631807327270508e+00
5.238384604454040527e-01
2.906929254531860352e-01
1.628644704818725586e+00
-5.909346342086791992e-01
7.203254699707031250e-01
-6.303484439849853516e-01
-3.287286758422851562e-01
-4.133486747741699219e-01
9.689590930938720703e-01
3.552116155624389648e-01
4.011785387992858887e-01
1.850497722625732422e-02
-2.524028420448303223e-01
-6.247677206993103027e-01
-4.908509254455566406e-01
2.437763512134552002e-01
4.020280539989471436e-01
9.644150733947753906e-01
9.219491481781005859e-01
-1.745238006114959717e-01
-8.681276440620422363e-02
1.923242688179016113e+00
8.066847920417785645e-02
4.240121841430664062e+00
1.569054484367370605e+00
-8.738679289817810059e-01
2.204636335372924805e-01
5.438983440399169922e-01
1.874253749847412109e+00
6.047032475471496582e-01
