-6.816686391830444336e-01
-9.595096111297607422e-02
4.199790954589843750e-02
4.569826126098632812e-01
-1.021901488304138184e+00
-6.552580595016479492e-01
-1.167454957962036133e+00
-1.006326317787170410e+00
-3.047852516174316406e-01
-2.556723356246948242e-01
-5.617733001708984375e-01
-7.227778434753417969e-01
2.567522823810577393e-01
-4.403597712516784668e-01
9.568923711776733398e-02
1.138671159744262695e+00
-7.805811166763305664e-01
5.311650037765502930e-01
-6.321647167205810547e-01
-3.482581973075866699e-01
-4.449144005775451660e-01
6.971493959426879883e-01
-7.599031925201416016e-02
4.315398335456848145e-01
-3.032648861408233643e-01
3.668254315853118896e-01
1.018151998519897461e+00
-5.026769638061523438e-01
-1.026964426040649414e+00
-4.921868443489074707e-01
-4.053855836391448975e-01
-1.953247189521789551e-02
1.286689341068267822e-01
-1.651635527610778809e+00
-1.316685199737548828e+00
-3.034066259860992432e-01
-7.660483717918395996e-01
2.479602098464965820e-01
5.166132450103759766e-01
-1.266980409622192383e+00
-5.133996009826660156e-01
3.383691906929016113e-01
-2.646809816360473633e-02
-1.413401067256927490e-01
1.849028170108795166e-01
-5.077511668205261230e-01
-4.825333356857299805e-01
6.987897157669067383e-01
-2.047069370746612549e-02
-7.461049556732177734e-01
1.308276653289794922e-01
-5.074660778045654297e-01
-2.156646847724914551e-01
1.332645714282989502e-01
7.537982463836669922e-01
1.594088524580001831e-01
-5.221094489097595215e-01
-1.446806669235229492e+00
-1.089542865753173828e+00
-4.587050080299377441e-01
-6.096165180206298828e-01
-3.088707923889160156e-01
-1.267946720123291016e+00
-1.081310212612152100e-01
-2.440096735954284668e-01
1.655375957489013672e-02
-1.237247943878173828e+00
-3.349139988422393799e-01
-9.312875270843505859e-01
8.135659694671630859e-01
-4.833769798278808594e-02
1.120521664619445801e+00
-6.142121553421020508e-02
-1.109988331794738770e+00
-2.742928266525268555e-02
7.616569995880126953e-01
8.564147353172302246e-01
3.330293595790863037e-01
-8.154137134552001953e-01
2.715450823307037354e-01
-1.485727310180664062e+00
-6.751344799995422363e-01
-5.679839849472045898e-01
5.663028955459594727e-01
2.552434504032135010e-01
-5.947877764701843262e-01
7.336564064025878906e-01
2.279403507709503174e-01
-7.713005542755126953e-01
-1.277276515960693359e+00
-8.613935112953186035e-01
4.518671929836273193e-01
9.006954431533813477e-01
3.857749402523040771e-01
3.299742937088012695e-02
-9.836301803588867188e-01
6.539428234100341797e-02
-3.990319967269897461e-01
-3.018081188201904297e-01
-2.199748158454895020e-01
-4.369783699512481689e-01
-7.090023756027221680e-01
-6.428987979888916016e-01
-2.638404667377471924e-01
6.804561614990234375e-01
-7.375770211219787598e-01
-2.569159269332885742e-01
2.442562580108642578e-02
3.809451162815093994e-01
-2.604185342788696289e-01
-1.407642364501953125e+00
-2.920637726783752441e-01
-1.243044376373291016e+00
-1.035194039344787598e+00
-6.308704614639282227e-04
-3.023890852928161621e-01
6.578614711761474609e-01
3.766493201255798340e-01
-2.520565986633300781e-01
-8.443707227706909180e-01
2.841430306434631348e-01
1.668809056282043457e-01
-2.903738021850585938e-01
-5.212407708168029785e-01
-1.512905955314636230e-01
-8.452152609825134277e-01
-8.803738355636596680e-01
7.148595452308654785e-01
1.848526000976562500e-01
-1.804332733154296875e-01
-1.211696863174438477e-02
-2.734997868537902832e-02
-5.028088688850402832e-01
2.398862540721893311e-01
-9.917141795158386230e-01
-6.014251708984375000e-01
-6.882438063621520996e-02
-5.086885094642639160e-01
3.695899546146392822e-01
3.571607470512390137e-01
8.509944677352905273e-01
2.622690796852111816e-01
-8.833242058753967285e-01
-2.901068627834320068e-01
-8.876760303974151611e-02
8.758833408355712891e-01
-4.445468783378601074e-01
-4.526479840278625488e-01
-9.876993298530578613e-02
-1.419455409049987793e+00
-1.929948925971984863e+00
1.135993361473083496e+00
-9.493231773376464844e-03
1.103259623050689697e-01
-2.568832039833068848e-01
-5.756717920303344727e-01
-1.435706317424774170e-01
-4.717652201652526855e-01
-2.515506744384765625e-01
-1.664366126060485840e-01
-4.205914735794067383e-01
-4.262771010398864746e-01
-4.198351502418518066e-02
-2.559780180454254150e-01
-5.164198875427246094e-01
-3.595460057258605957e-01
-9.723711013793945312e-01
-1.287873685359954834e-01
2.261090725660324097e-01
-2.628403604030609131e-01
1.299349784851074219e+00
-7.832225561141967773e-01
-6.320343017578125000e-01
4.851528406143188477e-01
-8.212239146232604980e-01
-8.583216667175292969e-01
-4.327112436294555664e-01
-5.844851732254028320e-01
5.119258761405944824e-01
8.461916446685791016e-02
-8.321654796600341797e-01
2.164903283119201660e-01
-2.363579869270324707e-01
4.914110600948333740e-01
-1.161365360021591187e-01
-3.543929755687713623e-01
-7.196496129035949707e-01
-7.747776508331298828e-01
-1.766550540924072266e-01
8.226999640464782715e-02
6.431127190589904785e-01
-2.954787015914916992e-01
-1.074053347110748291e-01
-7.052184343338012695e-01
2.062145173549652100e-01
-4.179590046405792236e-01
-2.771215140819549561e-01
-8.882740736007690430e-01
-4.830846786499023438e-01
