-6.140313148498535156e-01
3.299972116947174072e-01
2.123290896415710449e-01
5.190557241439819336e-02
-7.625442743301391602e-02
4.872873425483703613e-01
-9.405106306076049805e-01
-1.362144798040390015e-01
4.639959037303924561e-01
-2.806946635246276855e-02
-6.840994358062744141e-01
-6.892779469490051270e-01
4.922780394554138184e-01
-4.003841876983642578e-01
9.257729053497314453e-01
-5.531936883926391602e-01
-3.903391957283020020e-01
-4.643625915050506592e-01
-3.476736545562744141e-01
-1.002989649772644043e+00
-5.689440965652465820e-01
-3.056222498416900635e-01
3.460683822631835938e-01
-3.746118247509002686e-01
-3.047886490821838379e-01
-1.184699535369873047e+00
2.800206542015075684e-01
-3.392507731914520264e-01
-5.031328201293945312e-01
-1.166244029998779297e+00
2.524709701538085938e-01
-9.121786355972290039e-01
-2.235601991415023804e-01
-7.228845357894897461e-01
1.373631358146667480e-01
-8.656752109527587891e-01
2.370595693588256836e+00
2.080437541007995605e-02
2.727271318435668945e-01
8.621134757995605469e-01
-2.397567033767700195e-02
7.481430768966674805e-01
1.739702224731445312e-01
-2.823936045169830322e-01
-7.951906323432922363e-01
-6.710505485534667969e-01
-5.524909496307373047e-02
-5.884391069412231445e-01
-2.869975268840789795e-01
8.584812283515930176e-01
3.485997915267944336e-01
-7.832521200180053711e-01
-3.137939870357513428e-01
-6.262396574020385742e-01
1.733152627944946289e+00
-9.891865253448486328e-01
-8.996269106864929199e-01
-5.985628366470336914e-01
-2.933758497238159180e-02
2.527187466621398926e-01
7.545942068099975586e-01
9.145590662956237793e-02
-4.408814609050750732e-01
-6.174706220626831055e-01
-8.906941413879394531e-01
3.630107641220092773e-01
-5.725004673004150391e-01
-3.466106951236724854e-01
1.715671420097351074e-01
-8.122503757476806641e-01
-7.521027922630310059e-01
1.227383613586425781e-01
-4.099851846694946289e-01
-4.011191427707672119e-01
1.391465663909912109e-01
-3.887754678726196289e-01
-8.871552348136901855e-01
-8.405458927154541016e-01
4.541755318641662598e-01
-1.506173014640808105e-01
-1.201066017150878906e+00
-7.988437414169311523e-01
-2.150273323059082031e-02
7.524184584617614746e-01
-1.137521505355834961e+00
-7.102869749069213867e-01
-8.212237954139709473e-01
-1.182323932647705078e+00
-7.200264930725097656e-02
-4.138979315757751465e-01
-8.386921286582946777e-01
-7.912657856941223145e-01
8.009046912193298340e-01
-9.182412028312683105e-01
-1.029975414276123047e+00
-1.058122515678405762e+00
-5.422011017799377441e-02
-6.072541475296020508e-01
8.986946344375610352e-01
-3.233802318572998047e-02
1.879731118679046631e-01
-9.481511116027832031e-01
-1.124578475952148438e+00
6.562098860740661621e-02
3.877386450767517090e-01
1.836782693862915039e-02
-1.734471619129180908e-01
3.573286533355712891e-02
-3.121301829814910889e-01
3.497115969657897949e-01
6.715416908264160156e-02
4.878392815589904785e-02
-8.873510360717773438e-02
1.510998159646987915e-01
2.211507409811019897e-01
-2.174819409847259521e-01
-6.605029702186584473e-01
9.254783391952514648e-02
-3.862447738647460938e-01
-7.915588617324829102e-01
-4.733723402023315430e-02
-1.712534576654434204e-01
2.045225799083709717e-01
4.143084585666656494e-02
5.909353494644165039e-01
3.764165043830871582e-01
-7.405511140823364258e-01
-8.757279515266418457e-01
-7.570660114288330078e-01
-7.544668316841125488e-01
-3.853247761726379395e-01
-8.859214782714843750e-01
-6.380958557128906250e-01
6.570659577846527100e-02
-3.824641704559326172e-01
-8.412336707115173340e-01
2.483711391687393188e-01
-9.625815153121948242e-01
-3.081635832786560059e-01
-1.062953948974609375e+00
6.521396636962890625e-01
-5.793226957321166992e-01
-2.577806115150451660e-01
8.294588327407836914e-02
-9.973451495170593262e-02
-1.205349683761596680e+00
5.785098075866699219e-01
1.986342668533325195e-02
-2.303393483161926270e-01
2.797664999961853027e-01
-6.355081796646118164e-01
-3.809993863105773926e-01
-7.273132801055908203e-01
2.154113054275512695e-01
5.033802986145019531e-02
4.270061254501342773e-01
-2.470295727252960205e-01
2.213871479034423828e-02
-1.749479472637176514e-01
-1.571600437164306641e-01
1.490131020545959473e-01
-5.028611421585083008e-01
-2.127624750137329102e-01
-2.451052069664001465e-01
-7.454215288162231445e-01
-3.001681566238403320e-01
-3.342249095439910889e-01
-3.092342913150787354e-01
5.823987722396850586e-01
-3.075052797794342041e-01
1.418614983558654785e-01
2.170275747776031494e-01
-1.194822192192077637e+00
-7.074570655822753906e-01
-4.779912233352661133e-01
-1.005065441131591797e+00
-5.458217859268188477e-01
4.369920492172241211e-02
-1.986552029848098755e-01
-9.528373479843139648e-01
2.616491913795471191e-01
-8.609850704669952393e-02
-5.104039907455444336e-01
-7.500768899917602539e-01
-6.607135534286499023e-01
-1.407230496406555176e-01
1.880593299865722656e-01
-4.580569863319396973e-01
-4.172536730766296387e-01
-4.864297807216644287e-01
-8.444798588752746582e-01
-7.515063881874084473e-01
-1.060553550720214844e+00
1.479237675666809082e-01
-4.345238804817199707e-01
-3.450586199760437012e-01
-7.445594668388366699e-01
-4.554292261600494385e-01
-2.521292865276336670e-01
