-3.022442460060119629e-01
-7.712121605873107910e-01
-5.434304475784301758e-03
2.611917257308959961e-02
-1.424754023551940918e+00
-5.584483146667480469e-01
-1.168998241424560547e+00
6.791042089462280273e-01
1.815590858459472656e-01
2.615548074245452881e-01
-9.403703212738037109e-01
-3.888561129570007324e-01
2.500748634338378906e-01
-5.511630773544311523e-01
-3.850277364253997803e-01
1.087862968444824219e+00
2.726374268531799316e-01
-4.206989109516143799e-01
-7.260099649429321289e-01
-3.830592632293701172e-01
1.366886138916015625e+00
1.183781474828720093e-01
-5.225741863250732422e-02
-9.384682178497314453e-01
-4.628266096115112305e-01
-8.237304687500000000e-01
2.685006856918334961e-01
-1.327339172363281250e+00
-3.582373559474945068e-01
5.573272705078125000e-03
-8.711294829845428467e-02
-1.207130193710327148e+00
-1.102438569068908691e-01
-7.528191804885864258e-01
6.879007816314697266e-02
1.624029874801635742e-01
-3.770803511142730713e-01
-4.325245022773742676e-01
-4.527425765991210938e-02
2.957561314105987549e-01
-6.364157199859619141e-01
-6.501625776290893555e-01
3.683263659477233887e-01
2.221246480941772461e+00
4.228710532188415527e-01
-1.035383224487304688e+00
3.231859207153320312e-01
8.294411003589630127e-02
-5.267255306243896484e-01
5.329657793045043945e-01
-1.048627376556396484e+00
-4.921309351921081543e-01
-2.970890402793884277e-01
-1.961742937564849854e-01
-3.393076360225677490e-01
6.820660829544067383e-01
-1.954701542854309082e-01
-6.152870655059814453e-01
-8.329227566719055176e-01
-6.798540353775024414e-01
3.317577838897705078e-01
1.812723278999328613e+00
1.148076653480529785e-01
-8.776422142982482910e-01
-9.514053463935852051e-01
-6.672292947769165039e-01
8.503523468971252441e-02
4.769517779350280762e-01
2.028563320636749268e-01
-1.190630555152893066e+00
-8.229255676269531250e-01
-1.192988157272338867e-01
-1.018485903739929199e+00
-1.883746385574340820e-01
-6.177980899810791016e-01
9.826743602752685547e-02
-2.033772230148315430e+00
-2.706491947174072266e-01
1.425225019454956055e+00
-7.583609223365783691e-01
-6.889360547065734863e-01
-1.581304371356964111e-01
-4.356327056884765625e-01
-4.161339402198791504e-01
-8.182990550994873047e-02
-6.099962592124938965e-01
-3.176588416099548340e-01
-3.230882585048675537e-01
8.906593322753906250e-01
-7.701320648193359375e-01
2.315877377986907959e-01
-3.619015216827392578e-02
3.226726353168487549e-01
-2.975121736526489258e-01
-7.374888658523559570e-01
-1.069987297058105469e+00
-1.082559674978256226e-01
-1.352229118347167969e+00
-2.312039136886596680e-01
1.192570447921752930e+00
-3.823520541191101074e-01
-8.029319345951080322e-02
-5.890524983406066895e-01
-8.042234182357788086e-02
1.094702839851379395e+00
7.655538320541381836e-01
-5.397662520408630371e-02
-6.529060602188110352e-01
5.251392126083374023e-01
1.401796936988830566e-02
-1.673667788505554199e+00
1.555544137954711914e-02
-7.619334459304809570e-01
-5.297759175300598145e-01
-1.557728350162506104e-01
-4.892026782035827637e-01
-9.923371076583862305e-01
-6.988586485385894775e-02
1.455208301544189453e+00
-3.161997199058532715e-01
-3.091464936733245850e-02
-2.965776920318603516e-01
-2.878375649452209473e-01
5.239154100418090820e-01
2.411652207374572754e-01
2.235076427459716797e-01
-4.873182475566864014e-01
-2.029557079076766968e-01
-1.242579817771911621e-01
-9.177116155624389648e-01
-7.421736717224121094e-01
-1.113300561904907227e+00
4.806673228740692139e-01
-6.489291191101074219e-01
-1.590662896633148193e-01
7.367238998413085938e-01
-3.216838836669921875e-02
-1.288783073425292969e+00
3.138587474822998047e-01
-4.657707810401916504e-01
1.218055605888366699e+00
-1.143358945846557617e-01
-4.091991186141967773e-01
2.296392917633056641e-01
-1.703562736511230469e-01
-2.644881606101989746e-02
2.418961524963378906e-01
3.768496513366699219e-01
-1.260279119014739990e-01
8.383080363273620605e-02
-1.403911948204040527e+00
-1.720255613327026367e-02
-5.136171579360961914e-01
-5.231539011001586914e-01
-1.387341320514678955e-01
1.049886941909790039e+00
-9.220926165580749512e-01
-8.433244824409484863e-01
-5.594700574874877930e-01
1.121636033058166504e-01
-1.179436922073364258e+00
-4.028705358505249023e-01
-1.482995986938476562e+00
-3.535454869270324707e-01
5.799456834793090820e-01
-1.158461719751358032e-01
4.941124022006988525e-01
-9.082365036010742188e-02
-1.069063067436218262e+00
-5.535635352134704590e-01
-5.271019935607910156e-01
-3.766576051712036133e-01
1.343403458595275879e-01
6.434406638145446777e-01
-3.326071798801422119e-01
1.832459568977355957e-01
-8.840991258621215820e-01
2.836006879806518555e-02
-4.644845426082611084e-01
-6.060267686843872070e-01
-8.932038545608520508e-01
3.783316314220428467e-01
2.321130633354187012e-01
1.282821297645568848e-01
6.273567080497741699e-01
-2.312319278717041016e-01
2.327947616577148438e-01
-1.084763407707214355e-01
-1.725517868995666504e+00
2.339940667152404785e-01
-2.462783455848693848e-02
-8.344551920890808105e-02
-1.575945019721984863e-01
-9.871811270713806152e-01
-4.138642549514770508e-01
2.233946025371551514e-01
-2.409215569496154785e-01
-3.009104132652282715e-01
-5.938634872436523438e-01
