5.982984900474548340e-01
5.299061536788940430e-01
1.539044976234436035e+00
3.916344046592712402e-01
1.311658024787902832e-01
7.545246481895446777e-01
-2.697066962718963623e-01
-3.613861203193664551e-01
-1.011083245277404785e+00
-1.374841630458831787e-01
4.676423966884613037e-01
-3.886664509773254395e-01
-8.969655632972717285e-02
2.222078084945678711e+00
6.314971446990966797e-01
3.175429344177246094e+00
-6.610292196273803711e-01
1.085554361343383789e+00
1.692617654800415039e+00
1.408084630966186523e+00
1.230433702468872070e+00
5.891732573509216309e-01
2.824610471725463867e-01
8.424524664878845215e-01
7.542887926101684570e-01
-2.435080260038375854e-01
-2.213671803474426270e-02
-4.167990684509277344e-01
6.112253665924072266e-02
4.551326036453247070e-01
2.037740647792816162e-01
9.185101389884948730e-01
-3.627056479454040527e-01
3.013560175895690918e-02
3.219535946846008301e-01
1.602329254150390625e+00
-1.538289487361907959e-01
1.629591226577758789e+00
-2.750292420387268066e-01
1.373050570487976074e+00
-7.163494825363159180e-02
1.034656882286071777e+00
1.098678469657897949e+00
1.307551622390747070e+00
2.712445020675659180e+00
1.071264743804931641e-01
-4.774534106254577637e-01
-6.984823346138000488e-01
-2.207760512828826904e-01
5.264285802841186523e-01
3.355670869350433350e-01
1.589317560195922852e+00
-7.744777202606201172e-02
4.881513118743896484e-02
1.761648535728454590e+00
-6.390058994293212891e-01
3.472526371479034424e-01
1.092506885528564453e+00
1.810557246208190918e+00
1.091460227966308594e+00
-5.956345796585083008e-01
-4.000068902969360352e-01
7.273510098457336426e-01
-2.975936233997344971e-01
1.503158807754516602e-01
1.143711805343627930e+00
5.752757191658020020e-01
1.253233313560485840e+00
-1.608468592166900635e-01
9.036411046981811523e-01
-6.576292514801025391e-01
3.260111808776855469e-01
-3.375286459922790527e-01
2.539532780647277832e-01
2.316355407238006592e-01
-3.928602635860443115e-01
-1.148881793022155762e+00
-9.005787968635559082e-02
2.574045956134796143e-02
1.751901388168334961e+00
4.038955867290496826e-01
-1.060764640569686890e-01
-3.094580173492431641e-01
-7.987338304519653320e-01
-1.470841169357299805e-01
-5.340026617050170898e-01
6.569366455078125000e-01
1.205579042434692383e+00
1.277985572814941406e+00
-8.220197558403015137e-01
1.663931369781494141e+00
-1.033078312873840332e+00
-2.196615934371948242e-01
1.193662643432617188e+00
-2.758247852325439453e-01
1.896428346633911133e+00
1.142660856246948242e+00
2.330753803253173828e-01
3.013121128082275391e+00
3.437854290008544922e+00
2.522930622100830078e+00
-2.636169195175170898e-01
7.668485045433044434e-01
1.980147957801818848e+00
3.620590448379516602e+00
1.352219462394714355e+00
1.864145755767822266e+00
1.070933938026428223e+00
1.807050466537475586e+00
3.786089122295379639e-01
4.678301215171813965e-01
2.891381084918975830e-01
1.769079446792602539e+00
1.503459453582763672e+00
3.347030401229858398e+00
1.746431231498718262e+00
5.321146249771118164e-01
2.622025728225708008e+00
-1.049960553646087646e-01
-4.887831211090087891e-02
1.195337772369384766e+00
-1.983744204044342041e-01
1.279706954956054688e+00
3.267884969711303711e+00
1.112823963165283203e+00
-5.902963876724243164e-02
1.351928472518920898e+00
-4.782744348049163818e-01
2.050095796585083008e-02
3.928101956844329834e-01
-6.773756742477416992e-01
3.322573900222778320e-01
-2.665529549121856689e-01
7.261529564857482910e-01
5.497711300849914551e-01
5.834843516349792480e-01
1.614700317382812500e+00
-2.908029258251190186e-01
3.237497806549072266e-02
-3.482336103916168213e-01
-1.157011508941650391e+00
1.042872294783592224e-01
3.684760570526123047e+00
9.200213104486465454e-02
1.429603934288024902e+00
-3.817284405231475830e-01
-4.728413820266723633e-01
1.423412919044494629e+00
4.179928779602050781e+00
2.403092384338378906e+00
3.364203453063964844e+00
-4.874059557914733887e-02
-3.906206488609313965e-01
1.584850788116455078e+00
-1.086631417274475098e-01
9.953113198280334473e-01
-1.326797008514404297e-01
1.284084171056747437e-01
-1.896392703056335449e-01
-9.090583026409149170e-02
5.879344940185546875e-01
-1.804703474044799805e-02
1.584864377975463867e+00
1.226051092147827148e+00
1.069928765296936035e+00
-2.046364098787307739e-01
1.627677679061889648e+00
1.483020067214965820e+00
2.087323188781738281e+00
8.865284919738769531e-01
4.674078822135925293e-01
-5.254870057106018066e-01
-8.852522373199462891e-01
-7.601433992385864258e-01
-8.543877601623535156e-01
-2.980157136917114258e-01
1.478923261165618896e-01
1.584072113037109375e+00
-6.916987895965576172e-02
3.062713623046875000e+00
-5.442458391189575195e-01
4.584848403930664062e+00
3.153497874736785889e-01
1.897583603858947754e-01
8.334947228431701660e-01
1.191608905792236328e+00
2.798846960067749023e+00
2.354288578033447266e+00
1.769636273384094238e-01
-5.498554706573486328e-01
7.564220428466796875e-01
8.904683589935302734e-01
1.242015480995178223e+00
-1.157499253749847412e-01
4.272997975349426270e-01
1.806770563125610352e-01
5.832142233848571777e-01
-1.204003095626831055e-01
-4.709403812885284424e-01
