-1.006434112787246704e-01
-3.402677774429321289e-01
-1.032756090164184570e+00
4.403042793273925781e-02
-1.416419744491577148e-01
-6.068434119224548340e-01
-2.536984086036682129e-01
1.450849771499633789e-01
3.579078912734985352e-01
5.016371011734008789e-01
1.576561182737350464e-01
-5.021114945411682129e-01
-2.375079095363616943e-01
-9.355850219726562500e-01
1.243859529495239258e-02
-6.852265596389770508e-01
9.015511274337768555e-01
-7.246768474578857422e-01
5.785117149353027344e-01
-7.097799777984619141e-01
9.964317083358764648e-01
-4.006430625915527344e+00
6.473345756530761719e-01
-1.067481994628906250e+00
-8.084323406219482422e-01
1.888385415077209473e-01
-4.139208793640136719e-01
5.480893850326538086e-01
-3.536835312843322754e-01
-1.068890094757080078e-03
-1.592236757278442383e-01
-7.305883169174194336e-01
-6.404335498809814453e-01
-2.141562998294830322e-01
-3.630575239658355713e-01
-5.162523984909057617e-01
3.439363241195678711e-01
-6.821546554565429688e-01
8.011715859174728394e-02
-3.109352588653564453e-01
-1.013991594314575195e+00
-7.952612638473510742e-01
-6.626412272453308105e-02
-8.979129791259765625e-01
4.893612265586853027e-01
-1.951135993003845215e-01
-6.452118158340454102e-01
-6.766130328178405762e-01
-1.107824444770812988e+00
-1.023864984512329102e+00
4.456350803375244141e-01
7.762334346771240234e-01
-5.417757630348205566e-01
-1.264899253845214844e+00
-1.006797790527343750e+00
-3.166118562221527100e-01
-5.990954041481018066e-01
-1.581977367401123047e+00
8.617914915084838867e-01
1.235666275024414062e-01
-4.274472594261169434e-02
2.109197080135345459e-01
-9.989671111106872559e-01
1.016325354576110840e-01
-1.780492067337036133e-01
-2.887827455997467041e-01
-4.170857667922973633e-01
-9.541541337966918945e-02
-7.458156347274780273e-01
-2.505383491516113281e-01
-4.324740767478942871e-01
-4.234090447425842285e-02
-1.059533119201660156e+00
-7.353889942169189453e-02
-4.456576406955718994e-01
2.014636695384979248e-01
5.147844552993774414e-01
-5.641031265258789062e-02
-5.550244450569152832e-01
1.717087030410766602e+00
-3.029444813728332520e-01
-5.733365416526794434e-01
5.378909707069396973e-01
3.494391143321990967e-01
-4.833308458328247070e-01
-5.839096307754516602e-01
-1.175544977188110352e+00
-7.022720575332641602e-01
-7.157904505729675293e-01
-1.642159819602966309e-01
-3.993028104305267334e-01
4.103474318981170654e-01
-2.068303078413009644e-01
-5.800836086273193359e-01
7.233703136444091797e-01
-3.176033198833465576e-01
-9.372615814208984375e-01
1.126822948455810547e+00
7.275791764259338379e-01
1.117427647113800049e-01
1.431977748870849609e-02
-3.714125454425811768e-01
2.363909482955932617e-01
-6.912399530410766602e-01
3.835308551788330078e-02
-2.636508941650390625e-01
4.079088270664215088e-01
-5.110256671905517578e-01
-1.394343972206115723e-01
-6.239246129989624023e-01
-1.567190885543823242e-01
-4.565838277339935303e-01
4.736764430999755859e-01
3.335736095905303955e-01
5.010015964508056641e-01
-6.634500622749328613e-01
-1.664340496063232422e-02
-4.419926106929779053e-01
-2.327170968055725098e-01
-1.378637552261352539e-02
-2.041760385036468506e-01
1.146821737289428711e+00
9.474943578243255615e-02
1.497400999069213867e-01
-3.805341422557830811e-01
-1.086753845214843750e+00
3.989546895027160645e-01
-7.607264518737792969e-01
-1.115132093429565430e+00
-6.723720431327819824e-01
3.021908998489379883e-01
-6.505395174026489258e-01
-1.691623330116271973e+00
-3.861454129219055176e-02
-6.516474485397338867e-01
-9.942923486232757568e-02
8.560270071029663086e-02
-3.677150011062622070e-01
4.301855266094207764e-01
-6.552541255950927734e-01
-3.983572125434875488e-02
-5.197924375534057617e-02
7.349252700805664062e-04
9.250190258026123047e-01
-1.369677782058715820e-01
3.180595040321350098e-01
-1.023211717605590820e+00
-8.414512872695922852e-02
-1.225300133228302002e-01
-2.173686027526855469e-01
-5.214156508445739746e-01
2.228780090808868408e-01
-4.422943294048309326e-01
-5.761830806732177734e-01
-1.872030496597290039e-01
-1.892026066780090332e-01
7.500030994415283203e-01
-2.092719078063964844e-01
7.371723651885986328e-02
-2.586324810981750488e-01
-3.134015202522277832e-01
-5.595505237579345703e-01
6.845477223396301270e-01
-5.236579775810241699e-01
9.214046001434326172e-01
-8.660723268985748291e-02
-1.548735499382019043e-01
-4.069996476173400879e-01
-1.002056360244750977e+00
1.039873510599136353e-01
1.254654765129089355e+00
-5.372533798217773438e-01
-6.366426944732666016e-01
-4.616424143314361572e-01
-1.117923974990844727e+00
-5.796583890914916992e-01
-7.498863935470581055e-01
5.058650672435760498e-02
-4.094948172569274902e-01
-1.079650163650512695e+00
1.649031341075897217e-01
1.540400385856628418e-01
-7.290472984313964844e-01
-1.138402581214904785e+00
-2.426046133041381836e-02
-1.478725671768188477e-01
-8.767995238304138184e-02
-1.049728155136108398e+00
-8.758896589279174805e-02
-4.043611288070678711e-01
1.628540456295013428e-01
-5.030602216720581055e-01
-6.325386762619018555e-01
-7.488742470741271973e-01
-7.690444588661193848e-02
-7.481510639190673828e-01
1.455543935298919678e-02
-8.220775127410888672e-01
-3.852934837341308594e-01
