1.486792922019958496e+00
-4.621112346649169922e-02
1.565471053123474121e+00
3.217868328094482422e+00
2.591977596282958984e+00
1.538806796073913574e+00
1.481448054313659668e+00
-1.205484867095947266e-01
-2.380588501691818237e-01
1.663975715637207031e+00
4.517902135848999023e-01
4.488894939422607422e-01
2.420271933078765869e-01
-4.845277369022369385e-01
-1.578303813934326172e+00
3.446653366088867188e+00
-2.091552615165710449e-01
3.977106094360351562e+00
-7.537407875061035156e-01
6.283907890319824219e-01
6.547388434410095215e-01
6.242734193801879883e-01
-1.555405557155609131e-01
6.153231859207153320e-01
-7.484553456306457520e-01
2.748495101928710938e+00
4.431116282939910889e-01
-1.246491372585296631e-01
3.602865338325500488e-02
3.568912506103515625e+00
1.691292762756347656e+00
1.704219430685043335e-01
3.321392536163330078e-01
7.386134862899780273e-01
1.609569787979125977e+00
-5.252652168273925781e-01
-1.257669627666473389e-01
-8.345639705657958984e-01
3.598932325839996338e-01
1.263054013252258301e-01
-2.393830418586730957e-01
8.194257020950317383e-01
-3.205180168151855469e-01
2.530227661132812500e+00
1.082499146461486816e+00
-5.453360080718994141e-02
1.866655945777893066e+00
1.951482295989990234e-01
-4.418574571609497070e-01
-4.784366488456726074e-02
1.630437850952148438e+00
1.229062914848327637e+00
1.567182779312133789e+00
-4.876745343208312988e-01
8.916098475456237793e-01
6.739501953125000000e-01
1.338013410568237305e+00
-1.181362390518188477e+00
1.199250936508178711e+00
4.470223784446716309e-01
-3.065206408500671387e-01
7.082444429397583008e-01
1.235777020454406738e+00
-8.789405226707458496e-01
-1.012003898620605469e+00
-5.235221385955810547e-01
-7.401872277259826660e-01
-1.376842707395553589e-01
3.819845020771026611e-01
1.137847900390625000e-01
1.242444753646850586e+00
5.924969911575317383e-03
2.035425603389739990e-01
1.370798587799072266e+00
-7.728010416030883789e-01
2.114284038543701172e-02
5.802044272422790527e-02
1.717993736267089844e+00
-2.308695912361145020e-01
5.003198981285095215e-02
2.537412047386169434e-01
3.410538196563720703e+00
1.763543367385864258e+00
2.612972259521484375e+00
9.140931367874145508e-01
4.095642268657684326e-02
2.404700040817260742e+00
-9.115962386131286621e-01
2.641063690185546875e+00
3.210074305534362793e-01
-4.530854523181915283e-01
-4.466208815574645996e-01
1.091798186302185059e+00
1.167859196662902832e+00
1.562964439392089844e+00
3.078394532203674316e-01
4.826121330261230469e-01
-7.550628781318664551e-01
6.099025607109069824e-01
-6.859326362609863281e-01
-7.479560375213623047e-01
2.054256677627563477e+00
-8.352887630462646484e-02
-5.975291132926940918e-01
-4.846305847167968750e-01
1.852701902389526367e+00
2.660789966583251953e+00
-2.267957031726837158e-01
9.138457179069519043e-01
-1.737085580825805664e-01
2.898530483245849609e+00
5.894563198089599609e-01
1.322777569293975830e-01
5.995035171508789062e-04
-6.725822687149047852e-01
4.518306851387023926e-01
1.582223415374755859e+00
1.548215746879577637e-01
1.831497073173522949e+00
3.600624203681945801e-01
1.389477491378784180e+00
6.819669008255004883e-01
2.472972869873046875e+00
-2.607432901859283447e-01
1.781386733055114746e-01
-1.040996551513671875e+00
1.138938426971435547e+00
-1.207506954669952393e-01
1.064655661582946777e+00
-1.224988102912902832e-01
-5.980600118637084961e-01
2.247143745422363281e+00
-5.624349713325500488e-01
4.785808920860290527e-02
1.461396336555480957e+00
8.277592062950134277e-02
-3.464117646217346191e-02
7.153797149658203125e-01
1.417402982711791992e+00
-3.194165527820587158e-01
8.285596370697021484e-01
1.362356662750244141e+00
-3.191243410110473633e-01
-8.072069287300109863e-02
6.771234869956970215e-01
-3.741531968116760254e-01
1.896583914756774902e+00
9.024099707603454590e-01
1.643722653388977051e+00
-3.629764020442962646e-01
1.095901966094970703e+00
1.838219046592712402e+00
-8.613327145576477051e-01
-5.556267499923706055e-02
4.335085391998291016e+00
-1.180791556835174561e-01
-6.555725932121276855e-01
6.283907890319824219e-01
3.331230401992797852e+00
1.460525244474411011e-01
3.877725005149841309e-01
2.048924922943115234e+00
-9.817248582839965820e-01
-9.394299983978271484e-01
1.596170425415039062e+00
3.766636252403259277e-01
2.239669799804687500e+00
3.445373058319091797e+00
-9.464670419692993164e-01
3.238929033279418945e+00
-8.019140958786010742e-01
-3.398433327674865723e-01
4.808703064918518066e-01
4.091097354888916016e+00
3.420024871826171875e+00
4.263217449188232422e-01
1.315132021903991699e+00
-2.950547933578491211e-01
1.697292566299438477e+00
-1.088308215141296387e+00
2.146368026733398438e+00
8.438801765441894531e-01
-8.173850178718566895e-01
5.923014283180236816e-01
2.915309369564056396e-01
1.847310662269592285e-01
1.082016229629516602e+00
-6.641867756843566895e-02
-7.663438320159912109e-01
-7.188858389854431152e-01
-1.486482143402099609e+00
1.169938802719116211e+00
2.949246883392333984e+00
3.031563758850097656e-01
4.604599475860595703e-01
-8.607717156410217285e-01
-5.217029452323913574e-01
3.080866336822509766e+00
-2.040526270866394043e-02
