4.105137586593627930e-01
-4.496039748191833496e-01
-1.016870975494384766e+00
-3.250751495361328125e-01
-2.345349788665771484e-01
-3.622831106185913086e-01
-3.933321237564086914e-01
-6.340900659561157227e-01
-7.417431473731994629e-01
-1.373308300971984863e-01
7.710808515548706055e-02
-5.006373524665832520e-01
1.923492550849914551e-01
-6.278419494628906250e-01
2.574009299278259277e-01
-7.095686793327331543e-01
6.410163640975952148e-01
-5.222237110137939453e-01
7.280645370483398438e-01
-1.081927061080932617e+00
-5.847167968750000000e-01
-4.486123919486999512e-01
5.545848608016967773e-02
-9.310932159423828125e-01
5.233498811721801758e-01
1.806501746177673340e-01
-3.889598846435546875e-01
6.606519222259521484e-01
-9.395653009414672852e-01
2.038849592208862305e-01
4.680076837539672852e-01
1.524357795715332031e+00
4.888513684272766113e-01
-1.250755548477172852e+00
-2.755437195301055908e-01
-3.388215601444244385e-01
-3.322451412677764893e-01
-7.123003005981445312e-01
-3.366994559764862061e-01
-3.655773699283599854e-01
-9.191917181015014648e-01
-6.300236582756042480e-01
1.321589350700378418e-01
-7.247344255447387695e-01
-8.698969483375549316e-01
6.484817266464233398e-01
6.197834014892578125e-01
-5.227031707763671875e-01
9.268602728843688965e-02
1.508888304233551025e-01
-2.383193373680114746e-01
-2.193002104759216309e-01
-6.987203359603881836e-01
-2.981472015380859375e-02
-7.388193607330322266e-01
9.306998252868652344e-01
-5.345809459686279297e-01
-3.725315928459167480e-01
2.889471054077148438e-01
-1.636486291885375977e+00
-5.723112821578979492e-01
-4.356700479984283447e-01
1.879057586193084717e-01
1.194362878799438477e+00
-1.846656203269958496e-02
2.665016055107116699e-02
2.825169563293457031e-01
-4.959689080715179443e-01
7.708244323730468750e-01
1.599801778793334961e-01
-2.625769078731536865e-01
-7.053792476654052734e-03
-3.055992126464843750e-01
1.234530687332153320e+00
-3.123917281627655029e-01
1.042349457740783691e+00
1.128776550292968750e+00
5.306711196899414062e-01
-3.912173807621002197e-01
-8.687478303909301758e-01
-2.631708383560180664e-01
-8.461420536041259766e-01
1.758328974246978760e-01
-2.286827564239501953e-01
-7.268689870834350586e-01
-4.600849747657775879e-01
-4.225420355796813965e-01
-1.162750959396362305e+00
-5.152708292007446289e-01
6.225496530532836914e-03
9.427578449249267578e-01
-4.111433923244476318e-01
-1.679917573928833008e-01
1.351993083953857422e-01
2.283750474452972412e-01
-6.723988056182861328e-01
4.126037955284118652e-01
2.247267663478851318e-01
8.463146686553955078e-01
-2.637102007865905762e-01
-4.216023683547973633e-01
-1.180557608604431152e+00
6.607410311698913574e-02
-1.191081285476684570e+00
4.790341854095458984e-02
-2.686413228511810303e-01
1.940560340881347656e-02
-5.478666305541992188e+00
1.469834923744201660e+00
-8.238704800605773926e-01
-7.220560312271118164e-02
4.400701224803924561e-01
-2.599889039993286133e-01
-1.943559348583221436e-01
-6.386641263961791992e-01
-1.375915706157684326e-01
-8.247643709182739258e-01
-1.087270379066467285e-01
1.730459481477737427e-01
-2.905875444412231445e-03
-4.012575149536132812e-01
7.483714818954467773e-02
-6.930514574050903320e-01
-2.402064800262451172e-01
-6.701129674911499023e-02
7.781329154968261719e-01
3.248375654220581055e-01
1.743209362030029297e-01
2.521306276321411133e-03
2.222840338945388794e-01
-8.577151298522949219e-01
-3.160609602928161621e-01
-5.869219899177551270e-01
-1.203043311834335327e-01
-4.653024673461914062e-02
-5.121752023696899414e-01
4.837309122085571289e-01
-5.274808406829833984e-01
-5.953834056854248047e-01
-6.039025783538818359e-01
-1.207791924476623535e+00
5.690917968750000000e-01
2.438675165176391602e-01
5.425574779510498047e-01
-6.958667039871215820e-01
-5.347388982772827148e-01
-6.145097017288208008e-01
5.258262157440185547e-02
-1.356495738029479980e+00
7.269747257232666016e-01
-9.960720539093017578e-01
-8.111635446548461914e-01
2.349798679351806641e+00
9.534862637519836426e-01
-2.693554162979125977e-01
-1.052855253219604492e+00
-8.296670913696289062e-01
-5.195713639259338379e-01
-4.863085746765136719e-01
-4.303846955299377441e-01
-5.839266180992126465e-01
-4.812577962875366211e-01
1.364725083112716675e-01
-2.476748228073120117e-01
2.442280054092407227e-01
-1.393795013427734375e-03
-8.169648647308349609e-01
2.785316109657287598e-01
-5.607241392135620117e-01
2.004310488700866699e-01
1.844786107540130615e-01
-1.328411579132080078e+00
-4.736908972263336182e-01
-3.805456310510635376e-02
-6.649094820022583008e-01
-4.664879739284515381e-01
1.839506924152374268e-01
6.654387712478637695e-02
3.101121187210083008e-01
4.052398204803466797e-01
9.728835225105285645e-01
2.246117591857910156e-01
5.454762578010559082e-01
2.484673261642456055e-02
3.748433887958526611e-01
-4.876779615879058838e-01
-3.698032200336456299e-01
-1.114751696586608887e+00
6.858736276626586914e-01
-1.396301984786987305e-01
5.535968542098999023e-01
2.649672627449035645e-01
-5.250321626663208008e-01
-6.476348638534545898e-02
-5.499914288520812988e-01
-4.407629370689392090e-03
-1.565163731575012207e-01
6.103805303573608398e-01
3.437852859497070312e-01
