2.534452676773071289e-01
-5.256717801094055176e-01
-2.432278990745544434e-01
-2.920024394989013672e-01
-5.189063549041748047e-01
1.072519779205322266e+00
-8.317623734474182129e-01
1.967706084251403809e-01
-1.080179512500762939e-01
-1.037692904472351074e+00
-3.547089695930480957e-01
7.450602650642395020e-01
-1.275316238403320312e+00
-9.684317708015441895e-01
-6.733756661415100098e-01
-8.683310747146606445e-01
6.154400110244750977e-02
-1.829537153244018555e-01
1.393543124198913574e+00
-3.526319861412048340e-01
-3.145208954811096191e-02
8.832454681396484375e-03
-5.653287172317504883e-01
-5.255120992660522461e-02
8.672410249710083008e-02
1.266881078481674194e-01
-1.400814175605773926e+00
-7.023162841796875000e-01
3.715169131755828857e-01
1.348966360092163086e-01
-6.781734228134155273e-01
-1.488190293312072754e-01
2.963922917842864990e-01
-1.335417330265045166e-01
-7.916319370269775391e-01
3.442255258560180664e-01
-1.230718135833740234e+00
-1.163769066333770752e-01
-1.287680864334106445e-02
-4.126545190811157227e-01
-6.951972246170043945e-01
3.566561639308929443e-01
-4.070578813552856445e-01
-5.027778148651123047e-01
-2.673371434211730957e-01
-1.327521800994873047e+00
-1.395095586776733398e+00
-3.543124198913574219e-01
-5.327149629592895508e-01
-3.984872698783874512e-01
-7.225334644317626953e-03
-1.178436994552612305e+00
-3.692095577716827393e-01
-2.757796049118041992e-01
3.880819678306579590e-01
-2.279814779758453369e-01
-2.144729793071746826e-01
4.812225699424743652e-01
2.210466265678405762e-01
-3.603781759738922119e-01
-5.090970396995544434e-01
4.304288327693939209e-01
-4.261683523654937744e-01
9.814351201057434082e-01
-5.359405875205993652e-01
-6.211720108985900879e-01
1.360849142074584961e+00
-4.843329191207885742e-01
-6.716780662536621094e-01
2.013501971960067749e-01
-3.493729233741760254e-01
-2.962344884872436523e-01
2.210243940353393555e-01
-9.869687557220458984e-01
1.086436510086059570e-01
-2.531998455524444580e-01
3.035253882408142090e-01
3.668961524963378906e-01
-4.001687169075012207e-01
-2.413873672485351562e-01
-7.400512695312500000e-01
-4.852893352508544922e-01
-3.098676800727844238e-01
6.048244237899780273e-01
-6.366481781005859375e-01
-1.131370663642883301e+00
-3.459638655185699463e-01
1.471123933792114258e+00
-2.229011058807373047e-01
9.107741117477416992e-01
-7.620167136192321777e-01
-2.285802066326141357e-01
4.865432977676391602e-01
-6.557245850563049316e-01
5.816251039505004883e-02
-8.726839721202850342e-02
-5.855280160903930664e-02
8.440582752227783203e-01
-9.569460153579711914e-02
3.697370588779449463e-01
-4.788827896118164062e-01
1.723910868167877197e-01
1.005738258361816406e+00
-2.559505403041839600e-01
-9.422597289085388184e-02
-6.716947555541992188e-01
-8.128046393394470215e-01
-2.913762629032135010e-01
6.293665766716003418e-01
4.624613821506500244e-01
1.961022913455963135e-01
-7.634863257408142090e-01
8.742215037345886230e-01
-4.117435216903686523e-01
3.338049650192260742e-01
-6.746973991394042969e-01
2.614285647869110107e-01
-1.442377567291259766e-01
-2.070035338401794434e-01
-5.597152113914489746e-01
-4.593689441680908203e-01
-5.251219868659973145e-01
-6.856026649475097656e-01
-1.073230981826782227e+00
4.027228951454162598e-01
-5.454306006431579590e-01
-1.436333656311035156e+00
-9.908257722854614258e-01
4.045633673667907715e-01
-4.137935638427734375e-01
3.766560554504394531e-02
3.979479670524597168e-01
-4.272325038909912109e-01
-2.966221868991851807e-01
-4.255613386631011963e-01
-7.057773470878601074e-01
5.214005708694458008e-03
-3.006056547164916992e-01
-2.193210124969482422e-01
9.707713127136230469e-01
-4.783541858196258545e-01
6.749148368835449219e-01
-1.880515664815902710e-01
-7.263292074203491211e-01
-8.138346076011657715e-01
2.965956926345825195e-01
-1.880863666534423828e+00
-1.347000598907470703e-01
-8.580543994903564453e-01
2.592408657073974609e-01
-5.012903213500976562e-01
4.445697069168090820e-01
-6.055058836936950684e-01
7.538184523582458496e-03
-4.780784249305725098e-03
2.917571961879730225e-01
-3.915469944477081299e-01
-8.281078338623046875e-01
1.060597538948059082e+00
4.843077957630157471e-01
-3.321654796600341797e-01
-9.929745793342590332e-01
-6.327222585678100586e-01
-2.114635109901428223e-01
3.022172152996063232e-01
-7.196160554885864258e-01
-2.465576529502868652e-01
-1.347432613372802734e+00
-7.236217260360717773e-01
-9.127340316772460938e-01
-4.263837635517120361e-01
-7.161290943622589111e-02
-1.313948154449462891e+00
2.495151758193969727e-01
-1.338492870330810547e+00
4.684004783630371094e-01
8.596457839012145996e-01
-2.545751631259918213e-01
-6.873122453689575195e-01
-4.933879971504211426e-01
-4.999516606330871582e-01
-2.801569700241088867e-01
-2.120434045791625977e-01
-5.758702754974365234e-03
7.221359014511108398e-01
-2.354251146316528320e-01
-3.521767258644104004e-01
-7.543325424194335938e-01
-4.902507066726684570e-01
2.049448937177658081e-01
-1.363971710205078125e+00
-9.945963025093078613e-01
-5.286144018173217773e-01
-1.514180302619934082e-01
-9.974102377891540527e-01
-7.288405299186706543e-01
-7.777360677719116211e-01
-1.119208335876464844e+00
-4.832723140716552734e-01
