1.451638042926788330e-01
1.168978095054626465e+00
9.862582683563232422e-01
6.124040484428405762e-01
5.451601147651672363e-01
3.165793418884277344e+00
-9.123300909996032715e-01
-7.335907220840454102e-01
-1.207004427909851074e+00
1.260094642639160156e+00
3.669544458389282227e-01
2.802878618240356445e-01
1.116542577743530273e+00
5.394467711448669434e-01
1.182318687438964844e+00
-8.756580352783203125e-01
8.899388313293457031e-01
1.345233917236328125e-01
1.448351144790649414e-01
3.553160429000854492e-01
-1.284506022930145264e-01
1.156728982925415039e+00
1.306279897689819336e+00
6.977766156196594238e-01
-8.097729086875915527e-01
-5.533822774887084961e-01
3.836256980895996094e+00
1.563169956207275391e+00
-2.549923062324523926e-01
4.595867991447448730e-01
-5.985547900199890137e-01
-4.445646703243255615e-01
1.468973159790039062e+00
-7.274214625358581543e-01
-8.920848369598388672e-03
4.571211338043212891e-02
-3.298166692256927490e-01
1.597405672073364258e+00
-1.431323736906051636e-01
1.884556174278259277e+00
-4.508845508098602295e-01
-3.814774751663208008e-01
1.686883449554443359e+00
-4.522970914840698242e-01
-7.198071479797363281e-02
5.638068914413452148e-01
7.523550391197204590e-01
1.362130165100097656e+00
2.626938581466674805e+00
2.518109798431396484e+00
4.240990638732910156e+00
-3.283411264419555664e-03
9.396018981933593750e-01
1.933912277221679688e+00
-7.893866300582885742e-01
6.361111402511596680e-01
1.106803297996520996e+00
6.179413199424743652e-02
5.758785009384155273e-01
5.635077953338623047e-01
5.909292697906494141e-01
2.654806137084960938e+00
1.171038627624511719e+00
-5.013465881347656250e-02
-1.149924039840698242e+00
2.119189023971557617e+00
-6.844322085380554199e-01
3.138647556304931641e+00
2.470226585865020752e-02
-1.242308020591735840e-01
-9.295609593391418457e-01
-6.418362259864807129e-02
1.363532781600952148e+00
-7.709611654281616211e-01
-6.453951597213745117e-01
7.911624908447265625e-01
6.845569610595703125e-01
1.852027893066406250e+00
-6.772390604019165039e-01
8.574163913726806641e-02
-9.600886702537536621e-02
4.038927078247070312e+00
4.788585007190704346e-02
1.835076332092285156e+00
-2.519855201244354248e-01
4.184929847717285156e+00
1.439092397689819336e+00
1.899402618408203125e+00
1.245046138763427734e+00
2.213147282600402832e-02
1.327679395675659180e+00
8.853667974472045898e-02
3.967003583908081055e+00
-6.943070888519287109e-01
-5.374814271926879883e-01
2.586195707321166992e+00
2.537552356719970703e+00
9.237946271896362305e-01
7.320101261138916016e-01
3.637120723724365234e+00
-6.256062984466552734e-01
1.985439062118530273e+00
3.753442525863647461e+00
-4.144333600997924805e-01
-9.634879827499389648e-01
-8.486930131912231445e-01
3.887168467044830322e-01
3.847890377044677734e+00
1.926381587982177734e-01
-3.389498889446258545e-01
2.705505371093750000e+00
8.272653222084045410e-01
1.798197507858276367e+00
1.077831149101257324e+00
-2.358908653259277344e-01
5.231565237045288086e-02
1.627001881599426270e+00
4.544044733047485352e-01
-5.396435260772705078e-01
-2.359945476055145264e-01
1.335382759571075439e-01
-7.593187093734741211e-01
-2.171751111745834351e-01
2.147709131240844727e-01
-1.614897847175598145e-01
1.083046674728393555e+00
-6.027057766914367676e-01
-7.868215441703796387e-02
1.167268753051757812e+00
1.075164318084716797e+00
1.518902927637100220e-02
-3.577078580856323242e-01
5.688800215721130371e-01
1.174995541572570801e+00
1.867504119873046875e-01
-2.489186227321624756e-01
2.525437116622924805e+00
1.041191935539245605e+00
4.420356154441833496e-01
1.161193728446960449e+00
2.632199764251708984e+00
-5.006490349769592285e-01
-1.756698489189147949e-01
1.326485872268676758e+00
-1.255347013473510742e+00
-1.047965288162231445e-01
-1.278847157955169678e-01
7.688448429107666016e-01
-9.565269947052001953e-01
2.468283414840698242e+00
7.966932058334350586e-01
8.426766991615295410e-01
1.011928558349609375e+00
1.876972019672393799e-01
1.374357700347900391e+00
3.310937166213989258e+00
-5.876908898353576660e-01
7.264503240585327148e-01
9.832602739334106445e-01
-1.126468181610107422e-03
-1.081283688545227051e+00
6.388491392135620117e-02
2.244739055633544922e+00
-6.064494848251342773e-01
1.542432546615600586e+00
1.303254127502441406e+00
-4.795065522193908691e-02
3.402560710906982422e+00
-7.376931905746459961e-01
2.959661483764648438e-01
1.436112999916076660e+00
1.032473444938659668e+00
3.017595112323760986e-01
3.728672862052917480e-02
7.269856333732604980e-02
1.249241352081298828e+00
-1.024419307708740234e+00
-1.060138940811157227e+00
-7.458068132400512695e-01
1.468772411346435547e+00
2.091622352600097656e+00
3.064772486686706543e-01
-4.148590564727783203e-01
8.025338649749755859e-01
7.441993802785873413e-02
-5.008605718612670898e-01
3.098871707916259766e-01
1.554210662841796875e+00
5.098642706871032715e-01
1.375696778297424316e+00
-3.474606573581695557e-01
1.038062810897827148e+00
1.265245914459228516e+00
-1.028506398200988770e+00
8.238057494163513184e-01
-1.122223734855651855e-01
-9.651943445205688477e-01
5.866005420684814453e-01
3.114010095596313477e+00
