1.057655811309814453e+00
-8.433386087417602539e-01
-1.180153727531433105e+00
-7.444736957550048828e-01
-5.846181511878967285e-01
2.717864513397216797e-02
-1.878013014793395996e-01
-1.243587732315063477e+00
-1.046275198459625244e-01
-1.002771615982055664e+00
3.933703899383544922e-02
-6.064819097518920898e-01
-1.345199108123779297e+00
-6.872990727424621582e-01
-1.719955950975418091e-01
-2.084862291812896729e-01
-5.397021770477294922e-01
-4.302620291709899902e-01
-1.179499030113220215e+00
-2.604833245277404785e-01
-3.185701966285705566e-01
-8.207068443298339844e-01
-1.384885907173156738e-01
1.765210628509521484e-01
-1.295852422714233398e+00
-3.207668662071228027e-01
3.037695586681365967e-01
4.365559816360473633e-01
-1.162994742393493652e+00
-4.973537921905517578e-01
4.578406810760498047e-01
-6.750836372375488281e-01
-1.091818094253540039e+00
1.058048009872436523e-02
-1.133462190628051758e+00
-3.365553021430969238e-01
-4.712273180484771729e-01
-3.569799065589904785e-01
-2.871020436286926270e-01
1.033582687377929688e+00
-1.898818016052246094e+00
-3.347005248069763184e-01
1.423733472824096680e+00
-3.705988526344299316e-01
-3.369786739349365234e-01
-3.495559215545654297e+00
-3.143797516822814941e-01
-2.200860977172851562e-01
3.149159550666809082e-01
-6.138260364532470703e-01
-1.731783747673034668e-01
-3.414620757102966309e-01
-7.955235242843627930e-02
-4.840540885925292969e-02
-7.495497465133666992e-01
-5.346409678459167480e-01
-1.470094919204711914e-01
-4.414651989936828613e-01
-4.600982666015625000e-01
2.715157270431518555e-01
1.425301283597946167e-01
-3.008636236190795898e-01
-1.178284168243408203e+00
9.861776977777481079e-02
1.929806470870971680e-01
-4.784001410007476807e-01
6.933152675628662109e-01
1.001756787300109863e-01
7.914010286331176758e-01
3.998481631278991699e-01
-5.456061959266662598e-01
5.689144730567932129e-01
-6.177937984466552734e-01
-5.995677113533020020e-01
-8.336610794067382812e-01
-5.737791061401367188e-01
-7.938178181648254395e-01
1.153398036956787109e+00
7.339478731155395508e-01
-5.726274251937866211e-01
-5.261765718460083008e-01
4.794712364673614502e-01
-1.045247912406921387e+00
2.051152586936950684e-01
2.372609078884124756e-01
7.817018032073974609e-01
-1.769732832908630371e-01
-7.854548692703247070e-01
-1.778126001358032227e+00
-3.664941191673278809e-01
-3.569858074188232422e-01
-6.020838022232055664e-02
2.409440875053405762e-01
1.040993571281433105e+00
-1.898890435695648193e-01
-1.486849784851074219e-01
-6.509038209915161133e-01
-7.016974687576293945e-01
-1.446125149726867676e+00
-7.928460836410522461e-01
-1.522044420242309570e+00
-1.241989016532897949e+00
-6.246905326843261719e-01
6.783206462860107422e-01
-1.199246168136596680e+00
7.122457027435302734e-01
-6.849513649940490723e-01
-1.848494708538055420e-01
-2.206567525863647461e-01
6.202016472816467285e-01
-8.884646892547607422e-01
-7.271049022674560547e-01
-4.125431478023529053e-01
5.869304537773132324e-01
6.629117727279663086e-01
-3.943778872489929199e-01
-3.817896246910095215e-01
-8.676548004150390625e-01
-6.167960166931152344e-02
-4.775568842887878418e-01
-2.782783508300781250e-01
2.058599293231964111e-01
1.021777272224426270e+00
3.616309762001037598e-01
-7.627028822898864746e-01
4.038684368133544922e-01
-7.799589633941650391e-01
1.098414063453674316e-01
8.147528171539306641e-01
-1.001059174537658691e+00
-2.576426267623901367e-01
4.091485738754272461e-01
-1.534734070301055908e-01
-9.984672069549560547e-01
-8.205407857894897461e-01
-5.788357853889465332e-01
-3.375177681446075439e-01
-3.661182522773742676e-01
-7.715542316436767578e-01
1.777791976928710938e-02
-8.958353400230407715e-01
-6.463745832443237305e-01
-8.714877963066101074e-01
1.751582622528076172e-01
5.766708254814147949e-01
1.070633530616760254e-01
-1.976865828037261963e-01
-4.218964576721191406e-01
-8.380654454231262207e-02
6.576406955718994141e-01
-5.741543769836425781e-01
-2.808488309383392334e-01
-3.208959102630615234e-02
-3.024195432662963867e-01
1.240194916725158691e+00
6.847596168518066406e-02
-1.147552013397216797e+00
1.030937314033508301e+00
-2.423356771469116211e-01
-5.380051136016845703e-01
8.853740692138671875e-01
-2.773209214210510254e-01
-8.497051000595092773e-01
-6.955946683883666992e-01
1.009690046310424805e+00
-5.848362445831298828e-01
-5.916681885719299316e-01
-4.803166687488555908e-01
1.565310209989547729e-01
8.287763595581054688e-02
-9.399268031120300293e-01
-6.950314044952392578e-01
-2.717280387878417969e-01
4.268720149993896484e-01
-1.208891272544860840e+00
-5.747741460800170898e-01
-4.898801743984222412e-01
-1.823171377182006836e-01
-4.658102989196777344e-02
8.696706295013427734e-01
1.508815884590148926e-01
-4.545652568340301514e-01
-2.871156215667724609e+00
-2.315969765186309814e-02
-2.408015727996826172e-01
-4.270708262920379639e-01
-3.281089067459106445e-01
-7.521210312843322754e-01
-5.760353207588195801e-01
2.465416640043258667e-01
1.392679929733276367e+00
-4.150810241699218750e-01
-1.167523145675659180e+00
-3.900083005428314209e-01
8.525076508522033691e-02
1.173233985900878906e-02
-1.090139150619506836e-01
-8.339216709136962891e-01
-1.903613805770874023e-01
