-1.654253005981445312e-01
4.831174015998840332e-01
-1.121923804283142090e+00
-2.967439293861389160e-01
-4.319089651107788086e-01
-1.576925158500671387e+00
3.088406324386596680e-01
-6.316316127777099609e-01
-2.113655805587768555e-01
-1.499688625335693359e-02
-1.035208940505981445e+00
-1.455664336681365967e-01
-4.656799435615539551e-01
-5.304369330406188965e-01
-1.632868349552154541e-01
-6.689821481704711914e-01
-5.190379023551940918e-01
1.773296594619750977e+00
-5.027043819427490234e-01
-1.156172752380371094e-01
-1.061448156833648682e-01
-4.124403297901153564e-01
5.106157660484313965e-01
-6.375065445899963379e-01
3.373065292835235596e-01
-7.873020172119140625e-01
2.461826801300048828e-02
-6.383752822875976562e-02
8.215405344963073730e-01
-1.855704188346862793e-02
-2.491731047630310059e-01
-2.303482294082641602e-01
-9.123455882072448730e-01
8.344167470932006836e-02
-5.538054108619689941e-01
-3.152288794517517090e-01
-7.625433206558227539e-01
-5.207983255386352539e-01
-9.207839369773864746e-01
-9.594982862472534180e-02
-2.854053378105163574e-01
1.090698361396789551e+00
-7.493915557861328125e-01
-1.159012317657470703e+00
-3.244470655918121338e-01
-1.143676042556762695e-02
-3.963422775268554688e-02
-1.122700095176696777e+00
-5.974390506744384766e-01
-4.091735482215881348e-01
-1.243143081665039062e-01
2.588938474655151367e-01
1.237958073616027832e+00
-2.527756094932556152e-01
3.202870488166809082e-01
-8.266506195068359375e-01
1.230131149291992188e+00
-1.122642636299133301e+00
-6.961548328399658203e-01
-3.067350685596466064e-01
-9.655725955963134766e-02
1.425798535346984863e-01
-5.400962829589843750e-01
-2.611159682273864746e-01
-3.789677023887634277e-01
-6.337380409240722656e-01
2.504181265830993652e-01
4.872248172760009766e-01
-8.995872735977172852e-01
-9.844468832015991211e-01
-2.384482026100158691e-01
-1.158379912376403809e-01
5.984712839126586914e-01
-3.702612519264221191e-01
1.991512179374694824e-01
2.643201351165771484e-01
-8.617686629295349121e-01
2.729987800121307373e-01
-5.595487356185913086e-01
-5.332672595977783203e-02
-6.857847571372985840e-01
-2.454553246498107910e-01
-2.877906560897827148e-01
6.581372022628784180e-01
-3.275960981845855713e-01
6.870537996292114258e-02
-9.333565235137939453e-01
-8.692117929458618164e-01
-8.707486391067504883e-01
-2.978333830833435059e-01
5.687211751937866211e-01
4.251582324504852295e-01
-4.503991603851318359e-01
-6.453987360000610352e-01
9.731531143188476562e-02
-2.323719561100006104e-01
3.265678882598876953e-03
-5.452200770378112793e-02
-3.390305638313293457e-01
-1.513436079025268555e+00
-1.103561818599700928e-01
-1.419692873954772949e+00
-7.127592563629150391e-01
8.565610051155090332e-01
-8.611748218536376953e-01
-5.129411816596984863e-02
-4.223519265651702881e-01
-6.336307525634765625e-01
1.550025343894958496e+00
-1.007079362869262695e+00
-7.482904195785522461e-01
-1.009033679962158203e+00
-8.782131075859069824e-01
-7.630800604820251465e-01
4.589289426803588867e-01
-4.211961030960083008e-01
6.059513986110687256e-02
-4.982596039772033691e-01
-8.290934562683105469e-02
6.587528586387634277e-01
1.390336155891418457e-01
4.439889192581176758e-01
-1.832581162452697754e-01
-7.183241844177246094e-01
1.429691910743713379e-01
-4.836687743663787842e-01
5.236408114433288574e-01
-4.314271807670593262e-01
1.298684179782867432e-01
-6.710975170135498047e-01
-2.003418803215026855e-01
3.276912271976470947e-01
-6.390768885612487793e-01
4.783537983894348145e-02
-8.435554504394531250e-01
-1.863239407539367676e-01
-3.357706964015960693e-01
-5.702836811542510986e-02
-7.184181213378906250e-01
7.698692381381988525e-02
-5.466887950897216797e-01
-3.921677470207214355e-01
-2.805809974670410156e-01
-6.432335376739501953e-01
1.929699182510375977e-01
-1.110575914382934570e+00
1.775473356246948242e-02
1.768363714218139648e-01
-6.048249006271362305e-01
2.259671092033386230e-01
-1.030074596405029297e+00
-1.207337617874145508e+00
-4.766885340213775635e-01
4.008457064628601074e-01
-1.157018423080444336e+00
-9.694080948829650879e-01
3.206565380096435547e-01
1.987821757793426514e-01
-3.994317650794982910e-01
-3.558588922023773193e-01
4.329884052276611328e-02
-2.272456139326095581e-01
-6.629505157470703125e-01
-3.163890361785888672e+00
-5.205708742141723633e-02
-1.318405568599700928e-01
-3.851650655269622803e-01
6.034413576126098633e-01
-8.753249645233154297e-01
-6.439553499221801758e-01
-2.821270823478698730e-01
-6.887435913085937500e-01
-9.224704504013061523e-01
-1.144615292549133301e+00
4.322994351387023926e-01
-4.136519432067871094e-01
2.928908169269561768e-01
-2.506858408451080322e-01
7.768298387527465820e-01
7.771161794662475586e-01
-3.369575738906860352e-02
-4.028100371360778809e-01
-3.020793199539184570e-02
2.262143492698669434e-01
7.377619743347167969e-01
3.288024663925170898e-02
-7.888399958610534668e-01
-2.199864238500595093e-01
-1.353362083435058594e+00
-5.746122598648071289e-01
-4.539719820022583008e-01
-5.069617033004760742e-01
-9.316611289978027344e-01
1.499835848808288574e-01
4.598398208618164062e-01
-2.061840891838073730e-02
7.752364873886108398e-01
-6.001701354980468750e-01
-1.050247251987457275e-01
