-1.661032438278198242e-03
-8.699324727058410645e-02
-5.673171877861022949e-01
-4.125818908214569092e-01
-5.590364336967468262e-01
-1.218860298395156860e-01
-2.053292274475097656e+00
-5.075008869171142578e-01
3.639793395996093750e-02
7.150425314903259277e-01
-4.527784883975982666e-01
4.804236292839050293e-01
2.966363728046417236e-01
-9.441796541213989258e-01
-1.292681932449340820e+00
9.974596500396728516e-01
-1.247712492942810059e+00
4.099197089672088623e-01
-2.590993642807006836e-01
-6.140043139457702637e-01
-4.305565357208251953e-02
-6.591469049453735352e-01
6.935358047485351562e-03
-8.291283249855041504e-02
-1.097724199295043945e+00
4.498862922191619873e-01
-7.009539008140563965e-02
4.437393844127655029e-01
-3.547390401363372803e-01
-5.806753635406494141e-01
2.535271048545837402e-01
6.253870129585266113e-01
6.610311269760131836e-01
3.301203250885009766e-03
-7.924064993858337402e-01
-8.269879817962646484e-01
1.956247687339782715e-01
2.619494199752807617e-01
2.978316545486450195e-01
-5.109946131706237793e-01
-4.183522462844848633e-01
-2.226551175117492676e-01
-6.217589974403381348e-01
-1.446170806884765625e+00
-8.947969079017639160e-01
-2.986958622932434082e-01
-2.432534098625183105e-01
-8.833792209625244141e-01
5.444943904876708984e-01
8.808946609497070312e-02
1.056539416313171387e+00
-9.044110774993896484e-03
-1.665450036525726318e-01
-6.265959739685058594e-01
1.328866928815841675e-02
-1.056363940238952637e+00
2.827457785606384277e-01
5.357525944709777832e-01
-1.227074265480041504e+00
-9.655244350433349609e-01
5.255165100097656250e-01
-4.620943367481231689e-01
6.108244657516479492e-01
-2.229967713356018066e-02
-2.017784118652343750e-02
-1.441873013973236084e-01
1.934932470321655273e-01
-6.931555271148681641e-02
-4.131568968296051025e-01
-1.061521291732788086e+00
-1.919695138931274414e-01
2.727387547492980957e-01
-1.191917508840560913e-01
-7.824472188949584961e-01
-9.568568468093872070e-01
-3.438479602336883545e-01
-4.870035648345947266e-01
-7.491771578788757324e-01
-1.159441232681274414e+00
-9.380108118057250977e-01
-2.222363948822021484e-01
-1.011539816856384277e+00
6.260043382644653320e-02
2.995783388614654541e-01
-9.916155338287353516e-01
-2.105721235275268555e-01
-7.669197916984558105e-01
-3.622174263000488281e-01
-2.072492837905883789e-01
-3.401765227317810059e-02
-3.746311366558074951e-02
-5.019041299819946289e-01
-4.599196314811706543e-01
-6.111329793930053711e-01
-6.820663213729858398e-01
-8.560085296630859375e-01
5.062052011489868164e-01
-1.022726774215698242e+00
-7.784115672111511230e-01
6.769433021545410156e-01
-2.381533384323120117e-01
-5.936766862869262695e-01
-1.057046353816986084e-01
6.915524601936340332e-02
-6.649258732795715332e-01
-4.526601433753967285e-01
-8.979588150978088379e-01
-1.658459544181823730e+00
-1.924561858177185059e-01
-1.061597168445587158e-01
-7.477276325225830078e-01
-1.356832742691040039e+00
-3.665722906589508057e-01
3.680482506752014160e-01
-9.014666080474853516e-03
-1.075006723403930664e+00
-3.760977983474731445e-01
2.546685338020324707e-01
1.301153898239135742e+00
3.761105239391326904e-02
5.569473505020141602e-01
-2.630100250244140625e-01
-3.803352713584899902e-01
-1.137290477752685547e+00
6.322988271713256836e-01
7.365113496780395508e-02
-8.302497863769531250e-02
-3.266758620738983154e-01
7.972007989883422852e-01
-7.150299549102783203e-01
-8.839464187622070312e-02
-8.793307840824127197e-02
-1.106127381324768066e+00
1.311075687408447266e-02
-1.125983476638793945e+00
1.282596707344055176e+00
2.453090250492095947e-01
-3.763545751571655273e-01
-1.164265871047973633e-01
1.965960860252380371e-01
-6.308681964874267578e-01
9.087774157524108887e-02
-8.601980805397033691e-01
5.133908987045288086e-01
6.877143383026123047e-01
3.174183666706085205e-01
3.474462628364562988e-01
-3.000931143760681152e-01
-1.068039178848266602e+00
-8.813995122909545898e-01
1.371802091598510742e+00
-5.048000216484069824e-01
3.746078610420227051e-01
-1.535196781158447266e+00
-3.231165409088134766e-01
-1.017643451690673828e+00
-3.115624785423278809e-01
-5.289053916931152344e-01
5.160717368125915527e-01
1.243123769760131836e+00
-7.985761165618896484e-01
-1.426565647125244141e-01
8.688758611679077148e-01
4.928148984909057617e-01
-8.402537107467651367e-01
-6.503818035125732422e-01
-9.394861459732055664e-01
2.628553807735443115e-01
-1.003533124923706055e+00
-1.045173645019531250e+00
-1.055231094360351562e+00
-4.247376322746276855e-01
-1.506474256515502930e+00
-1.016397476196289062e+00
-4.553751945495605469e-01
1.863546371459960938e-01
-1.539938449859619141e-01
-1.393139362335205078e-03
1.464645266532897949e-01
-2.423483431339263916e-01
-8.006500005722045898e-01
3.421211242675781250e-02
-2.369001805782318115e-01
7.102310657501220703e-01
4.721841216087341309e-02
-7.083916664123535156e-01
-1.541267037391662598e-01
-4.193605780601501465e-01
-8.585687279701232910e-01
-8.861699700355529785e-01
-6.490082740783691406e-01
2.213761210441589355e-02
-6.710047125816345215e-01
-1.347607970237731934e-01
4.988569915294647217e-01
-1.393494367599487305e+00
-1.294927597045898438e-01
-1.270742118358612061e-01
-9.503563046455383301e-01
