-6.306865215301513672e-01
1.170624852180480957e+00
2.994365215301513672e+00
1.676003694534301758e+00
1.261590480804443359e+00
-6.832585930824279785e-01
-2.588515281677246094e-01
1.248191714286804199e+00
4.002220630645751953e-01
8.323812484741210938e-01
9.221889376640319824e-01
7.277957797050476074e-01
2.148971259593963623e-01
3.338117361068725586e+00
1.049702405929565430e+00
2.927985191345214844e+00
-4.462101757526397705e-01
9.019035100936889648e-01
-8.487242460250854492e-01
1.165135741233825684e+00
8.167743682861328125e-03
2.276171147823333740e-01
2.022716999053955078e+00
-1.559866428375244141e+00
-9.601441621780395508e-01
9.178631901741027832e-01
-4.288765788078308105e-02
-4.309468865394592285e-01
-4.527381062507629395e-01
3.808701038360595703e-02
-5.367480516433715820e-01
3.170036971569061279e-01
5.293926000595092773e-01
1.042749166488647461e+00
-8.827388286590576172e-01
-6.437480449676513672e-03
1.725588440895080566e+00
1.661736369132995605e-01
1.915637850761413574e+00
-6.198310852050781250e-01
-5.298050642013549805e-01
1.600582957267761230e+00
-4.946016669273376465e-01
-3.237392306327819824e-01
-4.967060685157775879e-01
8.812258839607238770e-01
-1.365888476371765137e+00
5.121235847473144531e-01
1.967654466629028320e+00
-7.064418792724609375e-01
5.684409141540527344e-01
8.352897167205810547e-01
1.428921073675155640e-01
-2.931946218013763428e-01
5.840818285942077637e-01
-5.747801661491394043e-01
9.222880005836486816e-01
-2.905922234058380127e-01
5.305140018463134766e-01
3.188701272010803223e-01
1.458828926086425781e+00
-6.767397522926330566e-01
1.305763959884643555e+00
-5.173155069351196289e-01
3.606367588043212891e+00
-8.636104464530944824e-01
1.930780172348022461e+00
8.635986447334289551e-01
-1.033576488494873047e+00
3.430391788482666016e+00
1.610193610191345215e+00
-5.013145804405212402e-01
-3.056886792182922363e-01
-4.216605424880981445e-02
-5.393438339233398438e-01
3.111096382141113281e+00
-3.095434904098510742e-01
3.320978879928588867e+00
-1.029695630073547363e+00
-1.239827632904052734e+00
7.351893186569213867e-01
3.993928432464599609e-01
9.788261651992797852e-01
-2.250020354986190796e-01
-1.076386451721191406e+00
1.725734472274780273e+00
-5.447595119476318359e-01
4.131004333496093750e+00
5.344059467315673828e-01
1.183136105537414551e-01
-9.606764316558837891e-01
-2.344421744346618652e-01
7.100646495819091797e-01
2.415818214416503906e+00
-5.250253677368164062e-01
2.023921966552734375e+00
9.465726613998413086e-01
6.579224467277526855e-01
1.509456038475036621e+00
1.069090366363525391e+00
9.427459239959716797e-01
-1.063923358917236328e+00
2.421549320220947266e+00
6.659005284309387207e-01
-6.506564617156982422e-01
1.394188404083251953e+00
1.639949083328247070e+00
1.378839969635009766e+00
2.721524238586425781e-02
-5.778344869613647461e-01
2.644181549549102783e-01
-4.466896355152130127e-01
-1.189145445823669434e+00
2.211537837982177734e+00
-5.444180369377136230e-01
2.439824104309082031e+00
-2.602532505989074707e-02
2.595066070556640625e+00
5.436179041862487793e-01
-6.787370443344116211e-01
4.741041958332061768e-01
4.382953643798828125e-01
3.362675428390502930e+00
-2.309584319591522217e-01
4.064843952655792236e-01
1.165025606751441956e-01
-9.254622459411621094e-01
-4.525656700134277344e-01
-5.319834351539611816e-01
2.452386617660522461e-01
-2.261086702346801758e-01
1.405272334814071655e-01
-2.082096934318542480e-01
-8.772666454315185547e-01
-4.752587974071502686e-01
2.008440732955932617e+00
8.655771017074584961e-01
2.641276121139526367e-01
1.522499680519104004e+00
-3.075244426727294922e-01
6.054222583770751953e-02
4.395523965358734131e-01
1.281194090843200684e-01
1.366108417510986328e+00
2.025489330291748047e+00
3.264801800251007080e-01
-1.374586820602416992e-01
3.331903219223022461e-01
2.417171001434326172e-01
3.591181993484497070e+00
-3.269950449466705322e-01
-1.171833634376525879e+00
9.314074516296386719e-01
1.118789464235305786e-01
2.802443504333496094e-01
-1.052186489105224609e-01
-6.635019183158874512e-01
-1.018352746963500977e+00
1.559646278619766235e-01
-1.074995756149291992e+00
5.326286554336547852e-01
5.667483210563659668e-01
4.004956483840942383e-01
1.510617971420288086e+00
1.702116370201110840e+00
2.254324704408645630e-01
-1.349612951278686523e+00
6.864129900932312012e-01
3.392541408538818359e+00
1.452606439590454102e+00
3.758485913276672363e-01
-1.126751899719238281e+00
-5.153565406799316406e-01
2.967945933341979980e-01
3.722497940063476562e+00
-9.814757108688354492e-02
-4.127422273159027100e-01
5.050420761108398438e-03
5.380645394325256348e-02
-7.492008805274963379e-01
3.178411722183227539e-01
-6.318992376327514648e-01
-4.433926194906234741e-02
3.642221093177795410e-01
-3.835285902023315430e-01
2.766515016555786133e-01
3.342371225357055664e+00
2.198130190372467041e-01
4.290958404541015625e+00
1.568745672702789307e-01
3.630796074867248535e-01
3.099591016769409180e+00
2.922590017318725586e+00
-2.048881351947784424e-01
-6.610772609710693359e-01
-1.109178185462951660e+00
4.000068664550781250e+00
-6.456404328346252441e-01
7.801753282546997070e-01
