-1.816503107547760010e-01
-4.634512066841125488e-01
1.454725861549377441e-01
1.221696436405181885e-01
2.282795011997222900e-01
-3.133909702301025391e-01
1.575212478637695312e-01
1.051416397094726562e-01
1.437353610992431641e+00
-3.577017486095428467e-01
-3.001944720745086670e-01
-8.192819356918334961e-02
-1.424655318260192871e-03
2.892381548881530762e-01
3.498336672782897949e-01
-5.941745042800903320e-01
-1.290878772735595703e+00
-8.371903300285339355e-01
1.821542829275131226e-01
-1.799089014530181885e-01
-6.752834916114807129e-01
-4.819213151931762695e-01
-1.392493247985839844e-01
-7.178772687911987305e-01
3.390294313430786133e-01
-2.577629685401916504e-01
3.811780214309692383e-01
-3.440228104591369629e-02
-3.826033771038055420e-01
3.451535403728485107e-01
-7.992732524871826172e-01
-1.676684617996215820e-01
1.364743709564208984e-02
-5.704593658447265625e-01
-1.183567047119140625e+00
-3.284442424774169922e-02
-6.829028725624084473e-01
2.227302193641662598e-01
-1.013855695724487305e+00
-3.758543431758880615e-01
2.255995869636535645e-01
-3.019491434097290039e-01
7.929790019989013672e-01
2.679789662361145020e-01
8.704177737236022949e-01
-1.330957174301147461e+00
-2.435516417026519775e-01
-1.630392074584960938e-01
-9.798870086669921875e-01
-3.968401551246643066e-01
-3.825247287750244141e-01
-1.317183971405029297e+00
4.935440719127655029e-01
4.770549833774566650e-01
1.229139566421508789e-01
-1.300842761993408203e-01
-6.737604737281799316e-01
1.697870790958404541e-01
-1.574758291244506836e-01
1.077672243118286133e+00
-1.036442518234252930e+00
-3.665827214717864990e-01
-2.826273441314697266e-01
-2.262752056121826172e-01
-8.138530850410461426e-01
1.120735704898834229e-01
1.480291366577148438e+00
-5.310378670692443848e-01
-4.169583916664123535e-01
-9.549817442893981934e-01
1.702428013086318970e-01
-2.757461667060852051e-01
-4.419341087341308594e-01
-1.232409775257110596e-01
-1.112906455993652344e+00
6.589543223381042480e-01
-4.616184234619140625e-01
-5.070194602012634277e-01
-1.105144739151000977e+00
-3.644699454307556152e-01
-6.844708323478698730e-01
-4.565293788909912109e-01
-1.453319489955902100e-01
-1.226343750953674316e+00
-3.858272552490234375e+00
-2.415803074836730957e-02
-8.502340912818908691e-01
-7.022460699081420898e-01
-1.013084799051284790e-01
-1.163961410522460938e+00
-8.931050896644592285e-01
4.191815257072448730e-01
-8.624042272567749023e-01
-4.786219596862792969e-01
5.623265504837036133e-01
1.272583603858947754e-01
2.447030842304229736e-01
-7.916545271873474121e-01
2.542908489704132080e-02
5.405285954475402832e-01
-2.100788056850433350e-01
-3.088905811309814453e-01
-1.600283384323120117e-02
-5.846963524818420410e-01
-4.941145777702331543e-01
5.258202552795410156e-03
4.307803511619567871e-01
-2.215856790542602539e+00
-1.063001751899719238e+00
-2.178452908992767334e-01
-4.546529650688171387e-01
-1.838262677192687988e-01
2.092288434505462646e-01
9.225265681743621826e-02
-2.632232308387756348e-01
1.953095495700836182e-01
9.379949569702148438e-01
8.057481050491333008e-01
5.876146554946899414e-01
6.149784475564956665e-02
4.800289869308471680e-01
-5.710152983665466309e-01
-3.386776447296142578e-01
-4.911386370658874512e-01
6.469430923461914062e-01
4.509257078170776367e-01
-4.580724239349365234e-01
4.817217588424682617e-02
-6.839874982833862305e-01
1.827311515808105469e-01
-8.093930482864379883e-01
-3.869784474372863770e-01
-1.377504706382751465e+00
4.664189517498016357e-01
-9.487536549568176270e-02
-6.755318045616149902e-01
5.575823783874511719e-01
-5.262312293052673340e-01
-4.045493900775909424e-01
-5.051751136779785156e-01
4.740569591522216797e-01
1.267403364181518555e-02
5.735143423080444336e-01
9.269159436225891113e-01
-6.982522010803222656e-01
-6.284058690071105957e-01
6.513796448707580566e-01
-1.235783696174621582e+00
-1.082166194915771484e+00
1.102889299392700195e+00
-4.473711252212524414e-01
-6.834409832954406738e-01
-4.631828665733337402e-01
-5.956684947013854980e-01
-8.653808832168579102e-01
-1.171767234802246094e+00
-5.483645200729370117e-02
4.001779854297637939e-02
7.844834029674530029e-02
-9.585883617401123047e-01
1.322716474533081055e-01
-3.940746784210205078e-01
-1.537877559661865234e+00
-1.588447690010070801e-01
2.534577250480651855e-02
-7.367194890975952148e-01
3.083824813365936279e-01
5.243894457817077637e-02
-1.304815292358398438e+00
-6.315660476684570312e-02
-9.246490001678466797e-01
-8.563503026962280273e-01
-5.208761096000671387e-01
-5.073924064636230469e-01
-2.461852580308914185e-01
4.062482416629791260e-01
-1.273592233657836914e+00
1.050811648368835449e+00
-7.848689556121826172e-01
2.845543622970581055e-01
-3.707648515701293945e-01
-1.545000076293945312e-01
-4.691527485847473145e-01
1.113591194152832031e+00
-4.725887775421142578e-01
-4.262730777263641357e-01
-1.088305711746215820e+00
-1.246294140815734863e+00
-1.381563544273376465e-01
-1.480225920677185059e-01
2.627199888229370117e-02
1.092936992645263672e-01
-5.272606015205383301e-02
-2.041202783584594727e-02
-5.644758343696594238e-01
5.952202677726745605e-01
-1.475151777267456055e-01
-1.051551103591918945e+00
8.658120036125183105e-02
