-1.785382330417633057e-01
-9.251286983489990234e-01
9.271471500396728516e-01
-4.782876670360565186e-01
-2.442127466201782227e-01
-1.872615516185760498e-01
-7.671862840652465820e-03
3.755107402801513672e+00
2.973530292510986328e-01
8.762989640235900879e-01
1.070641994476318359e+00
1.063103556632995605e+00
-1.003007411956787109e+00
-9.505679607391357422e-01
4.963591098785400391e-01
7.355356216430664062e-02
4.683617949485778809e-01
2.647842168807983398e+00
3.571602702140808105e-01
-9.721291065216064453e-01
1.575198173522949219e+00
-6.601991057395935059e-01
-3.142279386520385742e-01
1.462919354438781738e+00
2.621568679809570312e+00
-2.384841293096542358e-01
1.164777278900146484e-01
1.613746404647827148e+00
-2.725193798542022705e-01
4.821012914180755615e-01
3.353183269500732422e-01
-2.420161366462707520e-01
-3.851235806941986084e-01
-4.921356439590454102e-01
-1.505618572235107422e+00
-4.190331995487213135e-01
8.260223865509033203e-01
-8.258686661720275879e-01
-1.189619302749633789e+00
8.382498621940612793e-01
1.120691776275634766e+00
5.978426933288574219e-01
2.354036569595336914e-01
9.667613506317138672e-01
-2.591802477836608887e-01
4.378286004066467285e-01
1.710964560508728027e+00
-1.414358019828796387e-01
4.319591999053955078e+00
2.585635423660278320e+00
1.120190024375915527e-01
1.626240611076354980e+00
7.026810646057128906e-01
1.227708220481872559e+00
1.104538142681121826e-01
-1.307011246681213379e-01
3.530101180076599121e-01
2.539626598358154297e+00
3.435655832290649414e-01
7.373652458190917969e-01
2.417992055416107178e-01
7.177516222000122070e-01
8.873145282268524170e-02
-4.098756611347198486e-01
-5.816516876220703125e-01
-8.939901590347290039e-01
1.741285324096679688e+00
1.717452049255371094e+00
-1.963548064231872559e-01
1.344926357269287109e+00
-1.337230205535888672e-03
-2.775228619575500488e-01
4.713725149631500244e-01
8.513767719268798828e-01
3.573190212249755859e+00
5.151588916778564453e-01
2.663458585739135742e+00
9.878309965133666992e-01
-2.835919857025146484e-01
-1.935926675796508789e-01
1.894719481468200684e+00
-9.873173236846923828e-01
2.102771043777465820e+00
2.093574523925781250e+00
7.307206988334655762e-01
1.299059271812438965e+00
-7.790308594703674316e-01
-4.446565508842468262e-01
-1.388341188430786133e-01
-4.168649017810821533e-01
-3.241468071937561035e-01
1.890729427337646484e+00
2.909075260162353516e+00
-4.319870173931121826e-01
-3.519322872161865234e-01
5.530962944030761719e-01
2.015555620193481445e+00
4.452782630920410156e+00
1.351446270942687988e+00
8.245931863784790039e-01
-9.825581908226013184e-01
9.947453737258911133e-01
-9.235038161277770996e-01
1.063049286603927612e-01
2.866702556610107422e+00
-1.535569727420806885e-01
5.023837089538574219e-03
9.782773256301879883e-01
-4.024503231048583984e-01
-6.726679205894470215e-01
5.732883214950561523e-01
1.420615434646606445e+00
1.373953819274902344e-01
3.895546197891235352e+00
8.367352485656738281e-01
4.855134487152099609e-01
1.088573575019836426e+00
9.572353363037109375e-01
4.008335173130035400e-01
4.953282475471496582e-01
-8.155031800270080566e-01
1.976367712020874023e+00
-1.238627433776855469e-01
-5.411583781242370605e-01
7.161673903465270996e-01
1.549061298370361328e+00
7.492834925651550293e-01
-9.999930858612060547e-03
2.703507423400878906e+00
2.314453721046447754e-01
-2.024497538805007935e-01
1.046000719070434570e-01
-4.468042850494384766e-01
-4.138981103897094727e-01
5.648992061614990234e-01
-2.723538279533386230e-01
2.382898807525634766e+00
2.888064861297607422e+00
2.663351058959960938e+00
6.500107049942016602e-01
2.799466848373413086e-01
-2.478863000869750977e-01
1.720929265022277832e+00
-1.975436508655548096e-01
-7.315331697463989258e-01
-4.216727018356323242e-01
-5.177150964736938477e-01
-5.006874203681945801e-01
-6.991207003593444824e-01
1.955630779266357422e+00
1.273090600967407227e+00
-5.825811624526977539e-02
3.180771470069885254e-01
2.143087387084960938e+00
-1.506227612495422363e+00
1.209035396575927734e+00
-5.940494537353515625e-01
-2.325928211212158203e-01
1.261571526527404785e+00
3.423219025135040283e-01
7.167461514472961426e-02
2.706648826599121094e+00
1.340786933898925781e+00
2.676072716712951660e-01
1.411709904670715332e+00
-6.267957091331481934e-01
2.286882996559143066e-01
7.958353757858276367e-01
-7.973932027816772461e-01
7.467599511146545410e-01
3.047262430191040039e-01
2.226854562759399414e-01
3.246566057205200195e-01
1.071981430053710938e+00
-8.054192662239074707e-01
-7.943018674850463867e-01
-6.959903240203857422e-02
9.525688886642456055e-01
3.685548901557922363e-01
6.549001932144165039e-01
-9.278837442398071289e-01
-1.072365641593933105e-01
2.926836609840393066e-01
6.120510697364807129e-01
3.311843872070312500e+00
-8.547141551971435547e-01
-4.379036426544189453e-01
4.873586893081665039e-01
-1.340745091438293457e+00
1.014810800552368164e+00
-2.712440490722656250e-01
-1.018887758255004883e-02
-8.869845867156982422e-01
-4.071091413497924805e-01
-7.517582178115844727e-01
-3.375261723995208740e-01
-2.332760095596313477e-01
1.304648756980895996e+00
-7.551438808441162109e-01
