1.998285531997680664e+00
2.065099000930786133e+00
8.081001639366149902e-01
-4.834187030792236328e-02
3.780323266983032227e-02
4.068027436733245850e-01
-5.384677052497863770e-01
-1.183049976825714111e-01
3.621628284454345703e+00
5.627176761627197266e-01
-5.196816921234130859e-01
1.752907276153564453e+00
2.910340309143066406e+00
8.264424204826354980e-01
1.378111720085144043e+00
6.756492257118225098e-01
5.891797542572021484e-01
3.503254652023315430e-01
-4.989181160926818848e-01
1.125779032707214355e+00
-2.367059141397476196e-01
-1.735863685607910156e-01
1.975366711616516113e+00
3.716250896453857422e+00
-2.375127226114273071e-01
-2.257656753063201904e-01
4.081335961818695068e-01
-3.775065541267395020e-01
3.004380702972412109e+00
-5.269114971160888672e-01
1.450375795364379883e+00
1.575953245162963867e+00
4.186268448829650879e-01
-1.507227420806884766e-01
5.612683296203613281e-01
5.683205723762512207e-01
2.112776041030883789e+00
1.338567137718200684e+00
2.836934089660644531e+00
1.541552305221557617e+00
-3.905453383922576904e-01
4.381995797157287598e-01
4.614467620849609375e+00
1.729287028312683105e+00
1.490023612976074219e+00
1.444073677062988281e+00
-2.639148831367492676e-01
3.338975012302398682e-01
-1.169443726539611816e-01
4.525957703590393066e-01
3.303956270217895508e+00
1.962732672691345215e-01
1.104174971580505371e+00
1.366041660308837891e+00
-5.083383321762084961e-01
6.010092496871948242e-01
1.419772863388061523e+00
9.430682659149169922e-02
2.687098681926727295e-01
-7.438686490058898926e-02
-5.563327074050903320e-01
3.611320018768310547e+00
7.957289218902587891e-01
8.910103440284729004e-01
-3.212782740592956543e-02
1.262486219406127930e+00
-1.017796322703361511e-01
-2.893906831741333008e-02
-8.710483312606811523e-01
9.412133693695068359e-01
1.680553317070007324e+00
-3.607643246650695801e-01
-8.932632207870483398e-02
5.723553299903869629e-01
-5.713622570037841797e-01
-2.882387042045593262e-01
1.525913953781127930e+00
3.103260695934295654e-01
8.484752178192138672e-01
-6.463035941123962402e-02
-1.178868293762207031e+00
-2.411365211009979248e-01
-5.252224206924438477e-01
7.736858129501342773e-01
1.491577267646789551e+00
1.110967755317687988e+00
1.469573616981506348e+00
9.116670489311218262e-02
1.564323186874389648e+00
-8.657363653182983398e-01
8.378508687019348145e-01
3.490379333496093750e+00
-1.882576942443847656e-02
1.376512527465820312e+00
1.218232154846191406e+00
1.794034242630004883e+00
1.483667373657226562e+00
-8.545612692832946777e-01
7.580481171607971191e-01
2.067759633064270020e-02
2.946166992187500000e+00
6.669870018959045410e-01
5.512688159942626953e-01
1.173313856124877930e+00
-6.213781237602233887e-02
7.823354601860046387e-01
-3.041824996471405029e-01
-4.036492109298706055e-01
-2.096427083015441895e-01
4.842341542243957520e-01
-3.953598141670227051e-01
7.469393014907836914e-01
-2.596998810768127441e-01
6.473920345306396484e-01
-9.640806317329406738e-01
1.057235002517700195e+00
8.002358675003051758e-01
3.585583865642547607e-01
7.191153168678283691e-01
-6.269860267639160156e-02
1.336275815963745117e+00
-4.902462959289550781e-01
-1.480230987071990967e-01
-1.120858550071716309e+00
-4.490673542022705078e-01
-4.477024376392364502e-01
1.092786788940429688e+00
1.467162132263183594e+00
1.085036695003509521e-01
1.360853075981140137e+00
-5.752947926521301270e-02
4.722401618957519531e+00
1.116621375083923340e+00
7.709431052207946777e-01
-2.857987582683563232e-01
6.980618238449096680e-01
-1.004783511161804199e-01
1.180617213249206543e+00
-4.132647514343261719e-01
-7.184773683547973633e-01
-8.382262587547302246e-01
4.732072055339813232e-01
2.297137379646301270e-01
3.976342082023620605e-01
-8.172259330749511719e-01
-5.460687279701232910e-01
1.672599017620086670e-01
-3.741531074047088623e-01
-9.460172653198242188e-01
-7.418411970138549805e-01
1.844745397567749023e+00
1.249217391014099121e+00
1.672569811344146729e-01
-8.229570388793945312e-01
-9.475833177566528320e-01
3.351648449897766113e-01
9.293999671936035156e-01
1.714451432228088379e+00
-9.511718750000000000e-01
1.823778390884399414e+00
3.214107036590576172e+00
8.304548859596252441e-01
1.914047598838806152e-01
-7.934648990631103516e-01
-5.359381437301635742e-03
-9.919834136962890625e-01
-3.822340071201324463e-02
-1.626946628093719482e-01
2.267100811004638672e-01
1.217775344848632812e+00
1.192870885133743286e-01
-6.413872539997100830e-02
-8.899673819541931152e-02
6.380838155746459961e-01
-5.157487392425537109e-01
-9.143662452697753906e-01
-4.216962754726409912e-01
2.066906690597534180e+00
-1.115713834762573242e+00
1.341947436332702637e+00
-4.111001789569854736e-01
-3.070850372314453125e-01
-4.057918190956115723e-01
3.825478792190551758e+00
1.590162754058837891e+00
-2.299242019653320312e-01
5.871859192848205566e-01
3.704817771911621094e+00
9.967805743217468262e-01
9.491241723299026489e-02
-2.810216248035430908e-01
1.569361567497253418e+00
8.006533980369567871e-02
-4.137690365314483643e-01
1.201031804084777832e-01
-1.481510698795318604e-01
9.205635786056518555e-01
-1.443128585815429688e-01
2.991631746292114258e+00
