2.525445818901062012e-01
1.552277803421020508e-02
-5.551318526268005371e-01
1.293280601501464844e+00
7.591335177421569824e-01
5.913473367691040039e-01
-9.714828133583068848e-01
-7.682295441627502441e-01
3.174105882644653320e+00
5.307978391647338867e-01
3.542454957962036133e+00
1.097968339920043945e+00
2.246183454990386963e-01
-5.569025874137878418e-01
-5.554298162460327148e-01
-6.523331403732299805e-01
1.959976315498352051e+00
1.167806267738342285e+00
-4.359847009181976318e-01
1.599578022956848145e+00
1.715601384639739990e-01
8.790977597236633301e-01
7.658634781837463379e-01
1.383955478668212891e+00
-3.171080350875854492e-01
1.329490661621093750e+00
2.314543247222900391e+00
5.605521202087402344e-01
-4.683952331542968750e-01
2.547664403915405273e+00
1.374804258346557617e+00
-6.796257495880126953e-01
2.011507272720336914e+00
3.155637383460998535e-01
-2.298500239849090576e-01
4.346550703048706055e-01
-9.777724742889404297e-03
4.136449813842773438e+00
1.259757041931152344e+00
1.204162836074829102e-02
-5.685036778450012207e-01
1.599485635757446289e+00
4.245148301124572754e-01
-2.721612453460693359e-01
-5.410799384117126465e-02
-9.106044769287109375e-01
1.141983628273010254e+00
2.811432600021362305e+00
-2.807830870151519775e-01
-6.750137209892272949e-01
-3.227944374084472656e-01
-1.937875300645828247e-01
1.305738329887390137e+00
1.390858292579650879e+00
9.148198366165161133e-02
2.550602555274963379e-01
-3.793071508407592773e-01
5.487857460975646973e-01
1.160358667373657227e+00
-1.352515935897827148e+00
-2.553606331348419189e-01
1.093128204345703125e+00
-2.064597606658935547e-02
-3.598265647888183594e-01
1.869253039360046387e+00
6.592146158218383789e-01
-3.153594732284545898e-01
-1.721417903900146484e-02
2.108392715454101562e-01
7.283715605735778809e-01
4.487089157104492188e+00
-6.760374307632446289e-01
3.733526170253753662e-01
-7.118706107139587402e-01
-1.038235425949096680e-02
4.778053164482116699e-01
-1.177632927894592285e+00
-6.673992276191711426e-01
-1.848118901252746582e-01
3.076718747615814209e-01
1.730980157852172852e+00
-1.032342016696929932e-02
2.474832773208618164e+00
-5.582528710365295410e-01
9.479221701622009277e-02
3.783109784126281738e-02
1.742519497871398926e+00
-8.177274465560913086e-01
8.187561631202697754e-01
1.246868610382080078e+00
7.143075466156005859e-01
4.384861886501312256e-01
4.823290109634399414e-01
-6.003268361091613770e-01
1.262075781822204590e+00
5.182834863662719727e-01
-5.736798048019409180e-02
-9.799984097480773926e-01
2.304638028144836426e-01
9.398669004440307617e-02
4.482344388961791992e-01
1.817144870758056641e+00
4.120300710201263428e-02
1.984719038009643555e-01
-1.580085754394531250e-01
3.788317203521728516e+00
3.427950143814086914e-01
8.558338284492492676e-01
4.767729938030242920e-01
-3.556411862373352051e-01
1.253912568092346191e+00
2.036961317062377930e+00
5.230721831321716309e-01
4.101983904838562012e-01
1.369333982467651367e+00
1.315851807594299316e+00
1.359643101692199707e+00
4.121791422367095947e-01
1.740968346595764160e+00
-7.827097177505493164e-02
1.645110964775085449e+00
2.320359647274017334e-01
2.760737419128417969e+00
1.629098415374755859e+00
1.118357419967651367e+00
1.335350513458251953e+00
-6.035827398300170898e-01
7.514232397079467773e-01
6.381574273109436035e-01
1.581493169069290161e-01
-2.660580575466156006e-01
-6.419817209243774414e-01
3.849436342716217041e-02
1.599215626716613770e+00
5.685212612152099609e-01
3.833496093750000000e+00
1.361458778381347656e+00
-3.592094182968139648e-01
2.845193147659301758e+00
-4.651344120502471924e-01
-6.300115585327148438e-01
6.444433927536010742e-01
-7.428895235061645508e-01
7.807953655719757080e-02
2.568492889404296875e-01
1.081851601600646973e+00
1.597643136978149414e+00
-1.280720114707946777e+00
6.884990334510803223e-01
1.152539491653442383e+00
1.540958523750305176e+00
-6.578794717788696289e-01
-6.052359342575073242e-01
4.555930197238922119e-01
2.990615844726562500e+00
-5.958313345909118652e-01
-5.517953038215637207e-01
-2.571884989738464355e-01
3.240030407905578613e-01
-3.903151750564575195e-01
4.113366454839706421e-02
1.373118758201599121e-01
4.071633815765380859e-01
1.175056576728820801e+00
-1.269388198852539062e-02
3.648672401905059814e-01
-1.843355894088745117e-01
2.343779563903808594e+00
-8.120777606964111328e-01
2.743474960327148438e+00
-9.408295154571533203e-02
-2.936914861202239990e-01
-8.310011625289916992e-01
-7.022145390510559082e-02
4.147802293300628662e-01
6.511214375495910645e-01
-7.726132869720458984e-01
9.579285979270935059e-02
1.073291301727294922e-01
1.882065892219543457e+00
-4.353212118148803711e-01
-7.565211057662963867e-01
5.414013862609863281e-01
5.262070298194885254e-01
6.923210620880126953e-02
-7.934970259666442871e-01
-3.286989927291870117e-01
2.138723134994506836e-01
-3.748752176761627197e-01
1.747388839721679688e-01
7.909759283065795898e-01
1.048087954521179199e+00
-2.016491293907165527e-01
-9.605341553688049316e-01
2.443767070770263672e+00
-8.384838700294494629e-02
-5.180488228797912598e-01
1.673260331153869629e+00
1.418546915054321289e+00
