1.842427730560302734e+00
-9.167644381523132324e-01
1.112715005874633789e-01
7.114622592926025391e-01
-8.695054054260253906e-02
7.770805060863494873e-02
-1.445105075836181641e-01
2.888730168342590332e-01
-2.506878376007080078e-01
3.907727718353271484e+00
1.495584964752197266e+00
1.218627095222473145e-01
-5.276429653167724609e-02
2.579262971878051758e+00
-1.397035598754882812e+00
6.491574645042419434e-01
1.197462797164916992e+00
1.449531793594360352e+00
1.753446340560913086e+00
4.907899498939514160e-01
1.337214946746826172e+00
1.361432552337646484e+00
-3.575777411460876465e-01
1.734163641929626465e+00
3.414106965065002441e-01
-1.000589370727539062e+00
-1.009947776794433594e+00
1.328989863395690918e-02
7.599922418594360352e-01
-9.689187407493591309e-01
-2.478507161140441895e-02
1.377461910247802734e+00
1.425139307975769043e-01
3.718442916870117188e-01
4.605617821216583252e-01
7.114291787147521973e-01
-2.142148315906524658e-01
-2.951087951660156250e-01
4.786624431610107422e+00
4.876993894577026367e-01
9.272485971450805664e-02
-2.459821999073028564e-01
-7.228516936302185059e-01
7.553997039794921875e-01
1.796391010284423828e+00
2.156368255615234375e+00
2.905424833297729492e-01
-1.042967915534973145e+00
1.223117232322692871e+00
1.007489264011383057e-01
-4.357331395149230957e-01
5.217098593711853027e-01
4.456835985183715820e-01
3.969133198261260986e-01
9.684301614761352539e-01
-3.901235461235046387e-01
4.042401313781738281e+00
5.280779600143432617e-01
6.228425502777099609e-01
9.203230142593383789e-01
-3.084887266159057617e-01
-4.403900504112243652e-01
4.036101341247558594e+00
1.092503547668457031e+00
-9.220123291015625000e-02
-2.062534093856811523e-01
2.812261581420898438e-01
-2.438229918479919434e-01
1.185533761978149414e+00
-9.839997887611389160e-01
9.097166359424591064e-02
3.913819789886474609e-01
4.287660121917724609e-01
-1.096128702163696289e+00
1.383580446243286133e+00
7.387977838516235352e-02
-1.805886328220367432e-01
1.333471775054931641e+00
7.741856575012207031e-01
-8.125323057174682617e-02
1.728749752044677734e+00
-5.699670314788818359e-02
-1.725843548774719238e-01
7.877906560897827148e-01
-7.692068815231323242e-03
1.199811697006225586e-03
1.572157502174377441e+00
-1.770479381084442139e-01
-1.710772514343261719e-02
1.132107734680175781e+00
-3.173786401748657227e-01
-3.232291638851165771e-01
-4.873596429824829102e-01
2.225720882415771484e+00
-1.089644432067871094e-02
2.491474151611328125e+00
-6.032935976982116699e-01
-1.186542809009552002e-01
2.385655641555786133e-01
4.666062891483306885e-01
2.208152770996093750e+00
-4.650738835334777832e-02
-1.250725150108337402e+00
2.947307825088500977e+00
-8.025625944137573242e-01
-6.424202919006347656e-01
-4.070529639720916748e-01
-5.056065320968627930e-02
5.650268793106079102e-01
1.854682922363281250e+00
2.902412116527557373e-01
-1.016000390052795410e+00
3.049107074737548828e+00
-5.287779569625854492e-01
-1.936534047126770020e-02
-3.191392123699188232e-01
-1.404193937778472900e-01
3.045835018157958984e+00
-1.048167943954467773e+00
-3.209863901138305664e-01
6.689829826354980469e-01
1.475942611694335938e+00
-6.189155578613281250e-02
2.822404861450195312e+00
7.001268267631530762e-01
3.639878630638122559e-01
-1.456148922443389893e-01
-5.279897451400756836e-01
1.555509805679321289e+00
-9.887152910232543945e-02
-2.775550186634063721e-01
2.315402030944824219e-01
-2.267597168684005737e-01
-5.498350858688354492e-01
4.708969593048095703e-01
6.068609952926635742e-01
3.003932476043701172e+00
9.639377593994140625e-01
2.609999477863311768e-02
-7.274429798126220703e-01
8.563643693923950195e-01
3.457373857498168945e+00
7.013472318649291992e-01
-1.807798892259597778e-01
1.029423832893371582e+00
1.134672045707702637e+00
2.236379981040954590e-01
-8.781553506851196289e-01
-6.235479116439819336e-01
6.134759783744812012e-01
3.154989242553710938e+00
-1.449358940124511719e+00
9.343842864036560059e-01
1.992319226264953613e+00
4.564822912216186523e-01
-1.543972045183181763e-01
2.479690313339233398e-01
-1.396775245666503906e-01
1.566775798797607422e+00
1.041320085525512695e+00
-8.448201417922973633e-01
-2.721995413303375244e-01
5.074325799942016602e-01
-8.646860718727111816e-01
-3.914618492126464844e-01
1.690703988075256348e+00
8.506206274032592773e-01
3.679645359516143799e-01
1.110313892364501953e+00
1.578439235687255859e+00
3.425966024398803711e+00
-6.135621666908264160e-01
4.990110695362091064e-01
3.105277121067047119e-01
3.746389746665954590e-01
1.475502371788024902e+00
1.253560543060302734e+00
7.212925553321838379e-01
1.737163186073303223e+00
8.599498867988586426e-01
8.836786150932312012e-01
7.451207935810089111e-02
-3.687323927879333496e-01
-7.754773497581481934e-01
-3.623197972774505615e-01
3.663528203964233398e+00
7.992917299270629883e-02
7.196705788373947144e-02
7.546728104352951050e-02
-6.540721058845520020e-01
1.923970699310302734e+00
-8.903791308403015137e-01
-6.715989112854003906e-01
9.346396923065185547e-01
2.108240127563476562e+00
6.669021844863891602e-01
-3.808540105819702148e-01
1.024993300437927246e+00
-3.629620075225830078e-01
