-6.819642186164855957e-01
4.522519707679748535e-01
-2.933194339275360107e-01
-6.268490552902221680e-01
-5.824905037879943848e-01
-3.172102272510528564e-01
1.367272734642028809e-01
-7.805311679840087891e-01
-4.048172235488891602e-01
4.413203001022338867e-01
3.061676621437072754e-01
7.430214881896972656e-01
6.608091592788696289e-01
-1.264485836029052734e+00
-6.053248047828674316e-02
-4.878447055816650391e-01
1.803893804550170898e+00
3.198124766349792480e-01
4.384181499481201172e-01
2.035829424858093262e-01
-1.064773321151733398e+00
-2.894437313079833984e-01
-8.112654089927673340e-01
9.862020015716552734e-01
-1.770278215408325195e-01
-1.288464665412902832e-01
-1.015400171279907227e+00
-3.015099167823791504e-01
5.475787520408630371e-01
6.514469385147094727e-01
-1.813099980354309082e-01
-1.004985451698303223e+00
4.419704079627990723e-01
-7.838772535324096680e-01
-1.481601893901824951e-01
-4.356759488582611084e-01
8.386423587799072266e-01
-5.158485174179077148e-01
-5.105103850364685059e-01
-1.391134262084960938e-01
-1.992757022380828857e-01
-2.171720564365386963e-01
1.005539417266845703e+00
-8.903068304061889648e-01
-5.207920074462890625e-01
-9.247828125953674316e-01
-8.863228559494018555e-01
-2.931355834007263184e-01
-4.058739542961120605e-01
-2.326534390449523926e-01
-5.531344413757324219e-01
6.458890438079833984e-01
-2.439820766448974609e-02
-6.414914131164550781e-02
-2.231088280677795410e-02
-6.511567831039428711e-01
4.466450214385986328e-01
-4.416952133178710938e-01
-6.478014588356018066e-01
4.737412333488464355e-01
-3.869315385818481445e-01
-1.193233370780944824e+00
2.240923047065734863e-01
1.042684674263000488e+00
-3.092507123947143555e-01
1.837759017944335938e-01
3.658781647682189941e-01
-7.051298022270202637e-01
1.925083398818969727e-01
2.065849453210830688e-01
-3.594383001327514648e-01
-7.998489141464233398e-01
-5.103119611740112305e-01
5.798040032386779785e-01
-2.210390567779541016e-01
-1.411376237869262695e+00
-2.254747152328491211e-01
-3.143641948699951172e-01
-3.498518764972686768e-01
-5.615269541740417480e-01
4.697930812835693359e-02
-2.521076798439025879e-01
-8.840284347534179688e-01
-3.686178326606750488e-01
1.647535562515258789e-01
-1.422367691993713379e-01
3.148770928382873535e-01
-8.122214078903198242e-01
9.224583506584167480e-01
-1.239616990089416504e+00
-3.662497401237487793e-01
3.953778147697448730e-01
1.031862795352935791e-01
1.016923666000366211e+00
7.505306005477905273e-01
6.151945590972900391e-01
6.579172611236572266e-02
9.984779357910156250e-02
1.928005218505859375e-01
2.453565597534179688e-02
4.448235034942626953e-02
4.353968799114227295e-01
-3.401353359222412109e-01
7.658200860023498535e-01
-5.694940090179443359e-01
4.645302593708038330e-01
8.786493539810180664e-02
-1.887726336717605591e-01
-3.472867608070373535e-02
-1.664846688508987427e-01
3.917368054389953613e-01
-5.764995813369750977e-01
5.855513811111450195e-01
-3.295634984970092773e-01
-1.160280466079711914e+00
6.425294876098632812e-01
-9.433078765869140625e-02
4.026299715042114258e-02
-4.412713646888732910e-02
5.567598342895507812e-02
1.414780318737030029e-01
-6.318718791007995605e-01
-7.231652736663818359e-01
-9.103800058364868164e-01
-5.252850055694580078e-01
-2.746779918670654297e-01
-8.314475417137145996e-02
4.714691042900085449e-01
-5.386548042297363281e-01
2.854290008544921875e-01
-3.756186366081237793e-01
8.979770541191101074e-02
-6.067364811897277832e-01
6.373256444931030273e-01
-4.311522245407104492e-01
-3.021716773509979248e-01
-3.372147679328918457e-01
-2.765979766845703125e-01
-4.788227975368499756e-01
4.710418581962585449e-01
-7.614947557449340820e-01
-9.111150503158569336e-01
-8.288598060607910156e-01
-4.343409836292266846e-01
-1.120546817779541016e+00
-6.111358106136322021e-02
8.327409625053405762e-01
2.220026850700378418e-01
-2.238384038209915161e-01
-4.029989838600158691e-01
3.725358545780181885e-01
1.670842915773391724e-01
-1.394322514533996582e-01
-5.923079848289489746e-01
-7.044855356216430664e-01
1.014069199562072754e+00
-5.881986021995544434e-01
-5.597320795059204102e-01
-3.141947090625762939e-01
-1.002462863922119141e+00
-1.918160915374755859e-02
1.530159115791320801e-01
6.877726316452026367e-01
1.920533180236816406e+00
-3.366265594959259033e-01
-4.235584139823913574e-01
-8.811070322990417480e-01
1.142839908599853516e+00
-1.638031005859375000e-01
3.286735415458679199e-01
-7.962219715118408203e-01
2.237067222595214844e-01
8.827118277549743652e-01
9.738713502883911133e-02
-7.901930809020996094e-02
-4.258248209953308105e-01
-2.324682772159576416e-01
-4.683243930339813232e-01
-9.847370386123657227e-01
-9.403138160705566406e-01
-4.941166639328002930e-01
-3.734290003776550293e-01
-1.047573238611221313e-01
7.855406403541564941e-02
2.088057696819305420e-01
-1.892255693674087524e-01
4.470449090003967285e-01
-1.549324989318847656e-01
-1.121793985366821289e+00
3.602342307567596436e-01
-6.643279790878295898e-01
-6.001689434051513672e-01
-1.753259599208831787e-01
1.084292531013488770e+00
-1.179756522178649902e+00
4.892230033874511719e-02
5.611712336540222168e-01
4.672313332557678223e-01
-6.713304519653320312e-01
