-7.624090909957885742e-01
-4.764725267887115479e-01
-2.122831344604492188e-02
-6.194768548011779785e-01
9.033885002136230469e-01
7.514429092407226562e-02
-8.015996217727661133e-02
-4.059654474258422852e-02
2.408177107572555542e-01
1.209154844284057617e+00
5.298208594322204590e-01
-8.505731821060180664e-01
-9.886767864227294922e-01
-3.113025426864624023e-01
-7.691256403923034668e-01
-4.964996874332427979e-01
-9.059255719184875488e-01
-3.136212229728698730e-01
3.221481740474700928e-01
-1.442129850387573242e+00
-3.204535841941833496e-01
-7.238851785659790039e-01
7.384057641029357910e-01
-4.014763832092285156e-01
-6.524515151977539062e-01
3.282141685485839844e-01
-9.116916656494140625e-01
-3.380348682403564453e-01
-5.101464390754699707e-01
-6.078086793422698975e-02
3.333116173744201660e-01
-1.148574590682983398e+00
-4.780137538909912109e-02
-9.623869657516479492e-01
-1.341362237930297852e+00
-6.518677473068237305e-01
4.614219069480895996e-02
-6.128428578376770020e-01
1.872095227241516113e+00
2.821733653545379639e-01
-1.178429126739501953e+00
-4.279758334159851074e-01
-6.269740462303161621e-01
-4.326039552688598633e-02
4.833495318889617920e-01
-7.591469287872314453e-01
-3.239110112190246582e-01
-8.152869939804077148e-01
-1.407455444335937500e+00
-8.698685765266418457e-01
2.303270548582077026e-01
4.065230488777160645e-01
-1.129295349121093750e+00
-3.583658337593078613e-01
-3.296263217926025391e-01
-5.250360965728759766e-01
2.235947847366333008e-01
-5.489169955253601074e-01
6.939847469329833984e-01
-6.225829720497131348e-01
-9.026239812374114990e-02
-2.373202443122863770e-01
1.284152507781982422e+00
-8.838729858398437500e-01
1.154626607894897461e-01
-6.008470058441162109e-02
-5.264257192611694336e-01
-6.060034036636352539e-03
-1.644960641860961914e-01
-5.701389908790588379e-01
-4.378744363784790039e-01
-5.810123682022094727e-01
1.778761148452758789e-01
-1.225457906723022461e+00
9.208558797836303711e-01
-3.899415135383605957e-01
4.238017797470092773e-01
-6.296504735946655273e-01
-8.446987867355346680e-01
-6.140593290328979492e-01
1.015632152557373047e+00
4.062448143959045410e-01
-1.029997825622558594e+00
6.014168262481689453e-01
-1.091022849082946777e+00
-3.009093105792999268e-01
-6.563582420349121094e-01
-3.014543056488037109e-01
-6.319711208343505859e-01
1.078805923461914062e-01
4.370376169681549072e-01
-1.017031073570251465e-02
-1.015547037124633789e+00
1.862771272659301758e+00
8.391591310501098633e-01
-1.203125417232513428e-01
1.327603340148925781e+00
-7.565026879310607910e-01
3.039563894271850586e-01
-1.138179659843444824e+00
-5.774987936019897461e-01
4.687288105487823486e-01
-6.595327854156494141e-01
-4.695936441421508789e-01
-3.881584107875823975e-01
1.028366312384605408e-01
-4.308013617992401123e-01
-1.051683664321899414e+00
-7.275042533874511719e-01
-4.162465929985046387e-01
-4.516996443271636963e-01
-9.675866365432739258e-01
-1.389322638511657715e+00
-9.432812929153442383e-01
-3.435221910476684570e-01
-6.604729294776916504e-01
-7.100639343261718750e-01
-5.784279704093933105e-01
2.022761106491088867e-02
1.697214245796203613e-01
-6.391060352325439453e-02
5.588991641998291016e-01
4.438571929931640625e-01
-3.717019557952880859e-01
-3.040946722030639648e-01
-8.362953066825866699e-01
-6.497234106063842773e-03
-7.026312351226806641e-01
-5.119969844818115234e-01
-8.082496523857116699e-01
-1.345979928970336914e+00
-3.688899874687194824e-01
4.232276678085327148e-01
1.133810043334960938e+00
-2.378410398960113525e-01
-1.772114634513854980e-02
-6.144601106643676758e-01
-1.854213774204254150e-01
1.023139357566833496e+00
-5.850669145584106445e-01
-3.770529925823211670e-01
-2.305023670196533203e+00
-1.360606193542480469e+00
-8.405553102493286133e-01
-5.332468748092651367e-01
-1.402738571166992188e+00
2.355308234691619873e-01
-5.545421242713928223e-01
1.741123437881469727e+00
-2.624126076698303223e-01
7.114556431770324707e-01
-6.115750074386596680e-01
1.594664156436920166e-01
-6.672090291976928711e-01
3.020888268947601318e-01
-1.189076304435729980e-01
-6.343808174133300781e-01
4.315870702266693115e-01
-9.196703433990478516e-01
-1.196747124195098877e-01
-3.935143709182739258e+00
1.751254200935363770e-01
1.180626153945922852e+00
-2.906566858291625977e-01
2.134417891502380371e-01
2.490607500076293945e-01
-1.002586007118225098e+00
-1.459699153900146484e+00
-7.973542809486389160e-02
9.779959321022033691e-01
-1.042020320892333984e+00
-1.773513078689575195e+00
-1.094220638275146484e+00
-7.151666879653930664e-01
3.264328837394714355e-01
-9.023305177688598633e-01
-8.356562256813049316e-02
-6.033640503883361816e-01
1.163625419139862061e-01
-2.341017425060272217e-01
1.340328454971313477e+00
1.850045621395111084e-01
-3.694641292095184326e-01
-4.109747111797332764e-01
3.252578377723693848e-01
9.916376471519470215e-01
-1.860108226537704468e-01
-2.047511935234069824e-01
-5.349665880203247070e-01
-1.618278324604034424e-01
-4.046909511089324951e-01
7.037931680679321289e-01
-1.100350916385650635e-01
-9.553152322769165039e-02
-1.853181719779968262e-01
-1.256606698036193848e+00
-1.008810758590698242e+00
2.475104033946990967e-01
3.808963298797607422e-01
