-5.967507362365722656e-01
-5.109065175056457520e-01
7.738737463951110840e-01
2.216870307922363281e+00
-5.446822047233581543e-01
-2.834363579750061035e-01
-1.615339517593383789e-01
1.507581949234008789e+00
-1.090868234634399414e+00
1.399450063705444336e+00
1.250575900077819824e+00
6.147018671035766602e-01
-2.330149412155151367e-01
-1.328366041183471680e+00
1.625669896602630615e-01
5.697331428527832031e-01
9.877816438674926758e-01
1.667243242263793945e-01
6.357861757278442383e-01
-7.192431688308715820e-01
1.430679440498352051e+00
5.291677713394165039e-01
-3.979362249374389648e-01
4.432263374328613281e+00
9.902445077896118164e-01
-7.945692539215087891e-02
1.965129375457763672e-02
-9.705477952957153320e-01
6.472901105880737305e-01
-3.960433602333068848e-01
4.440444111824035645e-01
4.258442401885986328e+00
1.806715726852416992e+00
1.553304195404052734e-01
9.929659962654113770e-01
5.596458911895751953e-02
3.924454748630523682e-01
-1.408087313175201416e-01
-1.076010584831237793e+00
-2.933465838432312012e-01
-2.483577132225036621e-01
3.412580788135528564e-01
6.918770074844360352e-02
1.522781848907470703e+00
4.398751258850097656e-01
-5.754923820495605469e-02
-3.866122364997863770e-01
-9.292060136795043945e-02
6.543262004852294922e-01
1.343958020210266113e+00
-3.770877718925476074e-01
-4.917789697647094727e-01
6.693869829177856445e-01
1.153014421463012695e+00
6.593166589736938477e-01
-8.324017524719238281e-01
-3.066151142120361328e-01
1.512686133384704590e+00
-1.340736150741577148e-01
6.033423542976379395e-01
6.742144823074340820e-01
1.923276424407958984e+00
-3.363042771816253662e-01
1.729509592056274414e+00
-2.183013558387756348e-01
-2.136746048927307129e-02
3.722267627716064453e+00
1.507575511932373047e-01
-4.376229643821716309e-02
5.313783884048461914e-03
9.682556986808776855e-02
-4.444880187511444092e-01
7.798087596893310547e-01
-1.305373907089233398e-01
-1.864599585533142090e+00
-1.312043368816375732e-01
1.728718042373657227e+00
2.759961605072021484e+00
-9.155515432357788086e-01
6.896372437477111816e-01
5.679148435592651367e-02
1.746376633644104004e+00
1.119409441947937012e+00
-1.952960491180419922e-01
8.950887918472290039e-01
-8.403269052505493164e-01
5.073122978210449219e-01
2.821314632892608643e-01
-2.332867383956909180e-01
-2.324716150760650635e-01
-1.290449738502502441e+00
4.267050623893737793e-01
1.605199098587036133e+00
2.630976736545562744e-01
3.745064139366149902e-01
-1.391456723213195801e-01
-3.218291401863098145e-01
2.788455247879028320e+00
1.768998742103576660e+00
-1.294773578643798828e+00
-2.964639067649841309e-01
-6.587687730789184570e-01
-1.533729732036590576e-01
-1.103901147842407227e+00
-8.888306021690368652e-01
3.661275386810302734e+00
1.126282572746276855e+00
-1.507262885570526123e-01
3.347851634025573730e-01
1.834875345230102539e+00
1.762440800666809082e-01
-2.882997095584869385e-01
1.867290735244750977e+00
-5.889654159545898438e-02
2.754825949668884277e-01
-3.869388699531555176e-01
2.576440811157226562e+00
-3.843988776206970215e-01
1.756938338279724121e+00
-4.254856705665588379e-01
3.142872810363769531e+00
-8.554067015647888184e-01
2.634260654449462891e-01
2.739610671997070312e-01
-7.536642551422119141e-01
8.327908515930175781e-01
9.940543770790100098e-02
5.038210749626159668e-01
3.214278221130371094e-01
1.556909561157226562e+00
-7.351964712142944336e-02
9.914402961730957031e-01
1.216293811798095703e+00
-5.380466580390930176e-02
3.865627288818359375e+00
-2.003364861011505127e-01
2.621039152145385742e-01
7.021605968475341797e-03
3.648829460144042969e-02
-4.433361291885375977e-01
1.257675886154174805e+00
5.337121486663818359e-01
-1.065871715545654297e+00
-1.156821608543395996e+00
-9.112148880958557129e-01
8.359419107437133789e-01
1.583998203277587891e+00
7.367218136787414551e-01
-1.668928861618041992e-01
-5.034351348876953125e-02
1.862237691879272461e+00
2.036278247833251953e+00
-8.257581591606140137e-01
1.536180973052978516e+00
-2.044945955276489258e-01
4.174171447753906250e+00
-7.551574707031250000e-02
1.425479650497436523e+00
7.978855371475219727e-01
-4.288775920867919922e-01
5.262721776962280273e-01
-5.278516411781311035e-01
-5.478289127349853516e-01
2.032223701477050781e+00
1.849708318710327148e+00
1.018519043922424316e+00
2.240130305290222168e-01
3.526720106601715088e-01
-3.019686341285705566e-01
3.876253366470336914e-01
1.012703180313110352e+00
-3.670563995838165283e-01
4.114368855953216553e-01
2.422945499420166016e+00
1.178945302963256836e+00
-3.396321237087249756e-01
2.961052656173706055e+00
-8.464668989181518555e-01
3.819262027740478516e+00
-5.164979696273803711e-01
-5.932717323303222656e-01
2.067275762557983398e+00
7.363531589508056641e-01
-3.827220201492309570e-01
8.277357220649719238e-01
-8.471834659576416016e-01
7.716001272201538086e-01
-1.267695128917694092e-01
9.701684117317199707e-01
1.470908761024475098e+00
-2.629699707031250000e-01
-8.334803581237792969e-02
-1.732099950313568115e-01
6.594931483268737793e-01
3.546012639999389648e-01
2.878109216690063477e-01
1.388298749923706055e+00
-4.273519515991210938e-01
-7.183173894882202148e-01
