9.555923938751220703e-01
6.759721636772155762e-01
-2.332318723201751709e-01
-1.135506868362426758e+00
2.764162540435791016e+00
-3.650940954685211182e-01
2.786431312561035156e+00
-8.507206439971923828e-01
-7.762331962585449219e-01
-1.059925198554992676e+00
-3.962276279926300049e-01
1.012008666992187500e+00
-8.178348541259765625e-01
-1.031889617443084717e-01
3.660505115985870361e-01
1.042286157608032227e-01
-1.064182639122009277e+00
3.327274322509765625e+00
1.270590066909790039e+00
1.715080022811889648e+00
1.077177643775939941e+00
1.665739893913269043e+00
1.597526550292968750e+00
2.517037391662597656e+00
-5.513926744461059570e-01
-1.173774123191833496e+00
9.560103416442871094e-01
-3.203959465026855469e-01
-4.961032271385192871e-01
2.703981399536132812e+00
3.625374078750610352e+00
1.238137722015380859e+00
2.361923694610595703e+00
6.495118737220764160e-01
-6.163643598556518555e-01
4.010608196258544922e+00
1.779419422149658203e+00
1.525698661804199219e+00
2.543724536895751953e+00
6.839776635169982910e-01
4.694993197917938232e-01
-3.455885648727416992e-01
-3.350939452648162842e-01
4.474159181118011475e-01
9.061728119850158691e-01
4.712057113647460938e-02
2.299258708953857422e+00
2.845988273620605469e+00
-6.818285584449768066e-01
1.948198318481445312e+00
-1.392034292221069336e-01
2.436016082763671875e+00
1.299294680356979370e-01
3.662063121795654297e+00
6.595519781112670898e-01
6.524124145507812500e-01
-4.172633886337280273e-01
2.380597114562988281e+00
9.839200973510742188e-01
8.337076306343078613e-01
5.622354745864868164e-01
2.232161164283752441e-02
2.806279659271240234e-01
2.961668968200683594e-01
9.493743777275085449e-01
-3.621587157249450684e-01
1.649194955825805664e+00
1.995064616203308105e-01
2.543774247169494629e-02
1.393125891685485840e+00
4.224548935890197754e-01
2.645570039749145508e-01
-3.893624246120452881e-01
3.019030690193176270e-01
-1.042143106460571289e+00
8.335794806480407715e-01
-9.228194952011108398e-01
2.626172542572021484e+00
6.155931949615478516e-02
-1.949632167816162109e-01
6.848444938659667969e-01
-3.058619499206542969e-01
-1.141297817230224609e-01
4.113959670066833496e-01
-9.917303919792175293e-01
2.031302690505981445e+00
9.846991300582885742e-01
3.354878902435302734e+00
4.320606231689453125e+00
-1.389098614454269409e-01
2.045049071311950684e-01
2.241692304611206055e+00
1.193637013435363770e+00
3.783166706562042236e-01
2.603575289249420166e-01
1.012521147727966309e+00
1.046982407569885254e-01
7.387050390243530273e-01
-7.265506982803344727e-01
8.411296606063842773e-01
2.582034111022949219e+00
7.042953968048095703e-01
-8.663409948348999023e-01
8.298218250274658203e-02
3.326911449432373047e+00
-4.771547913551330566e-01
4.951421320438385010e-01
1.303130388259887695e+00
4.095791876316070557e-01
5.127469301223754883e-01
-1.658862233161926270e-01
8.566239476203918457e-01
1.473621964454650879e+00
1.473396420478820801e+00
7.832462787628173828e-01
-5.442075729370117188e-01
-1.482961922883987427e-01
3.460184335708618164e-01
-1.283182799816131592e-01
4.317712783813476562e-02
9.038704633712768555e-01
4.019671678543090820e-02
1.678463220596313477e+00
1.828177690505981445e+00
1.460278153419494629e+00
4.752169549465179443e-01
-7.862848043441772461e-02
2.592249393463134766e+00
-5.153005719184875488e-01
1.353814125061035156e+00
1.224879741668701172e+00
7.350420951843261719e-02
1.538166522979736328e+00
-1.166270852088928223e+00
-1.324293494224548340e+00
1.640639781951904297e+00
6.829271912574768066e-01
-6.690250635147094727e-01
3.674514055252075195e+00
-7.740004658699035645e-01
4.417670667171478271e-01
7.791472673416137695e-01
2.086523771286010742e+00
-8.619534373283386230e-01
-1.092276722192764282e-01
-2.489024400711059570e-01
1.145009994506835938e+00
1.345868349075317383e+00
7.977257370948791504e-01
3.670405745506286621e-01
4.321501255035400391e+00
6.115727424621582031e-01
-7.176154851913452148e-01
-5.707153081893920898e-01
1.492274999618530273e+00
1.080003738403320312e+00
-1.109827756881713867e-01
3.878588199615478516e+00
1.457711458206176758e+00
1.086788058280944824e+00
-1.852008849382400513e-01
-1.196162223815917969e+00
2.225033044815063477e+00
1.566068172454833984e+00
1.304113388061523438e+00
-4.392441809177398682e-01
3.403831124305725098e-01
-8.256286382675170898e-03
8.099511265754699707e-01
1.244005441665649414e+00
9.387840032577514648e-01
2.485255300998687744e-01
3.319075584411621094e+00
5.994614958763122559e-01
2.815853357315063477e+00
-2.000423669815063477e-01
1.789233446121215820e+00
3.890217542648315430e-01
2.145635336637496948e-01
1.479654312133789062e-01
-5.664784908294677734e-01
9.248626232147216797e-01
6.684867143630981445e-01
-1.073310375213623047e-01
-3.456303179264068604e-01
1.165020585060119629e+00
8.616137504577636719e-02
-6.792342066764831543e-01
-1.217034816741943359e+00
1.477836370468139648e+00
-6.946695446968078613e-01
1.237042069435119629e+00
7.510380148887634277e-01
8.588324785232543945e-01
-2.508829236030578613e-01
-6.050844192504882812e-01
-8.850033283233642578e-01
1.008597970008850098e+00
3.302566111087799072e-01
