2.024178504943847656e-01
-8.924975991249084473e-01
5.347639322280883789e-01
3.865869939327239990e-01
-3.258801102638244629e-01
-6.030717492103576660e-01
-6.445941329002380371e-02
-5.484648346900939941e-01
-1.067403554916381836e+00
-5.808731913566589355e-02
-1.438526511192321777e-01
-8.187401294708251953e-01
-1.024491548538208008e+00
2.472449541091918945e-01
-5.513720512390136719e-01
6.053126454353332520e-01
3.236921727657318115e-01
1.509460210800170898e-01
-2.733406424522399902e-01
1.425775587558746338e-01
-8.902641534805297852e-01
-3.961735963821411133e-01
2.461048662662506104e-01
1.549156904220581055e-01
-4.696057438850402832e-01
-4.322694242000579834e-01
-6.075943112373352051e-01
1.219850778579711914e-02
-4.520831108093261719e-01
-6.402834057807922363e-01
-3.187860846519470215e-01
-6.689211726188659668e-01
-4.990713000297546387e-01
-4.214980006217956543e-01
-1.397922992706298828e+00
-4.793621897697448730e-01
-4.141285121440887451e-01
1.825913786888122559e-02
-9.180104136466979980e-01
-1.113688796758651733e-01
-4.927829802036285400e-01
-1.181506812572479248e-01
-1.410923600196838379e-01
-7.481920719146728516e-01
-3.999332785606384277e-01
-4.821092486381530762e-01
-2.717589855194091797e+00
4.305171966552734375e-01
1.038948178291320801e+00
-1.947100162506103516e-01
-3.050883412361145020e-01
-5.509561896324157715e-01
-5.295399427413940430e-01
3.547453880310058594e-02
-1.906731724739074707e-02
5.014732480049133301e-01
2.825521230697631836e-01
-2.880950570106506348e-01
1.276335120201110840e-02
-1.502819538116455078e+00
2.386541515588760376e-01
-5.384162664413452148e-01
-5.416426658630371094e-01
-4.464822709560394287e-01
-7.468153238296508789e-01
1.411809325218200684e-01
-5.038973093032836914e-01
1.560230851173400879e-01
-5.031579732894897461e-01
-6.420171260833740234e-02
-3.280304968357086182e-01
2.187024354934692383e-01
-2.349239885807037354e-01
-1.741394996643066406e-01
-1.337636590003967285e+00
-2.344838231801986694e-01
-3.965636789798736572e-01
-5.724067986011505127e-02
-3.711263239383697510e-01
-8.583813905715942383e-03
-7.210242748260498047e-02
-1.025563836097717285e+00
2.180931568145751953e-01
-4.082465171813964844e-02
-9.212903380393981934e-01
-1.101076006889343262e+00
-3.837928473949432373e-01
-2.258809566497802734e+00
4.312218129634857178e-01
-1.912088990211486816e+00
1.092711687088012695e-01
3.760695457458496094e-01
6.065131723880767822e-02
7.898949384689331055e-01
-1.965543627738952637e-01
-7.116764783859252930e-02
-2.020120024681091309e-01
-4.064723849296569824e-01
-7.463573217391967773e-01
-2.648381590843200684e-01
-4.783436357975006104e-01
-1.248044967651367188e+00
-5.587179660797119141e-01
-2.556344270706176758e-01
5.066528916358947754e-01
-1.043132781982421875e+00
-6.661815047264099121e-01
-8.602672815322875977e-02
3.031366169452667236e-01
-1.442605257034301758e-02
-9.222664833068847656e-01
3.016559183597564697e-01
-4.601935148239135742e-01
-5.732593536376953125e-01
5.934802889823913574e-01
-7.201588153839111328e-02
-2.471211105585098267e-01
3.705278635025024414e-01
-7.117581963539123535e-01
-5.215672254562377930e-01
-7.311429381370544434e-01
2.768595516681671143e-02
-6.489162445068359375e-01
7.171196937561035156e-01
-2.063738107681274414e-01
-6.618252992630004883e-01
1.116027832031250000e-01
-9.534092545509338379e-01
-4.317123293876647949e-01
-4.358887672424316406e-02
-1.813957095146179199e-02
1.090081036090850830e-02
6.123417615890502930e-01
-3.243894815444946289e+00
6.646394729614257812e-03
-1.184157133102416992e+00
-8.184260129928588867e-01
6.029920578002929688e-01
-5.820481777191162109e-01
-2.939271330833435059e-01
-1.306205689907073975e-01
5.621874332427978516e-02
-1.246461868286132812e-01
5.804350972175598145e-02
2.598249316215515137e-01
1.940888762474060059e-01
-8.995926380157470703e-02
-6.868797540664672852e-01
-1.149095296859741211e+00
-6.511616110801696777e-01
3.008772432804107666e-02
2.079710066318511963e-01
-4.005658626556396484e-01
-1.618478894233703613e-01
-1.795613914728164673e-01
2.428311109542846680e-02
-3.231109380722045898e-01
1.942514181137084961e-01
-6.754776239395141602e-01
1.153035402297973633e+00
9.042208194732666016e-01
-3.991123437881469727e-01
-8.442137241363525391e-01
1.044288754463195801e+00
-3.341552913188934326e-01
5.582529306411743164e-02
-7.412528395652770996e-01
-6.095415353775024414e-01
2.396223247051239014e-01
-7.246531248092651367e-01
-2.620851993560791016e-02
-5.223861932754516602e-01
-4.961926043033599854e-01
-8.002649545669555664e-01
-2.217519283294677734e-01
7.457832098007202148e-01
-7.100663185119628906e-01
-3.973744511604309082e-01
-2.098065018653869629e-01
-4.200980365276336670e-01
-2.208564877510070801e-01
-7.374323606491088867e-01
-1.195524573326110840e+00
-1.269144415855407715e-01
-2.724343538284301758e-01
8.342131972312927246e-02
6.654545068740844727e-01
-3.127717077732086182e-01
5.594730377197265625e-02
-8.985638618469238281e-02
9.127059578895568848e-02
-1.001969575881958008e-01
-3.153009414672851562e-01
-5.731937289237976074e-01
-4.384722411632537842e-01
3.125709891319274902e-01
3.669645190238952637e-01
1.000880151987075806e-01
3.954911231994628906e-01
