-2.556622695922851562e+01
-2.890983963012695312e+01
-2.943446731567382812e+01
-2.867955398559570312e+01
-2.927069091796875000e+01
-2.981516265869140625e+01
-2.969320106506347656e+01
-2.838205718994140625e+01
-2.822435951232910156e+01
-2.950311660766601562e+01
-2.863950538635253906e+01
-2.661827468872070312e+01
-3.038399505615234375e+01
-2.872904777526855469e+01
-2.717859649658203125e+01
-3.015130996704101562e+01
-2.631247711181640625e+01
-2.897711753845214844e+01
-2.932336044311523438e+01
-3.003759765625000000e+01
-2.770952987670898438e+01
-2.833287811279296875e+01
-2.928063964843750000e+01
-2.861471366882324219e+01
-2.944156646728515625e+01
-2.820150947570800781e+01
-2.757358741760253906e+01
-2.979822921752929688e+01
-2.915350914001464844e+01
-2.908472061157226562e+01
-2.945168304443359375e+01
-2.870677566528320312e+01
-2.716282272338867188e+01
-2.866483879089355469e+01
-3.028423118591308594e+01
-2.977601242065429688e+01
-2.770492744445800781e+01
-2.977676391601562500e+01
-2.777204513549804688e+01
-2.741211318969726562e+01
-2.917348289489746094e+01
-2.918614578247070312e+01
-2.802263259887695312e+01
-2.933347511291503906e+01
-2.789592742919921875e+01
-2.689674758911132812e+01
-1.936140632629394531e+01
-2.866697120666503906e+01
-2.574617385864257812e+01
-2.899444007873535156e+01
-2.936083221435546875e+01
-2.666046524047851562e+01
-2.943936920166015625e+01
-2.868567657470703125e+01
-2.987355041503906250e+01
-2.924475479125976562e+01
-2.747677612304687500e+01
-2.953225708007812500e+01
-2.421474838256835938e+01
-2.795138359069824219e+01
-2.910875892639160156e+01
-2.660255050659179688e+01
-3.005364990234375000e+01
-3.070594024658203125e+01
-2.725765609741210938e+01
-2.884695625305175781e+01
-2.906041908264160156e+01
-2.715744781494140625e+01
-2.757981109619140625e+01
-3.027773666381835938e+01
-2.729835891723632812e+01
-2.752019119262695312e+01
-2.968458557128906250e+01
-2.745995712280273438e+01
-2.987597656250000000e+01
-2.957494354248046875e+01
-2.744632148742675781e+01
-2.549803352355957031e+01
-2.824496078491210938e+01
-3.065368652343750000e+01
-2.885815811157226562e+01
-2.961450195312500000e+01
-2.892881393432617188e+01
-2.884316253662109375e+01
-2.792065811157226562e+01
-2.930409812927246094e+01
-2.821858787536621094e+01
-2.799440765380859375e+01
-3.084616661071777344e+01
-2.275277328491210938e+01
-2.986664390563964844e+01
-2.550661087036132812e+01
-3.011038208007812500e+01
-2.845480728149414062e+01
-2.697919082641601562e+01
-2.988406753540039062e+01
-2.743763351440429688e+01
-2.274831008911132812e+01
-2.382480430603027344e+01
-2.946053695678710938e+01
-2.951538276672363281e+01
-1.482518196105957031e+01
-2.989751243591308594e+01
-2.981476783752441406e+01
-2.728296279907226562e+01
-2.869301795959472656e+01
-2.929476165771484375e+01
-2.896383476257324219e+01
-2.664799118041992188e+01
-2.900373840332031250e+01
-2.923698043823242188e+01
-2.548002243041992188e+01
-2.847322654724121094e+01
-2.744185638427734375e+01
-2.838084793090820312e+01
-2.765739440917968750e+01
-2.970422935485839844e+01
-2.901713562011718750e+01
-2.768098831176757812e+01
-2.743979454040527344e+01
-2.876778602600097656e+01
-2.760718536376953125e+01
-2.789561080932617188e+01
-3.038650703430175781e+01
-2.969779205322265625e+01
-3.010684394836425781e+01
-2.661167526245117188e+01
-3.002947425842285156e+01
-2.925897407531738281e+01
-2.871436691284179688e+01
-2.884474182128906250e+01
-2.967254257202148438e+01
-2.865070533752441406e+01
-2.895752906799316406e+01
-2.759932136535644531e+01
-2.922101974487304688e+01
-2.744888305664062500e+01
-2.956997871398925781e+01
-2.856885147094726562e+01
-2.910924530029296875e+01
-2.216119384765625000e+01
-2.741076660156250000e+01
-2.921406173706054688e+01
-2.942290306091308594e+01
-2.745106124877929688e+01
-2.678282928466796875e+01
-2.767235565185546875e+01
-2.696389579772949219e+01
-2.842346572875976562e+01
-2.956133460998535156e+01
-2.901589202880859375e+01
-2.618259048461914062e+01
-2.895273017883300781e+01
-2.951915359497070312e+01
-2.866998100280761719e+01
-2.680402374267578125e+01
-2.883485412597656250e+01
-2.930237388610839844e+01
-2.839640998840332031e+01
-2.930683517456054688e+01
-2.582317924499511719e+01
-2.732403373718261719e+01
-2.556622695922851562e+01
-2.819661331176757812e+01
-2.865727996826171875e+01
-2.961322593688964844e+01
-2.954283142089843750e+01
-2.818542480468750000e+01
-2.944745063781738281e+01
-2.925560379028320312e+01
-2.861713790893554688e+01
-2.802051353454589844e+01
-2.768035125732421875e+01
-2.786316490173339844e+01
-2.829268646240234375e+01
-2.979702949523925781e+01
-2.825256347656250000e+01
-2.923032569885253906e+01
-2.835303115844726562e+01
-2.601165199279785156e+01
-2.871721839904785156e+01
-2.898215484619140625e+01
-2.833073997497558594e+01
-2.814418029785156250e+01
-2.488736915588378906e+01
-2.925243377685546875e+01
-2.792521667480468750e+01
-3.010894203186035156e+01
-2.862613105773925781e+01
-2.772847747802734375e+01
-2.851418304443359375e+01
-2.691164016723632812e+01
-2.725115585327148438e+01
-2.825069427490234375e+01
-2.894241523742675781e+01
-2.810468864440917969e+01
-2.983228683471679688e+01
-2.961718940734863281e+01
-3.029534912109375000e+01
-2.859762573242187500e+01
-2.709676551818847656e+01
-2.971198844909667969e+01
-2.695406723022460938e+01
-2.854965591430664062e+01
-2.842177581787109375e+01
-2.884694480895996094e+01
-2.193140411376953125e+01
-2.833196449279785156e+01
-2.972720718383789062e+01
-2.893080902099609375e+01
-2.892775154113769531e+01
-2.910016632080078125e+01
-2.766539573669433594e+01
-2.998254585266113281e+01
-2.845028877258300781e+01
-2.863579368591308594e+01
-2.421474838256835938e+01
-3.029450225830078125e+01
-2.883251571655273438e+01
-2.868035697937011719e+01
-2.869228744506835938e+01
-2.902455139160156250e+01
-2.635134124755859375e+01
-1.936140632629394531e+01
-2.686619186401367188e+01
-2.901954078674316406e+01
-2.897159767150878906e+01
-2.804142951965332031e+01
-2.845841789245605469e+01
-2.743398666381835938e+01
-2.873881340026855469e+01
-2.986272239685058594e+01
-2.838671302795410156e+01
-3.000695991516113281e+01
-2.616021347045898438e+01
-2.872524833679199219e+01
-2.944392776489257812e+01
-2.929940032958984375e+01
-2.918923568725585938e+01
-2.736073684692382812e+01
-2.940321922302246094e+01
-2.909980201721191406e+01
-2.719237709045410156e+01
-2.819528388977050781e+01
-3.045544052124023438e+01
-3.032597541809082031e+01
-2.961815071105957031e+01
-2.972879409790039062e+01
-2.922477912902832031e+01
-2.723763084411621094e+01
-2.640721511840820312e+01
-2.942948341369628906e+01
-2.884783172607421875e+01
-2.378261947631835938e+01
-2.821187400817871094e+01
-2.819224357604980469e+01
-3.003280258178710938e+01
-1.062842750549316406e+01
-2.914490509033203125e+01
-3.021138191223144531e+01
-2.739918518066406250e+01
-2.866238594055175781e+01
-2.671737670898437500e+01
-2.968411445617675781e+01
-2.684907913208007812e+01
-2.996637344360351562e+01
-2.193140411376953125e+01
-2.626475334167480469e+01
-2.542722892761230469e+01
-2.930354309082031250e+01
-2.631962966918945312e+01
-3.000808715820312500e+01
-2.903677368164062500e+01
-2.899523925781250000e+01
-2.986626243591308594e+01
-2.886925888061523438e+01
-2.850885009765625000e+01
-2.918821716308593750e+01
-2.807754135131835938e+01
-2.758492279052734375e+01
-2.923817062377929688e+01
-2.756278038024902344e+01
-2.972208786010742188e+01
-2.830690383911132812e+01
-2.995015525817871094e+01
-2.762026596069335938e+01
-2.615198516845703125e+01
-2.772487258911132812e+01
-2.998399162292480469e+01
-2.887287139892578125e+01
-2.730253601074218750e+01
-1.516870689392089844e+01
-3.046590042114257812e+01
-2.926062011718750000e+01
-2.955363655090332031e+01
-2.877233886718750000e+01
-2.685312652587890625e+01
-2.752019119262695312e+01
-1.922753143310546875e+01
-2.571486282348632812e+01
-2.797070312500000000e+01
-2.683430480957031250e+01
-2.895833587646484375e+01
-2.891425514221191406e+01
-2.933006858825683594e+01
-2.697999191284179688e+01
-2.626475334167480469e+01
-2.988848686218261719e+01
-2.729219818115234375e+01
-3.006865119934082031e+01
-2.960243606567382812e+01
-3.020817565917968750e+01
-2.917402076721191406e+01
-2.963699722290039062e+01
-2.421474838256835938e+01
-2.798320579528808594e+01
-2.822562599182128906e+01
-3.032315635681152344e+01
-2.932299995422363281e+01
-2.660916519165039062e+01
-2.865053558349609375e+01
-2.606388854980468750e+01
-2.800701904296875000e+01
-2.730389213562011719e+01
-2.190564537048339844e+01
-2.737259483337402344e+01
-2.833073997497558594e+01
-2.873106002807617188e+01
-2.516355895996093750e+01
-2.898555755615234375e+01
-2.886449241638183594e+01
-2.906102752685546875e+01
-2.829069519042968750e+01
