2.761296749114990234e+00
1.063787221908569336e+00
3.356073379516601562e+00
2.417857646942138672e+00
4.036583423614501953e+00
1.877057194709777832e+00
4.799511432647705078e-01
1.414973497390747070e+00
4.052347183227539062e+00
3.296805381774902344e+00
4.115997791290283203e+00
1.035218954086303711e+00
2.503998041152954102e+00
3.355666637420654297e+00
8.637808561325073242e-01
3.887111663818359375e+00
2.875973224639892578e+00
1.012261748313903809e+00
2.319187164306640625e+00
1.322526693344116211e+00
3.334276676177978516e+00
2.498204708099365234e+00
2.272974967956542969e+00
3.870071887969970703e+00
2.061843872070312500e+00
3.755504846572875977e+00
3.455610275268554688e+00
3.824849605560302734e+00
3.547974586486816406e+00
3.391664266586303711e+00
2.444052219390869141e+00
2.637796878814697266e+00
1.278440952301025391e+00
1.954567074775695801e+00
1.918329238891601562e+00
2.666640281677246094e+00
2.737398624420166016e+00
2.321363925933837891e+00
3.315567731857299805e+00
1.167999982833862305e+00
5.276655197143554688e+00
3.784849643707275391e+00
2.768030405044555664e+00
1.343767642974853516e+00
3.036881208419799805e+00
3.843017101287841797e+00
3.130105972290039062e+00
1.949964642524719238e+00
1.299757719039916992e+00
1.340049862861633301e+00
2.689471483230590820e+00
1.394611835479736328e+00
3.194008350372314453e+00
3.928361415863037109e+00
3.041437625885009766e+00
9.975507259368896484e-01
3.152935266494750977e+00
7.241799831390380859e-01
2.121703624725341797e+00
3.815451860427856445e+00
3.797755718231201172e+00
2.810541868209838867e+00
2.357265949249267578e+00
2.167490005493164062e+00
3.335580348968505859e+00
2.033298492431640625e+00
1.694792389869689941e+00
8.980989456176757812e-01
3.355110168457031250e+00
2.668004989624023438e+00
3.826994895935058594e+00
1.617545604705810547e+00
1.552314996719360352e+00
3.378352880477905273e+00
3.390690326690673828e+00
2.736684560775756836e+00
2.473613739013671875e+00
1.852701425552368164e+00
1.190631389617919922e+00
2.009198188781738281e+00
2.324161767959594727e+00
2.563251972198486328e+00
2.537797451019287109e+00
3.343098402023315430e+00
2.709497690200805664e+00
2.701122760772705078e+00
5.289101600646972656e-02
1.563697099685668945e+00
1.943350791931152344e+00
3.351860046386718750e+00
3.044160842895507812e+00
1.701185226440429688e+00
2.241676568984985352e+00
3.689076900482177734e+00
2.610461711883544922e+00
3.919953107833862305e+00
2.474358081817626953e+00
2.299609422683715820e+00
3.224028587341308594e+00
3.133306980133056641e+00
2.019227504730224609e+00
2.685840845108032227e+00
2.475910663604736328e+00
4.064355373382568359e+00
1.577207446098327637e+00
2.520205020904541016e+00
4.610321044921875000e+00
5.635919570922851562e-01
1.764005661010742188e+00
3.072547435760498047e+00
2.206060409545898438e+00
2.432276248931884766e+00
4.662966728210449219e+00
2.441280841827392578e+00
2.160230159759521484e+00
2.812886714935302734e+00
2.227207899093627930e+00
1.994761228561401367e+00
1.065678596496582031e+00
2.356510162353515625e+00
4.698742866516113281e+00
1.299520730972290039e+00
2.366448402404785156e+00
2.095613241195678711e+00
1.953690290451049805e+00
2.063747406005859375e+00
3.887185096740722656e+00
1.901891946792602539e+00
2.503998041152954102e+00
2.921125888824462891e+00
1.703836202621459961e+00
3.462242603302001953e+00
1.851357698440551758e+00
8.864660263061523438e+00
3.798194169998168945e+00
1.713114380836486816e+00
3.020590782165527344e+00
2.112441062927246094e+00
3.341531038284301758e+00
6.269545555114746094e-01
2.982061386108398438e+00
2.613777875900268555e+00
3.131947994232177734e+00
2.122938394546508789e+00
2.405486822128295898e+00
2.687814474105834961e+00
3.971294879913330078e+00
3.345920562744140625e+00
2.768885612487792969e+00
1.850133419036865234e+00
2.454735279083251953e+00
2.976074695587158203e+00
3.410181045532226562e+00
2.410069227218627930e+00
1.627453684806823730e+00
5.371317863464355469e+00
3.608710289001464844e+00
2.474595308303833008e+00
3.465942859649658203e+00
2.553803205490112305e+00
2.401382684707641602e+00
1.223994493484497070e+00
2.386412382125854492e+00
1.954852223396301270e+00
2.080650091171264648e+00
8.632215261459350586e-01
1.569982767105102539e+00
1.288005113601684570e+00
1.068088293075561523e+00
3.449634313583374023e+00
1.709643840789794922e+00
3.178413629531860352e+00
1.127821445465087891e+00
1.407059907913208008e+00
1.176856040954589844e+00
1.658532023429870605e+00
1.298659801483154297e+00
2.848346710205078125e+00
2.191781044006347656e+00
1.386026620864868164e+00
1.440925955772399902e+00
3.661267518997192383e+00
3.434753417968750000e+00
2.339811325073242188e+00
3.919073581695556641e+00
1.964224100112915039e+00
3.941192150115966797e+00
2.979960441589355469e+00
1.848549246788024902e+00
2.308964252471923828e+00
2.661002159118652344e+00
9.452795982360839844e-01
3.248602867126464844e+00
1.431464433670043945e+00
1.691996812820434570e+00
2.727813243865966797e+00
2.069091320037841797e+00
3.621169567108154297e+00
2.231838226318359375e+00
5.506772994995117188e+00
1.902575731277465820e+00
2.197075843811035156e+00
1.836313366889953613e+00
1.860426187515258789e+00
2.325867176055908203e+00
2.145504474639892578e+00
2.337178230285644531e+00
2.275368690490722656e+00
2.732103347778320312e+00
3.140388965606689453e+00
3.346459150314331055e+00
2.733518600463867188e+00
3.864233255386352539e+00
1.263242959976196289e+00
4.299419403076171875e+00
8.408586978912353516e-01
4.399590492248535156e+00
1.616139650344848633e+00
2.549790143966674805e+00
3.346659421920776367e+00
3.437965869903564453e+00
2.060046672821044922e+00
2.229655742645263672e+00
2.449520587921142578e+00
2.082008838653564453e+00
1.650895595550537109e+00
2.495748043060302734e+00
3.685202121734619141e+00
3.816045761108398438e+00
1.685214400291442871e+00
3.306801319122314453e+00
2.014444351196289062e+00
2.016153335571289062e+00
2.832592248916625977e+00
3.459462642669677734e+00
3.243840932846069336e+00
1.068137168884277344e+00
3.548812866210937500e+00
1.608581781387329102e+00
3.399560213088989258e+00
1.731660008430480957e+00
2.659025192260742188e+00
9.884135723114013672e-01
3.526706933975219727e+00
1.263312816619873047e+00
1.739889144897460938e+00
2.294813394546508789e+00
2.305337905883789062e+00
1.490025281906127930e+00
2.112477302551269531e+00
3.678404331207275391e+00
2.911565542221069336e+00
2.895910024642944336e+00
2.484614610671997070e+00
5.276655197143554688e+00
1.664346337318420410e+00
3.401206016540527344e+00
2.633826971054077148e+00
2.057318210601806641e+00
2.664209842681884766e+00
1.878625392913818359e+00
3.824849605560302734e+00
2.035525560379028320e+00
2.564994812011718750e+00
2.133263587951660156e+00
3.344819545745849609e+00
2.652103185653686523e+00
2.966364860534667969e+00
1.748698949813842773e+00
1.355348825454711914e+00
3.596501827239990234e+00
2.510826349258422852e+00
-6.993868350982666016e-01
2.275434494018554688e+00
1.966047763824462891e+00
2.266456127166748047e+00
1.202988624572753906e+00
2.141912698745727539e+00
2.134261846542358398e+00
3.192796468734741211e+00
2.294587612152099609e+00
4.389065265655517578e+00
1.852701425552368164e+00
2.552968740463256836e+00
1.799768924713134766e+00
3.653304100036621094e+00
7.187960624694824219e+00
3.250904560089111328e+00
3.745026588439941406e+00
2.306498527526855469e+00
3.826923370361328125e+00
1.312932729721069336e+00
3.703441143035888672e+00
2.581049680709838867e+00
1.438378334045410156e+00
2.638132095336914062e+00
3.022019624710083008e+00
2.053325176239013672e+00
2.390333890914916992e+00
2.832471370697021484e+00
1.185050487518310547e+00
2.758858203887939453e+00
1.792744159698486328e+00
3.587577581405639648e+00
2.582051277160644531e+00
1.962600708007812500e+00
1.590852141380310059e+00
1.326336264610290527e+00
2.617849349975585938e+00
7.449530363082885742e-01
2.254110574722290039e+00
2.092761993408203125e+00
1.963738918304443359e+00
2.531322956085205078e+00
2.267011880874633789e+00
1.778490900993347168e+00
1.427538871765136719e+00
2.420794010162353516e+00
2.276457786560058594e+00
1.898534655570983887e+00
2.296883344650268555e+00
1.000187397003173828e+00
3.008992671966552734e+00
1.822215080261230469e+00
2.710736513137817383e+00
3.184196949005126953e+00
1.034915804862976074e+00
1.904050827026367188e+00
2.639249324798583984e+00
2.755609989166259766e+00
2.703606128692626953e+00
3.997701168060302734e+00
3.055258750915527344e+00
1.511084794998168945e+00
2.732146501541137695e+00
3.089850664138793945e+00
1.210180640220642090e+00
3.182222604751586914e+00
3.230834484100341797e+00
2.994451284408569336e+00
8.113590478897094727e-01
6.489918231964111328e+00
1.796390652656555176e+00
4.412255764007568359e+00
1.030004262924194336e+00
1.420994997024536133e+00
7.473394870758056641e-01
2.633112907409667969e+00
1.777313113212585449e+00
2.947800159454345703e+00
2.142948150634765625e+00
2.637613773345947266e+00
3.379302024841308594e+00
3.724495410919189453e+00
2.087844848632812500e+00
5.118018627166748047e+00
1.283251285552978516e+00
1.312023043632507324e+00
1.027279615402221680e+00
3.459699630737304688e+00
9.301452636718750000e-01
1.221005916595458984e-01
1.574209332466125488e+00
9.452795982360839844e-01
1.971303701400756836e+00
1.293714046478271484e-01
3.686948299407958984e+00
2.096353292465209961e+00
1.199651479721069336e+00
1.460425853729248047e+00
3.209971904754638672e+00
2.196914434432983398e+00
2.170089483261108398e+00
2.248855113983154297e+00
4.064318656921386719e+00
2.142894268035888672e+00
2.967012405395507812e+00
2.550047159194946289e+00
3.312023639678955078e+00
1.904097795486450195e+00
3.444243431091308594e+00
2.913796663284301758e+00
5.459078788757324219e+00
2.418233394622802734e+00
4.356728553771972656e+00
1.768463611602783203e+00
2.361641883850097656e+00
1.000194311141967773e+00
4.022514343261718750e+00
7.412009239196777344e-01
2.150580167770385742e+00
2.791653871536254883e+00
2.227207899093627930e+00
3.314377307891845703e+00
2.594755887985229492e+00
1.953714728355407715e+00
2.815814018249511719e+00
6.192787170410156250e+00
2.786542654037475586e+00
2.411596059799194336e+00
1.864910006523132324e+00
2.501426458358764648e+00
6.147940158843994141e-01
5.151896953582763672e+00
3.414516448974609375e+00
1.380985498428344727e+00
1.488693952560424805e+00
2.845977306365966797e+00
1.382648706436157227e+00
1.225107789039611816e+00
2.264314651489257812e+00
2.741480827331542969e+00
1.482853412628173828e+00
4.414365291595458984e+00
4.393891334533691406e+00
2.929247379302978516e+00
2.748232841491699219e+00
4.242942810058593750e+00
3.936505317687988281e+00
1.988883256912231445e+00
3.633578062057495117e+00
2.344118595123291016e+00
2.449873924255371094e+00
2.602495670318603516e+00
6.051458358764648438e+00
1.457410573959350586e+00
1.974400043487548828e+00
1.842621088027954102e+00
1.826096296310424805e+00
-3.223564624786376953e-01
1.763698458671569824e+00
1.568985819816589355e+00
3.421893596649169922e+00
1.852990269660949707e+00
2.752044200897216797e+00
2.479687452316284180e+00
2.955871582031250000e+00
1.833111286163330078e+00
2.976421833038330078e+00
2.031052350997924805e+00
4.841528892517089844e+00
3.211527585983276367e+00
2.887894153594970703e+00
1.434111952781677246e+00
1.967564463615417480e+00
2.124449014663696289e+00
2.113163948059082031e+00
3.678404331207275391e+00
1.581119298934936523e+00
2.770903587341308594e+00
2.152940511703491211e+00
3.052971124649047852e+00
3.018238306045532227e+00
2.198168277740478516e+00
2.465474605560302734e+00
3.359365940093994141e+00
2.171723604202270508e+00
