-4.304799139499664307e-01 8.608684539794921875e+00 -4.304799139499664307e-01 -4.304799139499664307e-01 -4.304799139499664307e-01 -4.304799139499664307e-01 -4.304799139499664307e-01 -4.304799139499664307e-01 -4.304799139499664307e-01 -4.304799139499664307e-01 -4.304799139499664307e-01 -4.304799139499664307e-01 -4.304799139499664307e-01 -4.304799139499664307e-01 -4.304799139499664307e-01 -4.304799139499664307e-01 -4.304799139499664307e-01 -4.304799139499664307e-01 -4.304799139499664307e-01 -4.304799139499664307e-01 -4.304799139499664307e-01
6.958750724792480469e+00 -1.033152222633361816e+00 -6.006324887275695801e-01 -1.033152222633361816e+00 -1.033152222633361816e+00 -2.520915567874908447e-01 -1.033152222633361816e+00 -6.006324887275695801e-01 -1.033152222633361816e+00 -1.033152222633361816e+00 -1.033152222633361816e+00 -2.520915567874908447e-01 2.669559791684150696e-02 -6.006324887275695801e-01 -1.033152222633361816e+00 5.227385520935058594e+00 1.011458158493041992e+00 4.463976025581359863e-01 -1.033152222633361816e+00 -1.033152222633361816e+00 -1.033152222633361816e+00
3.255298376083374023e+00 -9.992476701736450195e-01 -1.177689790725708008e+00 -1.944789886474609375e+00 -9.992476701736450195e-01 4.167729914188385010e-01 -1.386277318000793457e+00 1.337143778800964355e+00 -1.944789886474609375e+00 -7.048955559730529785e-01 -1.386277318000793457e+00 2.883586287498474121e-02 -8.432083129882812500e-01 -1.636891722679138184e+00 -4.702425897121429443e-01 5.311270236968994141e+00 2.386994838714599609e+00 2.501351594924926758e+00 1.836962461471557617e+00 -1.944789886474609375e+00 -1.636891722679138184e+00
9.659270942211151123e-02 -1.713755130767822266e+00 6.837764382362365723e-02 7.670387029647827148e-01 -1.335172653198242188e+00 1.075909376144409180e+00 -1.335172653198242188e+00 -3.072153031826019287e-01 1.240528002381324768e-01 -8.577019721269607544e-02 -5.357353091239929199e-01 5.415449142456054688e-01 9.490527212619781494e-03 -6.436393260955810547e-01 2.521648406982421875e+00 4.414854526519775391e+00 1.260293126106262207e+00 -8.577019721269607544e-02 -1.335172653198242188e+00 -1.232764244079589844e+00 -2.269243240356445312e+00
-5.882279276847839355e-01 -2.158598899841308594e+00 8.298128843307495117e-01 5.722507238388061523e-01 9.448012709617614746e-01 -1.133907079696655273e+00 -1.314200639724731445e+00 -3.294098675251007080e-01 -1.250612974166870117e+00 2.365897893905639648e+00 -1.800560832023620605e+00 -1.314200639724731445e+00 1.147491812705993652e+00 1.456159114837646484e+00 -6.233513355255126953e-02 5.510780215263366699e-01 -1.613351583480834961e+00 -4.294337332248687744e-02 -8.898654580116271973e-01 1.117436885833740234e+00 3.512976884841918945e+00
-3.775898814201354980e-01 -1.596809744834899902e+00 7.863247990608215332e-01 3.922246992588043213e-01 2.212616056203842163e-01 1.818357035517692566e-02 -1.596809744834899902e+00 -7.388612627983093262e-01 -1.250342011451721191e+00 4.686643183231353760e-01 -5.449247956275939941e-01 -1.596809744834899902e+00 6.072594523429870605e-01 -3.775898814201354980e-01 -2.304244637489318848e-01 5.401561260223388672e-01 -3.775898814201354980e-01 3.100899457931518555e-01 -3.775898814201354980e-01 -3.775898814201354980e-01 6.098517417907714844e+00
3.650479316711425781e-01 -9.590992927551269531e-01 -9.590992927551269531e-01 -9.590992927551269531e-01 -9.590992927551269531e-01 1.432070255279541016e+00 -5.158777236938476562e-01 -9.590992927551269531e-01 -9.590992927551269531e-01 -1.569510251283645630e-01 -9.590992927551269531e-01 -5.158777236938476562e-01 -1.569510251283645630e-01 -5.158777236938476562e-01 1.306952238082885742e-01 7.326894402503967285e-01 -1.569510251283645630e-01 -5.158777236938476562e-01 -5.158777236938476562e-01 -1.569510251283645630e-01 7.260973930358886719e+00
2.675536274909973145e-01 -1.343262434005737305e+00 -9.646052718162536621e-01 -9.646052718162536621e-01 -6.589275598526000977e-01 2.248634815216064453e+00 -6.589275598526000977e-01 -6.589275598526000977e-01 -1.343262434005737305e+00 6.024308204650878906e-01 -1.343262434005737305e+00 -6.589275598526000977e-01 -4.104779660701751709e-01 -2.599997259676456451e-02 6.942802071571350098e-01 -4.104779660701751709e-01 1.387977242469787598e+00 -6.589275598526000977e-01 -9.646052718162536621e-01 -6.589275598526000977e-01 6.523704528808593750e+00
2.350169867277145386e-01 -2.262954950332641602e+00 -1.339454110711812973e-02 -2.203692942857742310e-01 -7.561768293380737305e-01 1.125529766082763672e+00 -1.132053136825561523e+00 -2.994776964187622070e-01 -8.915292620658874512e-01 2.592578828334808350e-01 -1.441396594047546387e+00 -7.561768293380737305e-01 1.213543891906738281e+00 -1.045852065086364746e+00 6.843310594558715820e-01 7.456221580505371094e-01 7.628252357244491577e-02 5.672883987426757812e-01 -1.467242836952209473e-01 -4.780737161636352539e-01 4.537103176116943359e+00
8.240191936492919922e-01 -2.111263036727905273e+00 4.256646037101745605e-01 -1.018440574407577515e-01 -5.034998059272766113e-01 1.620903253555297852e+00 -1.591300845146179199e+00 -4.664311707019805908e-01 -1.031961321830749512e+00 9.586921930313110352e-01 -1.822781324386596680e+00 -1.316079497337341309e+00 4.849054515361785889e-01 -2.794488146901130676e-02 4.557183086872100830e-01 4.849054515361785889e-01 9.586921930313110352e-01 4.849054515361785889e-01 -6.660929918289184570e-01 -1.164960384368896484e+00 4.105156421661376953e+00
6.442556381225585938e-01 -3.246710300445556641e+00 5.597369074821472168e-01 3.658626079559326172e-01 -2.338051944971084595e-01 1.685267925262451172e+00 -1.560780405998229980e+00 -9.620635509490966797e-01 -1.091443538665771484e+00 1.269317746162414551e+00 -1.560780405998229980e+00 -1.279566764831542969e+00 8.770492672920227051e-01 4.524878859519958496e-01 7.618319392204284668e-01 1.019779562950134277e+00 9.669082164764404297e-01 2.528803646564483643e-01 -5.244228839874267578e-01 -9.928790330886840820e-01 2.596360445022583008e+00
9.863972067832946777e-01 -3.058315515518188477e+00 7.612417340278625488e-01 2.288306951522827148e-01 -1.025462269783020020e+00 2.285695552825927734e+00 -9.076299667358398438e-01 -6.184304952621459961e-01 -1.158822774887084961e+00 3.729262053966522217e-01 -1.592548370361328125e+00 -1.232465147972106934e+00 5.465931892395019531e-01 8.204457163810729980e-02 9.470132589340209961e-01 1.111334800720214844e+00 1.297549247741699219e+00 2.820645868778228760e-01 -4.629107713699340820e-01 -9.358203411102294922e-01 2.090585231781005859e+00
1.237929344177246094e+00 -2.741754055023193359e+00 6.079953908920288086e-01 4.852371811866760254e-01 -1.083910942077636719e+00 2.496125936508178711e+00 -1.297902464866638184e+00 -5.843985676765441895e-01 -1.150496363639831543e+00 4.140575826168060303e-01 -1.468961834907531738e+00 -7.105777263641357422e-01 4.431355595588684082e-01 7.705516219139099121e-01 8.876652121543884277e-01 1.313030600547790527e+00 1.138984322547912598e+00 1.829501539468765259e-01 -1.185472965240478516e+00 -9.071058630943298340e-01 1.153225421905517578e+00
8.680321574211120605e-01 -3.233905076980590820e+00 3.106596171855926514e-01 2.036001086235046387e-01 -9.174564480781555176e-02 2.168050527572631836e+00 -7.901109457015991211e-01 -3.043676614761352539e-01 -1.118804216384887695e+00 7.440111637115478516e-01 -6.762241721153259277e-01 2.185529172420501709e-01 5.234642028808593750e-01 -3.554605245590209961e-01 5.974068641662597656e-01 1.448252201080322266e+00 7.395996451377868652e-01 2.621128559112548828e-01 -9.649863243103027344e-01 -5.218845233321189880e-02 -4.957123398780822754e-01
9.099024534225463867e-01 -3.164188861846923828e+00 3.038410842418670654e-01 -3.668815493583679199e-01 -3.107904791831970215e-01 1.660874128341674805e+00 -7.262887954711914062e-01 -3.525652885437011719e-01 -1.007935285568237305e+00 1.344567239284515381e-01 -1.664466977119445801e+00 1.674179077148437500e+00 2.660228013992309570e-01 6.163844838738441467e-02 1.604694724082946777e-01 1.194575667381286621e+00 1.668473720550537109e+00 3.892075419425964355e-01 -3.961350619792938232e-01 1.282407522201538086e+00 -1.716631174087524414e+00
-4.234934598207473755e-02 -2.042984485626220703e+00 2.170795202255249023e+00 1.916716098785400391e+00 -1.399305343627929688e+00 2.080884456634521484e+00 -5.338527262210845947e-03 -1.630676507949829102e+00 -1.630676507949829102e+00 -6.738625764846801758e-01 -2.687482357025146484e+00 2.551684856414794922e+00 -6.394613981246948242e-01 1.169529199600219727e+00 -5.125040411949157715e-01 8.432441353797912598e-01 1.787087440490722656e+00 -9.518858194351196289e-01 -1.208226680755615234e+00 2.624957799911499023e+00 -1.720071911811828613e+00
-7.555978894233703613e-01 -1.780432701110839844e+00 -8.763750791549682617e-01 4.816127777099609375e+00 -1.539088964462280273e+00 3.158493041992187500e+00 -2.075792312622070312e+00 1.085251450538635254e+00 1.869354844093322754e+00 -1.163564205169677734e+00 -1.780432701110839844e+00 -1.539088964462280273e+00 2.745381116867065430e+00 -1.163564205169677734e+00 -7.555978894233703613e-01 -1.537443697452545166e-01 3.710493326187133789e+00 1.065014958381652832e+00 -1.780432701110839844e+00 -2.075792312622070312e+00 -1.011410117149353027e+00
3.788738250732421875e+00 -1.100278377532958984e+00 -1.703192710876464844e+00 -6.888456940650939941e-01 -1.370032906532287598e+00 -1.370032906532287598e+00 -1.703192710876464844e+00 1.645944952964782715e+00 -1.703192710876464844e+00 4.030631065368652344e+00 -1.703192710876464844e+00 -1.100278377532958984e+00 -1.100278377532958984e+00 5.476765155792236328e+00 -5.248368382453918457e-01 -8.776817917823791504e-01 -5.248368382453918457e-01 -1.370032906532287598e+00 -1.100278377532958984e+00 3.686951875686645508e+00 -6.888456940650939941e-01
-1.452083945274353027e+00 -7.934812307357788086e-01 -7.934812307357788086e-01 -1.452083945274353027e+00 5.492166996002197266e+00 -1.452083945274353027e+00 3.746614694595336914e+00 -1.087101697921752930e+00 -1.452083945274353027e+00 -3.530210852622985840e-01 -1.452083945274353027e+00 -1.452083945274353027e+00 -7.934812307357788086e-01 -1.452083945274353027e+00 -1.452083945274353027e+00 -1.087101697921752930e+00 4.209882736206054688e+00 -3.530210852622985840e-01 -1.452083945274353027e+00 5.434647560119628906e+00 -5.540310740470886230e-01
-6.387549638748168945e-02 -5.999530553817749023e-01 -5.999530553817749023e-01 -5.999530553817749023e-01 8.102995872497558594e+00 1.427016854286193848e+00 -5.999530553817749023e-01 -5.999530553817749023e-01 -5.999530553817749023e-01 -5.999530553817749023e-01 -5.999530553817749023e-01 -5.999530553817749023e-01 -5.999530553817749023e-01 -5.999530553817749023e-01 -5.999530553817749023e-01 -5.999530553817749023e-01 -5.999530553817749023e-01 -5.999530553817749023e-01 -5.999530553817749023e-01 -5.999530553817749023e-01 7.328680157661437988e-01
