-4.303942322731018066e-01 8.609692573547363281e+00 -4.303942322731018066e-01 -4.303942322731018066e-01 -4.303942322731018066e-01 -4.303942322731018066e-01 -4.303942322731018066e-01 -4.303942322731018066e-01 -4.303942322731018066e-01 -4.303942322731018066e-01 -4.303942322731018066e-01 -4.303942322731018066e-01 -4.303942322731018066e-01 -4.303942322731018066e-01 -4.303942322731018066e-01 -4.303942322731018066e-01 -4.303942322731018066e-01 -4.303942322731018066e-01 -4.303942322731018066e-01 -4.303942322731018066e-01 -4.303942322731018066e-01
6.999061107635498047e+00 -1.018043160438537598e+00 -5.786651372909545898e-01 -1.018043160438537598e+00 -1.018043160438537598e+00 4.640806838870048523e-02 -1.018043160438537598e+00 -5.786651372909545898e-01 -1.018043160438537598e+00 -1.018043160438537598e+00 -1.018043160438537598e+00 -5.786651372909545898e-01 -5.786651372909545898e-01 -5.786651372909545898e-01 -1.018043160438537598e+00 5.212409973144531250e+00 1.039194822311401367e+00 7.912628054618835449e-01 -1.018043160438537598e+00 -1.018043160438537598e+00 -1.018043160438537598e+00
3.196339845657348633e+00 -1.013833045959472656e+00 -1.192946791648864746e+00 -1.955500483512878418e+00 -1.013833045959472656e+00 6.814349293708801270e-01 -1.402033925056457520e+00 1.337792754173278809e+00 -1.955500483512878418e+00 -5.985394716262817383e-01 -1.402033925056457520e+00 -5.696185678243637085e-02 -7.210037708282470703e-01 -1.650991916656494141e+00 -4.878701269626617432e-01 5.300724983215332031e+00 2.395142316818237305e+00 2.375295639038085938e+00 1.771146059036254883e+00 -1.955500483512878418e+00 -1.650991916656494141e+00
6.405092775821685791e-02 -1.425676703453063965e+00 3.415139019489288330e-02 6.854919791221618652e-01 -1.210407257080078125e+00 1.132443904876708984e+00 -1.312949299812316895e+00 -2.827645838260650635e-01 1.213557869195938110e-01 3.415139019489288330e-02 -8.053701519966125488e-01 5.664570331573486328e-01 6.405092775821685791e-02 -6.201950907707214355e-01 2.513545989990234375e+00 4.452373981475830078e+00 1.221334099769592285e+00 -1.298847943544387817e-01 -1.425676703453063965e+00 -1.425676703453063965e+00 -2.251451969146728516e+00
-5.750681161880493164e-01 -2.174548387527465820e+00 8.022279739379882812e-01 5.837669968605041504e-01 9.952496886253356934e-01 -1.099306464195251465e+00 -1.269416451454162598e+00 -3.234080672264099121e-01 -1.209685683250427246e+00 2.324976205825805664e+00 -1.925284624099731445e+00 -1.153082489967346191e+00 1.151406884193420410e+00 1.453857302665710449e+00 2.960746735334396362e-02 5.938782095909118652e-01 -1.818577885627746582e+00 6.412164866924285889e-02 -9.993182420730590820e-01 1.066959619522094727e+00 3.479281425476074219e+00
-2.411563396453857422e-01 -1.602043271064758301e+00 6.580586433410644531e-01 6.580586433410644531e-01 2.088928520679473877e-01 1.120238751173019409e-01 -1.257502913475036621e+00 -9.801540970802307129e-01 -1.257502913475036621e+00 2.979837357997894287e-01 -7.507221102714538574e-01 -1.602043271064758301e+00 3.803292214870452881e-01 -1.108574047684669495e-01 -3.881610035896301270e-01 3.803292214870452881e-01 -1.108574047684669495e-01 2.979837357997894287e-01 -3.881610035896301270e-01 -3.881610035896301270e-01 6.086023807525634766e+00
1.525378674268722534e-01 -9.473103284835815430e-01 -9.473103284835815430e-01 -1.348118484020233154e-01 -9.473103284835815430e-01 1.272752881050109863e+00 -4.934533834457397461e-01 -9.473103284835815430e-01 -9.473103284835815430e-01 -1.348118484020233154e-01 -4.934533834457397461e-01 -4.934533834457397461e-01 1.525378674268722534e-01 -4.934533834457397461e-01 -1.348118484020233154e-01 7.629462480545043945e-01 -1.348118484020233154e-01 -4.934533834457397461e-01 -9.473103284835815430e-01 -9.473103284835815430e-01 7.294020652770996094e+00
2.038475275039672852e-01 -1.386708974838256836e+00 -7.138309478759765625e-01 -7.138309478759765625e-01 -4.687736332416534424e-01 1.977100849151611328e+00 -7.138309478759765625e-01 -7.138309478759765625e-01 -1.386708974838256836e+00 5.349383354187011719e-01 -1.386708974838256836e+00 -7.138309478759765625e-01 -8.563680946826934814e-02 -2.625159621238708496e-01 8.633111119270324707e-01 -2.625159621238708496e-01 1.220437645912170410e+00 -7.138309478759765625e-01 -1.012722849845886230e+00 -7.138309478759765625e-01 6.450276851654052734e+00
3.619676828384399414e-01 -2.289627552032470703e+00 -1.093667298555374146e-01 -2.141204327344894409e-01 -9.215829372406005859e-01 1.083041787147521973e+00 -8.521125316619873047e-01 -4.162866771221160889e-01 -8.521125316619873047e-01 2.743464410305023193e-01 -1.469525337219238281e+00 -7.869063019752502441e-01 1.208981990814208984e+00 -7.869063019752502441e-01 6.679459214210510254e-01 7.713137865066528320e-01 -4.498068243265151978e-02 2.743464410305023193e-01 -1.431250125169754028e-01 -2.515210211277008057e-01 4.500771522521972656e+00
7.081853747367858887e-01 -2.116811037063598633e+00 3.554865419864654541e-01 1.138851046562194824e-02 -2.752447724342346191e-01 1.654704570770263672e+00 -1.707326054573059082e+00 -4.030941128730773926e-01 -1.322525382041931152e+00 9.954462051391601562e-01 -1.707326054573059082e+00 -1.322525382041931152e+00 5.866168737411499023e-01 3.387514501810073853e-02 3.554865419864654541e-01 4.183865487575531006e-01 9.603613018989562988e-01 5.604437589645385742e-01 -6.302804350852966309e-01 -1.244234800338745117e+00 4.090739250183105469e+00
6.223972439765930176e-01 -3.260725259780883789e+00 6.653873920440673828e-01 3.503289520740509033e-01 -3.104404509067535400e-01 1.684983134269714355e+00 -1.576210856437683105e+00 -8.903266191482543945e-01 -1.215116262435913086e+00 1.191534638404846191e+00 -1.425748825073242188e+00 -1.040045857429504395e+00 8.858476877212524414e-01 4.883680939674377441e-01 7.406624555587768555e-01 1.086514949798583984e+00 9.998261332511901855e-01 2.373597323894500732e-01 -6.659904122352600098e-01 -1.106597542762756348e+00 2.538854122161865234e+00
1.060761809349060059e+00 -3.043442487716674805e+00 7.650531530380249023e-01 2.396638691425323486e-01 -1.139272570610046387e+00 2.326718330383300781e+00 -1.037771701812744141e+00 -6.199073195457458496e-01 -1.104331135749816895e+00 4.240102469921112061e-01 -1.629280686378479004e+00 -1.334072947502136230e+00 5.863439440727233887e-01 2.021900117397308350e-01 1.006457448005676270e+00 1.131402730941772461e+00 1.255982756614685059e+00 3.020625412464141846e-01 -4.430972337722778320e-01 -1.037771701812744141e+00 2.086108446121215820e+00
1.213353395462036133e+00 -2.601961374282836914e+00 6.064175963401794434e-01 4.198369383811950684e-01 -1.187029838562011719e+00 2.521019697189331055e+00 -1.260491490364074707e+00 -5.860278010368347168e-01 -9.934148788452148438e-01 3.901199996471405029e-01 -1.470753788948059082e+00 -8.559575080871582031e-01 4.198369383811950684e-01 7.585751414299011230e-01 8.674763441085815430e-01 1.268333196640014648e+00 1.196590304374694824e+00 2.178493887186050415e-01 -1.085698246955871582e+00 -9.644113779067993164e-01 1.126593470573425293e+00
8.883979916572570801e-01 -3.052503585815429688e+00 3.290115892887115479e-01 1.622803807258605957e-01 -1.859445497393608093e-02 2.170843839645385742e+00 -7.852968573570251465e-01 -2.508570253849029541e-01 -1.262839794158935547e+00 7.962000370025634766e-01 -6.188772916793823242e-01 2.085012197494506836e-01 5.920875668525695801e-01 -4.043810069561004639e-01 5.869279503822326660e-01 1.453163266181945801e+00 7.533110380172729492e-01 2.308438271284103394e-01 -1.060177922248840332e+00 -1.493341028690338135e-01 -5.689433217048645020e-01
9.483731985092163086e-01 -3.379508733749389648e+00 2.836445569992065430e-01 -4.624422192573547363e-01 -2.758429944515228271e-01 1.636156439781188965e+00 -5.616807937622070312e-01 -3.436196148395538330e-01 -9.604740142822265625e-01 9.347513318061828613e-02 -1.484120011329650879e+00 1.626312971115112305e+00 2.134426087141036987e-01 1.025352850556373596e-01 2.530435919761657715e-01 1.155077219009399414e+00 1.670818686485290527e+00 3.350535631179809570e-01 -2.628132700920104980e-01 1.307515978813171387e+00 -1.895985722541809082e+00
5.623348057270050049e-02 -1.947446465492248535e+00 2.159365653991699219e+00 1.940832138061523438e+00 -1.494870543479919434e+00 2.017511129379272461e+00 -1.666569709777832031e-01 -1.494870543479919434e+00 -1.654261708259582520e+00 -5.993602871894836426e-01 -2.513347864151000977e+00 2.524272918701171875e+00 -6.989787220954895020e-01 1.137937545776367188e+00 -5.379177927970886230e-01 7.854628562927246094e-01 1.654182076454162598e+00 -9.768329858779907227e-01 -1.072177886962890625e+00 2.626561880111694336e+00 -1.743711233139038086e+00
-4.922456145286560059e-01 -2.032812118530273438e+00 -9.578052163124084473e-01 4.864906787872314453e+00 -1.735801100730895996e+00 3.199731111526489258e+00 -2.032812118530273438e+00 1.062753319740295410e+00 1.993710637092590332e+00 -1.111061930656433105e+00 -2.032812118530273438e+00 -1.111061930656433105e+00 2.845279455184936523e+00 -1.287086963653564453e+00 -9.578052163124084473e-01 -4.006931781768798828e-01 3.805949687957763672e+00 1.260073900222778320e+00 -1.735801100730895996e+00 -2.032812118530273438e+00 -1.111061930656433105e+00
3.719209671020507812e+00 -1.352251172065734863e+00 -1.686009049415588379e+00 -8.580769300460815430e-01 -1.352251172065734863e+00 -1.082393169403076172e+00 -1.686009049415588379e+00 1.728595018386840820e+00 -1.686009049415588379e+00 4.077409744262695312e+00 -1.686009049415588379e+00 -1.686009049415588379e+00 -1.082393169403076172e+00 5.514872550964355469e+00 -3.583366274833679199e-01 -8.580769300460815430e-01 -6.673985123634338379e-01 -1.352251172065734863e+00 -6.673985123634338379e-01 3.689538955688476562e+00 -6.673985123634338379e-01
-1.426719307899475098e+00 -7.646004557609558105e-01 -7.646004557609558105e-01 -1.426719307899475098e+00 5.510943889617919922e+00 -1.426719307899475098e+00 3.806264400482177734e+00 -7.646004557609558105e-01 -1.426719307899475098e+00 -5.225921869277954102e-01 -1.426719307899475098e+00 -1.426719307899475098e+00 -1.058891296386718750e+00 -1.426719307899475098e+00 -1.426719307899475098e+00 -1.058891296386718750e+00 4.248357772827148438e+00 -5.225921869277954102e-01 -1.426719307899475098e+00 5.497976303100585938e+00 -7.646004557609558105e-01
-3.122986294329166412e-02 -5.869546532630920410e-01 -5.869546532630920410e-01 -5.869546532630920410e-01 8.139449119567871094e+00 1.457527995109558105e+00 -5.869546532630920410e-01 -5.869546532630920410e-01 -5.869546532630920410e-01 -5.869546532630920410e-01 -5.869546532630920410e-01 -5.869546532630920410e-01 -5.869546532630920410e-01 -5.869546532630920410e-01 -5.869546532630920410e-01 -5.869546532630920410e-01 -5.869546532630920410e-01 -5.869546532630920410e-01 -5.869546532630920410e-01 -5.869546532630920410e-01 4.101236164569854736e-01
