-4.304285645484924316e-01 8.608577728271484375e+00 -4.304285645484924316e-01 -4.304285645484924316e-01 -4.304285645484924316e-01 -4.304285645484924316e-01 -4.304285645484924316e-01 -4.304285645484924316e-01 -4.304285645484924316e-01 -4.304285645484924316e-01 -4.304285645484924316e-01 -4.304285645484924316e-01 -4.304285645484924316e-01 -4.304285645484924316e-01 -4.304285645484924316e-01 -4.304285645484924316e-01 -4.304285645484924316e-01 -4.304285645484924316e-01 -4.304285645484924316e-01 -4.304285645484924316e-01 -4.304285645484924316e-01
6.913548469543457031e+00 -1.056599974632263184e+00 -2.819676995277404785e-01 -1.056599974632263184e+00 -1.056599974632263184e+00 -7.658587768673896790e-03 -1.056599974632263184e+00 -6.253343224525451660e-01 -1.056599974632263184e+00 -1.056599974632263184e+00 -1.056599974632263184e+00 -6.253343224525451660e-01 -7.658587768673896790e-03 -6.253343224525451660e-01 -1.056599974632263184e+00 5.187586307525634766e+00 9.717330932617187500e-01 7.246567606925964355e-01 -1.056599974632263184e+00 -1.056599974632263184e+00 -1.056599974632263184e+00
3.302866220474243164e+00 -1.143535375595092773e+00 -9.632537364959716797e-01 -1.915732026100158691e+00 -9.632537364959716797e-01 7.041735649108886719e-01 -1.353803038597106934e+00 1.451584339141845703e+00 -1.915732026100158691e+00 -9.632537364959716797e-01 -1.605672836303710938e+00 -1.552055329084396362e-01 -8.058807849884033203e-01 -1.605672836303710938e+00 -8.058807849884033203e-01 5.350750446319580078e+00 2.442100763320922852e+00 2.518812656402587891e+00 1.945820808410644531e+00 -1.915732026100158691e+00 -1.605672836303710938e+00
1.357380747795104980e-01 -1.324259042739868164e+00 5.094967782497406006e-02 7.642170190811157227e-01 -1.324259042739868164e+00 1.087728142738342285e+00 -1.222093820571899414e+00 -2.957473695278167725e-01 1.082376465201377869e-01 2.108028903603553772e-02 -8.182027339935302734e-01 5.164706707000732422e-01 -2.164499610662460327e-01 -6.323803067207336426e-01 2.536107778549194336e+00 4.431019306182861328e+00 1.280948162078857422e+00 -1.789617538452148438e-01 -1.437008857727050781e+00 -1.222093820571899414e+00 -2.259989023208618164e+00
-4.889026582241058350e-01 -2.302071094512939453e+00 7.855826020240783691e-01 4.555765092372894287e-01 9.505295157432556152e-01 -9.287762641906738281e-01 -1.308741211891174316e+00 -3.236869871616363525e-01 -1.376302957534790039e+00 2.373401165008544922e+00 -1.901992321014404297e+00 -1.376302957534790039e+00 1.159131526947021484e+00 1.483433961868286133e+00 -1.831953413784503937e-02 5.674481391906738281e-01 -1.697607517242431641e+00 1.548615097999572754e-01 -8.841411471366882324e-01 1.165004014968872070e+00 3.512000322341918945e+00
-6.830478459596633911e-02 -1.574249744415283203e+00 5.721385478973388672e-01 6.394525170326232910e-01 -1.996971815824508667e-01 -1.996971815824508667e-01 -1.224494218826293945e+00 -5.164367556571960449e-01 -1.224494218826293945e+00 7.624521851539611816e-01 -5.164367556571960449e-01 -1.574249744415283203e+00 3.411839008331298828e-01 -1.996971815824508667e-01 -3.477895259857177734e-01 5.721385478973388672e-01 -1.996971815824508667e-01 4.927596822381019592e-02 -5.164367556571960449e-01 -7.115695476531982422e-01 6.135775566101074219e+00
6.996142268180847168e-01 -8.803468346595764160e-01 -8.803468346595764160e-01 -4.082627594470977783e-02 -8.803468346595764160e-01 1.286037683486938477e+00 -8.803468346595764160e-01 -8.803468346595764160e-01 -8.803468346595764160e-01 -4.082627594470977783e-02 -8.803468346595764160e-01 -4.141477644443511963e-01 -4.141477644443511963e-01 -8.803468346595764160e-01 -4.082627594470977783e-02 6.996142268180847168e-01 -8.803468346595764160e-01 -4.141477644443511963e-01 -4.141477644443511963e-01 -4.141477644443511963e-01 7.431799888610839844e+00
3.775756061077117920e-01 -1.354143261909484863e+00 -4.232573211193084717e-01 -6.705853939056396484e-01 -4.232573211193084717e-01 2.033951044082641602e+00 -9.746609330177307129e-01 -1.354143261909484863e+00 -1.354143261909484863e+00 4.876152276992797852e-01 -1.354143261909484863e+00 -4.232573211193084717e-01 -2.162112742662429810e-01 -4.232573211193084717e-01 6.790857315063476562e-01 -2.162112742662429810e-01 1.168949127197265625e+00 -6.705853939056396484e-01 -9.746609330177307129e-01 -4.232573211193084717e-01 6.510314941406250000e+00
2.964215576648712158e-01 -2.270499467849731445e+00 -1.923180520534515381e-01 -1.561797857284545898e-01 -9.005829691886901855e-01 1.155763864517211914e+00 -7.036300301551818848e-01 -3.089967370033264160e-01 -9.750456213951110840e-01 2.495925873517990112e-01 -1.449222207069396973e+00 -9.005829691886901855e-01 1.145895481109619141e+00 -9.005829691886901855e-01 6.745412349700927734e-01 6.260323524475097656e-01 3.740710020065307617e-02 5.396285057067871094e-01 -2.686350047588348389e-01 -2.297711372375488281e-01 4.528869152069091797e+00
7.700400948524475098e-01 -2.693765878677368164e+00 4.951095581054687500e-01 9.500888735055923462e-02 -2.450558841228485107e-01 1.716946005821228027e+00 -1.773727059364318848e+00 -4.886960983276367188e-01 -1.187079548835754395e+00 9.577831625938415527e-01 -1.651484966278076172e+00 -1.265627861022949219e+00 5.392425060272216797e-01 9.500888735055923462e-02 4.331112205982208252e-01 4.331112205982208252e-01 9.859480857849121094e-01 4.951095581054687500e-01 -5.287197828292846680e-01 -1.350107908248901367e+00 4.167701721191406250e+00
6.715258955955505371e-01 -3.240196943283081055e+00 6.404379606246948242e-01 3.065511882305145264e-01 -2.400426566600799561e-01 1.682936549186706543e+00 -1.552668333053588867e+00 -9.540108442306518555e-01 -1.154022812843322754e+00 1.261184453964233398e+00 -1.607958555221557617e+00 -1.117834329605102539e+00 8.808179497718811035e-01 4.687344133853912354e-01 7.424368262290954590e-01 1.053947448730468750e+00 1.032801508903503418e+00 2.523561120033264160e-01 -5.770130753517150879e-01 -1.154022812843322754e+00 2.604226112365722656e+00
1.034661173820495605e+00 -3.057329893112182617e+00 7.306337356567382812e-01 2.579366266727447510e-01 -8.781684637069702148e-01 2.281929016113281250e+00 -9.629175662994384766e-01 -7.039526700973510742e-01 -1.023504376411437988e+00 3.591414988040924072e-01 -1.704110741615295410e+00 -1.230194449424743652e+00 5.619252920150756836e-01 1.454792171716690063e-01 9.624429345130920410e-01 1.132232546806335449e+00 1.274188280105590820e+00 2.125847488641738892e-01 -5.553736686706542969e-01 -9.338976740837097168e-01 2.096974849700927734e+00
1.199588775634765625e+00 -3.080210447311401367e+00 6.154965758323669434e-01 4.301364123821258545e-01 -1.051015496253967285e+00 2.496617555618286133e+00 -1.296343803405761719e+00 -5.637449622154235840e-01 -9.614778161048889160e-01 4.658392071723937988e-01 -1.422301650047302246e+00 -8.529055714607238770e-01 4.587998092174530029e-01 7.457587718963623047e-01 9.028066992759704590e-01 1.308411717414855957e+00 1.175639390945434570e+00 2.559845447540283203e-01 -1.020312666893005371e+00 -9.332556724548339844e-01 1.125957846641540527e+00
8.834640383720397949e-01 -3.054446697235107422e+00 2.800453305244445801e-01 1.372508406639099121e-01 -7.788847386837005615e-02 2.166543960571289062e+00 -9.611341953277587891e-01 -3.258178830146789551e-01 -1.232260465621948242e+00 7.434259653091430664e-01 -6.725383996963500977e-01 1.998646259307861328e-01 5.806528329849243164e-01 -3.131206333637237549e-01 5.909922719001770020e-01 1.507218837738037109e+00 6.842620372772216797e-01 3.144796192646026611e-01 -8.699958324432373047e-01 -5.811331421136856079e-02 -5.223994255065917969e-01
9.095467329025268555e-01 -3.181536674499511719e+00 3.054799139499664307e-01 -3.447935581207275391e-01 -3.447935581207275391e-01 1.605114459991455078e+00 -5.767315030097961426e-01 -4.464554786682128906e-01 -9.252250194549560547e-01 1.052843332290649414e-01 -1.457136392593383789e+00 1.642236113548278809e+00 2.456396371126174927e-01 5.999999865889549255e-02 1.820143163204193115e-01 1.136679410934448242e+00 1.630662083625793457e+00 3.756001591682434082e-01 -3.728195428848266602e-01 1.300412178039550781e+00 -1.848889589309692383e+00
-6.311594508588314056e-03 -2.292037963867187500e+00 2.170941352844238281e+00 2.026155233383178711e+00 -1.514329791069030762e+00 2.091794490814208984e+00 -8.472651988267898560e-02 -1.784250259399414062e+00 -1.365040898323059082e+00 -6.042016744613647461e-01 -2.659189224243164062e+00 2.589659214019775391e+00 -6.740018129348754883e-01 1.250391483306884766e+00 -5.388746261596679688e-01 8.393869400024414062e-01 1.773116588592529297e+00 -8.297510147094726562e-01 -1.297399640083312988e+00 2.694223880767822266e+00 -1.784250259399414062e+00
-6.394696235656738281e-01 -2.068899154663085938e+00 -7.478880286216735840e-01 4.816914081573486328e+00 -1.330199956893920898e+00 3.135828018188476562e+00 -2.068899154663085938e+00 1.073531985282897949e+00 1.923103094100952148e+00 -1.155876040458679199e+00 -1.773714542388916016e+00 -1.003263473510742188e+00 2.776951074600219727e+00 -1.330199956893920898e+00 -1.003263473510742188e+00 -2.142451256513595581e-01 3.749690294265747070e+00 1.031817078590393066e+00 -1.773714542388916016e+00 -2.068899154663085938e+00 -1.330199956893920898e+00
3.704774379730224609e+00 -1.141305208206176758e+00 -1.736675739288330078e+00 -2.994836866855621338e-01 -1.736675739288330078e+00 -9.210467338562011719e-01 -1.736675739288330078e+00 1.592237114906311035e+00 -1.736675739288330078e+00 3.968423366546630859e+00 -1.736675739288330078e+00 -9.210467338562011719e-01 -1.407267212867736816e+00 5.430630683898925781e+00 -4.268240928649902344e-01 -7.334159016609191895e-01 -2.994836866855621338e-01 -1.407267212867736816e+00 -9.210467338562011719e-01 3.605314016342163086e+00 -1.141305208206176758e+00
-1.462699294090270996e+00 -8.073151111602783203e-01 -8.073151111602783203e-01 -1.462699294090270996e+00 5.461678028106689453e+00 -1.462699294090270996e+00 3.732028245925903320e+00 -5.689527988433837891e-01 -1.462699294090270996e+00 -3.679089844226837158e-01 -1.462699294090270996e+00 -1.462699294090270996e+00 -1.098698735237121582e+00 -1.462699294090270996e+00 -1.462699294090270996e+00 -8.073151111602783203e-01 4.169674396514892578e+00 -3.679089844226837158e-01 -1.462699294090270996e+00 5.433708667755126953e+00 -8.073151111602783203e-01
-3.739595040678977966e-02 -5.862318277359008789e-01 -5.862318277359008789e-01 -5.862318277359008789e-01 8.138692855834960938e+00 1.455471396446228027e+00 -5.862318277359008789e-01 -5.862318277359008789e-01 -5.862318277359008789e-01 -5.862318277359008789e-01 -5.862318277359008789e-01 -5.862318277359008789e-01 -5.862318277359008789e-01 -5.862318277359008789e-01 -5.862318277359008789e-01 -5.862318277359008789e-01 -5.862318277359008789e-01 -5.862318277359008789e-01 -5.862318277359008789e-01 -5.862318277359008789e-01 4.092839956283569336e-01
