-4.304845333099365234e-01 8.608747482299804688e+00 -4.304845333099365234e-01 -4.304845333099365234e-01 -4.304845333099365234e-01 -4.304845333099365234e-01 -4.304845333099365234e-01 -4.304845333099365234e-01 -4.304845333099365234e-01 -4.304845333099365234e-01 -4.304845333099365234e-01 -4.304845333099365234e-01 -4.304845333099365234e-01 -4.304845333099365234e-01 -4.304845333099365234e-01 -4.304845333099365234e-01 -4.304845333099365234e-01 -4.304845333099365234e-01 -4.304845333099365234e-01 -4.304845333099365234e-01 -4.304845333099365234e-01
6.974059581756591797e+00 -1.026675224304199219e+00 -2.432284951210021973e-01 -1.026675224304199219e+00 -1.026675224304199219e+00 -2.432284951210021973e-01 -1.026675224304199219e+00 -1.026675224304199219e+00 -1.026675224304199219e+00 -1.026675224304199219e+00 -1.026675224304199219e+00 -2.432284951210021973e-01 3.642392158508300781e-02 -5.931451320648193359e-01 -1.026675224304199219e+00 5.236144065856933594e+00 1.131448626518249512e+00 2.641685605049133301e-01 -1.026675224304199219e+00 -1.026675224304199219e+00 -1.026675224304199219e+00
3.304294824600219727e+00 -8.038329482078552246e-01 -1.140383005142211914e+00 -1.914119958877563477e+00 -1.140383005142211914e+00 7.436628341674804688e-01 -1.603116869926452637e+00 1.401496887207031250e+00 -1.914119958877563477e+00 -9.609112143516540527e-01 -1.603116869926452637e+00 2.445051912218332291e-03 -8.038329482078552246e-01 -1.603116869926452637e+00 -6.643999218940734863e-01 5.357180118560791016e+00 2.459552049636840820e+00 2.516892671585083008e+00 1.882776141166687012e+00 -1.914119958877563477e+00 -1.603116869926452637e+00
9.640035778284072876e-02 -1.309237599372863770e+00 6.674676202237606049e-03 7.808416485786437988e-01 -1.548764228820800781e+00 1.146071791648864746e+00 -1.309237599372863770e+00 -2.004908323287963867e-01 6.674676202237606049e-03 3.748749569058418274e-02 -6.750780940055847168e-01 5.330652594566345215e-01 -5.792132392525672913e-02 -5.083665847778320312e-01 2.535113573074340820e+00 4.449357509613037109e+00 1.288791894912719727e+00 -2.511173859238624573e-02 -1.309237599372863770e+00 -1.689502358436584473e+00 -2.247070550918579102e+00
-4.156134724617004395e-01 -2.289343595504760742e+00 8.010654449462890625e-01 6.243383884429931641e-01 9.587468504905700684e-01 -1.008930921554565430e+00 -1.113741397857666016e+00 -3.343902826309204102e-01 -1.361779570579528809e+00 2.383654117584228516e+00 -2.008035182952880859e+00 -1.230604887008666992e+00 1.203666090965270996e+00 1.468661427497863770e+00 1.573839969933032990e-02 5.505529046058654785e-01 -1.781159996986389160e+00 3.409678488969802856e-02 -1.170535683631896973e+00 1.138681411743164062e+00 3.534878253936767578e+00
-2.014338374137878418e-01 -1.576314568519592285e+00 7.618187069892883301e-01 6.387665867805480957e-01 2.521627545356750488e-01 -6.986661255359649658e-02 -1.576314568519592285e+00 -5.169858336448669434e-01 -1.576314568519592285e+00 7.020758986473083496e-01 -5.169858336448669434e-01 -1.576314568519592285e+00 4.999646842479705811e-01 -3.491063714027404785e-01 -2.014338374137878418e-01 4.234485626220703125e-01 -6.986661255359649658e-02 4.827671870589256287e-02 -7.117679119110107422e-01 -5.169858336448669434e-01 6.133304595947265625e+00
5.908385515213012695e-01 -9.423338770866394043e-01 -9.423338770866394043e-01 -1.328611671924591064e-01 -9.423338770866394043e-01 1.373815774917602539e+00 -4.955937266349792480e-01 -9.423338770866394043e-01 -9.423338770866394043e-01 3.933640122413635254e-01 -9.423338770866394043e-01 -4.955937266349792480e-01 -1.328611671924591064e-01 -9.423338770866394043e-01 -1.328611671924591064e-01 7.615649104118347168e-01 -4.955937266349792480e-01 -9.423338770866394043e-01 -4.955937266349792480e-01 -4.955937266349792480e-01 7.296082973480224609e+00
2.072046995162963867e-01 -1.384150624275207520e+00 -1.011440157890319824e+00 -7.099452614784240723e-01 -4.644948244094848633e-01 2.096814393997192383e+00 -7.099452614784240723e-01 -7.099452614784240723e-01 -1.384150624275207520e+00 5.402379631996154785e-01 -1.384150624275207520e+00 -4.644948244094848633e-01 -2.597757875919342041e-01 -2.597757875919342041e-01 7.155784964561462402e-01 -2.597757875919342041e-01 1.173333764076232910e+00 -7.099452614784240723e-01 -1.011440157890319824e+00 -4.644948244094848633e-01 6.454353809356689453e+00
3.705461621284484863e-01 -2.280800104141235352e+00 -6.796185672283172607e-02 -2.057857662439346313e-01 -9.134219288825988770e-01 1.132259845733642578e+00 -9.134219288825988770e-01 -5.503250360488891602e-01 -9.877011775970458984e-01 1.618481129407882690e-01 -1.462653160095214844e+00 -8.438236117362976074e-01 1.180648803710937500e+00 -8.438236117362976074e-01 6.288987398147583008e-01 7.940006256103515625e-01 1.618481129407882690e-01 5.439864993095397949e-01 -2.432033270597457886e-01 -1.696175038814544678e-01 4.508001327514648438e+00
7.276847362518310547e-01 -2.101119518280029297e+00 2.725687026977539062e-01 3.073200769722461700e-02 -3.181259334087371826e-01 1.674307942390441895e+00 -1.812384843826293945e+00 -6.544527411460876465e-01 -1.084992051124572754e+00 1.014983654022216797e+00 -1.690406918525695801e+00 -1.084992051124572754e+00 5.254568457603454590e-01 5.319425463676452637e-02 3.419171869754791260e-01 4.678812325000762939e-01 9.798948764801025391e-01 4.529602825641632080e-01 -6.114712953567504883e-01 -1.304467201232910156e+00 4.120594024658203125e+00
6.247149109840393066e-01 -3.261417388916015625e+00 5.669751167297363281e-01 3.380987942218780518e-01 -2.383976578712463379e-01 1.636461496353149414e+00 -1.476893782615661621e+00 -9.808176159858703613e-01 -1.043542146682739258e+00 1.205218553543090820e+00 -1.526854991912841797e+00 -1.076446890830993652e+00 8.524996042251586914e-01 5.469682812690734863e-01 7.311219573020935059e-01 1.062590241432189941e+00 9.608055949211120605e-01 2.241687327623367310e-01 -5.639255642890930176e-01 -1.145552158355712891e+00 2.564171075820922852e+00
1.071432948112487793e+00 -3.036664485931396484e+00 7.661800384521484375e-01 2.369979470968246460e-01 -9.096502661705017090e-01 2.329911708831787109e+00 -9.096502661705017090e-01 -7.033352851867675781e-01 -1.245940208435058594e+00 4.607957899570465088e-01 -1.514677286148071289e+00 -1.514677286148071289e+00 5.929543972015380859e-01 1.190056577324867249e-01 1.013068556785583496e+00 1.126582741737365723e+00 1.275893807411193848e+00 2.911907136440277100e-01 -5.308795571327209473e-01 -1.031405806541442871e+00 2.113052845001220703e+00
1.229217767715454102e+00 -2.730064392089843750e+00 6.222767829895019531e-01 4.573924541473388672e-01 -1.102930903434753418e+00 2.536960601806640625e+00 -1.409921050071716309e+00 -5.506286025047302246e-01 -1.070095300674438477e+00 4.786661267280578613e-01 -1.455347776412963867e+00 -8.406355977058410645e-01 5.131510496139526367e-01 7.425404787063598633e-01 9.381332993507385254e-01 1.284202933311462402e+00 1.171046733856201172e+00 1.689741611480712891e-01 -1.136852622032165527e+00 -9.776321053504943848e-01 1.131518840789794922e+00
8.951043486595153809e-01 -3.058136701583862305e+00 3.700456321239471436e-01 1.496734768152236938e-01 -4.230152815580368042e-02 2.175659894943237305e+00 -7.899556159973144531e-01 -3.166392147541046143e-01 -1.175427317619323730e+00 7.830679416656494141e-01 -6.406557559967041016e-01 1.008288636803627014e-01 5.453718304634094238e-01 -3.952834010124206543e-01 5.925115346908569336e-01 1.472140789031982422e+00 6.712278723716735840e-01 2.694211006164550781e-01 -8.521476984024047852e-01 -1.647822260856628418e-01 -5.899422168731689453e-01
8.376823663711547852e-01 -3.178839445114135742e+00 2.710048854351043701e-01 -3.149404525756835938e-01 -3.284894824028015137e-01 1.615594148635864258e+00 -7.236398458480834961e-01 -3.702628612518310547e-01 -8.986913561820983887e-01 1.426099687814712524e-01 -1.496567726135253906e+00 1.648582816123962402e+00 2.933575510978698730e-01 9.888922423124313354e-02 1.845159679651260376e-01 1.142371773719787598e+00 1.625402569770812988e+00 3.713163137435913086e-01 -3.284894824028015137e-01 1.316323637962341309e+00 -1.908218741416931152e+00
-5.960051901638507843e-03 -2.175799608230590820e+00 2.138164281845092773e+00 1.981532812118530273e+00 -1.399958252906799316e+00 2.038114547729492188e+00 -2.430871501564979553e-02 -1.631068110466003418e+00 -1.548511028289794922e+00 -5.430482029914855957e-01 -2.492187261581420898e+00 2.553933858871459961e+00 -8.248884677886962891e-01 1.185871839523315430e+00 -5.127108097076416016e-01 8.106989860534667969e-01 1.739314913749694824e+00 -9.526637196540832520e-01 -1.268962979316711426e+00 2.653239011764526367e+00 -1.720489621162414551e+00
-4.049461781978607178e-01 -1.806020259857177734e+00 -7.860665321350097656e-01 4.773898124694824219e+00 -1.365441679954528809e+00 3.113386869430541992e+00 -2.099510431289672852e+00 1.030919313430786133e+00 1.914766430854797363e+00 -1.041402220726013184e+00 -1.806020259857177734e+00 -1.365441679954528809e+00 2.714496612548828125e+00 -1.192886590957641602e+00 -1.041402220726013184e+00 -3.271786272525787354e-01 3.690353393554687500e+00 9.457280039787292480e-01 -1.806020259857177734e+00 -2.099510431289672852e+00 -1.041402220726013184e+00
3.713989496231079102e+00 -1.134794235229492188e+00 -1.732047438621520996e+00 -7.270322442054748535e-01 -1.402078509330749512e+00 -9.142403006553649902e-01 -1.732047438621520996e+00 1.601480841636657715e+00 -1.732047438621520996e+00 3.979497432708740234e+00 -1.732047438621520996e+00 -1.134794235229492188e+00 -1.134794235229492188e+00 5.438542842864990234e+00 -2.920446395874023438e-01 -1.134794235229492188e+00 -2.920446395874023438e-01 -1.402078509330749512e+00 -1.134794235229492188e+00 3.625458717346191406e+00 -7.270322442054748535e-01
-1.471076250076293945e+00 -8.168145418167114258e-01 -1.108657479286193848e+00 -1.471076250076293945e+00 5.450368404388427734e+00 -1.471076250076293945e+00 3.714913368225097656e+00 -5.787974596023559570e-01 -1.471076250076293945e+00 -5.787974596023559570e-01 -1.471076250076293945e+00 -1.471076250076293945e+00 -8.168145418167114258e-01 -1.471076250076293945e+00 -1.471076250076293945e+00 -8.168145418167114258e-01 4.158795833587646484e+00 -2.062549889087677002e-01 -1.471076250076293945e+00 5.417630672454833984e+00 -5.787974596023559570e-01
-6.496904790401458740e-02 -5.997774600982666016e-01 -5.997774600982666016e-01 -5.997774600982666016e-01 8.102859497070312500e+00 1.426235914230346680e+00 -5.997774600982666016e-01 -5.997774600982666016e-01 -5.997774600982666016e-01 -5.997774600982666016e-01 -5.997774600982666016e-01 -5.997774600982666016e-01 -5.997774600982666016e-01 -5.997774600982666016e-01 -5.997774600982666016e-01 -5.997774600982666016e-01 -5.997774600982666016e-01 -5.997774600982666016e-01 -5.997774600982666016e-01 -5.997774600982666016e-01 7.327589392662048340e-01
