-4.302505254745483398e-01 8.608888626098632812e+00 -4.302505254745483398e-01 -4.302505254745483398e-01 -4.302505254745483398e-01 -4.302505254745483398e-01 -4.302505254745483398e-01 -4.302505254745483398e-01 -4.302505254745483398e-01 -4.302505254745483398e-01 -4.302505254745483398e-01 -4.302505254745483398e-01 -4.302505254745483398e-01 -4.302505254745483398e-01 -4.302505254745483398e-01 -4.302505254745483398e-01 -4.302505254745483398e-01 -4.302505254745483398e-01 -4.302505254745483398e-01 -4.302505254745483398e-01 -4.302505254745483398e-01
6.917701721191406250e+00 -1.057825446128845215e+00 -2.835749983787536621e-01 -1.057825446128845215e+00 -1.057825446128845215e+00 -8.741581812500953674e-03 -1.057825446128845215e+00 -1.057825446128845215e+00 -1.057825446128845215e+00 -1.057825446128845215e+00 -1.057825446128845215e+00 -2.835749983787536621e-01 -8.741581812500953674e-03 -6.275773048400878906e-01 -1.057825446128845215e+00 5.148478031158447266e+00 1.261054754257202148e+00 5.756248235702514648e-01 -1.057825446128845215e+00 -1.057825446128845215e+00 -1.057825446128845215e+00
3.230609655380249023e+00 -1.002835869789123535e+00 -1.390039801597595215e+00 -1.946912527084350586e+00 -1.002835869789123535e+00 7.954973578453063965e-01 -1.390039801597595215e+00 1.351199030876159668e+00 -1.946912527084350586e+00 -8.464114665985107422e-01 -1.390039801597595215e+00 9.033586829900741577e-02 -8.464114665985107422e-01 -1.639759063720703125e+00 -4.741320312023162842e-01 5.308411121368408203e+00 2.375522851943969727e+00 2.415371417999267578e+00 1.899618148803710938e+00 -1.946912527084350586e+00 -1.639759063720703125e+00
5.307566374540328979e-02 -1.435504317283630371e+00 -1.768389791250228882e-01 7.215911746025085449e-01 -1.220132231712341309e+00 1.121485948562622070e+00 -1.220132231712341309e+00 -2.935715615749359131e-01 2.321686409413814545e-02 -3.922371938824653625e-02 -6.302867531776428223e-01 3.789239525794982910e-01 -1.406636089086532593e-01 -4.724851250648498535e-01 2.512901306152343750e+00 4.441679477691650391e+00 1.292032837867736816e+00 -2.143234759569168091e-01 -1.322510600090026855e+00 -1.126627087593078613e+00 -2.258082628250122070e+00
-4.395501315593719482e-01 -2.310056686401367188e+00 7.853283882141113281e-01 5.263649821281433105e-01 9.417136907577514648e-01 -1.317136764526367188e+00 -1.193704247474670410e+00 -3.072972893714904785e-01 -1.032463550567626953e+00 2.366312026977539062e+00 -1.910295248031616211e+00 -1.456646919250488281e+00 1.162037372589111328e+00 1.431043624877929688e+00 -2.691308222711086273e-02 4.467882513999938965e-01 -1.533598661422729492e+00 1.461455523967742920e-01 -9.373878836631774902e-01 1.156204462051391602e+00 3.505958080291748047e+00
-7.019836306571960449e-01 -1.566820383071899414e+00 8.848083615303039551e-01 8.848083615303039551e-01 6.001399457454681396e-02 1.665916293859481812e-01 -1.216326713562011719e+00 -5.068006515502929688e-01 -1.566820383071899414e+00 5.841432809829711914e-01 -9.336727261543273926e-01 -1.566820383071899414e+00 4.353628158569335938e-01 -5.068006515502929688e-01 -5.803704261779785156e-02 3.528110086917877197e-01 6.001399457454681396e-02 6.001399457454681396e-02 -5.068006515502929688e-01 -5.068006515502929688e-01 6.146912574768066406e+00
6.807333827018737793e-01 -9.909983277320861816e-01 -9.909983277320861816e-01 -1.989968419075012207e-01 -9.909983277320861816e-01 1.285521388053894043e+00 -5.518562197685241699e-01 -9.909983277320861816e-01 -9.909983277320861816e-01 8.354234695434570312e-02 -5.518562197685241699e-01 -5.518562197685241699e-01 -1.989968419075012207e-01 -5.518562197685241699e-01 8.354234695434570312e-02 8.354234695434570312e-02 -5.518562197685241699e-01 -5.518562197685241699e-01 -5.518562197685241699e-01 -1.989968419075012207e-01 7.198215484619140625e+00
-6.593602895736694336e-02 -1.372795939445495605e+00 -6.946756839752197266e-01 -9.969085454940795898e-01 -4.486657381057739258e-01 2.137324333190917969e+00 -9.969085454940795898e-01 -6.946756839752197266e-01 -1.372795939445495605e+00 2.259827703237533569e-01 -1.372795939445495605e+00 -4.486657381057739258e-01 -6.593602895736694336e-02 -6.593602895736694336e-02 8.114440441131591797e-01 -2.428544163703918457e-01 1.340083241462707520e+00 -6.946756839752197266e-01 -9.969085454940795898e-01 -4.486657381057739258e-01 6.473634719848632812e+00
3.607496321201324463e-01 -2.545737028121948242e+00 -1.444388180971145630e-01 -1.793410629034042358e-01 -8.531313538551330566e-01 1.071407318115234375e+00 -7.876850366592407227e-01 -5.105211734771728516e-01 -7.876850366592407227e-01 2.499282658100128174e-01 -1.358163595199584961e+00 -8.531313538551330566e-01 1.189337968826293945e+00 -9.227592945098876953e-01 6.821233034133911133e-01 6.973147392272949219e-01 4.313615709543228149e-02 4.794853627681732178e-01 -1.106899827718734741e-01 -2.154697477817535400e-01 4.497802257537841797e+00
8.166167140007019043e-01 -2.266744375228881836e+00 3.535838425159454346e-01 1.925018802285194397e-02 -2.445024847984313965e-01 1.742735147476196289e+00 -1.679453730583190918e+00 -5.585050582885742188e-01 -1.294248700141906738e+00 1.085375189781188965e+00 -1.679453730583190918e+00 -1.469841837882995605e+00 5.782617330551147461e-01 1.925018802285194397e-02 2.288989424705505371e-01 5.647335052490234375e-01 1.068972706794738770e+00 4.942564368247985840e-01 -6.882067322731018066e-01 -1.215904116630554199e+00 4.118376255035400391e+00
7.215589284896850586e-01 -3.247375011444091797e+00 6.246951222419738770e-01 3.815225064754486084e-01 -2.343430966138839722e-01 1.702139377593994141e+00 -1.616834282875061035e+00 -9.631342887878417969e-01 -1.126977324485778809e+00 1.234596252441406250e+00 -1.561514139175415039e+00 -1.025520563125610352e+00 8.664155006408691406e-01 5.384993553161621094e-01 7.666984200477600098e-01 1.052872657775878906e+00 9.752419590950012207e-01 2.429744601249694824e-01 -7.699897885322570801e-01 -1.126977324485778809e+00 2.565863609313964844e+00
1.045548796653747559e+00 -3.249775171279907227e+00 7.184100151062011719e-01 2.490904629230499268e-01 -1.061268687248229980e+00 2.365696191787719727e+00 -8.515801429748535156e-01 -7.001686692237854004e-01 -9.661514163017272949e-01 3.620682954788208008e-01 -1.678332805633544922e+00 -1.203767538070678711e+00 5.422505140304565430e-01 1.218677163124084473e-01 1.037179708480834961e+00 1.121759176254272461e+00 1.295167565345764160e+00 3.454923927783966064e-01 -5.282496213912963867e-01 -1.061268687248229980e+00 2.095628738403320312e+00
1.203026533126831055e+00 -2.614907026290893555e+00 5.805952548980712891e-01 4.631711840629577637e-01 -1.098854899406433105e+00 2.483631610870361328e+00 -1.312512516975402832e+00 -5.607526302337646484e-01 -1.036567449569702148e+00 3.223245739936828613e-01 -1.531265854835510254e+00 -7.710238099098205566e-01 4.971830546855926514e-01 7.449472546577453613e-01 8.538613319396972656e-01 1.282631158828735352e+00 1.196375489234924316e+00 1.491007655858993530e-01 -9.778329133987426758e-01 -9.778329133987426758e-01 1.098349094390869141e+00
9.144538640975952148e-01 -3.051381111145019531e+00 3.120902180671691895e-01 1.812455207109451294e-01 -1.039430722594261169e-01 2.175255298614501953e+00 -8.229034543037414551e-01 -2.475442886352539062e-01 -1.259369373321533203e+00 7.868767976760864258e-01 -6.681175827980041504e-01 1.889775097370147705e-01 5.262290239334106445e-01 -3.604746758937835693e-01 5.954186320304870605e-01 1.509590625762939453e+00 6.649730801582336426e-01 2.267732620239257812e-01 -1.031123042106628418e+00 3.082668595016002655e-02 -5.656333565711975098e-01
9.049630761146545410e-01 -3.165664434432983398e+00 2.417564839124679565e-01 -4.270744025707244873e-01 -2.585068047046661377e-01 1.610721468925476074e+00 -6.868265867233276367e-01 -4.119094014167785645e-01 -1.008995294570922852e+00 2.015207558870315552e-01 -1.717622518539428711e+00 1.673319101333618164e+00 2.955201268196105957e-01 7.016431540250778198e-02 2.338372915983200073e-01 1.159463882446289062e+00 1.695822477340698242e+00 3.103674650192260742e-01 -2.715370655059814453e-01 1.320038318634033203e+00 -1.772473335266113281e+00
-1.268695946782827377e-02 -2.181344985961914062e+00 2.160999536514282227e+00 1.922481060028076172e+00 -1.406391143798828125e+00 2.066290616989135742e+00 -6.871119141578674316e-02 -1.555154323577880859e+00 -1.555154323577880859e+00 -5.816359519958496094e-01 -2.498470067977905273e+00 2.545408964157104492e+00 -7.166705131530761719e-01 1.248966336250305176e+00 -4.624695479869842529e-01 8.117086887359619141e-01 1.682677745819091797e+00 -1.054538846015930176e+00 -1.159044861793518066e+00 2.634404659271240234e+00 -1.824211716651916504e+00
-5.437443852424621582e-01 -1.776903748512268066e+00 -8.716718554496765137e-01 4.808242797851562500e+00 -1.333705186843872070e+00 3.165999174118041992e+00 -2.071977376937866211e+00 1.069907546043395996e+00 1.919427037239074707e+00 -1.535906314849853516e+00 -1.776903748512268066e+00 -1.159568548202514648e+00 2.846235752105712891e+00 -1.333705186843872070e+00 -8.716718554496765137e-01 -1.490098088979721069e-01 3.707971811294555664e+00 1.090129613876342773e+00 -1.776903748512268066e+00 -2.071977376937866211e+00 -1.333705186843872070e+00
3.641163587570190430e+00 -1.164801120758056641e+00 -1.756671905517578125e+00 -4.537398517131805420e-01 -1.429451942443847656e+00 -1.164801120758056641e+00 -1.756671905517578125e+00 1.639976382255554199e+00 -1.756671905517578125e+00 3.984452486038208008e+00 -1.756671905517578125e+00 -9.457023739814758301e-01 -1.164801120758056641e+00 5.389605998992919922e+00 -4.537398517131805420e-01 -7.591194510459899902e-01 -3.266338407993316650e-01 -1.429451942443847656e+00 -7.591194510459899902e-01 3.591012477874755859e+00 -1.164801120758056641e+00
-1.472100496292114258e+00 -8.187091350555419922e-01 -8.187091350555419922e-01 -1.472100496292114258e+00 5.456884384155273438e+00 -1.472100496292114258e+00 3.793021678924560547e+00 -5.810799002647399902e-01 -1.472100496292114258e+00 -3.808782994747161865e-01 -1.472100496292114258e+00 -1.472100496292114258e+00 -1.109494805335998535e+00 -1.472100496292114258e+00 -1.472100496292114258e+00 -8.187091350555419922e-01 4.171195507049560547e+00 -2.078598886728286743e-01 -1.472100496292114258e+00 5.386552810668945312e+00 -8.187091350555419922e-01
-4.017468914389610291e-02 -5.857844948768615723e-01 -5.857844948768615723e-01 -5.857844948768615723e-01 8.139069557189941406e+00 1.455396771430969238e+00 -5.857844948768615723e-01 -5.857844948768615723e-01 -5.857844948768615723e-01 -5.857844948768615723e-01 -5.857844948768615723e-01 -5.857844948768615723e-01 -5.857844948768615723e-01 -5.857844948768615723e-01 -5.857844948768615723e-01 -5.857844948768615723e-01 -5.857844948768615723e-01 -5.857844948768615723e-01 -5.857844948768615723e-01 -5.857844948768615723e-01 4.071742892265319824e-01
