-4.304442107677459717e-01 8.607624053955078125e+00 -4.304442107677459717e-01 -4.304442107677459717e-01 -4.304442107677459717e-01 -4.304442107677459717e-01 -4.304442107677459717e-01 -4.304442107677459717e-01 -4.304442107677459717e-01 -4.304442107677459717e-01 -4.304442107677459717e-01 -4.304442107677459717e-01 -4.304442107677459717e-01 -4.304442107677459717e-01 -4.304442107677459717e-01 -4.304442107677459717e-01 -4.304442107677459717e-01 -4.304442107677459717e-01 -4.304442107677459717e-01 -4.304442107677459717e-01 -4.304442107677459717e-01
7.002589225769042969e+00 -1.012034535408020020e+00 -5.723332166671752930e-01 -1.012034535408020020e+00 -1.012034535408020020e+00 -5.723332166671752930e-01 -1.012034535408020020e+00 -1.012034535408020020e+00 -1.012034535408020020e+00 -1.012034535408020020e+00 -1.012034535408020020e+00 -2.221264988183975220e-01 -2.221264988183975220e-01 -5.723332166671752930e-01 -1.012034535408020020e+00 5.254031658172607422e+00 1.250717997550964355e+00 7.970262169837951660e-01 -1.012034535408020020e+00 -1.012034535408020020e+00 -1.012034535408020020e+00
3.215039491653442383e+00 -1.194273948669433594e+00 -1.015741348266601562e+00 -1.956864833831787109e+00 -1.015741348266601562e+00 7.145497798919677734e-01 -1.402153134346008301e+00 1.354328870773315430e+00 -1.956864833831787109e+00 -8.595565557479858398e-01 -1.402153134346008301e+00 -5.864923447370529175e-02 -7.215018272399902344e-01 -1.650913596153259277e+00 -3.883674144744873047e-01 5.290623664855957031e+00 2.406394004821777344e+00 2.431947708129882812e+00 1.816810727119445801e+00 -1.956864833831787109e+00 -1.650913596153259277e+00
3.565406799316406250e-02 -1.549509644508361816e+00 -5.958572775125503540e-02 7.187414169311523438e-01 -1.208287835121154785e+00 1.113232016563415527e+00 -1.208287835121154785e+00 -1.646117717027664185e-01 -5.958572775125503540e-02 -9.341949224472045898e-02 -6.181571483612060547e-01 4.736666977405548096e-01 -2.684746496379375458e-02 -6.181571483612060547e-01 2.535907745361328125e+00 4.452541828155517578e+00 1.321957588195800781e+00 -1.646117717027664185e-01 -1.423674583435058594e+00 -1.208287835121154785e+00 -2.248317003250122070e+00
-6.247185468673706055e-01 -2.310326099395751953e+00 8.099785447120666504e-01 4.697660505771636963e-01 9.193327426910400391e-01 -1.033183217048645020e+00 -1.194453835487365723e+00 -3.328714668750762939e-01 -1.033183217048645020e+00 2.369350910186767578e+00 -1.706077575683593750e+00 -1.194453835487365723e+00 1.184529781341552734e+00 1.469840764999389648e+00 -4.641857370734214783e-02 5.581856369972229004e-01 -1.803408503532409668e+00 -4.641857370734214783e-02 -1.033183217048645020e+00 1.070231914520263672e+00 3.509406328201293945e+00
-1.047114282846450806e-01 -1.599568605422973633e+00 7.237940430641174316e-01 5.336624383926391602e-01 -1.047114282846450806e-01 1.241996604949235916e-02 -1.599568605422973633e+00 -5.503622889518737793e-01 -1.252835869789123535e+00 8.335481286048889160e-01 -3.828332722187042236e-01 -1.599568605422973633e+00 3.032274544239044189e-01 -3.828332722187042236e-01 -2.355381846427917480e-01 5.336624383926391602e-01 1.241996604949235916e-02 -1.047114282846450806e-01 -3.828332722187042236e-01 -7.440158128738403320e-01 6.091771125793457031e+00
7.414510250091552734e-01 -9.573746919631958008e-01 -9.573746919631958008e-01 -1.497449576854705811e-01 -9.573746919631958008e-01 8.920429348945617676e-01 -5.092403292655944824e-01 -9.573746919631958008e-01 -9.573746919631958008e-01 3.720133006572723389e-01 -5.092403292655944824e-01 -9.573746919631958008e-01 1.374102979898452759e-01 -9.573746919631958008e-01 -1.497449576854705811e-01 3.720133006572723389e-01 -1.497449576854705811e-01 -9.573746919631958008e-01 -5.092403292655944824e-01 -1.497449576854705811e-01 7.271010398864746094e+00
4.310899376869201660e-01 -1.318754076957702637e+00 -3.756744563579559326e-01 -1.318754076957702637e+00 -6.256717443466186523e-01 2.312235832214355469e+00 -9.339179992675781250e-01 -6.256717443466186523e-01 -1.318754076957702637e+00 3.077057898044586182e-01 -1.318754076957702637e+00 -3.756744563579559326e-01 -1.669805049896240234e-01 1.225272845476865768e-02 8.189389109611511230e-01 -1.669805049896240234e-01 1.281245470046997070e+00 -9.339179992675781250e-01 -9.339179992675781250e-01 -1.318754076957702637e+00 6.569151401519775391e+00
4.068669974803924561e-01 -2.269198179244995117e+00 -8.552138507366180420e-02 -2.279995232820510864e-01 -8.291226625442504883e-01 1.054389715194702148e+00 -8.988780379295349121e-01 -3.928470909595489502e-01 -8.988780379295349121e-01 2.024509757757186890e-01 -1.873104929924011230e+00 -6.434444189071655273e-01 1.177135825157165527e+00 -8.988780379295349121e-01 7.377932071685791016e-01 6.921699047088623047e-01 9.670286625623703003e-02 5.594715476036071777e-01 -8.552138507366180420e-02 -3.491926193237304688e-01 4.528087139129638672e+00
8.065942525863647461e-01 -2.453855514526367188e+00 4.868735074996948242e-01 -6.393992807716131210e-03 -3.170954883098602295e-01 1.699663519859313965e+00 -1.658899426460266113e+00 -4.585081338882446289e-01 -1.194742321968078613e+00 8.805705308914184570e-01 -1.781214237213134766e+00 -1.194742321968078613e+00 6.139057278633117676e-01 4.125514253973960876e-02 3.063571155071258545e-01 6.139057278633117676e-01 9.776970744132995605e-01 4.868735074996948242e-01 -8.146528601646423340e-01 -1.194742321968078613e+00 4.160135746002197266e+00
6.975681781768798828e-01 -3.256862163543701172e+00 6.497533321380615234e-01 3.109283447265625000e-01 -2.466894537210464478e-01 1.702687978744506836e+00 -1.573251605033874512e+00 -9.749847650527954102e-01 -1.104017138481140137e+00 1.194123268127441406e+00 -1.377764463424682617e+00 -1.175256013870239258e+00 8.738343715667724609e-01 5.052081942558288574e-01 6.436085104942321777e-01 1.027958750724792480e+00 9.355913400650024414e-01 2.671165764331817627e-01 -6.634029746055603027e-01 -1.005730867385864258e+00 2.568916797637939453e+00
9.859473705291748047e-01 -3.045536994934082031e+00 7.563827633857727051e-01 2.988795340061187744e-01 -1.009125471115112305e+00 2.304955959320068359e+00 -1.009125471115112305e+00 -7.126849293708801270e-01 -1.040834069252014160e+00 4.284905195236206055e-01 -1.576533198356628418e+00 -1.255032300949096680e+00 5.961029529571533203e-01 1.196417510509490967e-01 9.638774991035461426e-01 1.101324319839477539e+00 1.320728182792663574e+00 3.576573729515075684e-01 -5.211309790611267090e-01 -1.178606748580932617e+00 2.114595174789428711e+00
1.217083811759948730e+00 -2.739630222320556641e+00 5.978812575340270996e-01 3.786629438400268555e-01 -1.050283193588256836e+00 2.508418083190917969e+00 -1.257007718086242676e+00 -6.646507978439331055e-01 -1.148433446884155273e+00 4.013777971267700195e-01 -1.467082977294921875e+00 -7.310275435447692871e-01 4.595302343368530273e-01 7.880783081054687500e-01 9.035202264785766602e-01 1.306098341941833496e+00 1.200317025184631348e+00 1.278575956821441650e-01 -1.050283193588256836e+00 -9.325914382934570312e-01 1.151842951774597168e+00
9.105515480041503906e-01 -3.051327943801879883e+00 3.520337045192718506e-01 1.811368316411972046e-01 -8.373007923364639282e-02 2.185685396194458008e+00 -7.622383832931518555e-01 -3.874815106391906738e-01 -1.197523236274719238e+00 7.695605754852294922e-01 -7.048201560974121094e-01 2.558945119380950928e-01 5.093722939491271973e-01 -3.874815106391906738e-01 5.532308220863342285e-01 1.496942520141601562e+00 7.162790894508361816e-01 2.630924582481384277e-01 -9.811254739761352539e-01 -1.354483962059020996e-01 -5.028195977210998535e-01
8.962816596031188965e-01 -3.179444313049316406e+00 2.637121081352233887e-01 -4.436866939067840576e-01 -2.622267305850982666e-01 1.646957635879516602e+00 -6.458824276924133301e-01 -3.146974742412567139e-01 -9.985898733139038086e-01 1.080505773425102234e-01 -1.496451139450073242e+00 1.637335896492004395e+00 3.154829442501068115e-01 3.455934301018714905e-02 2.712654173374176025e-01 1.133107423782348633e+00 1.656478047370910645e+00 2.936270534992218018e-01 -3.700118362903594971e-01 1.242039203643798828e+00 -1.788371801376342773e+00
3.102935850620269775e-02 -2.041687250137329102e+00 2.150148630142211914e+00 1.959673523902893066e+00 -1.398631334304809570e+00 2.083779096603393555e+00 -8.010943979024887085e-02 -1.398631334304809570e+00 -1.719305992126464844e+00 -4.541570842266082764e-01 -2.687298297882080078e+00 2.536410331726074219e+00 -7.457023859024047852e-01 1.147097110748291016e+00 -5.423215627670288086e-01 8.748534917831420898e-01 1.704407691955566406e+00 -9.981917142868041992e-01 -1.267583012580871582e+00 2.662176609039306641e+00 -1.816512584686279297e+00
-5.520640611648559570e-01 -1.782972574234008789e+00 -7.591529488563537598e-01 4.801897525787353516e+00 -1.340609669685363770e+00 3.157183408737182617e+00 -2.077458381652832031e+00 1.061473011970520020e+00 1.937046527862548828e+00 -1.166731953620910645e+00 -1.782972574234008789e+00 -1.166731953620910645e+00 2.779500722885131836e+00 -1.166731953620910645e+00 -8.795164227485656738e-01 -5.520640611648559570e-01 3.711017131805419922e+00 1.101529121398925781e+00 -2.077458381652832031e+00 -2.077458381652832031e+00 -1.166731953620910645e+00
3.705141067504882812e+00 -1.396735310554504395e+00 -1.727181077003479004e+00 -4.139993488788604736e-01 -1.727181077003479004e+00 -9.092268347740173340e-01 -1.727181077003479004e+00 1.627522587776184082e+00 -1.727181077003479004e+00 4.028767108917236328e+00 -1.727181077003479004e+00 -9.092268347740173340e-01 -1.129970073699951172e+00 5.434438228607177734e+00 -2.864268720149993896e-01 -1.129970073699951172e+00 -4.139993488788604736e-01 -1.396735310554504395e+00 -9.092268347740173340e-01 3.645199537277221680e+00 -9.092268347740173340e-01
-1.453710079193115234e+00 -7.964752912521362305e-01 -7.964752912521362305e-01 -1.453710079193115234e+00 5.476824283599853516e+00 -1.453710079193115234e+00 3.765836238861083984e+00 -7.964752912521362305e-01 -1.453710079193115234e+00 -5.576291680335998535e-01 -1.453710079193115234e+00 -1.453710079193115234e+00 -7.964752912521362305e-01 -1.453710079193115234e+00 -1.453710079193115234e+00 -1.088704824447631836e+00 4.213726520538330078e+00 -1.822095066308975220e-01 -1.453710079193115234e+00 5.437707901000976562e+00 -7.964752912521362305e-01
-2.876675128936767578e-02 -5.782749652862548828e-01 -5.782749652862548828e-01 -5.782749652862548828e-01 8.160352706909179688e+00 1.279251933097839355e+00 -5.782749652862548828e-01 -5.782749652862548828e-01 -5.782749652862548828e-01 -5.782749652862548828e-01 -5.782749652862548828e-01 -5.782749652862548828e-01 -5.782749652862548828e-01 -5.782749652862548828e-01 -5.782749652862548828e-01 -5.782749652862548828e-01 -5.782749652862548828e-01 -5.782749652862548828e-01 -5.782749652862548828e-01 -5.782749652862548828e-01 4.202416241168975830e-01
