-4.304459095001220703e-01 8.607387542724609375e+00 -4.304459095001220703e-01 -4.304459095001220703e-01 -4.304459095001220703e-01 -4.304459095001220703e-01 -4.304459095001220703e-01 -4.304459095001220703e-01 -4.304459095001220703e-01 -4.304459095001220703e-01 -4.304459095001220703e-01 -4.304459095001220703e-01 -4.304459095001220703e-01 -4.304459095001220703e-01 -4.304459095001220703e-01 -4.304459095001220703e-01 -4.304459095001220703e-01 -4.304459095001220703e-01 -4.304459095001220703e-01 -4.304459095001220703e-01 -4.304459095001220703e-01
6.949933052062988281e+00 -1.039904236793518066e+00 -6.082885265350341797e-01 -1.039904236793518066e+00 -1.039904236793518066e+00 1.598725654184818268e-02 -1.039904236793518066e+00 -6.082885265350341797e-01 -1.039904236793518066e+00 -1.039904236793518066e+00 -1.039904236793518066e+00 -2.612994313240051270e-01 -2.612994313240051270e-01 -6.082885265350341797e-01 -1.039904236793518066e+00 5.184093952178955078e+00 1.202722787857055664e+00 4.342898130416870117e-01 -1.039904236793518066e+00 -1.039904236793518066e+00 -1.039904236793518066e+00
3.244372606277465820e+00 -8.431822657585144043e-01 -1.177798390388488770e+00 -1.944034337997436523e+00 -1.177798390388488770e+00 6.267897486686706543e-01 -1.386178970336914062e+00 1.374936103820800781e+00 -1.944034337997436523e+00 -9.993503093719482422e-01 -1.386178970336914062e+00 -1.138521134853363037e-01 -7.047350406646728516e-01 -1.636413455009460449e+00 -3.694157302379608154e-01 5.312832355499267578e+00 2.433520793914794922e+00 2.433520793914794922e+00 1.837511897087097168e+00 -1.944034337997436523e+00 -1.636413455009460449e+00
1.366611272096633911e-01 -1.220839858055114746e+00 2.207218483090400696e-02 7.049937248229980469e-01 -1.323334455490112305e+00 1.120272755622863770e+00 -1.323334455490112305e+00 -2.946429848670959473e-01 -8.702821098268032074e-03 -8.702821098268032074e-03 -5.233817100524902344e-01 3.987585902214050293e-01 -7.318447530269622803e-02 -5.233817100524902344e-01 2.469444274902343750e+00 4.442725181579589844e+00 1.290827631950378418e+00 -1.419629156589508057e-01 -1.323334455490112305e+00 -1.562083840370178223e+00 -2.258809089660644531e+00
-4.322934150695800781e-01 -2.327788114547729492e+00 7.558197975158691406e-01 5.270774364471435547e-01 8.762901425361633301e-01 -9.574974179267883301e-01 -1.103361964225769043e+00 -4.322934150695800781e-01 -1.213713884353637695e+00 2.346925497055053711e+00 -1.929183483123779297e+00 -1.213713884353637695e+00 1.146779775619506836e+00 1.409944176673889160e+00 7.319236174225807190e-03 5.892832279205322266e-01 -1.822107911109924316e+00 1.090442091226577759e-01 -9.131254553794860840e-01 1.099398136138916016e+00 3.477467775344848633e+00
-2.617018520832061768e-01 -1.617867469787597656e+00 6.959292888641357422e-01 5.733604431152343750e-01 1.881930083036422729e-01 -1.411149278283119202e-02 -1.274099588394165039e+00 -5.745972990989685059e-01 -1.274099588394165039e+00 5.733604431152343750e-01 -7.671494483947753906e-01 -1.617867469787597656e+00 5.063470005989074707e-01 -4.081972241401672363e-01 -1.312271654605865479e-01 5.733604431152343750e-01 -1.411149278283119202e-02 1.881930083036422729e-01 -9.957125186920166016e-01 -4.081972241401672363e-01 6.060851573944091797e+00
6.536556482315063477e-01 -1.005539894104003906e+00 -1.005539894104003906e+00 -5.711382031440734863e-01 -1.005539894104003906e+00 1.159165024757385254e+00 -5.711382031440734863e-01 -1.005539894104003906e+00 -1.005539894104003906e+00 6.136676669120788574e-02 -5.711382031440734863e-01 -5.711382031440734863e-01 6.136676669120788574e-02 -5.711382031440734863e-01 6.136676669120788574e-02 6.536556482315063477e-01 -2.201652526855468750e-01 -5.711382031440734863e-01 -5.711382031440734863e-01 -5.711382031440734863e-01 7.166169643402099609e+00
3.174256384372711182e-01 -1.392163753509521484e+00 -7.200663089752197266e-01 -7.200663089752197266e-01 -4.754613637924194336e-01 1.991997122764587402e+00 -7.200663089752197266e-01 -7.200663089752197266e-01 -1.392163753509521484e+00 6.182054281234741211e-01 -1.392163753509521484e+00 -4.754613637924194336e-01 -2.710414230823516846e-01 -2.710414230823516846e-01 6.182054281234741211e-01 -2.710414230823516846e-01 1.048240303993225098e+00 -7.200663089752197266e-01 -1.020291566848754883e+00 -4.754613637924194336e-01 6.441539764404296875e+00
3.329308331012725830e-01 -2.276648998260498047e+00 -1.294450312852859497e-01 -2.005530893802642822e-01 -7.114171981811523438e-01 1.166875958442687988e+00 -9.084267020225524902e-01 -4.478331208229064941e-01 -9.084267020225524902e-01 3.546106517314910889e-01 -1.457485795021057129e+00 -8.387526273727416992e-01 1.195372462272644043e+00 -9.084267020225524902e-01 6.973507404327392578e-01 6.819143295288085938e-01 5.845496058464050293e-02 3.966493308544158936e-01 -1.643982529640197754e-01 -4.478331208229064941e-01 4.516028881072998047e+00
7.349074482917785645e-01 -2.104510307312011719e+00 5.072028040885925293e-01 -9.402608871459960938e-02 -4.585423469543457031e-01 1.665654659271240234e+00 -1.693666219711303711e+00 -4.585423469543457031e-01 -1.230238556861877441e+00 9.667468070983886719e-01 -1.815531015396118164e+00 -1.088683128356933594e+00 5.488985180854797363e-01 3.429239382967352867e-03 4.336520433425903320e-01 4.182872772216796875e-01 1.002146482467651367e+00 5.072028040885925293e-01 -7.992008924484252930e-01 -1.157220482826232910e+00 4.111740589141845703e+00
6.071534752845764160e-01 -3.255639553070068359e+00 5.410893559455871582e-01 3.205932974815368652e-01 -1.197625920176506042e-01 1.697422266006469727e+00 -1.685904383659362793e+00 -9.147983789443969727e-01 -1.290843605995178223e+00 1.202381014823913574e+00 -1.332710981369018555e+00 -9.437841176986694336e-01 8.798921704292297363e-01 5.410893559455871582e-01 7.880724072456359863e-01 1.058118700981140137e+00 9.367538690567016602e-01 2.318213433027267456e-01 -6.851441860198974609e-01 -1.137956857681274414e+00 2.561928749084472656e+00
1.034225583076477051e+00 -3.057099580764770508e+00 7.682831287384033203e-01 2.121010124683380127e-01 -1.023818850517272949e+00 2.283786058425903320e+00 -9.060029983520507812e-01 -6.379466056823730469e-01 -1.193311929702758789e+00 4.133192598819732666e-01 -1.538281321525573730e+00 -1.351653337478637695e+00 5.937488079071044922e-01 1.646143943071365356e-01 9.707732796669006348e-01 1.062511801719665527e+00 1.273769378662109375e+00 3.093222975730895996e-01 -4.978208541870117188e-01 -9.631847143173217773e-01 2.082122325897216797e+00
1.174116373062133789e+00 -3.083763360977172852e+00 6.105321049690246582e-01 4.467450678348541260e-01 -1.153978109359741211e+00 2.500848531723022461e+00 -1.225059866905212402e+00 -5.116562247276306152e-01 -1.055736899375915527e+00 4.396049976348876953e-01 -1.426761150360107422e+00 -7.140399813652038574e-01 4.031198024749755859e-01 7.513496875762939453e-01 9.247207045555114746e-01 1.278866291046142578e+00 1.149670004844665527e+00 1.978099048137664795e-01 -9.106627702713012695e-01 -9.380549788475036621e-01 1.142573356628417969e+00
9.296750426292419434e-01 -3.221171379089355469e+00 2.851581573486328125e-01 2.270632833242416382e-01 -8.599816262722015381e-02 2.183061361312866211e+00 -7.945795059204101562e-01 -2.884536683559417725e-01 -1.284471988677978516e+00 8.030856847763061523e-01 -6.784512400627136230e-01 2.270632833242416382e-01 5.228774547576904297e-01 -3.395659029483795166e-01 5.664877891540527344e-01 1.500663280487060547e+00 7.687790989875793457e-01 2.921896576881408691e-01 -9.026737213134765625e-01 -2.163538038730621338e-01 -4.950787723064422607e-01
8.744425773620605469e-01 -3.176567792892456055e+00 2.511387169361114502e-01 -3.673443496227264404e-01 -2.986270785331726074e-01 1.636233210563659668e+00 -6.431103944778442383e-01 -2.595334947109222412e-01 -1.077908396720886230e+00 6.547931581735610962e-02 -1.536529064178466797e+00 1.642023324966430664e+00 2.511387169361114502e-01 8.384119719266891479e-02 2.118473947048187256e-01 1.154847025871276855e+00 1.653553485870361328e+00 3.109928071498870850e-01 -2.854261100292205811e-01 1.295103669166564941e+00 -1.785633683204650879e+00
-1.449337005615234375e-01 -2.046152114868164062e+00 2.139516115188598633e+00 1.975934267044067383e+00 -1.402724266052246094e+00 2.074948310852050781e+00 -6.509775668382644653e-02 -1.474572062492370605e+00 -1.723250150680541992e+00 -5.776008367538452148e-01 -2.690255880355834961e+00 2.545203924179077148e+00 -7.130145430564880371e-01 1.258236169815063477e+00 -4.867956340312957764e-01 7.491606473922729492e-01 1.726542711257934570e+00 -1.050227522850036621e+00 -1.001676917076110840e+00 2.630556821823120117e+00 -1.723250150680541992e+00
-4.566202163696289062e-01 -1.779806017875671387e+00 -1.336866855621337891e+00 4.797260284423828125e+00 -1.779806017875671387e+00 3.145980834960937500e+00 -2.074952125549316406e+00 1.023645520210266113e+00 1.983329057693481445e+00 -1.010953664779663086e+00 -1.779806017875671387e+00 -1.010953664779663086e+00 2.809551954269409180e+00 -1.163249015808105469e+00 -8.757681846618652344e-01 -2.946355342864990234e-01 3.735727787017822266e+00 1.085586905479431152e+00 -1.779806017875671387e+00 -2.074952125549316406e+00 -1.163249015808105469e+00
3.680521011352539062e+00 -1.152364253997802734e+00 -1.746408104896545410e+00 -4.403178095817565918e-01 -1.418161630630493164e+00 -1.152364253997802734e+00 -1.746408104896545410e+00 1.728499889373779297e+00 -1.746408104896545410e+00 3.974988698959350586e+00 -1.746408104896545410e+00 -1.152364253997802734e+00 -1.152364253997802734e+00 5.407861709594726562e+00 -4.403178095817565918e-01 -1.152364253997802734e+00 -4.403178095817565918e-01 -1.418161630630493164e+00 -7.459803223609924316e-01 3.604757308959960938e+00 -7.459803223609924316e-01
-1.459856748580932617e+00 -8.035214543342590332e-01 -8.035214543342590332e-01 -1.459856748580932617e+00 5.462160587310791016e+00 -1.459856748580932617e+00 3.780922651290893555e+00 -1.095951199531555176e+00 -1.459856748580932617e+00 -3.646049797534942627e-01 -1.459856748580932617e+00 -1.459856748580932617e+00 -1.095951199531555176e+00 -1.459856748580932617e+00 -1.459856748580932617e+00 -8.035214543342590332e-01 4.188755035400390625e+00 -1.914611309766769409e-01 -1.459856748580932617e+00 5.429879665374755859e+00 -5.650124549865722656e-01
-4.148311913013458252e-02 -5.830476284027099609e-01 -5.830476284027099609e-01 -5.830476284027099609e-01 8.149289131164550781e+00 1.042062044143676758e+00 -5.830476284027099609e-01 -5.830476284027099609e-01 -5.830476284027099609e-01 -5.830476284027099609e-01 -5.830476284027099609e-01 -5.830476284027099609e-01 -5.830476284027099609e-01 -5.830476284027099609e-01 -5.830476284027099609e-01 -5.830476284027099609e-01 -5.830476284027099609e-01 -5.830476284027099609e-01 -5.830476284027099609e-01 -5.830476284027099609e-01 7.619351148605346680e-01
