-4.304808676242828369e-01 8.608802795410156250e+00 -4.304808676242828369e-01 -4.304808676242828369e-01 -4.304808676242828369e-01 -4.304808676242828369e-01 -4.304808676242828369e-01 -4.304808676242828369e-01 -4.304808676242828369e-01 -4.304808676242828369e-01 -4.304808676242828369e-01 -4.304808676242828369e-01 -4.304808676242828369e-01 -4.304808676242828369e-01 -4.304808676242828369e-01 -4.304808676242828369e-01 -4.304808676242828369e-01 -4.304808676242828369e-01 -4.304808676242828369e-01 -4.304808676242828369e-01 -4.304808676242828369e-01
7.007201671600341797e+00 -1.012474894523620605e+00 -2.235637754201889038e-01 -1.012474894523620605e+00 -1.012474894523620605e+00 5.547421798110008240e-02 -1.012474894523620605e+00 -5.727537870407104492e-01 -1.012474894523620605e+00 -1.012474894523620605e+00 -1.012474894523620605e+00 -5.727537870407104492e-01 -2.235637754201889038e-01 -1.012474894523620605e+00 -1.012474894523620605e+00 5.240322113037109375e+00 1.154770731925964355e+00 2.854340076446533203e-01 -1.012474894523620605e+00 -1.012474894523620605e+00 -1.012474894523620605e+00
3.252745389938354492e+00 -8.175227642059326172e-01 -1.364620327949523926e+00 -1.923669457435607910e+00 -1.364620327949523926e+00 7.955555915832519531e-01 -1.364620327949523926e+00 1.403106570243835449e+00 -1.923669457435607910e+00 -6.790640950202941895e-01 -1.364620327949523926e+00 -1.659862548112869263e-01 -6.790640950202941895e-01 -1.923669457435607910e+00 -5.558774471282958984e-01 5.341203212738037109e+00 2.442544221878051758e+00 2.487420797348022461e+00 1.943960785865783691e+00 -1.923669457435607910e+00 -1.615390062332153320e+00
-1.172604337334632874e-01 -1.231139421463012695e+00 -8.349332958459854126e-02 7.545987963676452637e-01 -1.137706995010375977e+00 1.119759559631347656e+00 -1.231139421463012695e+00 -2.257394045591354370e-01 -5.078130215406417847e-02 -5.078130215406417847e-02 -6.417432427406311035e-01 5.070397257804870605e-01 -1.905842870473861694e-02 -5.866062045097351074e-01 2.508617877960205078e+00 4.423181533813476562e+00 1.297285556793212891e+00 -1.882924288511276245e-01 -1.445691823959350586e+00 -1.333192944526672363e+00 -2.267877578735351562e+00
-4.132678210735321045e-01 -2.310965538024902344e+00 8.004173636436462402e-01 5.355746746063232422e-01 9.756327271461486816e-01 -1.195721864700317383e+00 -1.195721864700317383e+00 -3.088255524635314941e-01 -1.139154314994812012e+00 2.369860410690307617e+00 -1.804772496223449707e+00 -1.139154314994812012e+00 1.118776559829711914e+00 1.472854852676391602e+00 -2.850996330380439758e-02 5.355746746063232422e-01 -1.707463622093200684e+00 9.564571827650070190e-02 -1.195721864700317383e+00 1.030067086219787598e+00 3.504834890365600586e+00
-1.715436130762100220e-01 -1.552748322486877441e+00 7.339403033256530762e-01 5.313870906829833984e-01 1.848349571228027344e-01 -1.715436130762100220e-01 -1.201276302337646484e+00 -6.863992214202880859e-01 -1.201276302337646484e+00 7.936582565307617188e-01 -9.186642765998840332e-01 -1.552748322486877441e+00 3.715308010578155518e-01 -3.203641474246978760e-01 -4.900648891925811768e-01 5.313870906829833984e-01 7.826099544763565063e-02 2.820730209350585938e-01 -9.186642765998840332e-01 -4.900648891925811768e-01 6.169096469879150391e+00
5.187363028526306152e-01 -9.873299002647399902e-01 -9.873299002647399902e-01 -5.451115965843200684e-01 -9.873299002647399902e-01 1.088744521141052246e+00 -5.451115965843200684e-01 -9.873299002647399902e-01 -9.873299002647399902e-01 -1.925151199102401733e-01 -5.451115965843200684e-01 -5.451115965843200684e-01 8.972609788179397583e-02 -5.451115965843200684e-01 8.972609788179397583e-02 6.891838312149047852e-01 -5.451115965843200684e-01 -5.451115965843200684e-01 -5.451115965843200684e-01 -1.925151199102401733e-01 7.207330703735351562e+00
1.359070092439651489e-01 -1.340760588645935059e+00 -9.599238038063049316e-01 -1.340760588645935059e+00 -4.071162343025207520e-01 2.212373256683349609e+00 -6.552680730819702148e-01 -6.552680730819702148e-01 -1.340760588645935059e+00 6.983836889266967773e-01 -1.340760588645935059e+00 -6.552680730819702148e-01 -1.990198642015457153e-01 -2.017792314291000366e-02 6.983836889266967773e-01 -4.071162343025207520e-01 1.069953799247741699e+00 -6.552680730819702148e-01 -9.599238038063049316e-01 -4.071162343025207520e-01 6.530249595642089844e+00
3.989578783512115479e-01 -2.517271757125854492e+00 2.228895388543605804e-02 -4.019615799188613892e-02 -8.864678740501403809e-01 1.150936961174011230e+00 -1.127389430999755859e+00 -4.260390996932983398e-01 -8.864678740501403809e-01 2.881573736667633057e-01 -1.561264395713806152e+00 -7.511841654777526855e-01 1.190217494964599609e+00 -1.041130185127258301e+00 7.357576489448547363e-01 7.507350444793701172e-01 1.370609104633331299e-01 4.601544439792633057e-01 -2.944416701793670654e-01 -1.415472477674484253e-01 4.539261341094970703e+00
8.014613986015319824e-01 -2.094508409500122070e+00 4.296509325504302979e-01 1.484604272991418839e-02 -2.796692550182342529e-01 1.686066985130310059e+00 -1.940474390983581543e+00 -4.471777379512786865e-01 -1.077794313430786133e+00 1.039331316947937012e+00 -1.804248690605163574e+00 -1.473756551742553711e+00 6.261635422706604004e-01 1.484604272991418839e-02 3.322544693946838379e-01 4.601597189903259277e-01 9.691328406333923340e-01 5.602670907974243164e-01 -7.894417643547058105e-01 -1.146357059478759766e+00 4.119336605072021484e+00
6.377502679824829102e-01 -3.271616935729980469e+00 6.068609952926635742e-01 3.510766923427581787e-01 -1.928105205297470093e-01 1.636146545410156250e+00 -1.488501310348510742e+00 -9.340099692344665527e-01 -1.268792629241943359e+00 1.154308557510375977e+00 -1.351216673851013184e+00 -1.023741602897644043e+00 8.653929829597473145e-01 4.511024355888366699e-01 7.306831479072570801e-01 1.058964133262634277e+00 1.013954162597656250e+00 2.490937560796737671e-01 -7.273123860359191895e-01 -1.023741602897644043e+00 2.526906251907348633e+00
1.034611940383911133e+00 -3.051201820373535156e+00 7.769346237182617188e-01 1.829333156347274780e-01 -1.080036759376525879e+00 2.336293458938598633e+00 -8.700588941574096680e-01 -5.873469710350036621e-01 -1.113756299018859863e+00 4.142901599407196045e-01 -1.638263106346130371e+00 -1.222130775451660156e+00 5.568860173225402832e-01 1.732525974512100220e-01 1.013734221458435059e+00 1.075116991996765137e+00 1.236146450042724609e+00 3.179241716861724854e-01 -6.081813573837280273e-01 -1.015681982040405273e+00 2.069015979766845703e+00
1.212835311889648438e+00 -2.739694595336914062e+00 6.797467470169067383e-01 3.466130495071411133e-01 -9.908154010772705078e-01 2.490856647491455078e+00 -1.257532238960266113e+00 -6.656474471092224121e-01 -1.115644693374633789e+00 4.226461648941040039e-01 -1.731131315231323242e+00 -8.029838800430297852e-01 4.726408421993255615e-01 7.820791602134704590e-01 9.250558614730834961e-01 1.305192470550537109e+00 1.219466567039489746e+00 1.749330908060073853e-01 -9.060325622558593750e-01 -9.335288405418395996e-01 1.111100912094116211e+00
9.786301255226135254e-01 -3.220478773117065430e+00 2.869259119033813477e-01 1.907335072755813599e-01 -4.417162761092185974e-02 2.195417404174804688e+00 -8.348266482353210449e-01 -3.509688079357147217e-01 -1.158621430397033691e+00 7.395286560058593750e-01 -7.726624608039855957e-01 2.213229387998580933e-01 5.357590317726135254e-01 -3.118984103202819824e-01 6.049374938011169434e-01 1.506686687469482422e+00 6.887674927711486816e-01 3.009454011917114258e-01 -9.009245038032531738e-01 -1.152843832969665527e-01 -5.399586558341979980e-01
8.886313438415527344e-01 -3.185869932174682617e+00 3.433239459991455078e-01 -3.634221851825714111e-01 -3.494979739189147949e-01 1.600301027297973633e+00 -6.722093224525451660e-01 -3.494979739189147949e-01 -9.058203697204589844e-01 1.438184529542922974e-01 -1.546827793121337891e+00 1.602279782295227051e+00 3.079051077365875244e-01 7.356809824705123901e-02 1.934777200222015381e-01 1.131842613220214844e+00 1.629713058471679688e+00 3.293090760707855225e-01 -4.360174238681793213e-01 1.306304693222045898e+00 -1.741268396377563477e+00
7.713601738214492798e-02 -2.177996397018432617e+00 2.120990753173828125e+00 1.949138879776000977e+00 -1.552205085754394531e+00 2.052954673767089844e+00 8.169849403202533722e-03 -1.475239396095275879e+00 -1.634947419166564941e+00 -5.475530624389648438e-01 -2.692151069641113281e+00 2.536905765533447266e+00 -6.108804941177368164e-01 1.203911185264587402e+00 -5.787524580955505371e-01 7.902122139930725098e-01 1.718924760818481445e+00 -1.003269553184509277e+00 -1.213196039199829102e+00 2.663272380828857422e+00 -1.634947419166564941e+00
-3.667241036891937256e-01 -1.774558782577514648e+00 -1.156158804893493652e+00 4.814891338348388672e+00 -1.533652305603027344e+00 3.176843881607055664e+00 -2.068852663040161133e+00 1.073059678077697754e+00 1.931461930274963379e+00 -1.156158804893493652e+00 -1.774558782577514648e+00 -1.156158804893493652e+00 2.791435480117797852e+00 -1.533652305603027344e+00 -1.156158804893493652e+00 -1.474260836839675903e-01 3.712636947631835938e+00 1.170524001121520996e+00 -1.774558782577514648e+00 -2.068852663040161133e+00 -1.003519296646118164e+00
3.723245859146118164e+00 -1.123945593833923340e+00 -1.721038460731506348e+00 -4.064343273639678955e-01 -1.390745043754577637e+00 -1.123945593833923340e+00 -1.721038460731506348e+00 1.711750149726867676e+00 -1.721038460731506348e+00 3.995644807815551758e+00 -1.721038460731506348e+00 -1.123945593833923340e+00 -1.390745043754577637e+00 5.446531295776367188e+00 -2.789341211318969727e-01 -1.123945593833923340e+00 -5.501719117164611816e-01 -1.721038460731506348e+00 -7.138944268226623535e-01 3.669201135635375977e+00 -7.138944268226623535e-01
-1.440191268920898438e+00 -7.806348800659179688e-01 -1.073732972145080566e+00 -1.440191268920898438e+00 5.494298934936523438e+00 -1.440191268920898438e+00 3.791023254394531250e+00 -5.405557155609130859e-01 -1.440191268920898438e+00 -5.405557155609130859e-01 -1.440191268920898438e+00 -1.440191268920898438e+00 -1.440191268920898438e+00 -1.440191268920898438e+00 -1.440191268920898438e+00 -7.806348800659179688e-01 4.254050731658935547e+00 -3.379653096199035645e-01 -1.440191268920898438e+00 5.457819461822509766e+00 -5.405557155609130859e-01
-3.272495418787002563e-02 -5.834404826164245605e-01 -5.834404826164245605e-01 -5.834404826164245605e-01 8.148302078247070312e+00 1.040481567382812500e+00 -5.834404826164245605e-01 -5.834404826164245605e-01 -5.834404826164245605e-01 -5.834404826164245605e-01 -5.834404826164245605e-01 -5.834404826164245605e-01 -5.834404826164245605e-01 -5.834404826164245605e-01 -5.834404826164245605e-01 -5.834404826164245605e-01 -5.834404826164245605e-01 -5.834404826164245605e-01 -5.834404826164245605e-01 -5.834404826164245605e-01 7.630232572555541992e-01
