-4.305459558963775635e-01 8.608082771301269531e+00 -4.305459558963775635e-01 -4.305459558963775635e-01 -4.305459558963775635e-01 -4.305459558963775635e-01 -4.305459558963775635e-01 -4.305459558963775635e-01 -4.305459558963775635e-01 -4.305459558963775635e-01 -4.305459558963775635e-01 -4.305459558963775635e-01 -4.305459558963775635e-01 -4.305459558963775635e-01 -4.305459558963775635e-01 -4.305459558963775635e-01 -4.305459558963775635e-01 -4.305459558963775635e-01 -4.305459558963775635e-01 -4.305459558963775635e-01 -4.305459558963775635e-01
7.017254352569580078e+00 -1.005597949028015137e+00 -2.131103128194808960e-01 -1.005597949028015137e+00 -1.005597949028015137e+00 -2.131103128194808960e-01 -1.005597949028015137e+00 -1.005597949028015137e+00 -1.005597949028015137e+00 -1.005597949028015137e+00 -1.005597949028015137e+00 -5.645465254783630371e-01 6.689459830522537231e-02 -1.005597949028015137e+00 -1.005597949028015137e+00 5.265822410583496094e+00 1.060170412063598633e+00 6.605638265609741211e-01 -1.005597949028015137e+00 -1.005597949028015137e+00 -1.005597949028015137e+00
3.287574052810668945e+00 -1.364216685295104980e+00 -1.154749035835266113e+00 -1.923700809478759766e+00 -9.749532938003540039e-01 8.286865949630737305e-01 -1.364216685295104980e+00 1.439239263534545898e+00 -1.923700809478759766e+00 -6.789352893829345703e-01 -1.615008592605590820e+00 -1.285111904144287109e-02 -6.789352893829345703e-01 -1.923700809478759766e+00 -4.445052742958068848e-01 5.342201232910156250e+00 2.455791950225830078e+00 2.422910451889038086e+00 1.818486452102661133e+00 -1.923700809478759766e+00 -1.615008592605590820e+00
-2.693614922463893890e-03 -1.430747032165527344e+00 -2.693614922463893890e-03 6.632614135742187500e-01 -1.556380271911621094e+00 1.115909218788146973e+00 -1.215650081634521484e+00 -1.720675081014633179e-01 1.427864879369735718e-01 -3.441037982702255249e-02 -6.841315031051635742e-01 4.855974614620208740e-01 5.795940756797790527e-02 -6.256986260414123535e-01 2.535685539245605469e+00 4.440881252288818359e+00 1.279289484024047852e+00 -1.009304746985435486e-01 -1.430747032165527344e+00 -1.215650081634521484e+00 -2.254518747329711914e+00
-5.252535343170166016e-01 -2.185457944869995117e+00 8.225440382957458496e-01 5.197576880455017090e-01 8.304372429847717285e-01 -9.645695090293884277e-01 -1.164383649826049805e+00 -3.860690891742706299e-01 -1.220920801162719727e+00 2.337859153747558594e+00 -1.935423016548156738e+00 -1.164383649826049805e+00 1.162342309951782227e+00 1.475662946701049805e+00 5.227867886424064636e-02 5.197576880455017090e-01 -1.642549633979797363e+00 -9.329920262098312378e-02 -9.645695090293884277e-01 1.055027127265930176e+00 3.467312812805175781e+00
-1.744619905948638916e-01 -1.555178046226501465e+00 7.906801104545593262e-01 7.308813929557800293e-01 7.561572641134262085e-02 7.561572641134262085e-02 -1.555178046226501465e+00 -9.206115007400512695e-01 -1.203637599945068359e+00 7.308813929557800293e-01 -6.884328126907348633e-01 -1.555178046226501465e+00 5.280581712722778320e-01 -3.232102990150451660e-01 -3.232102990150451660e-01 5.280581712722778320e-01 -3.232102990150451660e-01 1.821888983249664307e-01 -4.925464987754821777e-01 -6.884328126907348633e-01 6.165062904357910156e+00
-1.652349978685379028e-01 -9.666756391525268555e-01 -9.666756391525268555e-01 -1.652349978685379028e-01 -9.666756391525268555e-01 1.232017159461975098e+00 -9.666756391525268555e-01 -9.666756391525268555e-01 -9.666756391525268555e-01 1.195840910077095032e-01 -5.215662717819213867e-01 -5.215662717819213867e-01 -5.215662717819213867e-01 -5.215662717819213867e-01 1.195840910077095032e-01 8.723951578140258789e-01 -1.652349978685379028e-01 -5.215662717819213867e-01 -5.215662717819213867e-01 -1.652349978685379028e-01 7.248359203338623047e+00
3.771102428436279297e-01 -1.353395819664001465e+00 -4.238971471786499023e-01 -9.745579957962036133e-01 -4.238971471786499023e-01 2.080971479415893555e+00 -9.745579957962036133e-01 -1.353395819664001465e+00 -1.353395819664001465e+00 6.788747310638427734e-01 -1.353395819664001465e+00 -4.238971471786499023e-01 -4.238971471786499023e-01 -3.904985263943672180e-02 7.636166214942932129e-01 -2.170260697603225708e-01 1.223226904869079590e+00 -6.709213256835937500e-01 -9.745579957962036133e-01 -6.709213256835937500e-01 6.508218288421630859e+00
2.580209374427795410e-01 -2.282600164413452148e+00 -7.562035694718360901e-03 -1.712518483400344849e-01 -7.801274657249450684e-01 1.140232801437377930e+00 -8.455789089202880859e-01 -5.028568506240844727e-01 -8.455789089202880859e-01 3.037989437580108643e-01 -1.463286280632019043e+00 -7.801274657249450684e-01 1.150005221366882324e+00 -8.455789089202880859e-01 6.106467843055725098e-01 6.902412772178649902e-01 1.069430336356163025e-01 4.495110511779785156e-01 -2.836882472038269043e-01 -4.096902310848236084e-01 4.510467052459716797e+00
8.095149993896484375e-01 -2.264104843139648438e+00 4.376900196075439453e-01 9.029761701822280884e-02 -4.393201768398284912e-01 1.676212668418884277e+00 -1.934243798255920410e+00 -4.034794270992279053e-01 -1.139085650444030762e+00 1.038952231407165527e+00 -1.675762534141540527e+00 -1.139085650444030762e+00 5.123360157012939453e-01 4.574423283338546753e-02 3.055484294891357422e-01 5.546251535415649414e-01 1.012965321540832520e+00 4.831295311450958252e-01 -7.319161891937255859e-01 -1.374989748001098633e+00 4.131838321685791016e+00
7.470489144325256348e-01 -3.245604276657104492e+00 6.462468504905700684e-01 3.344845771789550781e-01 -2.930639982223510742e-01 1.709225893020629883e+00 -1.614469408988952637e+00 -9.307083487510681152e-01 -1.363313317298889160e+00 1.219778776168823242e+00 -1.408983111381530762e+00 -1.089361429214477539e+00 8.839323520660400391e-01 5.342164635658264160e-01 7.748709321022033691e-01 1.059697747230529785e+00 9.598028063774108887e-01 2.456771284341812134e-01 -6.486806273460388184e-01 -1.089361429214477539e+00 2.572209835052490234e+00
1.017768859863281250e+00 -3.054632663726806641e+00 7.725434303283691406e-01 2.163983881473541260e-01 -1.152885675430297852e+00 2.296308994293212891e+00 -9.021110534667968750e-01 -5.917310714721679688e-01 -1.084195852279663086e+00 3.467618525028228760e-01 -1.642354488372802734e+00 -1.391552090644836426e+00 5.458227396011352539e-01 1.785708069801330566e-01 9.349365830421447754e-01 1.158096551895141602e+00 1.309774875640869141e+00 3.136249184608459473e-01 -4.043521583080291748e-01 -9.303287863731384277e-01 2.064617633819580078e+00
1.167267560958862305e+00 -2.622128725051879883e+00 5.839788913726806641e-01 3.448130488395690918e-01 -1.045212030410766602e+00 2.494809389114379883e+00 -1.208690404891967773e+00 -6.281154155731201172e-01 -1.075885772705078125e+00 3.900378346443176270e-01 -1.589629054069519043e+00 -7.567618489265441895e-01 4.262309074401855469e-01 7.149379253387451172e-01 9.173988699913024902e-01 1.261418581008911133e+00 1.125572204589843750e+00 1.496759653091430664e-01 -8.525954484939575195e-01 -8.780269622802734375e-01 1.078369140625000000e+00
8.912280797958374023e-01 -3.061195135116577148e+00 3.337667286396026611e-01 2.074918299913406372e-01 -1.261647790670394897e-01 2.138574361801147461e+00 -9.449440240859985352e-01 -3.331290781497955322e-01 -1.208993554115295410e+00 7.090923190116882324e-01 -6.444863080978393555e-01 1.848273724317550659e-01 5.307515859603881836e-01 -3.589976727962493896e-01 6.038994193077087402e-01 1.497769951820373535e+00 7.270969748497009277e-01 3.204898536205291748e-01 -8.773307204246520996e-01 -1.366220563650131226e-01 -4.551119804382324219e-01
9.106869101524353027e-01 -3.181017875671386719e+00 2.696219682693481445e-01 -3.435872793197631836e-01 -2.385980635881423950e-01 1.643385291099548340e+00 -6.108671426773071289e-01 -3.716250360012054443e-01 -1.000327229499816895e+00 1.152378544211387634e-01 -1.633934736251831055e+00 1.608245730400085449e+00 2.620652914047241211e-01 9.752167761325836182e-02 1.749084591865539551e-01 1.162900209426879883e+00 1.643385291099548340e+00 3.630936145782470703e-01 -3.859390616416931152e-01 1.248930692672729492e+00 -1.735453724861145020e+00
-1.192536205053329468e-01 -2.076703071594238281e+00 2.106040000915527344e+00 1.967858195304870605e+00 -1.435706257820129395e+00 2.037040472030639648e+00 -3.363787531852722168e-01 -1.435706257820129395e+00 -1.435706257820129395e+00 -7.116586565971374512e-01 -2.524454116821289062e+00 2.497998952865600586e+00 -6.774374842643737793e-01 1.180317521095275879e+00 -4.381825029850006104e-01 7.641645669937133789e-01 1.664585471153259277e+00 -8.218427300453186035e-01 -1.135533809661865234e+00 2.597592115402221680e+00 -1.666520714759826660e+00
-4.992573857307434082e-01 -1.813742160797119141e+00 -7.960749864578247070e-01 4.757736682891845703e+00 -1.575249910354614258e+00 3.044076681137084961e+00 -2.105246067047119141e+00 1.060439705848693848e+00 1.886948466300964355e+00 -1.050116181373596191e+00 -1.813742160797119141e+00 -1.201693534851074219e+00 2.752808094024658203e+00 -1.201693534851074219e+00 -9.159112572669982910e-01 -3.373157680034637451e-01 3.698309659957885742e+00 1.079877138137817383e+00 -1.813742160797119141e+00 -2.105246067047119141e+00 -1.050116181373596191e+00
3.635355949401855469e+00 -1.183008313179016113e+00 -1.771114826202392578e+00 -6.167433261871337891e-01 -1.446038603782653809e+00 -9.647633433341979980e-01 -1.771114826202392578e+00 1.671364665031433105e+00 -1.771114826202392578e+00 3.944241523742675781e+00 -1.771114826202392578e+00 -1.183008313179016113e+00 -1.183008313179016113e+00 5.373514175415039062e+00 -3.476340770721435547e-01 -7.786332368850708008e-01 -3.476340770721435547e-01 -1.446038603782653809e+00 -7.786332368850708008e-01 3.511735200881958008e+00 -7.786332368850708008e-01
-1.436452746391296387e+00 -7.756301164627075195e-01 -1.069347739219665527e+00 -1.436452746391296387e+00 5.506811618804931641e+00 -1.436452746391296387e+00 3.812802076339721680e+00 -7.756301164627075195e-01 -1.436452746391296387e+00 -5.356246232986450195e-01 -1.436452746391296387e+00 -1.436452746391296387e+00 -1.436452746391296387e+00 -1.436452746391296387e+00 -1.436452746391296387e+00 -7.756301164627075195e-01 4.188572883605957031e+00 -1.586233377456665039e-01 -1.436452746391296387e+00 5.477478027343750000e+00 -5.356246232986450195e-01
-3.535977751016616821e-02 -5.831870436668395996e-01 -5.831870436668395996e-01 -5.831870436668395996e-01 8.149027824401855469e+00 1.041141629219055176e+00 -5.831870436668395996e-01 -5.831870436668395996e-01 -5.831870436668395996e-01 -5.831870436668395996e-01 -5.831870436668395996e-01 -5.831870436668395996e-01 -5.831870436668395996e-01 -5.831870436668395996e-01 -5.831870436668395996e-01 -5.831870436668395996e-01 -5.831870436668395996e-01 -5.831870436668395996e-01 -5.831870436668395996e-01 -5.831870436668395996e-01 7.631491422653198242e-01
