-4.304777383804321289e-01 8.608261108398437500e+00 -4.304777383804321289e-01 -4.304777383804321289e-01 -4.304777383804321289e-01 -4.304777383804321289e-01 -4.304777383804321289e-01 -4.304777383804321289e-01 -4.304777383804321289e-01 -4.304777383804321289e-01 -4.304777383804321289e-01 -4.304777383804321289e-01 -4.304777383804321289e-01 -4.304777383804321289e-01 -4.304777383804321289e-01 -4.304777383804321289e-01 -4.304777383804321289e-01 -4.304777383804321289e-01 -4.304777383804321289e-01 -4.304777383804321289e-01 -4.304777383804321289e-01
6.999776840209960938e+00 -1.014621019363403320e+00 -2.252345383167266846e-01 -1.014621019363403320e+00 -1.014621019363403320e+00 5.438034981489181519e-02 -1.014621019363403320e+00 -5.756441950798034668e-01 -1.014621019363403320e+00 -1.014621019363403320e+00 -1.014621019363403320e+00 -1.014621019363403320e+00 5.438034981489181519e-02 -1.014621019363403320e+00 -1.014621019363403320e+00 5.250908851623535156e+00 1.151825904846191406e+00 4.779299795627593994e-01 -1.014621019363403320e+00 -1.014621019363403320e+00 -1.014621019363403320e+00
3.299805164337158203e+00 -1.137614727020263672e+00 -1.348010540008544922e+00 -1.910390377044677734e+00 -1.137614727020263672e+00 7.830090522766113281e-01 -1.348010540008544922e+00 1.386432886123657227e+00 -1.910390377044677734e+00 -6.608760952949523926e-01 -1.348010540008544922e+00 -1.472836136817932129e-01 -6.608760952949523926e-01 -1.910390377044677734e+00 -6.608760952949523926e-01 5.363772869110107422e+00 2.463548660278320312e+00 2.495808839797973633e+00 1.898232102394104004e+00 -1.910390377044677734e+00 -1.600135207176208496e+00
1.733911484479904175e-01 -1.528890848159790039e+00 5.863896757364273071e-02 8.024483919143676758e-01 -1.289744257926940918e+00 1.177976727485656738e+00 -1.289744257926940918e+00 -3.006795346736907959e-01 8.853691071271896362e-02 1.175970435142517090e-01 -7.162385582923889160e-01 4.357177913188934326e-01 -3.666183724999427795e-02 -6.542238593101501465e-01 2.501545190811157227e+00 4.484485149383544922e+00 1.283568382263183594e+00 -2.586520910263061523e-01 -1.289744257926940918e+00 -1.528890848159790039e+00 -2.230438709259033203e+00
-3.458572030067443848e-01 -2.298971652984619141e+00 8.791847229003906250e-01 5.168966054916381836e-01 9.543693065643310547e-01 -1.071629524230957031e+00 -1.071629524230957031e+00 -3.993618190288543701e-01 -1.020605683326721191e+00 2.415166139602661133e+00 -2.149766683578491211e+00 -1.305335283279418945e+00 1.064075827598571777e+00 1.500006794929504395e+00 -1.438080519437789917e-02 5.390098690986633301e-01 -1.791656970977783203e+00 5.840229615569114685e-02 -1.071629524230957031e+00 1.102313876152038574e+00 3.511363983154296875e+00
-1.381893754005432129e-01 -1.622274518013000488e+00 7.443909049034118652e-01 6.882043480873107910e-01 1.802636981010437012e-01 -2.150204405188560486e-02 -1.279165506362915039e+00 -7.743272185325622559e-01 -1.279165506362915039e+00 6.882043480873107910e-01 -4.149541556835174561e-01 -1.622274518013000488e+00 4.273353815078735352e-01 -2.683930695056915283e-01 -4.149541556835174561e-01 4.987953603267669678e-01 -2.683930695056915283e-01 1.802636981010437012e-01 -5.816735625267028809e-01 -7.743272185325622559e-01 6.052089691162109375e+00
5.387641191482543945e-01 -9.741092324256896973e-01 -9.741092324256896973e-01 -5.307967066764831543e-01 -9.741092324256896973e-01 9.919495582580566406e-01 -5.307967066764831543e-01 -9.741092324256896973e-01 -9.741092324256896973e-01 -1.753404438495635986e-01 -5.307967066764831543e-01 -5.307967066764831543e-01 1.090472638607025146e-01 -5.307967066764831543e-01 -1.753404438495635986e-01 8.591272234916687012e-01 -1.753404438495635986e-01 -9.741092324256896973e-01 -5.307967066764831543e-01 -1.753404438495635986e-01 7.232787132263183594e+00
3.492209017276763916e-01 -1.371293544769287109e+00 -4.480265974998474121e-01 -9.955435991287231445e-01 -4.480265974998474121e-01 2.050520658493041992e+00 -6.938416957855224609e-01 -6.938416957855224609e-01 -1.371293544769287109e+00 6.503912210464477539e-01 -1.371293544769287109e+00 -4.480265974998474121e-01 -4.480265974998474121e-01 -2.420613169670104980e-01 7.350805997848510742e-01 -2.420613169670104980e-01 1.193801641464233398e+00 -6.938416957855224609e-01 -9.955435991287231445e-01 -9.955435991287231445e-01 6.476952552795410156e+00
4.214099943637847900e-01 -2.273679018020629883e+00 -2.724760174751281738e-01 -1.961673498153686523e-01 -8.345184326171875000e-01 1.111776590347290039e+00 -7.689661979675292969e-01 -3.984246253967285156e-01 -9.042993783950805664e-01 2.693759202957153320e-01 -1.452986598014831543e+00 -9.042993783950805664e-01 1.161604523658752441e+00 -9.788097739219665527e-01 6.706538200378417969e-01 8.036447763442993164e-01 3.356839343905448914e-02 4.990487098693847656e-01 -2.336230725049972534e-01 -2.724760174751281738e-01 4.521477699279785156e+00
8.186919093132019043e-01 -2.098010063171386719e+00 4.256634116172790527e-01 -2.529563009738922119e-01 -4.153331220149993896e-01 1.664064764976501465e+00 -1.808150053024291992e+00 -4.882725477218627930e-01 -1.016947269439697266e+00 1.035330295562744141e+00 -1.808150053024291992e+00 -1.150166153907775879e+00 6.093090176582336426e-01 7.833682745695114136e-02 2.013178318738937378e-01 5.145673155784606934e-01 1.009574294090270996e+00 4.710914790630340576e-01 -6.082008481025695801e-01 -1.301754236221313477e+00 4.119618892669677734e+00
6.511051654815673828e-01 -3.265520811080932617e+00 6.511051654815673828e-01 2.740626335144042969e-01 -2.573000490665435791e-01 1.647979974746704102e+00 -1.531158328056335449e+00 -8.987408876419067383e-01 -1.149411797523498535e+00 1.200899243354797363e+00 -1.388112306594848633e+00 -1.080714821815490723e+00 8.432050943374633789e-01 5.153443813323974609e-01 7.211799025535583496e-01 1.008662581443786621e+00 9.697819352149963379e-01 2.914940714836120605e-01 -5.283405780792236328e-01 -1.223093986511230469e+00 2.548036098480224609e+00
1.022055745124816895e+00 -3.047534942626953125e+00 7.648580074310302734e-01 3.135726749897003174e-01 -9.510223865509033203e-01 2.316452026367187500e+00 -9.510223865509033203e-01 -6.041576862335205078e-01 -1.218359112739562988e+00 4.107127785682678223e-01 -1.754186272621154785e+00 -1.297641754150390625e+00 5.202848911285400391e-01 1.965941637754440308e-01 1.022055745124816895e+00 1.118153095245361328e+00 1.243624925613403320e+00 2.248170524835586548e-01 -4.132429361343383789e-01 -1.011572480201721191e+00 2.094971895217895508e+00
1.265825629234313965e+00 -2.750082731246948242e+00 5.854442119598388672e-01 3.030016124248504639e-01 -1.126760840415954590e+00 2.473628520965576172e+00 -1.348054647445678711e+00 -6.349994540214538574e-01 -1.062495946884155273e+00 3.813799023628234863e-01 -1.433563470840454102e+00 -6.986048817634582520e-01 4.540965259075164795e-01 7.807009220123291016e-01 9.780231714248657227e-01 1.224320769309997559e+00 1.207889676094055176e+00 2.528766989707946777e-01 -1.126760840415954590e+00 -8.144494891166687012e-01 1.088386178016662598e+00
9.100630283355712891e-01 -3.213102817535400391e+00 2.225339412689208984e-01 2.072405219078063965e-01 2.980177290737628937e-03 2.220932006835937500e+00 -8.049749732017517090e-01 -3.161171078681945801e-01 -1.378307223320007324e+00 7.749770879745483398e-01 -7.245743870735168457e-01 2.300955653190612793e-01 5.663257241249084473e-01 -3.829140663146972656e-01 6.239606738090515137e-01 1.498574852943420410e+00 7.116817235946655273e-01 3.506271839141845703e-01 -8.697658777236938477e-01 -1.606397703289985657e-02 -6.147471070289611816e-01
9.287694692611694336e-01 -3.178907871246337891e+00 2.794070541858673096e-01 -3.141114413738250732e-01 -2.616741061210632324e-01 1.598541855812072754e+00 -6.640937328338623047e-01 -3.552987277507781982e-01 -1.080154418945312500e+00 1.262505501508712769e-01 -1.495673060417175293e+00 1.645666360855102539e+00 2.256494760513305664e-01 3.522315248847007751e-02 1.854160428047180176e-01 1.162094235420227051e+00 1.675894856452941895e+00 3.304399847984313965e-01 -3.007459342479705811e-01 1.245526194572448730e+00 -1.787678003311157227e+00
-5.806639418005943298e-02 -1.955412387847900391e+00 2.141830921173095703e+00 1.923878073692321777e+00 -1.431755065917968750e+00 2.043383121490478516e+00 -3.972854837775230408e-02 -1.662916064262390137e+00 -1.503581523895263672e+00 -6.084554195404052734e-01 -2.520917415618896484e+00 2.477001190185546875e+00 -7.433315515518188477e-01 1.195135354995727539e+00 -5.773577690124511719e-01 7.762815356254577637e-01 1.681917905807495117e+00 -8.987180590629577637e-01 -1.185006499290466309e+00 2.609513521194458008e+00 -1.662916064262390137e+00
-5.581372976303100586e-01 -1.788306713104248047e+00 -7.655795216560363770e-01 4.790647029876708984e+00 -1.346386790275573730e+00 3.139620304107666016e+00 -2.082080602645874023e+00 1.054131627082824707e+00 1.929641604423522949e+00 -1.020565390586853027e+00 -2.082080602645874023e+00 -1.548122167587280273e+00 2.787037134170532227e+00 -1.172683119773864746e+00 -7.655795216560363770e-01 -5.581372976303100586e-01 3.708136081695556641e+00 1.169904351234436035e+00 -1.788306713104248047e+00 -2.082080602645874023e+00 -1.020565390586853027e+00
3.695766448974609375e+00 -1.129405140876770020e+00 -1.726341605186462402e+00 -5.568966865539550781e-01 -1.396260142326354980e+00 -1.129405140876770020e+00 -1.726341605186462402e+00 1.628229379653930664e+00 -1.726341605186462402e+00 4.020360946655273438e+00 -1.726341605186462402e+00 -9.083998799324035645e-01 -1.396260142326354980e+00 5.441980361938476562e+00 -2.856984138488769531e-01 -9.083998799324035645e-01 -5.568966865539550781e-01 -1.396260142326354980e+00 -1.129405140876770020e+00 3.632478237152099609e+00 -7.202801108360290527e-01
-1.456611752510070801e+00 -8.004362583160400391e-01 -8.004362583160400391e-01 -1.456611752510070801e+00 5.472404956817626953e+00 -1.456611752510070801e+00 3.782811403274536133e+00 -5.615566968917846680e-01 -1.456611752510070801e+00 -3.602012097835540771e-01 -1.456611752510070801e+00 -1.456611752510070801e+00 -1.092417955398559570e+00 -1.456611752510070801e+00 -1.456611752510070801e+00 -8.004362583160400391e-01 4.201490402221679688e+00 -5.615566968917846680e-01 -1.456611752510070801e+00 5.429799079895019531e+00 -8.004362583160400391e-01
-5.466793179512023926e-01 -5.466793179512023926e-01 -5.466793179512023926e-01 -5.466793179512023926e-01 8.251729011535644531e+00 1.117841601371765137e+00 -5.466793179512023926e-01 -5.466793179512023926e-01 -5.466793179512023926e-01 -5.466793179512023926e-01 -5.466793179512023926e-01 -5.466793179512023926e-01 -5.466793179512023926e-01 -5.466793179512023926e-01 -5.466793179512023926e-01 -5.466793179512023926e-01 -5.466793179512023926e-01 -5.466793179512023926e-01 -5.466793179512023926e-01 -5.466793179512023926e-01 4.715567231178283691e-01
