-4.306084811687469482e-01 8.608426094055175781e+00 -4.306084811687469482e-01 -4.306084811687469482e-01 -4.306084811687469482e-01 -4.306084811687469482e-01 -4.306084811687469482e-01 -4.306084811687469482e-01 -4.306084811687469482e-01 -4.306084811687469482e-01 -4.306084811687469482e-01 -4.306084811687469482e-01 -4.306084811687469482e-01 -4.306084811687469482e-01 -4.306084811687469482e-01 -4.306084811687469482e-01 -4.306084811687469482e-01 -4.306084811687469482e-01 -4.306084811687469482e-01 -4.306084811687469482e-01 -4.306084811687469482e-01
6.947829723358154297e+00 -1.043050289154052734e+00 -6.096453666687011719e-01 -1.043050289154052734e+00 -1.043050289154052734e+00 1.072474010288715363e-02 -1.043050289154052734e+00 -6.096453666687011719e-01 -1.043050289154052734e+00 -1.043050289154052734e+00 -1.043050289154052734e+00 -2.651341259479522705e-01 1.072474010288715363e-02 -6.096453666687011719e-01 -1.043050289154052734e+00 5.170561313629150391e+00 9.947574138641357422e-01 4.320446252822875977e-01 -1.043050289154052734e+00 -1.043050289154052734e+00 -1.043050289154052734e+00
3.255012035369873047e+00 -8.326104283332824707e-01 -1.168873071670532227e+00 -1.935674786567687988e+00 -1.168873071670532227e+00 6.739966869354248047e-01 -1.378215789794921875e+00 1.348040103912353516e+00 -1.935674786567687988e+00 -6.944962739944458008e-01 -1.378215789794921875e+00 -1.033263951539993286e-01 -8.326104283332824707e-01 -1.628349900245666504e+00 -3.604249060153961182e-01 5.327512264251708984e+00 2.418052434921264648e+00 2.384511709213256836e+00 1.882204771041870117e+00 -1.935674786567687988e+00 -1.935674786567687988e+00
-1.298281084746122360e-02 -1.838234663009643555e+00 -1.298281084746122360e-02 7.481803894042968750e-01 -1.102012753486633301e+00 1.106012105941772461e+00 -1.195731163024902344e+00 -1.145316883921623230e-01 1.368634253740310669e-01 1.643832772970199585e-01 -7.907204031944274902e-01 4.675453007221221924e-01 1.876983605325222015e-02 -6.049578785896301270e-01 2.550118923187255859e+00 4.466764926910400391e+00 1.265052080154418945e+00 -1.507285833358764648e-01 -1.298156738281250000e+00 -1.298156738281250000e+00 -2.497591972351074219e+00
-3.984955251216888428e-01 -2.321433067321777344e+00 7.710396647453308105e-01 4.559547603130340576e-01 9.418129920959472656e-01 -1.097412347793579102e+00 -1.097412347793579102e+00 -3.984955251216888428e-01 -1.097412347793579102e+00 2.358919143676757812e+00 -1.922694563865661621e+00 -1.097412347793579102e+00 1.198772668838500977e+00 1.489673733711242676e+00 -7.952717691659927368e-02 5.653440952301025391e-01 -1.922694563865661621e+00 8.302672207355499268e-02 -9.975118637084960938e-01 1.087768435478210449e+00 3.474586725234985352e+00
-1.319839507341384888e-01 -1.617596983909606934e+00 6.351115107536315918e-01 4.338869452476501465e-01 2.753323018550872803e-01 9.024336189031600952e-02 -1.274065017700195312e+00 -5.760090947151184082e-01 -1.274065017700195312e+00 6.945195794105529785e-01 -5.760090947151184082e-01 -1.617596983909606934e+00 3.574672043323516846e-01 -1.319839507341384888e-01 -1.319839507341384888e-01 3.574672043323516846e-01 -2.621848583221435547e-01 -1.319839507341384888e-01 -7.691299915313720703e-01 -4.089055657386779785e-01 6.060725688934326172e+00
3.493649661540985107e-01 -9.712891578674316406e-01 -9.712891578674316406e-01 -5.250830650329589844e-01 -9.712891578674316406e-01 1.226502418518066406e+00 -9.712891578674316406e-01 -9.712891578674316406e-01 -9.712891578674316406e-01 3.493649661540985107e-01 -5.250830650329589844e-01 -5.250830650329589844e-01 1.155858635902404785e-01 -5.250830650329589844e-01 1.155858635902404785e-01 7.185274958610534668e-01 -1.691124588251113892e-01 -9.712891578674316406e-01 -5.250830650329589844e-01 -5.250830650329589844e-01 7.241681098937988281e+00
4.719078540802001953e-01 -1.363048672676086426e+00 -6.835859417915344238e-01 -6.835859417915344238e-01 -4.370718300342559814e-01 2.255192279815673828e+00 -9.857684373855590820e-01 -6.835859417915344238e-01 -1.363048672676086426e+00 5.718618035316467285e-01 -1.363048672676086426e+00 -6.835859417915344238e-01 -4.370718300342559814e-01 -2.301536798477172852e-01 3.620588779449462891e-01 -4.370718300342559814e-01 1.308645486831665039e+00 -6.835859417915344238e-01 -9.857684373855590820e-01 -4.370718300342559814e-01 6.489649772644042969e+00
3.511572480201721191e-01 -2.280255556106567383e+00 -1.678203344345092773e-01 -1.329330354928970337e-01 -7.152220010757446289e-01 1.103792071342468262e+00 -1.066010236740112305e+00 -4.062610566616058350e-01 -7.767907381057739258e-01 3.511572480201721191e-01 -1.725123405456542969e+00 -7.152220010757446289e-01 1.124020099639892578e+00 -9.117837548255920410e-01 6.142278313636779785e-01 7.090233564376831055e-01 2.616372108459472656e-01 4.334885776042938232e-01 -2.801831960678100586e-01 -2.801831960678100586e-01 4.513108730316162109e+00
8.154304027557373047e-01 -2.267879009246826172e+00 4.634628295898437500e-01 1.814520545303821564e-02 -4.082722663879394531e-01 1.643815040588378906e+00 -1.570342421531677246e+00 -4.440692365169525146e-01 -1.294957756996154785e+00 1.025564312934875488e+00 -1.937718987464904785e+00 -1.216495752334594727e+00 6.166284680366516113e-01 4.113783687353134155e-02 3.690292835235595703e-01 4.483202993869781494e-01 1.051105856895446777e+00 4.634628295898437500e-01 -6.444833874702453613e-01 -1.294957756996154785e+00 4.125817775726318359e+00
6.698337793350219727e-01 -3.256119489669799805e+00 6.142179965972900391e-01 3.041791915893554688e-01 -2.154545933008193970e-01 1.685053586959838867e+00 -1.571906447410583496e+00 -9.433346986770629883e-01 -1.173341631889343262e+00 1.206607699394226074e+00 -1.469411373138427734e+00 -1.035779595375061035e+00 8.903021216392517090e-01 4.710935652256011963e-01 7.282317280769348145e-01 1.017140984535217285e+00 1.012877702713012695e+00 3.127850592136383057e-01 -7.074663639068603516e-01 -1.102280735969543457e+00 2.560801744461059570e+00
1.031599044799804688e+00 -3.050055980682373047e+00 7.833635807037353516e-01 2.582953572273254395e-01 -1.046176671981811523e+00 2.319246053695678711e+00 -1.078896999359130859e+00 -6.500681638717651367e-01 -1.078896999359130859e+00 4.077530801296234131e-01 -1.695488333702087402e+00 -1.183736085891723633e+00 5.446209311485290527e-01 1.936212778091430664e-01 1.006386876106262207e+00 1.072269082069396973e+00 1.280277132987976074e+00 2.218460589647293091e-01 -4.336551129817962646e-01 -9.836618900299072266e-01 2.081891298294067383e+00
1.220061898231506348e+00 -2.733341455459594727e+00 6.042088270187377930e-01 4.515766501426696777e-01 -1.213317632675170898e+00 2.521132707595825195e+00 -1.329871058464050293e+00 -5.565341711044311523e-01 -1.075924992561340332e+00 4.515766501426696777e-01 -1.371836066246032715e+00 -8.205840587615966797e-01 4.587161242961883545e-01 7.841652631759643555e-01 8.728175163269042969e-01 1.315455794334411621e+00 1.182692885398864746e+00 1.820625513792037964e-01 -1.013467192649841309e+00 -1.075924992561340332e+00 1.147451043128967285e+00
9.466094374656677246e-01 -3.423793554306030273e+00 3.119342327117919922e-01 1.471101939678192139e-01 -9.042349457740783691e-02 2.182506561279296875e+00 -7.889372110366821289e-01 -3.078925907611846924e-01 -1.347057461738586426e+00 7.962053418159484863e-01 -7.487347126007080078e-01 2.623603641986846924e-01 5.934563279151916504e-01 -2.702870965003967285e-01 6.344065070152282715e-01 1.478835701942443848e+00 7.022839784622192383e-01 2.980176806449890137e-01 -8.743785023689270020e-01 -1.122050359845161438e-02 -4.892136156558990479e-01
8.985330462455749512e-01 -3.174321651458740234e+00 3.217900693416595459e-01 -4.073166847229003906e-01 -3.496391475200653076e-01 1.626150012016296387e+00 -6.776570677757263184e-01 -3.780691325664520264e-01 -9.923819303512573242e-01 5.973696336150169373e-02 -1.448330163955688477e+00 1.647521257400512695e+00 2.700076997280120850e-01 5.034278333187103271e-02 2.233979552984237671e-01 1.161544442176818848e+00 1.672237634658813477e+00 3.981352448463439941e-01 -3.357160985469818115e-01 1.273825764656066895e+00 -1.840523838996887207e+00
-4.038552567362785339e-02 -2.073256254196166992e+00 2.155893087387084961e+00 1.933671593666076660e+00 -1.242490649223327637e+00 2.024313211441040039e+00 -9.641522169113159180e-02 -1.580935955047607422e+00 -1.504183530807495117e+00 -4.615235030651092529e-01 -2.521305084228515625e+00 2.480975389480590820e+00 -6.740377545356750488e-01 1.081434845924377441e+00 -5.776109695434570312e-01 8.155961632728576660e-01 1.684706687927246094e+00 -9.862770438194274902e-01 -1.186074018478393555e+00 2.614246606826782227e+00 -1.849425435066223145e+00
-5.117241144180297852e-01 -1.750914096832275391e+00 -1.129003286361694336e+00 4.844107151031494141e+00 -1.508449912071228027e+00 3.196673870086669922e+00 -2.047321319580078125e+00 1.145228147506713867e+00 2.047956705093383789e+00 -1.508449912071228027e+00 -1.750914096832275391e+00 -1.508449912071228027e+00 2.758585691452026367e+00 -1.304520845413208008e+00 -7.196153998374938965e-01 -2.578094601631164551e-01 3.781806468963623047e+00 1.145228147506713867e+00 -1.750914096832275391e+00 -2.047321319580078125e+00 -1.129003286361694336e+00
3.775169372558593750e+00 -1.367000460624694824e+00 -1.699732184410095215e+00 -5.212729573249816895e-01 -1.367000460624694824e+00 -1.367000460624694824e+00 -1.699732184410095215e+00 1.799653768539428711e+00 -1.699732184410095215e+00 4.060346603393554688e+00 -1.699732184410095215e+00 -1.098281979560852051e+00 -1.098281979560852051e+00 5.472620964050292969e+00 -3.769724369049072266e-01 -1.098281979560852051e+00 -3.769724369049072266e-01 -1.367000460624694824e+00 -1.098281979560852051e+00 3.695786476135253906e+00 -8.754724264144897461e-01
-1.429427862167358398e+00 -1.061513662338256836e+00 -1.061513662338256836e+00 -1.429427862167358398e+00 5.519412994384765625e+00 -1.429427862167358398e+00 3.744361400604248047e+00 -5.262805819511413574e-01 -1.429427862167358398e+00 -5.262805819511413574e-01 -1.429427862167358398e+00 -1.429427862167358398e+00 -1.061513662338256836e+00 -1.429427862167358398e+00 -1.429427862167358398e+00 -1.061513662338256836e+00 4.260677337646484375e+00 -3.230814337730407715e-01 -1.429427862167358398e+00 5.485280990600585938e+00 -5.262805819511413574e-01
-4.456947371363639832e-02 -5.923551917076110840e-01 -5.923551917076110840e-01 -5.923551917076110840e-01 8.123757362365722656e+00 1.250388264656066895e+00 -5.923551917076110840e-01 -5.923551917076110840e-01 -5.923551917076110840e-01 -5.923551917076110840e-01 -5.923551917076110840e-01 -5.923551917076110840e-01 -5.923551917076110840e-01 -5.923551917076110840e-01 -5.923551917076110840e-01 -5.923551917076110840e-01 -5.923551917076110840e-01 -5.923551917076110840e-01 -5.923551917076110840e-01 -5.923551917076110840e-01 7.469710111618041992e-01
