-4.302321970462799072e-01 8.608665466308593750e+00 -4.302321970462799072e-01 -4.302321970462799072e-01 -4.302321970462799072e-01 -4.302321970462799072e-01 -4.302321970462799072e-01 -4.302321970462799072e-01 -4.302321970462799072e-01 -4.302321970462799072e-01 -4.302321970462799072e-01 -4.302321970462799072e-01 -4.302321970462799072e-01 -4.302321970462799072e-01 -4.302321970462799072e-01 -4.302321970462799072e-01 -4.302321970462799072e-01 -4.302321970462799072e-01 -4.302321970462799072e-01 -4.302321970462799072e-01 -4.302321970462799072e-01
6.986505031585693359e+00 -1.019398808479309082e+00 -2.321061193943023682e-01 -1.019398808479309082e+00 -1.019398808479309082e+00 -5.802667737007141113e-01 -1.019398808479309082e+00 -5.802667737007141113e-01 -1.019398808479309082e+00 -1.019398808479309082e+00 -1.019398808479309082e+00 -2.321061193943023682e-01 4.595648869872093201e-02 -1.019398808479309082e+00 -1.019398808479309082e+00 5.267765522003173828e+00 9.187834262847900391e-01 6.392830014228820801e-01 -1.019398808479309082e+00 -1.019398808479309082e+00 -1.019398808479309082e+00
3.265759944915771484e+00 -8.452237844467163086e-01 -1.180931091308593750e+00 -1.945312380790710449e+00 -1.001623988151550293e+00 6.596819162368774414e-01 -1.639029979705810547e+00 1.491524577140808105e+00 -1.945312380790710449e+00 -7.074093222618103027e-01 -1.389745712280273438e+00 -4.286383092403411865e-02 -8.452237844467163086e-01 -1.945312380790710449e+00 -3.740893900394439697e-01 5.299246788024902344e+00 2.448517322540283203e+00 2.473434925079345703e+00 1.809883117675781250e+00 -1.945312380790710449e+00 -1.639029979705810547e+00
1.585528850555419922e-01 -1.328204512596130371e+00 1.697169244289398193e-02 7.746720910072326660e-01 -1.440685987472534180e+00 1.072843432426452637e+00 -1.132765889167785645e+00 -2.204388827085494995e-01 1.585528850555419922e-01 -3.416944146156311035e-01 -6.364843845367431641e-01 5.309780836105346680e-01 -1.830081790685653687e-01 -6.364843845367431641e-01 2.536983489990234375e+00 4.423801422119140625e+00 1.319826126098632812e+00 -1.119974330067634583e-01 -1.565916180610656738e+00 -1.132765889167785645e+00 -2.263808965682983398e+00
-4.296722412109375000e-01 -2.471218109130859375e+00 8.368268609046936035e-01 5.999806523323059082e-01 9.590312838554382324e-01 -1.074030160903930664e+00 -1.307654857635498047e+00 -3.223796784877777100e-01 -1.307654857635498047e+00 2.351597785949707031e+00 -1.794130921363830566e+00 -1.127775192260742188e+00 1.154523730278015137e+00 1.436694979667663574e+00 -1.690135337412357330e-02 6.101967692375183105e-01 -1.696749687194824219e+00 1.803617225959897041e-03 -1.074030160903930664e+00 1.154523730278015137e+00 3.520034313201904297e+00
-2.407023161649703979e-01 -1.602533578872680664e+00 4.571158587932586670e-01 7.743763327598571777e-01 2.091793417930603027e-01 1.125911921262741089e-01 -1.256943821907043457e+00 -7.498751282691955566e-01 -1.256943821907043457e+00 7.743763327598571777e-01 -3.880242109298706055e-01 -1.602533578872680664e+00 2.981060445308685303e-01 -1.100979372859001160e-01 -5.558995604515075684e-01 4.571158587932586670e-01 -1.100979372859001160e-01 2.091793417930603027e-01 -7.498751282691955566e-01 -7.498751282691955566e-01 6.085566043853759766e+00
6.968107819557189941e-01 -9.838209748268127441e-01 -9.838209748268127441e-01 -1.859401166439056396e-01 -9.838209748268127441e-01 1.300933003425598145e+00 -5.394998192787170410e-01 -9.838209748268127441e-01 -9.838209748268127441e-01 3.290728330612182617e-01 -5.394998192787170410e-01 -5.394998192787170410e-01 -1.859401166439056396e-01 -9.838209748268127441e-01 -5.394998192787170410e-01 6.968107819557189941e-01 -5.394998192787170410e-01 -5.394998192787170410e-01 -5.394998192787170410e-01 -1.859401166439056396e-01 7.215649604797363281e+00
2.786212861537933350e-01 -1.337844014167785645e+00 -4.028667211532592773e-01 -9.562093019485473633e-01 -6.512569189071655273e-01 2.218038558959960938e+00 -6.512569189071655273e-01 -9.562093019485473633e-01 -1.337844014167785645e+00 6.116383671760559082e-01 -1.337844014167785645e+00 -4.028667211532592773e-01 -1.944757401943206787e-01 -4.028667211532592773e-01 7.038072347640991211e-01 -6.512569189071655273e-01 1.249149918556213379e+00 -9.562093019485473633e-01 -9.562093019485473633e-01 -4.028667211532592773e-01 6.535764694213867188e+00
3.690511584281921387e-01 -2.523932695388793945e+00 -8.154863864183425903e-02 -8.154863864183425903e-02 -9.693348407745361328e-01 1.121897339820861816e+00 -8.947697281837463379e-01 -3.887329697608947754e-01 -8.250011801719665527e-01 2.795260250568389893e-01 -1.568872690200805664e+00 -7.595176100730895996e-01 1.152095317840576172e+00 -8.947697281837463379e-01 7.567632794380187988e-01 7.998036742210388184e-01 -1.713780499994754791e-02 5.637136101722717285e-01 -2.625830173492431641e-01 -3.029545843601226807e-01 4.530349731445312500e+00
6.908413171768188477e-01 -2.102220296859741211e+00 4.951880574226379395e-01 -4.182486236095428467e-02 -4.931590557098388672e-01 1.676925778388977051e+00 -1.812273383140563965e+00 -5.715352892875671387e-01 -1.022002339363098145e+00 1.021699786186218262e+00 -1.690884709358215332e+00 -1.154972195625305176e+00 5.374623537063598633e-01 7.331206649541854858e-02 2.706829607486724854e-01 4.659940600395202637e-01 9.957242012023925781e-01 5.094774365425109863e-01 -6.563686132431030273e-01 -1.306614279747009277e+00 4.114846706390380859e+00
6.560625433921813965e-01 -3.252924680709838867e+00 5.731552839279174805e-01 3.509097397327423096e-01 -1.825591474771499634e-01 1.682942271232604980e+00 -1.515174627304077148e+00 -8.817955851554870605e-01 -1.132867574691772461e+00 1.238839268684387207e+00 -1.681165218353271484e+00 -9.391871094703674316e-01 7.878376841545104980e-01 5.255088806152343750e-01 7.212418913841247559e-01 1.055055499076843262e+00 9.691525101661682129e-01 1.698187142610549927e-01 -7.031677961349487305e-01 -1.031582951545715332e+00 2.590459346771240234e+00
1.024914860725402832e+00 -3.052431821823120117e+00 8.018607497215270996e-01 1.911119222640991211e-01 -9.564585089683532715e-01 2.300464391708374023e+00 -8.990845084190368652e-01 -6.096637845039367676e-01 -1.223565340042114258e+00 4.867153465747833252e-01 -1.639582633972167969e+00 -1.262403964996337891e+00 5.686885118484497070e-01 1.620715260505676270e-01 9.424400925636291504e-01 1.053671956062316895e+00 1.254817605018615723e+00 2.995560467243194580e-01 -4.361153841018676758e-01 -1.115208506584167480e+00 2.108011484146118164e+00
1.213775038719177246e+00 -2.607196807861328125e+00 6.063127517700195312e-01 4.353846013545989990e-01 -1.091831088066101074e+00 2.484601736068725586e+00 -1.305095434188842773e+00 -5.921705365180969238e-01 -1.192941069602966309e+00 4.425249695777893066e-01 -1.524310231208801270e+00 -9.147986769676208496e-01 4.496153593063354492e-01 7.312332391738891602e-01 9.637840390205383301e-01 1.220356345176696777e+00 1.183596372604370117e+00 1.659294068813323975e-01 -9.995924830436706543e-01 -8.365044593811035156e-01 1.169889688491821289e+00
8.540782928466796875e-01 -3.052694559097290039e+00 2.958028018474578857e-01 2.167602181434631348e-01 -9.625191986560821533e-02 2.188522577285766602e+00 -7.259957194328308105e-01 -4.175044298171997070e-01 -1.230668067932128906e+00 7.842856645584106445e-01 -7.259957194328308105e-01 2.818855643272399902e-01 4.552433192729949951e-01 -3.629615902900695801e-01 6.081485748291015625e-01 1.462633132934570312e+00 7.496821880340576172e-01 3.163254559040069580e-01 -9.357723593711853027e-01 -9.625191986560821533e-02 -5.681316852569580078e-01
8.831475377082824707e-01 -3.382593154907226562e+00 3.299487531185150146e-01 -3.486657142639160156e-01 -2.808910012245178223e-01 1.625060081481933594e+00 -6.767244338989257812e-01 -3.627818524837493896e-01 -9.915608763694763184e-01 1.241377145051956177e-01 -1.488984227180480957e+00 1.636834263801574707e+00 3.581891059875488281e-01 4.183501750230789185e-02 2.322832494974136353e-01 1.146792054176330566e+00 1.665691852569580078e+00 3.788609206676483154e-01 -3.770946860313415527e-01 1.266412019729614258e+00 -1.781779289245605469e+00
-1.875916682183742523e-02 -1.936235666275024414e+00 2.169554233551025391e+00 1.942768096923828125e+00 -1.281232595443725586e+00 2.080860137939453125e+00 -5.578681081533432007e-02 -1.560707330703735352e+00 -1.829807400703430176e+00 -4.966277182102203369e-01 -2.699397325515747070e+00 2.494025468826293945e+00 -5.875145792961120605e-01 1.155876278877258301e+00 -4.679845869541168213e-01 7.895026206970214844e-01 1.713239431381225586e+00 -9.651263356208801270e-01 -1.344517946243286133e+00 2.633647441864013672e+00 -1.732730865478515625e+00
-5.691011548042297363e-01 -1.797021031379699707e+00 -8.958268761634826660e-01 4.788891315460205078e+00 -1.557479262351989746e+00 3.125895738601684570e+00 -2.089592933654785156e+00 9.800733923912048340e-01 1.935684442520141602e+00 -1.030056238174438477e+00 -1.797021031379699707e+00 -1.030056238174438477e+00 2.711452007293701172e+00 -1.181984186172485352e+00 -8.958268761634826660e-01 -3.158346414566040039e-01 3.705756187438964844e+00 9.800733923912048340e-01 -1.797021031379699707e+00 -2.089592933654785156e+00 -1.181984186172485352e+00
3.698136806488037109e+00 -1.156378507614135742e+00 -1.748482346534729004e+00 -3.163346648216247559e-01 -1.421070694923400879e+00 -9.364768862724304199e-01 -1.748482346534729004e+00 1.613194227218627930e+00 -1.748482346534729004e+00 3.990622282028198242e+00 -1.748482346534729004e+00 -1.156378507614135742e+00 -1.156378507614135742e+00 5.395418167114257812e+00 -3.163346648216247559e-01 -7.489262819290161133e-01 -5.861433744430541992e-01 -1.421070694923400879e+00 -1.156378507614135742e+00 3.605333089828491211e+00 -9.364768862724304199e-01
-1.434880614280700684e+00 -1.067525625228881836e+00 -7.739048600196838379e-01 -1.434880614280700684e+00 5.521454811096191406e+00 -1.434880614280700684e+00 3.747515916824340820e+00 -5.333725214004516602e-01 -1.434880614280700684e+00 -5.333725214004516602e-01 -1.434880614280700684e+00 -1.434880614280700684e+00 -1.067525625228881836e+00 -1.434880614280700684e+00 -1.434880614280700684e+00 -7.739048600196838379e-01 4.225729465484619141e+00 -5.333725214004516602e-01 -1.434880614280700684e+00 5.471055507659912109e+00 -7.739048600196838379e-01
1.840472454205155373e-03 -5.581744313240051270e-01 -5.581744313240051270e-01 -5.581744313240051270e-01 8.218015670776367188e+00 8.094999194145202637e-01 -5.581744313240051270e-01 -5.581744313240051270e-01 -5.581744313240051270e-01 -5.581744313240051270e-01 -5.581744313240051270e-01 -5.581744313240051270e-01 -5.581744313240051270e-01 -5.581744313240051270e-01 -5.581744313240051270e-01 -5.581744313240051270e-01 -5.581744313240051270e-01 -5.581744313240051270e-01 -5.581744313240051270e-01 -5.581744313240051270e-01 4.547701478004455566e-01
