-4.302809238433837891e-01 8.608691215515136719e+00 -4.302809238433837891e-01 -4.302809238433837891e-01 -4.302809238433837891e-01 -4.302809238433837891e-01 -4.302809238433837891e-01 -4.302809238433837891e-01 -4.302809238433837891e-01 -4.302809238433837891e-01 -4.302809238433837891e-01 -4.302809238433837891e-01 -4.302809238433837891e-01 -4.302809238433837891e-01 -4.302809238433837891e-01 -4.302809238433837891e-01 -4.302809238433837891e-01 -4.302809238433837891e-01 -4.302809238433837891e-01 -4.302809238433837891e-01 -4.302809238433837891e-01
6.949743747711181641e+00 -1.042251825332641602e+00 -2.628406286239624023e-01 -1.042251825332641602e+00 -1.042251825332641602e+00 1.382436510175466537e-02 -1.042251825332641602e+00 -6.096190810203552246e-01 -1.042251825332641602e+00 -1.042251825332641602e+00 -1.042251825332641602e+00 -6.096190810203552246e-01 -2.628406286239624023e-01 -6.096190810203552246e-01 -1.042251825332641602e+00 5.154677391052246094e+00 1.102370381355285645e+00 5.986879467964172363e-01 -1.042251825332641602e+00 -1.042251825332641602e+00 -1.042251825332641602e+00
3.292774438858032227e+00 -1.134152650833129883e+00 -9.539408683776855469e-01 -1.908566594123840332e+00 -1.344472289085388184e+00 6.793171763420104980e-01 -1.344472289085388184e+00 1.446466803550720215e+00 -1.908566594123840332e+00 -9.539408683776855469e-01 -1.344472289085388184e+00 -1.433786749839782715e-01 -9.539408683776855469e-01 -1.597204327583312988e+00 -5.320535302162170410e-01 5.372580528259277344e+00 2.480999469757080078e+00 2.427840948104858398e+00 1.925413846969604492e+00 -1.908566594123840332e+00 -1.597204327583312988e+00
2.188233882188796997e-01 -1.296404838562011719e+00 -1.126790195703506470e-01 6.707197427749633789e-01 -1.193654417991638184e+00 1.086181998252868652e+00 -1.193654417991638184e+00 -4.943090081214904785e-01 1.103720963001251221e-01 -1.489365696907043457e-01 -8.590308427810668945e-01 4.898925125598907471e-01 -4.376268759369850159e-02 -7.231459021568298340e-01 2.557280778884887695e+00 4.475593090057373047e+00 1.276170015335083008e+00 -1.864788234233856201e-01 -1.296404838562011719e+00 -1.099898457527160645e+00 -2.235707044601440430e+00
-3.972848653793334961e-01 -2.172504663467407227e+00 7.381913065910339355e-01 5.771675109863281250e-01 9.644839167594909668e-01 -1.044821977615356445e+00 -1.149235844612121582e+00 -3.972848653793334961e-01 -1.265773057937622070e+00 2.337521791458129883e+00 -1.814546227455139160e+00 -1.396805167198181152e+00 1.205766320228576660e+00 1.413735389709472656e+00 -9.771838039159774780e-02 5.873891115188598633e-01 -1.717152237892150879e+00 6.741134822368621826e-02 -1.044821977615356445e+00 1.119672536849975586e+00 3.487448692321777344e+00
-8.849683403968811035e-02 -1.588557958602905273e+00 5.516441464424133301e-01 8.515744805335998535e-01 2.324210107326507568e-01 -8.849683403968811035e-02 -1.240513682365417480e+00 -5.351727604866027832e-01 -1.240513682365417480e+00 6.189238429069519043e-01 -7.290944457054138184e-01 -1.588557958602905273e+00 4.034209549427032471e-01 -3.675328791141510010e-01 -3.675328791141510010e-01 4.034209549427032471e-01 2.931205369532108307e-02 3.212324380874633789e-01 -7.290944457054138184e-01 -9.594341516494750977e-01 6.111467361450195312e+00
6.869711875915527344e-01 -9.871767759323120117e-01 -9.871767759323120117e-01 -1.929972767829895020e-01 -9.871767759323120117e-01 1.195112347602844238e+00 -5.473920702934265137e-01 -9.871767759323120117e-01 -9.871767759323120117e-01 9.063377231359481812e-02 -5.473920702934265137e-01 -5.473920702934265137e-01 -1.929972767829895020e-01 -9.871767759323120117e-01 9.063377231359481812e-02 5.174612402915954590e-01 -5.473920702934265137e-01 -5.473920702934265137e-01 -5.473920702934265137e-01 -1.929972767829895020e-01 7.206408977508544922e+00
2.215336859226226807e-01 -1.375609874725341797e+00 -6.980053782463073730e-01 -1.000191092491149902e+00 -6.980053782463073730e-01 1.972037553787231445e+00 -6.980053782463073730e-01 -6.980053782463073730e-01 -1.375609874725341797e+00 4.539227187633514404e-01 -1.375609874725341797e+00 -4.522759020328521729e-01 -7.052078843116760254e-02 -7.052078843116760254e-02 8.071283102035522461e-01 -4.522759020328521729e-01 1.187723040580749512e+00 -6.980053782463073730e-01 -1.000191092491149902e+00 -4.522759020328521729e-01 6.471523761749267578e+00
2.990916669368743896e-01 -2.286029338836669922e+00 -7.449804246425628662e-02 -1.072170361876487732e-01 -8.499360680580139160e-01 1.105606794357299805e+00 -7.844358086585998535e-01 -2.496277540922164917e-01 -9.938215017318725586e-01 1.550366282463073730e-01 -1.593289971351623535e+00 -6.643107533454895020e-01 1.154935717582702637e+00 -8.499360680580139160e-01 5.372874140739440918e-01 6.855010986328125000e-01 1.289847344160079956e-01 3.848899900913238525e-01 -1.759910583496093750e-01 -3.286912441253662109e-01 4.506326675415039062e+00
7.409917712211608887e-01 -2.070638656616210938e+00 4.273429214954376221e-01 -5.378203466534614563e-02 -4.945930242538452148e-01 1.724429011344909668e+00 -1.657207965850830078e+00 -5.759826302528381348e-01 -1.271005511283874512e+00 1.034192562103271484e+00 -2.070638656616210938e+00 -1.355282783508300781e+00 6.553645133972167969e-01 1.746550798416137695e-01 3.441066443920135498e-01 4.273429214954376221e-01 1.016490221023559570e+00 5.335062146186828613e-01 -4.945930242538452148e-01 -1.192710757255554199e+00 4.158710956573486328e+00
6.792136430740356445e-01 -3.252470731735229492e+00 6.112201213836669922e-01 2.171373963356018066e-01 -1.288235336542129517e-01 1.684139251708984375e+00 -1.681676626205444336e+00 -9.693525433540344238e-01 -1.133609652519226074e+00 1.170507550239562988e+00 -1.417815685272216797e+00 -1.133609652519226074e+00 8.492850065231323242e-01 5.104174613952636719e-01 7.086616158485412598e-01 1.062237262725830078e+00 1.012011051177978516e+00 2.901116311550140381e-01 -5.925466418266296387e-01 -1.064602375030517578e+00 2.579638004302978516e+00
9.781976342201232910e-01 -3.065498113632202148e+00 7.422599196434020996e-01 1.835925281047821045e-01 -1.033409118652343750e+00 2.264446258544921875e+00 -8.617015480995178223e-01 -6.694084405899047852e-01 -1.033409118652343750e+00 4.185665547847747803e-01 -1.600047230720520020e+00 -1.202985644340515137e+00 5.838851332664489746e-01 1.351743489503860474e-01 9.343412518501281738e-01 1.140329480171203613e+00 1.270298600196838379e+00 2.910731136798858643e-01 -5.458514094352722168e-01 -1.002670884132385254e+00 2.072268724441528320e+00
1.199025988578796387e+00 -2.744312524795532227e+00 5.932648181915283203e-01 4.619135558605194092e-01 -1.054782629013061523e+00 2.511024236679077148e+00 -1.518876552581787109e+00 -5.483393669128417969e-01 -1.054782629013061523e+00 4.115709662437438965e-01 -1.471470832824707031e+00 -6.908473372459411621e-01 4.758473038673400879e-01 7.203493118286132812e-01 8.988763689994812012e-01 1.286102414131164551e+00 1.178603053092956543e+00 1.711677163839340210e-01 -9.942714571952819824e-01 -9.372321367263793945e-01 1.107358455657958984e+00
8.496881127357482910e-01 -3.047513961791992188e+00 3.571932017803192139e-01 1.862622201442718506e-01 -1.627378910779953003e-01 2.182397603988647461e+00 -9.285271167755126953e-01 -3.292694091796875000e-01 -1.320735096931457520e+00 8.003317117691040039e-01 -6.632185578346252441e-01 2.391779720783233643e-01 6.456796526908874512e-01 -3.037766516208648682e-01 6.357923746109008789e-01 1.474522471427917480e+00 7.572645545005798340e-01 2.092819660902023315e-01 -9.520942568778991699e-01 -6.849845498800277710e-02 -5.608755350112915039e-01
9.171490073204040527e-01 -3.172065496444702148e+00 2.571808993816375732e-01 -4.350792169570922852e-01 -2.160284370183944702e-01 1.634494662284851074e+00 -5.828461050987243652e-01 -3.332262039184570312e-01 -1.100702524185180664e+00 1.516561359167098999e-01 -1.531078815460205078e+00 1.655774831771850586e+00 2.258707582950592041e-01 1.079313606023788452e-01 1.935596466064453125e-01 1.182624459266662598e+00 1.634494662284851074e+00 3.456637263298034668e-01 -4.049125313758850098e-01 1.306611895561218262e+00 -1.837813615798950195e+00
-7.578381896018981934e-02 -1.971477508544921875e+00 2.089958429336547852e+00 1.879673242568969727e+00 -1.318184614181518555e+00 2.027710199356079102e+00 -5.750491470098495483e-02 -1.520549893379211426e+00 -1.597060084342956543e+00 -5.064337849617004395e-01 -2.535711288452148438e+00 2.466458320617675781e+00 -7.252646088600158691e-01 1.144590020179748535e+00 -4.518359303474426270e-01 8.137059807777404785e-01 1.657356619834899902e+00 -9.589157104492187500e-01 -1.097639679908752441e+00 2.603236675262451172e+00 -1.864962935447692871e+00
-7.694289684295654297e-01 -1.791802883148193359e+00 -8.898809552192687988e-01 4.797863006591796875e+00 -1.350077152252197266e+00 3.175522327423095703e+00 -2.086221694946289062e+00 8.467962145805358887e-01 1.916439771652221680e+00 -1.024728655815124512e+00 -1.791802883148193359e+00 -1.176767945289611816e+00 2.778759241104125977e+00 -1.176767945289611816e+00 -7.694289684295654297e-01 -3.883744478225708008e-01 3.664664268493652344e+00 1.089559912681579590e+00 -1.791802883148193359e+00 -2.086221694946289062e+00 -1.176767945289611816e+00
3.662317514419555664e+00 -1.428647875785827637e+00 -1.756455302238464355e+00 -4.530410468578338623e-01 -1.428647875785827637e+00 -9.446433186531066895e-01 -1.756455302238464355e+00 1.621756434440612793e+00 -1.756455302238464355e+00 3.970452547073364258e+00 -1.756455302238464355e+00 -9.446433186531066895e-01 -1.163633823394775391e+00 5.385848999023437500e+00 -3.257898092269897461e-01 -7.583507895469665527e-01 -3.257898092269897461e-01 -1.756455302238464355e+00 -7.583507895469665527e-01 3.618501186370849609e+00 -9.446433186531066895e-01
-1.475308537483215332e+00 -8.220846652984619141e-01 -8.220846652984619141e-01 -1.475308537483215332e+00 5.441733360290527344e+00 -1.475308537483215332e+00 3.741948843002319336e+00 -5.846678018569946289e-01 -1.475308537483215332e+00 -5.846678018569946289e-01 -1.475308537483215332e+00 -1.475308537483215332e+00 -8.220846652984619141e-01 -1.475308537483215332e+00 -1.475308537483215332e+00 -8.220846652984619141e-01 4.192844867706298828e+00 -2.119222581386566162e-01 -1.475308537483215332e+00 5.394873142242431641e+00 -8.220846652984619141e-01
-3.205131366848945618e-02 -5.781306028366088867e-01 -5.781306028366088867e-01 -5.781306028366088867e-01 8.160877227783203125e+00 1.280188202857971191e+00 -5.781306028366088867e-01 -5.781306028366088867e-01 -5.781306028366088867e-01 -5.781306028366088867e-01 -5.781306028366088867e-01 -5.781306028366088867e-01 -5.781306028366088867e-01 -5.781306028366088867e-01 -5.781306028366088867e-01 -5.781306028366088867e-01 -5.781306028366088867e-01 -5.781306028366088867e-01 -5.781306028366088867e-01 -5.781306028366088867e-01 4.180268049240112305e-01
