-4.303808212280273438e-01 8.608526229858398438e+00 -4.303808212280273438e-01 -4.303808212280273438e-01 -4.303808212280273438e-01 -4.303808212280273438e-01 -4.303808212280273438e-01 -4.303808212280273438e-01 -4.303808212280273438e-01 -4.303808212280273438e-01 -4.303808212280273438e-01 -4.303808212280273438e-01 -4.303808212280273438e-01 -4.303808212280273438e-01 -4.303808212280273438e-01 -4.303808212280273438e-01 -4.303808212280273438e-01 -4.303808212280273438e-01 -4.303808212280273438e-01 -4.303808212280273438e-01 -4.303808212280273438e-01
6.948201656341552734e+00 -1.041200280189514160e+00 -6.062783598899841309e-01 -1.041200280189514160e+00 -1.041200280189514160e+00 1.365202479064464569e-02 -1.041200280189514160e+00 -1.041200280189514160e+00 -1.041200280189514160e+00 -1.041200280189514160e+00 -1.041200280189514160e+00 -2.617438137531280518e-01 1.365202479064464569e-02 -6.062783598899841309e-01 -1.041200280189514160e+00 5.187141895294189453e+00 1.199533939361572266e+00 6.033640503883361816e-01 -1.041200280189514160e+00 -1.041200280189514160e+00 -1.041200280189514160e+00
3.204334497451782227e+00 -1.014825463294982910e+00 -1.193689942359924316e+00 -1.955429196357727051e+00 -1.014825463294982910e+00 6.805588603019714355e-01 -1.401850223541259766e+00 1.426002502441406250e+00 -1.955429196357727051e+00 -7.212064862251281738e-01 -1.401850223541259766e+00 -5.750391259789466858e-02 -5.987395048141479492e-01 -1.650265693664550781e+00 -3.878726959228515625e-01 5.291586875915527344e+00 2.394325256347656250e+00 2.439182281494140625e+00 1.829383254051208496e+00 -1.955429196357727051e+00 -1.955429196357727051e+00
5.777128040790557861e-03 -1.310337662696838379e+00 3.656797856092453003e-02 7.040110230445861816e-01 -1.310337662696838379e+00 1.103456735610961914e+00 -1.310337662696838379e+00 -1.274460852146148682e-01 1.237840428948402405e-01 -9.250067919492721558e-02 -7.377143502235412598e-01 5.133704543113708496e-01 -1.636151522397994995e-01 -6.174536943435668945e-01 2.531656265258789062e+00 4.450775623321533203e+00 1.331339478492736816e+00 3.656797856092453003e-02 -1.548465013504028320e+00 -1.114336848258972168e+00 -2.506709814071655273e+00
-4.770262241363525391e-01 -2.168134450912475586e+00 7.152634263038635254e-01 5.809161067008972168e-01 1.009334325790405273e+00 -1.092296004295349121e+00 -1.202555775642395020e+00 -4.770262241363525391e-01 -1.145984768867492676e+00 2.330551624298095703e+00 -1.714222550392150879e+00 -1.325757741928100586e+00 1.141247510910034180e+00 1.478222846984863281e+00 3.677755594253540039e-02 4.495097994804382324e-01 -1.624786853790283203e+00 -3.592196106910705566e-02 -1.041175961494445801e+00 1.061648011207580566e+00 3.505777120590209961e+00
-3.649498522281646729e-01 -1.585449218750000000e+00 6.841402053833007812e-01 7.437175512313842773e-01 3.230806887149810791e-01 3.102127090096473694e-02 -1.585449218750000000e+00 -7.279870510101318359e-01 -1.237614035606384277e+00 6.209905743598937988e-01 -5.333481431007385254e-01 -1.585449218750000000e+00 2.339804619550704956e-01 -3.649498522281646729e-01 -2.171916961669921875e-01 5.538346171379089355e-01 3.102127090096473694e-02 3.230806887149810791e-01 -7.279870510101318359e-01 -7.279870510101318359e-01 6.113453865051269531e+00
7.497660517692565918e-01 -9.535595178604125977e-01 -9.535595178604125977e-01 -5.018131136894226074e-01 -9.535595178604125977e-01 1.448143959045410156e+00 -9.535595178604125977e-01 -9.535595178604125977e-01 -9.535595178604125977e-01 -1.426765471696853638e-01 -9.535595178604125977e-01 -5.018131136894226074e-01 1.439529061317443848e-01 -9.535595178604125977e-01 1.439529061317443848e-01 7.497660517692565918e-01 -1.426765471696853638e-01 -5.018131136894226074e-01 -9.535595178604125977e-01 -1.426765471696853638e-01 7.279253482818603516e+00
-6.602024286985397339e-02 -1.373204231262207031e+00 -4.496557116508483887e-01 -6.953015327453613281e-01 -4.496557116508483887e-01 2.115466356277465820e+00 -9.964811205863952637e-01 -6.953015327453613281e-01 -1.373204231262207031e+00 5.566612482070922852e-01 -1.373204231262207031e+00 -4.496557116508483887e-01 -2.433988451957702637e-01 -2.433988451957702637e-01 7.328403592109680176e-01 -2.433988451957702637e-01 1.292018771171569824e+00 -6.953015327453613281e-01 -1.373204231262207031e+00 -4.496557116508483887e-01 6.473512172698974609e+00
4.042903482913970947e-01 -2.543252229690551758e+00 -1.768428981304168701e-01 -7.552922517061233521e-02 -8.508996367454528809e-01 1.094529509544372559e+00 -9.205359816551208496e-01 -3.714546561241149902e-01 -7.854850888252258301e-01 1.282085329294204712e-01 -1.355691313743591309e+00 -7.854850888252258301e-01 1.182504892349243164e+00 -9.949128031730651855e-01 7.440750598907470703e-01 6.691870689392089844e-01 7.399249076843261719e-02 4.630731940269470215e-01 -1.419608891010284424e-01 -2.503559589385986328e-01 4.499965667724609375e+00
8.482151031494140625e-01 -2.107664108276367188e+00 4.595036506652832031e-01 -6.899139261804521084e-04 -2.644128203392028809e-01 1.643227458000183105e+00 -1.696692705154418945e+00 -5.779292583465576172e-01 -1.161197304725646973e+00 9.891719222068786621e-01 -1.953877568244934082e+00 -1.161197304725646973e+00 5.846606492996215820e-01 6.680600345134735107e-02 4.140674769878387451e-01 4.742009937763214111e-01 9.979060888290405273e-01 5.170567631721496582e-01 -8.557735681533813477e-01 -1.312583923339843750e+00 4.099601268768310547e+00
6.561753749847412109e-01 -3.252486228942871094e+00 6.561753749847412109e-01 2.912524342536926270e-01 -2.108345031738281250e-01 1.683042764663696289e+00 -1.514937281608581543e+00 -9.099140167236328125e-01 -1.206325769424438477e+00 1.200527667999267578e+00 -1.464910626411437988e+00 -1.245174527168273926e+00 8.248643875122070312e-01 5.044870972633361816e-01 7.270817756652832031e-01 1.075543522834777832e+00 1.025933742523193359e+00 2.554465532302856445e-01 -5.712337493896484375e-01 -1.097836017608642578e+00 2.571725368499755859e+00
1.002375841140747070e+00 -3.046576499938964844e+00 8.141077756881713867e-01 3.065886497497558594e-01 -1.010065793991088867e+00 2.346453428268432617e+00 -8.378534317016601562e-01 -5.818929076194763184e-01 -1.041774034500122070e+00 4.275726974010467529e-01 -1.752963066101074219e+00 -1.338017582893371582e+00 5.355726480484008789e-01 6.573708355426788330e-02 9.358387589454650879e-01 1.115875363349914551e+00 1.245174288749694824e+00 2.717164456844329834e-01 -5.415465831756591797e-01 -1.010065793991088867e+00 2.092166185379028320e+00
1.173712611198425293e+00 -2.621539115905761719e+00 5.775328278541564941e-01 4.608790576457977295e-01 -1.209070205688476562e+00 2.462305545806884766e+00 -1.361451864242553711e+00 -5.889945626258850098e-01 -9.585712552070617676e-01 4.677282273769378662e-01 -1.492584705352783203e+00 -8.281384110450744629e-01 4.812836050987243652e-01 7.304984927177429199e-01 9.300497174263000488e-01 1.254848718643188477e+00 1.118113994598388672e+00 1.399624645709991455e-01 -1.076277732849121094e+00 -7.571660280227661133e-01 1.096445322036743164e+00
8.894048333168029785e-01 -3.049155950546264648e+00 2.929452657699584961e-01 2.133390605449676514e-01 -1.374922413378953934e-02 2.165006637573242188e+00 -7.804637551307678223e-01 -3.198912441730499268e-01 -1.324019193649291992e+00 8.094122409820556641e-01 -8.007553815841674805e-01 1.350676417350769043e-01 6.421899199485778809e-01 -3.457103967666625977e-01 5.969312787055969238e-01 1.496503233909606934e+00 6.807809472084045410e-01 3.405162990093231201e-01 -9.317939877510070801e-01 -1.128044575452804565e-01 -5.805857777595520020e-01
8.992902040481567383e-01 -3.173876285552978516e+00 2.783106267452239990e-01 -4.065448343753814697e-01 -2.426316738128662109e-01 1.624902367591857910e+00 -6.768675446510314941e-01 -4.997614026069641113e-01 -9.403549432754516602e-01 1.413218826055526733e-01 -1.532734990119934082e+00 1.648273110389709473e+00 3.006634712219238281e-01 6.979756057262420654e-02 2.399177402257919312e-01 1.177816629409790039e+00 1.661661982536315918e+00 3.080094456672668457e-01 -3.212097883224487305e-01 1.282937645912170410e+00 -1.839783310890197754e+00
-1.287250686436891556e-02 -2.064699411392211914e+00 2.144705533981323242e+00 1.919999599456787109e+00 -1.423418164253234863e+00 2.012674570083618164e+00 -3.085779398679733276e-02 -1.495198011398315430e+00 -1.572000384330749512e+00 -5.379428267478942871e-01 -2.513400554656982422e+00 2.499538183212280273e+00 -6.315237283706665039e-01 1.235880851745605469e+00 -6.646813750267028809e-01 7.439870834350585938e-01 1.736198902130126953e+00 -8.895412087440490723e-01 -1.233097076416015625e+00 2.618717432022094727e+00 -1.840796232223510742e+00
-4.794770479202270508e-01 -1.797353267669677734e+00 -8.967441916465759277e-01 4.782494068145751953e+00 -1.558036565780639648e+00 3.074476003646850586e+00 -2.089723587036132812e+00 1.120791554450988770e+00 1.917708277702331543e+00 -1.030888080596923828e+00 -1.797353267669677734e+00 -1.182767510414123535e+00 2.778656959533691406e+00 -1.182767510414123535e+00 -8.967441916465759277e-01 -2.436611652374267578e-01 3.703346490859985352e+00 1.139519453048706055e+00 -2.089723587036132812e+00 -2.089723587036132812e+00 -1.182767510414123535e+00
3.724597215652465820e+00 -1.151280045509338379e+00 -1.743999004364013672e+00 -4.377696812152862549e-01 -1.416200280189514160e+00 -9.312698841094970703e-01 -1.743999004364013672e+00 1.517763257026672363e+00 -1.743999004364013672e+00 3.948685169219970703e+00 -1.743999004364013672e+00 -9.312698841094970703e-01 -1.151280045509338379e+00 5.421246528625488281e+00 -3.107489347457885742e-01 -1.151280045509338379e+00 -4.377696812152862549e-01 -1.416200280189514160e+00 -9.312698841094970703e-01 3.559707164764404297e+00 -9.312698841094970703e-01
-1.432419657707214355e+00 -7.711937427520751953e-01 -1.064953684806823730e+00 -1.432419657707214355e+00 5.512234210968017578e+00 -1.432419657707214355e+00 3.815289258956909180e+00 -1.064953684806823730e+00 -1.432419657707214355e+00 -5.306108593940734863e-01 -1.432419657707214355e+00 -1.432419657707214355e+00 -1.064953684806823730e+00 -1.432419657707214355e+00 -1.432419657707214355e+00 -7.711937427520751953e-01 4.204784870147705078e+00 -3.276244103908538818e-01 -1.432419657707214355e+00 5.482889175415039062e+00 -5.306108593940734863e-01
2.201291266828775406e-03 -5.579144358634948730e-01 -5.579144358634948730e-01 -5.579144358634948730e-01 8.217692375183105469e+00 4.543767571449279785e-01 -5.579144358634948730e-01 -5.579144358634948730e-01 -5.579144358634948730e-01 -5.579144358634948730e-01 -5.579144358634948730e-01 -5.579144358634948730e-01 -5.579144358634948730e-01 -5.579144358634948730e-01 -5.579144358634948730e-01 -5.579144358634948730e-01 -5.579144358634948730e-01 -5.579144358634948730e-01 -5.579144358634948730e-01 -5.579144358634948730e-01 8.097653388977050781e-01
