-4.302905201911926270e-01 8.608784675598144531e+00 -4.302905201911926270e-01 -4.302905201911926270e-01 -4.302905201911926270e-01 -4.302905201911926270e-01 -4.302905201911926270e-01 -4.302905201911926270e-01 -4.302905201911926270e-01 -4.302905201911926270e-01 -4.302905201911926270e-01 -4.302905201911926270e-01 -4.302905201911926270e-01 -4.302905201911926270e-01 -4.302905201911926270e-01 -4.302905201911926270e-01 -4.302905201911926270e-01 -4.302905201911926270e-01 -4.302905201911926270e-01 -4.302905201911926270e-01 -4.302905201911926270e-01
6.961266517639160156e+00 -1.033581137657165527e+00 -5.998626351356506348e-01 -1.033581137657165527e+00 -1.033581137657165527e+00 -2.523008286952972412e-01 -1.033581137657165527e+00 -1.033581137657165527e+00 -1.033581137657165527e+00 -1.033581137657165527e+00 -1.033581137657165527e+00 -2.523008286952972412e-01 2.563850395381450653e-02 -5.998626351356506348e-01 -1.033581137657165527e+00 5.202388286590576172e+00 1.302280783653259277e+00 6.140085458755493164e-01 -1.033581137657165527e+00 -1.033581137657165527e+00 -1.033581137657165527e+00
3.243289709091186523e+00 -9.914440512657165527e-01 -1.170648336410522461e+00 -1.938302993774414062e+00 -9.914440512657165527e-01 6.713768839836120605e-01 -1.630431413650512695e+00 1.382112622261047363e+00 -1.938302993774414062e+00 -8.348299264907836914e-01 -1.379760026931762695e+00 1.014672145247459412e-01 -6.964924335479736328e-01 -1.630431413650512695e+00 -6.964924335479736328e-01 5.321159839630126953e+00 2.414934873580932617e+00 2.440980434417724609e+00 1.890212059020996094e+00 -1.938302993774414062e+00 -1.630431413650512695e+00
1.136865839362144470e-01 -1.216677784919738770e+00 -1.024393886327743530e-01 7.096506357192993164e-01 -1.318984627723693848e+00 1.135126948356628418e+00 -1.318984627723693848e+00 -1.373806148767471313e-01 5.640575289726257324e-02 -3.593268245458602905e-02 -5.718517303466796875e-01 4.646555185317993164e-01 -1.373806148767471313e-01 -5.718517303466796875e-01 2.487450361251831055e+00 4.447368621826171875e+00 1.250868201255798340e+00 -1.735528260469436646e-01 -1.698399186134338379e+00 -1.123231172561645508e+00 -2.256044149398803711e+00
-3.914323151111602783e-01 -2.166673898696899414e+00 6.993727684020996094e-01 5.518521070480346680e-01 9.203113913536071777e-01 -1.039202094078063965e+00 -1.260424971580505371e+00 -4.184864461421966553e-01 -1.039202094078063965e+00 2.348870277404785156e+00 -2.166673898696899414e+00 -1.260424971580505371e+00 1.249557375907897949e+00 1.480480074882507324e+00 -3.363253921270370483e-02 5.412073135375976562e-01 -1.622496724128723145e+00 1.393338292837142944e-01 -1.143946528434753418e+00 1.125695347785949707e+00 3.487797498703002930e+00
-2.259517014026641846e-01 -1.592661619186401367e+00 8.947640657424926758e-01 5.440507531166076660e-01 2.249908745288848877e-01 2.240212075412273407e-02 -1.592661619186401367e+00 -5.411555171012878418e-01 -1.246065139770507812e+00 6.112191081047058105e-01 -9.657251238822937012e-01 -1.592661619186401367e+00 3.959310352802276611e-01 -3.734034299850463867e-01 -2.259517014026641846e-01 5.440507531166076660e-01 -9.494844824075698853e-02 2.240212075412273407e-02 -5.411555171012878418e-01 -3.734034299850463867e-01 6.102931976318359375e+00
6.436771750450134277e-01 -1.013441920280456543e+00 -1.013441920280456543e+00 -2.296056449413299561e-01 -1.013441920280456543e+00 9.237867593765258789e-01 -5.790618062019348145e-01 -1.013441920280456543e+00 -1.013441920280456543e+00 5.102448165416717529e-02 -5.790618062019348145e-01 -5.790618062019348145e-01 5.102448165416717529e-02 -5.790618062019348145e-01 5.102448165416717529e-02 7.921673655509948730e-01 -2.296056449413299561e-01 -5.790618062019348145e-01 -1.013441920280456543e+00 -2.296056449413299561e-01 7.153545379638671875e+00
1.039980128407478333e-01 -1.361958146095275879e+00 -4.355073869228363037e-01 -6.824191808700561523e-01 -6.824191808700561523e-01 2.111214399337768555e+00 -9.855006337165832520e-01 -6.824191808700561523e-01 -1.361958146095275879e+00 5.736107230186462402e-01 -1.361958146095275879e+00 -6.824191808700561523e-01 -5.149896815419197083e-02 -4.355073869228363037e-01 8.279126882553100586e-01 -4.355073869228363037e-01 1.153650641441345215e+00 -6.824191808700561523e-01 -9.855006337165832520e-01 -4.355073869228363037e-01 6.492928504943847656e+00
2.579926550388336182e-01 -2.282967805862426758e+00 -1.026720255613327026e-01 -3.660024702548980713e-01 -7.185330986976623535e-01 1.089896678924560547e+00 -8.456290960311889648e-01 -3.660024702548980713e-01 -7.801964282989501953e-01 1.851656138896942139e-01 -1.463220596313476562e+00 -9.895712733268737793e-01 1.178745388984680176e+00 -9.895712733268737793e-01 6.747853755950927734e-01 7.496831417083740234e-01 1.336256265640258789e-01 4.686585068702697754e-01 -1.364161372184753418e-01 -2.074499577283859253e-01 4.509059429168701172e+00
7.807915210723876953e-01 -2.093854188919067383e+00 4.761388003826141357e-01 -7.762227673083543777e-03 -4.461121559143066406e-01 1.669145226478576660e+00 -1.803721308708190918e+00 -3.421889245510101318e-01 -1.297010064125061035e+00 1.014640092849731445e+00 -1.940079927444458008e+00 -1.297010064125061035e+00 6.143523454666137695e-01 3.879934921860694885e-02 3.831318616867065430e-01 4.761388003826141357e-01 1.014640092849731445e+00 4.307010769844055176e-01 -6.464031934738159180e-01 -1.145629286766052246e+00 4.123156070709228516e+00
6.452674865722656250e-01 -3.260876417160034180e+00 6.391266584396362305e-01 3.401331007480621338e-01 -1.519245654344558716e-01 1.685229659080505371e+00 -1.525293946266174316e+00 -8.119652271270751953e-01 -1.255714654922485352e+00 1.196692705154418945e+00 -1.577772974967956543e+00 -1.108203172683715820e+00 8.644130825996398926e-01 5.623471140861511230e-01 7.161696553230285645e-01 1.019234299659729004e+00 9.892513751983642578e-01 2.353983074426651001e-01 -5.615971684455871582e-01 -1.179252624511718750e+00 2.537862300872802734e+00
1.059508323669433594e+00 -3.255474567413330078e+00 7.059783339500427246e-01 1.857171356678009033e-01 -1.136579751968383789e+00 2.316787481307983398e+00 -1.035099267959594727e+00 -6.171687841415405273e-01 -1.003358840942382812e+00 4.344556629657745361e-01 -1.571121811866760254e+00 -1.249163746833801270e+00 5.147675871849060059e-01 1.953986883163452148e-01 1.075707197189331055e+00 1.103443026542663574e+00 1.326756119728088379e+00 3.304665684700012207e-01 -5.348625779151916504e-01 -9.426640272140502930e-01 2.096171140670776367e+00
1.231040239334106445e+00 -2.735996723175048828e+00 6.322843432426452637e-01 4.635238647460937500e-01 -1.046356678009033203e+00 2.518843412399291992e+00 -1.291703224182128906e+00 -6.604453921318054199e-01 -1.252844452857971191e+00 4.492947161197662354e-01 -1.332060456275939941e+00 -8.485373258590698242e-01 4.564345479011535645e-01 7.451828718185424805e-01 9.388685822486877441e-01 1.272947669029235840e+00 1.183859705924987793e+00 1.797786951065063477e-01 -1.179295659065246582e+00 -8.485373258590698242e-01 1.123419046401977539e+00
8.645473122596740723e-01 -3.060853242874145508e+00 2.797256112098693848e-01 1.617624461650848389e-01 -5.565565824508666992e-02 2.143058061599731445e+00 -7.541854381561279297e-01 -3.458270430564880371e-01 -1.371270537376403809e+00 7.877959012985229492e-01 -6.103280186653137207e-01 2.224682718515396118e-01 5.254597067832946777e-01 -2.954217493534088135e-01 5.989983677864074707e-01 1.487446784973144531e+00 6.862798333168029785e-01 2.935478091239929199e-01 -9.218909144401550293e-01 -7.525299489498138428e-02 -5.611892342567443848e-01
8.747168183326721191e-01 -3.176879405975341797e+00 2.742793858051300049e-01 -3.528805971145629883e-01 -2.340241074562072754e-01 1.600927233695983887e+00 -6.244623064994812012e-01 -3.958423137664794922e-01 -9.956811666488647461e-01 8.413346856832504272e-02 -1.536742329597473145e+00 1.667065024375915527e+00 1.878011673688888550e-01 1.110667139291763306e-01 1.959771215915679932e-01 1.161368727684020996e+00 1.657626628875732422e+00 3.813969790935516357e-01 -2.465591281652450562e-01 1.273322582244873047e+00 -1.904918193817138672e+00
-1.321176141500473022e-01 -1.952675461769104004e+00 2.140523433685302734e+00 1.952329516410827637e+00 -1.298859953880310059e+00 2.020658254623413086e+00 -1.910357363522052765e-02 -1.501221179962158203e+00 -1.501221179962158203e+00 -6.376230716705322266e-01 -2.518408298492431641e+00 2.517928600311279297e+00 -7.051659226417541504e-01 1.165367841720581055e+00 -5.741753578186035156e-01 8.344311118125915527e-01 1.651268362998962402e+00 -8.959488272666931152e-01 -1.298859953880310059e+00 2.597920656204223633e+00 -1.846200346946716309e+00
-5.441951155662536621e-01 -1.777160048484802246e+00 -1.006650447845458984e+00 4.802011013031005859e+00 -1.535859346389770508e+00 3.158043861389160156e+00 -2.072175025939941406e+00 1.069626688957214355e+00 1.928025007247924805e+00 -1.159244418144226074e+00 -1.777160048484802246e+00 -1.333446025848388672e+00 2.806528091430664062e+00 -1.333446025848388672e+00 -8.716235756874084473e-01 -2.183842211961746216e-01 3.742852687835693359e+00 1.129155993461608887e+00 -1.777160048484802246e+00 -2.072175025939941406e+00 -1.159244418144226074e+00
3.644693851470947266e+00 -1.154497027397155762e+00 -1.747839212417602539e+00 -3.147220909595489502e-01 -1.420004487037658691e+00 -1.154497027397155762e+00 -1.747839212417602539e+00 1.615458011627197266e+00 -1.747839212417602539e+00 3.959200620651245117e+00 -1.747839212417602539e+00 -9.347437620162963867e-01 -1.154497027397155762e+00 5.417781829833984375e+00 -4.418224394321441650e-01 -9.347437620162963867e-01 -4.418224394321441650e-01 -1.420004487037658691e+00 -9.347437620162963867e-01 3.593996286392211914e+00 -9.347437620162963867e-01
-1.456369757652282715e+00 -7.996518611907958984e-01 -7.996518611907958984e-01 -1.456369757652282715e+00 5.463426589965820312e+00 -1.456369757652282715e+00 3.779656171798706055e+00 -5.605291128158569336e-01 -1.456369757652282715e+00 -7.996518611907958984e-01 -1.456369757652282715e+00 -1.456369757652282715e+00 -7.996518611907958984e-01 -1.456369757652282715e+00 -1.456369757652282715e+00 -1.092220425605773926e+00 4.192356586456298828e+00 -3.592453002929687500e-01 -1.456369757652282715e+00 5.443536281585693359e+00 -5.605291128158569336e-01
-6.031848117709159851e-02 -5.997190475463867188e-01 -5.997190475463867188e-01 -5.997190475463867188e-01 8.101421356201171875e+00 1.424258947372436523e+00 -5.997190475463867188e-01 -5.997190475463867188e-01 -5.997190475463867188e-01 -5.997190475463867188e-01 -5.997190475463867188e-01 -5.997190475463867188e-01 -5.997190475463867188e-01 -5.997190475463867188e-01 -5.997190475463867188e-01 -5.997190475463867188e-01 -5.997190475463867188e-01 -5.997190475463867188e-01 -5.997190475463867188e-01 -5.997190475463867188e-01 7.328228354454040527e-01
