-4.305328130722045898e-01 8.608514785766601562e+00 -4.305328130722045898e-01 -4.305328130722045898e-01 -4.305328130722045898e-01 -4.305328130722045898e-01 -4.305328130722045898e-01 -4.305328130722045898e-01 -4.305328130722045898e-01 -4.305328130722045898e-01 -4.305328130722045898e-01 -4.305328130722045898e-01 -4.305328130722045898e-01 -4.305328130722045898e-01 -4.305328130722045898e-01 -4.305328130722045898e-01 -4.305328130722045898e-01 -4.305328130722045898e-01 -4.305328130722045898e-01 -4.305328130722045898e-01 -4.305328130722045898e-01
6.966905593872070312e+00 -1.029458165168762207e+00 -2.472647875547409058e-01 -1.029458165168762207e+00 -1.029458165168762207e+00 -2.472647875547409058e-01 -1.029458165168762207e+00 -5.931247472763061523e-01 -1.029458165168762207e+00 -1.029458165168762207e+00 -1.029458165168762207e+00 -2.472647875547409058e-01 -5.931247472763061523e-01 -5.931247472763061523e-01 -1.029458165168762207e+00 5.239920616149902344e+00 1.017793536186218262e+00 6.220919489860534668e-01 -1.029458165168762207e+00 -1.029458165168762207e+00 -1.029458165168762207e+00
3.302591323852539062e+00 -1.350650429725646973e+00 -1.139892339706420898e+00 -1.911722302436828613e+00 -1.139892339706420898e+00 6.331132650375366211e-01 -1.350650429725646973e+00 1.402387022972106934e+00 -1.911722302436828613e+00 -6.626332402229309082e-01 -1.911722302436828613e+00 -2.346765249967575073e-01 -6.626332402229309082e-01 -1.602342247962951660e+00 -2.346765249967575073e-01 5.354301929473876953e+00 2.548497915267944336e+00 2.536410331726074219e+00 1.848349452018737793e+00 -1.911722302436828613e+00 -1.602342247962951660e+00
6.093867123126983643e-02 -1.454301595687866211e+00 1.434814035892486572e-01 7.594133615493774414e-01 -1.454301595687866211e+00 1.120130062103271484e+00 -1.454301595687866211e+00 -1.979150474071502686e-01 8.919875323772430420e-02 -9.316796064376831055e-02 -7.092183828353881836e-01 4.784175157546997070e-01 1.995376311242580414e-03 -5.435562729835510254e-01 2.485764503479003906e+00 4.408350944519042969e+00 1.287502527236938477e+00 -1.618054807186126709e-01 -1.342055439949035645e+00 -1.146895527839660645e+00 -2.275796413421630859e+00
-4.091889858245849609e-01 -2.181985616683959961e+00 7.934706807136535645e-01 5.013030171394348145e-01 9.380571246147155762e-01 -9.612162709236145020e-01 -1.479891180992126465e+00 -4.363272488117218018e-01 -1.056596040725708008e+00 2.307148218154907227e+00 -1.825947642326354980e+00 -1.107656478881835938e+00 1.154160737991333008e+00 1.457888364791870117e+00 -1.476705633103847504e-02 4.903165698051452637e-01 -1.556851506233215332e+00 3.834920376539230347e-02 -1.277409315109252930e+00 1.154160737991333008e+00 3.473318815231323242e+00
-2.063216269016265869e-01 -1.577748179435729980e+00 4.937375187873840332e-01 6.326705813407897949e-01 4.208780080080032349e-02 -3.542989790439605713e-01 -1.229309916496276855e+00 -7.183429598808288574e-01 -1.229309916496276855e+00 7.554063796997070312e-01 -7.183429598808288574e-01 -1.577748179435729980e+00 3.342683315277099609e-01 -7.522948086261749268e-02 -7.522948086261749268e-02 5.654785037040710449e-01 -3.542989790439605713e-01 4.208780080080032349e-02 -5.230935215950012207e-01 -3.542989790439605713e-01 6.128002166748046875e+00
3.490882217884063721e-01 -9.708606600761413574e-01 -9.708606600761413574e-01 -1.691274791955947876e-01 -9.708606600761413574e-01 7.187663912773132324e-01 -5.244857072830200195e-01 -9.708606600761413574e-01 -9.708606600761413574e-01 1.151889711618423462e-01 -5.244857072830200195e-01 -9.708606600761413574e-01 -1.691274791955947876e-01 -5.244857072830200195e-01 -1.691274791955947876e-01 8.687185049057006836e-01 -1.691274791955947876e-01 -5.244857072830200195e-01 -5.244857072830200195e-01 -1.691274791955947876e-01 7.242932796478271484e+00
4.046775996685028076e-01 -1.335048079490661621e+00 -3.995548486709594727e-01 -6.481766700744628906e-01 -3.995548486709594727e-01 2.157367706298828125e+00 -9.532747268676757812e-01 -9.532747268676757812e-01 -1.335048079490661621e+00 2.822352051734924316e-01 -1.335048079490661621e+00 -3.995548486709594727e-01 -1.909361779689788818e-01 -1.909361779689788818e-01 7.073695659637451172e-01 -6.481766700744628906e-01 1.252935290336608887e+00 -9.532747268676757812e-01 -9.532747268676757812e-01 -6.481766700744628906e-01 6.541065692901611328e+00
3.026731014251708984e-01 -2.266462802886962891e+00 -3.029409348964691162e-01 -3.029409348964691162e-01 -1.049267292022705078e+00 1.142219901084899902e+00 -7.594266533851623535e-01 -3.886991143226623535e-01 -6.977960467338562012e-01 2.558554708957672119e-01 -1.443477630615234375e+00 -8.248981833457946777e-01 1.246775031089782715e+00 -1.135464906692504883e+00 6.487141847610473633e-01 7.857459783554077148e-01 1.813059151172637939e-01 5.637850165367126465e-01 -2.625837326049804688e-01 -2.237570583820343018e-01 4.531118392944335938e+00
7.943153381347656250e-01 -2.109482049942016602e+00 4.720380306243896484e-01 -1.003032177686691284e-01 -3.285950124263763428e-01 1.598971962928771973e+00 -1.819848299026489258e+00 -4.646623730659484863e-01 -1.162986040115356445e+00 9.329648017883300781e-01 -1.698630332946777344e+00 -1.162986040115356445e+00 6.210592985153198242e-01 6.475361436605453491e-02 2.798646092414855957e-01 5.560266971588134766e-01 9.236699938774108887e-01 5.693734288215637207e-01 -7.571234703063964844e-01 -1.314597010612487793e+00 4.106060028076171875e+00
6.336125731468200684e-01 -3.260928869247436523e+00 5.957242250442504883e-01 3.240917921066284180e-01 -1.379029452800750732e-01 1.707351207733154297e+00 -1.577224135398864746e+00 -9.789611101150512695e-01 -1.295484066009521484e+00 1.218366622924804688e+00 -1.381333708763122559e+00 -1.009752631187438965e+00 8.300366401672363281e-01 4.871082305908203125e-01 7.053624987602233887e-01 1.061243176460266113e+00 9.985873699188232422e-01 1.890557110309600830e-01 -6.450791954994201660e-01 -1.009752631187438965e+00 2.544990777969360352e+00
1.010628461837768555e+00 -3.050401210784912109e+00 7.939290404319763184e-01 2.218424379825592041e-01 -1.112780094146728516e+00 2.304176568984985352e+00 -9.539330601692199707e-01 -6.283038258552551270e-01 -1.014639854431152344e+00 3.843090236186981201e-01 -1.581991910934448242e+00 -1.386213302612304688e+00 5.241943597793579102e-01 2.125209122896194458e-01 1.014859080314636230e+00 1.126560807228088379e+00 1.286735534667968750e+00 3.190620839595794678e-01 -4.336157441139221191e-01 -1.112780094146728516e+00 2.077455043792724609e+00
1.171755433082580566e+00 -2.739577054977416992e+00 5.843752622604370117e-01 3.926804661750793457e-01 -1.149693369865417480e+00 2.531693458557128906e+00 -1.220582127571105957e+00 -5.638118386268615723e-01 -1.083322405815124512e+00 4.793339967727661133e-01 -1.337054848670959473e+00 -7.551580667495727539e-01 4.369367361068725586e-01 7.559122443199157715e-01 9.336990714073181152e-01 1.295786499977111816e+00 1.199171543121337891e+00 9.683375805616378784e-02 -1.115984797477722168e+00 -9.909805059432983398e-01 1.077097654342651367e+00
9.026463627815246582e-01 -3.041208744049072266e+00 3.022998273372650146e-01 2.075089663267135620e-01 -3.311692178249359131e-02 2.214525222778320312e+00 -1.020280241966247559e+00 -2.978967726230621338e-01 -1.249043345451354980e+00 7.631734609603881836e-01 -6.754480004310607910e-01 2.450298666954040527e-01 5.535116195678710938e-01 -3.630104959011077881e-01 5.371130108833312988e-01 1.488969922065734863e+00 7.273339033126831055e-01 3.825316429138183594e-01 -9.702222347259521484e-01 -1.351750046014785767e-01 -5.387405753135681152e-01
9.051671028137207031e-01 -3.185548305511474609e+00 3.367754518985748291e-01 -3.218221068382263184e-01 -2.317593991756439209e-01 1.588727593421936035e+00 -6.163287162780761719e-01 -3.084536492824554443e-01 -9.295541048049926758e-01 6.485379487276077271e-02 -1.546445131301879883e+00 1.628209948539733887e+00 2.099529504776000977e-01 6.485379487276077271e-02 1.776400804519653320e-01 1.151172041893005371e+00 1.626281619071960449e+00 3.913486003875732422e-01 -3.491002321243286133e-01 1.257527351379394531e+00 -1.914075613021850586e+00
3.352516144514083862e-02 -2.186237096786499023e+00 2.117701530456542969e+00 1.952217102050781250e+00 -1.412577390670776367e+00 2.031255006790161133e+00 -2.197809666395187378e-01 -1.484405398368835449e+00 -1.484405398368835449e+00 -5.270441770553588867e-01 -2.700136899948120117e+00 2.524120330810546875e+00 -6.879683732986450195e-01 1.210308551788330078e+00 -4.410773217678070068e-01 8.823167085647583008e-01 1.731746792793273926e+00 -1.012717366218566895e+00 -1.222462654113769531e+00 2.630140066146850586e+00 -1.733306527137756348e+00
-7.662841677665710449e-01 -1.788781166076660156e+00 -1.020295381546020508e+00 4.788438320159912109e+00 -1.548703432083129883e+00 3.157845020294189453e+00 -2.081839323043823242e+00 1.033812046051025391e+00 1.988549351692199707e+00 -1.172367095947265625e+00 -1.788781166076660156e+00 -1.172367095947265625e+00 2.816307783126831055e+00 -1.172367095947265625e+00 -8.860604166984558105e-01 -1.644511520862579346e-01 3.687705755233764648e+00 1.133073568344116211e+00 -1.788781166076660156e+00 -2.081839323043823242e+00 -1.172367095947265625e+00
3.783047914505004883e+00 -1.350585341453552246e+00 -1.685016632080078125e+00 -5.017643570899963379e-01 -1.685016632080078125e+00 -8.570663928985595703e-01 -1.685016632080078125e+00 1.671632051467895508e+00 -1.685016632080078125e+00 4.075711250305175781e+00 -1.685016632080078125e+00 -8.570663928985595703e-01 -1.350585341453552246e+00 5.502607345581054688e+00 -5.017643570899963379e-01 -8.570663928985595703e-01 -5.017643570899963379e-01 -1.350585341453552246e+00 -1.350585341453552246e+00 3.726520776748657227e+00 -8.570663928985595703e-01
-1.412419676780700684e+00 -1.042067646980285645e+00 -1.412419676780700684e+00 -1.412419676780700684e+00 5.544380664825439453e+00 -1.412419676780700684e+00 3.874563455581665039e+00 -1.042067646980285645e+00 -1.412419676780700684e+00 -5.039103627204895020e-01 -1.412419676780700684e+00 -1.412419676780700684e+00 -7.462092041969299316e-01 -1.412419676780700684e+00 -1.412419676780700684e+00 -7.462092041969299316e-01 4.294310092926025391e+00 -5.039103627204895020e-01 -1.412419676780700684e+00 5.499530315399169922e+00 -5.039103627204895020e-01
-3.150648996233940125e-02 -5.835499167442321777e-01 -5.835499167442321777e-01 -5.835499167442321777e-01 8.148831367492675781e+00 1.040490627288818359e+00 -5.835499167442321777e-01 -5.835499167442321777e-01 -5.835499167442321777e-01 -5.835499167442321777e-01 -5.835499167442321777e-01 -5.835499167442321777e-01 -5.835499167442321777e-01 -5.835499167442321777e-01 -5.835499167442321777e-01 -5.835499167442321777e-01 -5.835499167442321777e-01 -5.835499167442321777e-01 -5.835499167442321777e-01 -5.835499167442321777e-01 7.631312012672424316e-01
