-4.305443763732910156e-01 8.609436035156250000e+00 -4.305443763732910156e-01 -4.305443763732910156e-01 -4.305443763732910156e-01 -4.305443763732910156e-01 -4.305443763732910156e-01 -4.305443763732910156e-01 -4.305443763732910156e-01 -4.305443763732910156e-01 -4.305443763732910156e-01 -4.305443763732910156e-01 -4.305443763732910156e-01 -4.305443763732910156e-01 -4.305443763732910156e-01 -4.305443763732910156e-01 -4.305443763732910156e-01 -4.305443763732910156e-01 -4.305443763732910156e-01 -4.305443763732910156e-01 -4.305443763732910156e-01
6.993641376495361328e+00 -1.019736289978027344e+00 -2.321346253156661987e-01 -1.019736289978027344e+00 -1.019736289978027344e+00 4.699274897575378418e-02 -1.019736289978027344e+00 -5.825582146644592285e-01 -1.019736289978027344e+00 -1.019736289978027344e+00 -1.019736289978027344e+00 -5.825582146644592285e-01 -5.825582146644592285e-01 -5.825582146644592285e-01 -1.019736289978027344e+00 5.220424175262451172e+00 1.241460800170898438e+00 2.745628058910369873e-01 -1.019736289978027344e+00 -1.019736289978027344e+00 -1.019736289978027344e+00
3.212107896804809570e+00 -8.379905223846435547e-01 -1.172849059104919434e+00 -1.940426349639892578e+00 -9.943022131919860840e-01 5.930064320564270020e-01 -1.631883263587951660e+00 1.416542410850524902e+00 -1.940426349639892578e+00 -5.756038427352905273e-01 -1.381331801414489746e+00 -3.505654260516166687e-02 -9.943022131919860840e-01 -1.631883263587951660e+00 -5.756038427352905273e-01 5.323272228240966797e+00 2.379610776901245117e+00 2.470830678939819336e+00 1.877369999885559082e+00 -1.940426349639892578e+00 -1.631883263587951660e+00
3.157836198806762695e-02 -1.342404484748840332e+00 -2.359690368175506592e-01 5.862503051757812500e-01 -1.240012288093566895e+00 1.013188123703002930e+00 -1.146573305130004883e+00 -3.151037096977233887e-01 8.875046670436859131e-02 3.157836198806762695e-02 -7.098392248153686523e-01 4.587612450122833252e-01 3.157836198806762695e-02 -5.436307787895202637e-01 2.521157741546630859e+00 4.413640499114990234e+00 1.234350681304931641e+00 1.738734310492873192e-03 -1.455392003059387207e+00 -1.146573305130004883e+00 -2.275253295898437500e+00
-5.477159023284912109e-01 -2.179753065109252930e+00 7.812981009483337402e-01 5.378541350364685059e-01 9.908038377761840820e-01 -1.004024863243103027e+00 -1.213809251785278320e+00 -3.278229534626007080e-01 -1.052585005760192871e+00 2.362710237503051758e+00 -1.929146289825439453e+00 -1.213809251785278320e+00 1.164154052734375000e+00 1.373860239982604980e+00 -1.258516162633895874e-01 5.272110700607299805e-01 -1.552709221839904785e+00 -8.588634431362152100e-02 -1.052585005760192871e+00 1.068780899047851562e+00 3.479907274246215820e+00
-1.115891560912132263e-01 -1.605226635932922363e+00 7.732374668121337891e-01 5.271276235580444336e-01 1.120111197233200073e-01 1.120111197233200073e-01 -1.258644342422485352e+00 -1.258644342422485352e+00 -1.258644342422485352e+00 6.573369503021240234e-01 -5.561357140541076660e-01 -1.605226635932922363e+00 3.793405890464782715e-01 -1.115891560912132263e-01 -2.424427568912506104e-01 3.793405890464782715e-01 -1.115891560912132263e-01 2.086416929960250854e-01 -5.561357140541076660e-01 -5.561357140541076660e-01 6.084386825561523438e+00
5.646663308143615723e-01 -9.580230712890625000e-01 -9.580230712890625000e-01 -1.529393494129180908e-01 -9.580230712890625000e-01 1.019143939018249512e+00 -9.580230712890625000e-01 -9.580230712890625000e-01 -9.580230712890625000e-01 -1.529393494129180908e-01 -5.123152136802673340e-01 -5.123152136802673340e-01 -1.529393494129180908e-01 -5.123152136802673340e-01 -1.529393494129180908e-01 7.350700497627258301e-01 -5.123152136802673340e-01 -5.123152136802673340e-01 -5.123152136802673340e-01 -1.529393494129180908e-01 7.265186786651611328e+00
2.405583560466766357e-01 -1.363144755363464355e+00 -4.349473714828491211e-01 -6.817917823791503906e-01 -6.817917823791503906e-01 2.088789701461791992e+00 -9.856554865837097168e-01 -6.817917823791503906e-01 -1.363144755363464355e+00 4.741203188896179199e-01 -1.363144755363464355e+00 -6.817917823791503906e-01 -5.222399532794952393e-02 -2.290491461753845215e-01 8.284502625465393066e-01 -2.290491461753845215e-01 9.705830216407775879e-01 -6.817917823791503906e-01 -9.856554865837097168e-01 -6.817917823791503906e-01 6.493835449218750000e+00
3.621016740798950195e-01 -2.287541627883911133e+00 -7.624069601297378540e-02 -2.138937115669250488e-01 -7.247586846351623535e-01 1.093544602394104004e+00 -8.518015146255493164e-01 -4.159355461597442627e-01 -1.075125217437744141e+00 1.004829406738281250e-01 -1.469890356063842773e+00 -6.664732694625854492e-01 1.181524753570556641e+00 -7.864202857017517090e-01 6.524967551231384277e-01 7.285381555557250977e-01 -4.455459490418434143e-02 4.620911478996276855e-01 -1.777219623327255249e-01 -2.901826202869415283e-01 4.502090454101562500e+00
7.256972193717956543e-01 -2.268371582031250000e+00 3.513983488082885742e-01 -5.503165349364280701e-02 -4.823051989078521729e-01 1.670403242111206055e+00 -1.681493878364562988e+00 -5.607126355171203613e-01 -1.217555165290832520e+00 1.099312305450439453e+00 -1.681493878364562988e+00 -1.295718789100646973e+00 6.156253814697265625e-01 4.008091241121292114e-02 4.163304269313812256e-01 4.473080039024353027e-01 1.015891790390014648e+00 5.625741481781005859e-01 -6.021649241447448730e-01 -1.217555165290832520e+00 4.124411582946777344e+00
5.807831883430480957e-01 -3.271259784698486328e+00 5.807831883430480957e-01 3.259094357490539551e-01 -2.074394375085830688e-01 1.696614265441894531e+00 -1.488933801651000977e+00 -8.788008093833923340e-01 -1.193575739860534668e+00 1.189424633979797363e+00 -1.352224111557006836e+00 -1.055595159530639648e+00 8.099510669708251953e-01 4.577406346797943115e-01 6.611322164535522461e-01 9.792875647544860840e-01 9.964545369148254395e-01 2.303584516048431396e-01 -6.383622288703918457e-01 -9.632582068443298340e-01 2.541869401931762695e+00
1.060374140739440918e+00 -3.036460638046264648e+00 7.618364095687866211e-01 2.381747663021087646e-01 -9.675660133361816406e-01 2.322951316833496094e+00 -9.675660133361816406e-01 -8.265174031257629395e-01 -1.096755623817443848e+00 4.544790089130401611e-01 -1.741965651512145996e+00 -1.284813404083251953e+00 5.055792331695556641e-01 2.099379450082778931e-01 1.039664626121520996e+00 1.183663725852966309e+00 1.273761153221130371e+00 2.565665245056152344e-01 -4.353629052639007568e-01 -1.062874078750610352e+00 2.114197254180908203e+00
1.172394156455993652e+00 -2.594666719436645508e+00 6.465745568275451660e-01 4.152455627918243408e-01 -1.108206748962402344e+00 2.522203922271728516e+00 -1.329963088035583496e+00 -5.758279561996459961e-01 -1.108206748962402344e+00 5.276231169700622559e-01 -1.558305025100708008e+00 -8.207889795303344727e-01 4.002764523029327393e-01 7.687522768974304199e-01 8.246884942054748535e-01 1.309523940086364746e+00 1.233472704887390137e+00 2.369082570075988770e-01 -1.250799417495727539e+00 -8.721297979354858398e-01 1.161844134330749512e+00
9.291506409645080566e-01 -3.045609235763549805e+00 2.560112476348876953e-01 1.961976736783981323e-01 -1.281708925962448120e-01 2.200445175170898438e+00 -8.586800694465637207e-01 -2.643655836582183838e-01 -1.220782518386840820e+00 7.372532486915588379e-01 -7.354271411895751953e-01 1.728200018405914307e-01 5.606263279914855957e-01 -2.889696657657623291e-01 7.005982995033264160e-01 1.481065273284912109e+00 7.098882198333740234e-01 3.659468889236450195e-01 -9.498333334922790527e-01 -2.285559326410293579e-01 -5.914894938468933105e-01
9.128315448760986328e-01 -3.169171094894409180e+00 2.453329116106033325e-01 -4.012126326560974121e-01 -1.999362260103225708e-01 1.632324695587158203e+00 -6.523741483688354492e-01 -3.435117006301879883e-01 -9.350113868713378906e-01 2.135292142629623413e-01 -1.669637918472290039e+00 1.655650854110717773e+00 3.134304881095886230e-01 4.700630530714988708e-02 2.054192423820495605e-01 1.135991454124450684e+00 1.678470492362976074e+00 4.109774529933929443e-01 -5.274131894111633301e-01 1.282834172248840332e+00 -1.834673047065734863e+00
-2.974185533821582794e-02 -2.180442333221435547e+00 2.183380842208862305e+00 1.899764299392700195e+00 -1.337646484375000000e+00 2.058578968048095703e+00 -4.841614142060279846e-02 -1.725236535072326660e+00 -1.405043005943298340e+00 -5.797909498214721680e-01 -2.692605257034301758e+00 2.545523166656494141e+00 -6.796708106994628906e-01 1.122823476791381836e+00 -4.606026411056518555e-01 8.292823433876037598e-01 1.733794689178466797e+00 -7.902715802192687988e-01 -1.157591223716735840e+00 2.641217708587646484e+00 -1.929797649383544922e+00
-5.585636496543884277e-01 -1.789086699485778809e+00 -8.865034580230712891e-01 4.801749229431152344e+00 -1.346987962722778320e+00 3.121140480041503906e+00 -2.083900928497314453e+00 1.113519787788391113e+00 1.946570038795471191e+00 -1.173621892929077148e+00 -1.789086699485778809e+00 -1.021509289741516113e+00 2.741747140884399414e+00 -1.346987962722778320e+00 -8.865034580230712891e-01 -4.681454300880432129e-01 3.697550535202026367e+00 1.151344656944274902e+00 -1.789086699485778809e+00 -2.083900928497314453e+00 -1.346987962722778320e+00
3.733206033706665039e+00 -1.384348034858703613e+00 -1.716643095016479492e+00 -3.989723622798919678e-01 -1.716643095016479492e+00 -1.116091370582580566e+00 -1.716643095016479492e+00 1.645250439643859863e+00 -1.716643095016479492e+00 4.030186653137207031e+00 -1.716643095016479492e+00 -1.116091370582580566e+00 -1.116091370582580566e+00 5.458769321441650391e+00 -1.557705998420715332e-01 -7.069023251533508301e-01 -5.433461070060729980e-01 -1.384348034858703613e+00 -8.948509097099304199e-01 3.641458511352539062e+00 -1.116091370582580566e+00
-1.443705201148986816e+00 -1.076705694198608398e+00 -7.824160456657409668e-01 -1.443705201148986816e+00 5.500381946563720703e+00 -1.443705201148986816e+00 3.753157854080200195e+00 -5.426291227340698242e-01 -1.443705201148986816e+00 -3.410769402980804443e-01 -1.443705201148986816e+00 -1.443705201148986816e+00 -7.824160456657409668e-01 -1.443705201148986816e+00 -1.443705201148986816e+00 -1.076705694198608398e+00 4.209586143493652344e+00 -5.426291227340698242e-01 -1.443705201148986816e+00 5.461496829986572266e+00 -7.824160456657409668e-01
-3.116014041006565094e-02 -5.777194499969482422e-01 -5.777194499969482422e-01 -5.777194499969482422e-01 8.162041664123535156e+00 1.282325506210327148e+00 -5.777194499969482422e-01 -5.777194499969482422e-01 -5.777194499969482422e-01 -5.777194499969482422e-01 -5.777194499969482422e-01 -5.777194499969482422e-01 -5.777194499969482422e-01 -5.777194499969482422e-01 -5.777194499969482422e-01 -5.777194499969482422e-01 -5.777194499969482422e-01 -5.777194499969482422e-01 -5.777194499969482422e-01 -5.777194499969482422e-01 4.194411337375640869e-01
