-4.305699467658996582e-01 8.609200477600097656e+00 -4.305699467658996582e-01 -4.305699467658996582e-01 -4.305699467658996582e-01 -4.305699467658996582e-01 -4.305699467658996582e-01 -4.305699467658996582e-01 -4.305699467658996582e-01 -4.305699467658996582e-01 -4.305699467658996582e-01 -4.305699467658996582e-01 -4.305699467658996582e-01 -4.305699467658996582e-01 -4.305699467658996582e-01 -4.305699467658996582e-01 -4.305699467658996582e-01 -4.305699467658996582e-01 -4.305699467658996582e-01 -4.305699467658996582e-01 -4.305699467658996582e-01
6.936739444732666016e+00 -1.047873854637145996e+00 -2.727025747299194336e-01 -1.047873854637145996e+00 -1.047873854637145996e+00 2.797910943627357483e-03 -1.047873854637145996e+00 -6.146752238273620605e-01 -1.047873854637145996e+00 -1.047873854637145996e+00 -1.047873854637145996e+00 -2.727025747299194336e-01 -2.727025747299194336e-01 -6.146752238273620605e-01 -1.047873854637145996e+00 5.172821998596191406e+00 8.703871369361877441e-01 5.940738320350646973e-01 -1.047873854637145996e+00 -1.047873854637145996e+00 -1.047873854637145996e+00
3.220829248428344727e+00 -1.003190398216247559e+00 -1.003190398216247559e+00 -1.946856737136840820e+00 -1.003190398216247559e+00 6.938412189483642578e-01 -1.392238259315490723e+00 1.368840098381042480e+00 -1.946856737136840820e+00 -7.099041342735290527e-01 -1.641722321510314941e+00 -1.183246374130249023e-01 -8.472470641136169434e-01 -1.641722321510314941e+00 -3.754382729530334473e-01 5.310320377349853516e+00 2.388084411621093750e+00 2.440185546875000000e+00 1.795956134796142578e+00 -1.946856737136840820e+00 -1.641722321510314941e+00
-3.553633578121662140e-03 -1.432010054588317871e+00 -6.801553815603256226e-02 7.993295192718505859e-01 -1.216909408569335938e+00 1.125372171401977539e+00 -1.319370627403259277e+00 -1.729257106781005859e-01 1.686868816614151001e-01 -3.528151661157608032e-02 -6.849771142005920410e-01 4.038386940956115723e-01 -6.801553815603256226e-02 -6.849771142005920410e-01 2.482580900192260742e+00 4.449704170227050781e+00 1.204750299453735352e+00 -1.367647498846054077e-01 -1.432010054588317871e+00 -1.122999072074890137e+00 -2.257070541381835938e+00
-3.676045536994934082e-01 -2.317345619201660156e+00 7.671452164649963379e-01 5.699287652969360352e-01 9.392467141151428223e-01 -1.146597266197204590e+00 -1.326269984245300293e+00 -3.676045536994934082e-01 -1.092851638793945312e+00 2.360071897506713867e+00 -1.919211506843566895e+00 -1.203201889991760254e+00 1.152326941490173340e+00 1.456325650215148926e+00 3.637418523430824280e-02 6.204945445060729980e-01 -1.625231266021728516e+00 -5.549855902791023254e-02 -1.092851638793945312e+00 1.128780961036682129e+00 3.483218669891357422e+00
-1.163342595100402832e-01 -1.605511546134948730e+00 6.523452997207641602e-01 7.118133306503295898e-01 5.277172895148396492e-04 5.277172895148396492e-04 -1.605511546134948730e+00 -5.612848997116088867e-01 -1.261643052101135254e+00 5.893920660018920898e-01 -7.556822299957275391e-01 -1.605511546134948730e+00 3.747397363185882568e-01 -1.163342595100402832e-01 -2.465563118457794189e-01 2.924206554889678955e-01 -2.465563118457794189e-01 3.747397363185882568e-01 -3.934488296508789062e-01 -5.612848997116088867e-01 6.079019546508789062e+00
5.276966094970703125e-01 -9.848474264144897461e-01 -9.848474264144897461e-01 -1.872918903827667236e-01 -9.848474264144897461e-01 1.204334974288940430e+00 -5.393178462982177734e-01 -9.848474264144897461e-01 -9.848474264144897461e-01 -1.872918903827667236e-01 -5.393178462982177734e-01 -5.393178462982177734e-01 -1.872918903827667236e-01 -5.393178462982177734e-01 9.542597085237503052e-02 8.473699688911437988e-01 -1.872918903827667236e-01 -5.393178462982177734e-01 -9.848474264144897461e-01 -5.393178462982177734e-01 7.216443538665771484e+00
2.056943923234939575e-01 -1.385294318199157715e+00 -4.672573506832122803e-01 -7.123672366142272949e-01 -4.672573506832122803e-01 1.876567244529724121e+00 -7.123672366142272949e-01 -7.123672366142272949e-01 -1.385294318199157715e+00 4.368498921394348145e-01 -1.385294318199157715e+00 -1.011257648468017578e+00 -8.396590501070022583e-02 -2.609178721904754639e-01 7.921671271324157715e-01 -2.609178721904754639e-01 1.271719694137573242e+00 -7.123672366142272949e-01 -1.011257648468017578e+00 -4.672573506832122803e-01 6.453532695770263672e+00
2.948756217956542969e-01 -2.291469812393188477e+00 -7.876879721879959106e-02 -3.327080607414245605e-01 -8.540177345275878906e-01 1.091158986091613770e+00 -7.272663116455078125e-01 -3.327080607414245605e-01 -7.887650728225708008e-01 2.012468278408050537e-01 -1.894575238227844238e+00 -7.887650728225708008e-01 1.197689056396484375e+00 -8.540177345275878906e-01 6.342464089393615723e-01 6.812371611595153809e-01 1.249359697103500366e-01 4.786093533039093018e-01 -1.114608645439147949e-01 -1.452197730541229248e-01 4.496604442596435547e+00
7.986548542976379395e-01 -2.281981229782104492e+00 4.908698797225952148e-01 -2.199275977909564972e-02 -2.325722128152847290e-01 1.668075442314147949e+00 -1.952037096023559570e+00 -4.604973196983337402e-01 -1.158953785896301270e+00 1.025852084159851074e+00 -1.816542148590087891e+00 -1.158953785896301270e+00 5.331347584724426270e-01 1.116559579968452454e-01 2.110573351383209229e-01 5.331347584724426270e-01 9.825538992881774902e-01 5.192394852638244629e-01 -6.605895161628723145e-01 -1.231993079185485840e+00 4.101789474487304688e+00
6.275388598442077637e-01 -3.266573667526245117e+00 6.087761521339416504e-01 2.837467789649963379e-01 -2.865809500217437744e-01 1.703424930572509766e+00 -1.530550360679626465e+00 -8.433116674423217773e-01 -1.079903602600097656e+00 1.208800673484802246e+00 -1.387150883674621582e+00 -1.148657560348510742e+00 8.639144897460937500e-01 5.023226141929626465e-01 7.499163150787353516e-01 1.005337119102478027e+00 9.662874341011047363e-01 2.391905933618545532e-01 -6.732458472251892090e-01 -1.079903602600097656e+00 2.537004947662353516e+00
1.009707689285278320e+00 -3.041004419326782227e+00 8.317337632179260254e-01 2.054207026958465576e-01 -1.172338128089904785e+00 2.311382293701171875e+00 -9.131913185119628906e-01 -5.746868252754211426e-01 -1.374769806861877441e+00 4.272533655166625977e-01 -1.570791602134704590e+00 -1.331022024154663086e+00 6.025396585464477539e-01 1.958321481943130493e-01 1.022497534751892090e+00 1.127042770385742188e+00 1.324048042297363281e+00 3.308853805065155029e-01 -4.954657852649688721e-01 -1.002889394760131836e+00 2.087898492813110352e+00
1.220051527023315430e+00 -2.607717037200927734e+00 6.416479349136352539e-01 4.133542776107788086e-01 -1.060307860374450684e+00 2.499025583267211914e+00 -1.305599093437194824e+00 -5.924857258796691895e-01 -1.158420324325561523e+00 3.836352825164794922e-01 -1.431408166885375977e+00 -7.642256021499633789e-01 4.493101537227630615e-01 7.778789401054382324e-01 9.157629609107971191e-01 1.286692023277282715e+00 1.138044595718383789e+00 1.562197506427764893e-01 -1.193312168121337891e+00 -8.623235821723937988e-01 1.094372749328613281e+00
9.188203215599060059e-01 -3.218406677246093750e+00 3.102141618728637695e-01 2.084864526987075806e-01 -3.216095268726348877e-02 2.204035520553588867e+00 -8.985751271247863770e-01 -2.969165742397308350e-01 -1.280522942543029785e+00 7.282983660697937012e-01 -6.563836336135864258e-01 1.774289309978485107e-01 5.598840117454528809e-01 -3.486815989017486572e-01 6.476124525070190430e-01 1.489991784095764160e+00 7.191327214241027832e-01 3.102141618728637695e-01 -9.693117737770080566e-01 -5.176137015223503113e-02 -5.218705534934997559e-01
8.984165787696838379e-01 -3.381361007690429688e+00 2.508988976478576660e-01 -3.045245110988616943e-01 -3.598474264144897461e-01 1.639908075332641602e+00 -6.173103451728820801e-01 -4.033942222595214844e-01 -9.625667333602905273e-01 1.700715124607086182e-01 -1.444547772407531738e+00 1.655215859413146973e+00 2.739353775978088379e-01 7.297527045011520386e-02 2.031845897436141968e-01 1.184102892875671387e+00 1.639908075332641602e+00 3.818194866180419922e-01 -3.457344174385070801e-01 1.286153912544250488e+00 -1.836881041526794434e+00
2.324572391808032990e-02 -2.343353509902954102e+00 2.139365196228027344e+00 1.931401610374450684e+00 -1.422492384910583496e+00 1.989429116249084473e+00 -1.053406074643135071e-01 -1.570899248123168945e+00 -1.422492384910583496e+00 -6.306349635124206543e-01 -2.512703180313110352e+00 2.510687351226806641e+00 -7.702847719192504883e-01 1.221151828765869141e+00 -5.673293471336364746e-01 7.944393754005432129e-01 1.714843273162841797e+00 -9.315425157546997070e-01 -1.022594451904296875e+00 2.630034208297729492e+00 -1.653579711914062500e+00
-6.648403406143188477e-01 -2.087580680847167969e+00 -8.935217261314392090e-01 4.786559104919433594e+00 -1.353338479995727539e+00 3.083987474441528320e+00 -2.087580680847167969e+00 1.105899810791015625e+00 1.913080573081970215e+00 -1.027598500251770020e+00 -1.795753598213195801e+00 -1.027598500251770020e+00 2.804435253143310547e+00 -1.353338479995727539e+00 -8.935217261314392090e-01 -3.909504413604736328e-01 3.705954790115356445e+00 1.086435317993164062e+00 -1.795753598213195801e+00 -2.087580680847167969e+00 -1.027598500251770020e+00
3.681402921676635742e+00 -1.435268163681030273e+00 -1.760233879089355469e+00 -4.600168764591217041e-01 -1.435268163681030273e+00 -1.171663880348205566e+00 -1.760233879089355469e+00 1.669358849525451660e+00 -1.760233879089355469e+00 3.916628599166870117e+00 -1.760233879089355469e+00 -9.518284797668457031e-01 -1.171663880348205566e+00 5.395435333251953125e+00 -4.600168764591217041e-01 -7.644962668418884277e-01 -3.333272039890289307e-01 -1.435268163681030273e+00 -7.644962668418884277e-01 3.527835130691528320e+00 -7.644962668418884277e-01
-1.461060523986816406e+00 -1.098312377929687500e+00 -1.098312377929687500e+00 -1.461060523986816406e+00 5.461920261383056641e+00 -1.461060523986816406e+00 3.795301198959350586e+00 -5.683155059814453125e-01 -1.461060523986816406e+00 -3.661864101886749268e-01 -1.461060523986816406e+00 -1.461060523986816406e+00 -8.077184557914733887e-01 -1.461060523986816406e+00 -1.461060523986816406e+00 -8.077184557914733887e-01 4.143381595611572266e+00 -3.661864101886749268e-01 -1.461060523986816406e+00 5.431156158447265625e+00 -5.683155059814453125e-01
-3.886061534285545349e-02 -5.928981900215148926e-01 -5.928981900215148926e-01 -5.928981900215148926e-01 8.123940467834472656e+00 1.250302076339721680e+00 -5.928981900215148926e-01 -5.928981900215148926e-01 -5.928981900215148926e-01 -5.928981900215148926e-01 -5.928981900215148926e-01 -5.928981900215148926e-01 -5.928981900215148926e-01 -5.928981900215148926e-01 -5.928981900215148926e-01 -5.928981900215148926e-01 -5.928981900215148926e-01 -5.928981900215148926e-01 -5.928981900215148926e-01 -5.928981900215148926e-01 7.447265386581420898e-01
