-4.302026927471160889e-01 8.607977867126464844e+00 -4.302026927471160889e-01 -4.302026927471160889e-01 -4.302026927471160889e-01 -4.302026927471160889e-01 -4.302026927471160889e-01 -4.302026927471160889e-01 -4.302026927471160889e-01 -4.302026927471160889e-01 -4.302026927471160889e-01 -4.302026927471160889e-01 -4.302026927471160889e-01 -4.302026927471160889e-01 -4.302026927471160889e-01 -4.302026927471160889e-01 -4.302026927471160889e-01 -4.302026927471160889e-01 -4.302026927471160889e-01 -4.302026927471160889e-01 -4.302026927471160889e-01
6.921114444732666016e+00 -1.053379178047180176e+00 -2.767925262451171875e-01 -1.053379178047180176e+00 -1.053379178047180176e+00 -2.767925262451171875e-01 -1.053379178047180176e+00 -6.215705275535583496e-01 -1.053379178047180176e+00 -1.053379178047180176e+00 -1.053379178047180176e+00 -2.767925262451171875e-01 -2.002982888370752335e-03 -6.215705275535583496e-01 -1.053379178047180176e+00 5.181747913360595703e+00 9.781925678253173828e-01 5.811666250228881836e-01 -1.053379178047180176e+00 -1.053379178047180176e+00 -1.053379178047180176e+00
3.252580642700195312e+00 -8.435610532760620117e-01 -1.386746168136596680e+00 -1.944006919860839844e+00 -1.000097870826721191e+00 6.642702221870422363e-01 -1.386746168136596680e+00 1.495150208473205566e+00 -1.944006919860839844e+00 -5.811685919761657715e-01 -1.636331796646118164e+00 -1.135590746998786926e-01 -1.000097870826721191e+00 -1.636331796646118164e+00 -3.697584569454193115e-01 5.306987285614013672e+00 2.433043241500854492e+00 2.483191251754760742e+00 1.789506554603576660e+00 -1.944006919860839844e+00 -1.636331796646118164e+00
6.648618727922439575e-02 -1.449907660484313965e+00 7.736484985798597336e-03 8.214569687843322754e-01 -1.141306161880493164e+00 1.084629297256469727e+00 -1.234653711318969727e+00 -2.688157558441162109e-01 -8.735780417919158936e-02 -1.561686843633651733e-01 -4.877375066280364990e-01 3.841152191162109375e-01 3.753131628036499023e-02 -5.900563001632690430e-01 2.494106769561767578e+00 4.418302059173583984e+00 1.318683862686157227e+00 -2.299177795648574829e-01 -1.575505971908569336e+00 -1.141306161880493164e+00 -2.270387411117553711e+00
-4.348474442958831787e-01 -2.182588815689086914e+00 7.003681659698486328e-01 5.133273005485534668e-01 9.320325851440429688e-01 -1.007430076599121094e+00 -1.106788992881774902e+00 -3.063547611236572266e-01 -1.007430076599121094e+00 2.340388536453247070e+00 -1.931965470314025879e+00 -1.340291619300842285e+00 1.114387512207031250e+00 1.420231103897094727e+00 -1.371910050511360168e-02 5.133273005485534668e-01 -1.825019121170043945e+00 -1.371910050511360168e-02 -9.610807299613952637e-01 1.120344042778015137e+00 3.478936672210693359e+00
2.388015389442443848e-02 -1.592306971549987793e+00 6.765496730804443359e-01 7.925122976303100586e-01 2.388015389442443848e-02 -2.250320315361022949e-01 -1.244023323059082031e+00 -7.337086796760559082e-01 -1.592306971549987793e+00 7.361789345741271973e-01 -3.725680410861968994e-01 -1.592306971549987793e+00 4.742988646030426025e-01 -9.634849429130554199e-01 -2.250320315361022949e-01 3.977001607418060303e-01 -9.375907480716705322e-02 3.154999613761901855e-01 -5.400874614715576172e-01 -3.725680410861968994e-01 6.104528903961181641e+00
5.934910774230957031e-01 -9.412347078323364258e-01 -9.412347078323364258e-01 -4.900496602058410645e-01 -9.412347078323364258e-01 1.171089053153991699e+00 -4.900496602058410645e-01 -9.412347078323364258e-01 -9.412347078323364258e-01 -1.277591586112976074e-01 -4.900496602058410645e-01 -4.900496602058410645e-01 1.608423143625259399e-01 -4.900496602058410645e-01 -9.412347078323364258e-01 5.934910774230957031e-01 -1.277591586112976074e-01 -4.900496602058410645e-01 -4.900496602058410645e-01 -4.900496602058410645e-01 7.301730155944824219e+00
-4.383914917707443237e-02 -1.357840895652770996e+00 -4.276171922683715820e-01 -9.789113998413085938e-01 -4.276171922683715820e-01 2.143689632415771484e+00 -6.746895313262939453e-01 -6.746895313262939453e-01 -1.357840895652770996e+00 4.823629260063171387e-01 -1.357840895652770996e+00 -4.276171922683715820e-01 -2.212442755699157715e-01 -2.212442755699157715e-01 4.823629260063171387e-01 -2.212442755699157715e-01 1.164084315299987793e+00 -9.789113998413085938e-01 -9.789113998413085938e-01 -4.276171922683715820e-01 6.504017353057861328e+00
3.095206618309020996e-01 -2.277620315551757812e+00 -2.015589326620101929e-01 -4.038843810558319092e-01 -8.398033380508422852e-01 1.146200418472290039e+00 -7.742270827293395996e-01 -5.989135503768920898e-01 -7.124338150024414062e-01 1.395754516124725342e-01 -1.458572387695312500e+00 -9.095499515533447266e-01 1.146200418472290039e+00 -9.839621186256408691e-01 7.113446593284606934e-01 7.556197643280029297e-01 1.909883171319961548e-01 5.828320384025573730e-01 -1.302728056907653809e-01 -2.015589326620101929e-01 4.514122486114501953e+00
6.753939390182495117e-01 -2.096103668212890625e+00 4.596398472785949707e-01 1.428825221955776215e-02 -4.478118717670440674e-01 1.640001058578491211e+00 -1.573866844177246094e+00 -4.850561916828155518e-01 -1.078313350677490234e+00 9.776456356048583984e-01 -1.942558765411376953e+00 -1.298511505126953125e+00 5.180445909500122070e-01 -9.240120649337768555e-03 3.316456079483032227e-01 5.321339368820190430e-01 1.004304289817810059e+00 6.382886171340942383e-01 -8.406027555465698242e-01 -1.147037625312805176e+00 4.127805233001708984e+00
6.569007039070129395e-01 -3.256043434143066406e+00 5.876074433326721191e-01 3.456410467624664307e-01 -2.758930027484893799e-01 1.690765738487243652e+00 -1.627450823783874512e+00 -1.004345297813415527e+00 -1.174181103706359863e+00 1.177145600318908691e+00 -1.333226442337036133e+00 -9.149715900421142578e-01 8.499387502670288086e-01 4.775037169456481934e-01 7.442862391471862793e-01 1.049794435501098633e+00 1.007758378982543945e+00 2.129403799772262573e-01 -6.849233508110046387e-01 -1.102729797363281250e+00 2.571745395660400391e+00
9.813392162322998047e-01 -3.049548387527465820e+00 8.000175952911376953e-01 2.680177390575408936e-01 -1.111689567565917969e+00 2.309646129608154297e+00 -8.957455754280090332e-01 -6.275327205657958984e-01 -1.146762967109680176e+00 3.611257672309875488e-01 -1.580858230590820312e+00 -1.300024986267089844e+00 5.111426115036010742e-01 1.253062635660171509e-01 9.681571722030639648e-01 1.134880185127258301e+00 1.290744066238403320e+00 2.410496622323989868e-01 -4.692608714103698730e-01 -9.238706827163696289e-01 2.112783908843994141e+00
1.267037153244018555e+00 -2.900595903396606445e+00 5.960859060287475586e-01 4.505511820316314697e-01 -1.083326220512390137e+00 2.499170541763305664e+00 -1.379965305328369141e+00 -6.042967438697814941e-01 -1.184947609901428223e+00 4.143331944942474365e-01 -1.379965305328369141e+00 -6.665142774581909180e-01 4.069309830665588379e-01 7.759404778480529785e-01 8.970765471458435059e-01 1.257517218589782715e+00 1.171031475067138672e+00 1.645294129848480225e-01 -1.051660656929016113e+00 -8.040843605995178223e-01 1.157042026519775391e+00
9.159147143363952637e-01 -3.212001085281372070e+00 3.047478199005126953e-01 1.937345117330551147e-01 -1.258445084095001221e-01 2.195700883865356445e+00 -7.821777462959289551e-01 -3.011988699436187744e-01 -1.272034287452697754e+00 8.030052781105041504e-01 -6.846302151679992676e-01 1.538498848676681519e-01 6.106142401695251465e-01 -3.402423262596130371e-01 6.659003496170043945e-01 1.532063841819763184e+00 7.682336568832397461e-01 3.323960602283477783e-01 -1.090751409530639648e+00 -1.697216778993606567e-01 -4.979954063892364502e-01
9.008300304412841797e-01 -3.176226854324340820e+00 3.554836809635162354e-01 -2.967776358127593994e-01 -1.838324517011642456e-01 1.647679090499877930e+00 -7.389388680458068848e-01 -3.236916661262512207e-01 -9.427295327186584473e-01 1.214445680379867554e-01 -1.535517692565917969e+00 1.628272294998168945e+00 2.136690318584442139e-01 2.954624406993389130e-02 1.893434524536132812e-01 1.159766554832458496e+00 1.634135961532592773e+00 3.964191377162933350e-01 -3.797844648361206055e-01 1.269258856773376465e+00 -1.968473434448242188e+00
-6.236776709556579590e-02 -1.959444403648376465e+00 2.143752574920654297e+00 1.919505834579467773e+00 -1.368695735931396484e+00 1.940021157264709473e+00 -2.605667151510715485e-02 -1.507803916931152344e+00 -1.436059236526489258e+00 -4.931559264659881592e-01 -2.524835824966430664e+00 2.480093002319335938e+00 -7.120268344879150391e-01 1.206709384918212891e+00 -4.654591083526611328e-01 7.637928128242492676e-01 1.710041165351867676e+00 -1.085111975669860840e+00 -1.189207196235656738e+00 2.623306989669799805e+00 -1.959444403648376465e+00
-5.324850082397460938e-01 -1.767653703689575195e+00 -8.611837029457092285e-01 4.814223289489746094e+00 -1.526324510574340820e+00 3.165032863616943359e+00 -2.063792705535888672e+00 1.121547102928161621e+00 1.966058135032653809e+00 -1.324070692062377930e+00 -1.767653703689575195e+00 -9.968255162239074707e-01 2.822342395782470703e+00 -1.324070692062377930e+00 -8.611837029457092285e-01 -2.056530714035034180e-01 3.756485223770141602e+00 1.039811372756958008e+00 -2.063792705535888672e+00 -2.063792705535888672e+00 -1.324070692062377930e+00
3.753951072692871094e+00 -1.119879126548767090e+00 -1.719235539436340332e+00 -4.021084308624267578e-01 -1.387463569641113281e+00 -8.988107442855834961e-01 -1.719235539436340332e+00 1.736138582229614258e+00 -1.719235539436340332e+00 3.952775478363037109e+00 -1.719235539436340332e+00 -1.119879126548767090e+00 -1.387463569641113281e+00 5.463661670684814453e+00 -1.592645198106765747e-01 -8.988107442855834961e-01 -8.988107442855834961e-01 -1.387463569641113281e+00 -1.119879126548767090e+00 3.648414611816406250e+00 -8.988107442855834961e-01
-1.436220288276672363e+00 -1.068119168281555176e+00 -7.737508416175842285e-01 -1.436220288276672363e+00 5.485970020294189453e+00 -1.436220288276672363e+00 3.821659326553344727e+00 -7.737508416175842285e-01 -1.436220288276672363e+00 -3.318039476871490479e-01 -1.436220288276672363e+00 -1.436220288276672363e+00 -7.737508416175842285e-01 -1.436220288276672363e+00 -1.436220288276672363e+00 -7.737508416175842285e-01 4.227132320404052734e+00 -5.338492989540100098e-01 -1.436220288276672363e+00 5.490767002105712891e+00 -1.068119168281555176e+00
-4.369486123323440552e-03 -5.599704384803771973e-01 -5.599704384803771973e-01 -5.599704384803771973e-01 8.210903167724609375e+00 1.318965911865234375e+00 -5.599704384803771973e-01 -5.599704384803771973e-01 -5.599704384803771973e-01 -5.599704384803771973e-01 -5.599704384803771973e-01 -5.599704384803771973e-01 -5.599704384803771973e-01 -5.599704384803771973e-01 -5.599704384803771973e-01 -5.599704384803771973e-01 -5.599704384803771973e-01 -5.599704384803771973e-01 -5.599704384803771973e-01 -5.599704384803771973e-01 -4.369486123323440552e-03
