-4.304366707801818848e-01 8.608889579772949219e+00 -4.304366707801818848e-01 -4.304366707801818848e-01 -4.304366707801818848e-01 -4.304366707801818848e-01 -4.304366707801818848e-01 -4.304366707801818848e-01 -4.304366707801818848e-01 -4.304366707801818848e-01 -4.304366707801818848e-01 -4.304366707801818848e-01 -4.304366707801818848e-01 -4.304366707801818848e-01 -4.304366707801818848e-01 -4.304366707801818848e-01 -4.304366707801818848e-01 -4.304366707801818848e-01 -4.304366707801818848e-01 -4.304366707801818848e-01 -4.304366707801818848e-01
6.945102691650390625e+00 -1.040996193885803223e+00 -6.070461273193359375e-01 -1.040996193885803223e+00 -1.040996193885803223e+00 1.302289124578237534e-02 -1.040996193885803223e+00 -6.070461273193359375e-01 -1.040996193885803223e+00 -1.040996193885803223e+00 -1.040996193885803223e+00 -2.628980576992034912e-01 -2.628980576992034912e-01 -6.070461273193359375e-01 -1.040996193885803223e+00 5.207923889160156250e+00 1.200127601623535156e+00 4.356745779514312744e-01 -1.040996193885803223e+00 -1.040996193885803223e+00 -1.040996193885803223e+00
3.271661758422851562e+00 -9.944359064102172852e-01 -1.174055695533752441e+00 -1.939704179763793945e+00 -1.174055695533752441e+00 8.050712943077087402e-01 -1.633201718330383301e+00 1.322940587997436523e+00 -1.939704179763793945e+00 -7.000799179077148438e-01 -1.383411884307861328e+00 -1.879496127367019653e-01 -7.000799179077148438e-01 -1.633201718330383301e+00 -4.667127132415771484e-01 5.310896396636962891e+00 2.494316339492797852e+00 2.438060045242309570e+00 1.853524088859558105e+00 -1.939704179763793945e+00 -1.633201718330383301e+00
1.737577617168426514e-01 -1.427005290985107422e+00 -9.683392196893692017e-02 7.608064413070678711e-01 -1.427005290985107422e+00 1.170990705490112305e+00 -1.212151646614074707e+00 -1.317811906337738037e-01 1.194920688867568970e-01 1.194920688867568970e-01 -7.418809533119201660e-01 4.297015070915222168e-01 -9.683392196893692017e-02 -6.219152808189392090e-01 2.542542457580566406e+00 4.439855098724365234e+00 1.326913237571716309e+00 -9.683392196893692017e-02 -1.552308917045593262e+00 -1.427005290985107422e+00 -2.252025127410888672e+00
-4.321235716342926025e-01 -2.302922964096069336e+00 8.342315554618835449e-01 6.177074313163757324e-01 1.005542755126953125e+00 -1.076678872108459473e+00 -1.246875286102294922e+00 -3.507533967494964600e-01 -1.187070727348327637e+00 2.343608617782592773e+00 -1.903407216072082520e+00 -1.310255885124206543e+00 1.209457278251647949e+00 1.447396993637084961e+00 -3.860792890191078186e-02 6.075961589813232422e-01 -1.903407216072082520e+00 -7.778170704841613770e-02 -8.852404356002807617e-01 1.139992833137512207e+00 3.510123968124389648e+00
-1.073864027857780457e-01 -1.599824905395507812e+00 7.775396108627319336e-01 7.775396108627319336e-01 1.154131069779396057e-01 9.562839753925800323e-03 -1.254521250724792480e+00 -9.765378236770629883e-01 -1.254521250724792480e+00 5.986697077751159668e-01 -3.851971328258514404e-01 -1.599824905395507812e+00 3.835123479366302490e-01 -3.851971328258514404e-01 -2.379343211650848389e-01 6.616985201835632324e-01 -2.379343211650848389e-01 1.154131069779396057e-01 -7.473275065422058105e-01 -7.473275065422058105e-01 6.088449478149414062e+00
5.277231335639953613e-01 -9.827893376350402832e-01 -9.827893376350402832e-01 -1.857662647962570190e-01 -9.827893376350402832e-01 9.799958467483520508e-01 -5.389741659164428711e-01 -9.827893376350402832e-01 -9.827893376350402832e-01 -1.857662647962570190e-01 -5.389741659164428711e-01 -5.389741659164428711e-01 -1.857662647962570190e-01 -5.389741659164428711e-01 9.716602414846420288e-02 6.984730958938598633e-01 -1.857662647962570190e-01 -9.827893376350402832e-01 -5.389741659164428711e-01 -1.857662647962570190e-01 7.218442916870117188e+00
4.388029575347900391e-01 -1.384427547454833984e+00 -4.654915034770965576e-01 -7.103781104087829590e-01 -4.654915034770965576e-01 2.117467641830444336e+00 -7.103781104087829590e-01 -1.010033130645751953e+00 -1.384427547454833984e+00 5.384773612022399902e-01 -1.384427547454833984e+00 -4.654915034770965576e-01 -2.596166431903839111e-01 -8.261049538850784302e-02 8.665847778320312500e-01 -4.654915034770965576e-01 9.351512193679809570e-01 -7.103781104087829590e-01 -1.384427547454833984e+00 -4.654915034770965576e-01 6.453280925750732422e+00
3.327931761741638184e-01 -2.295021057128906250e+00 -8.457344770431518555e-02 -2.593702971935272217e-01 -9.291459918022155762e-01 1.135070800781250000e+00 -7.329002022743225098e-01 -4.697341024875640869e-01 -9.291459918022155762e-01 1.706479340791702271e-01 -1.476330876350402832e+00 -9.291459918022155762e-01 1.218978047370910645e+00 -8.596238493919372559e-01 7.633024454116821289e-01 6.442809104919433594e-01 1.706479340791702271e-01 5.273163318634033203e-01 -2.593702971935272217e-01 -2.219824492931365967e-01 4.486443996429443359e+00
7.500958442687988281e-01 -2.100716590881347656e+00 3.582717180252075195e-01 -1.159267202019691467e-01 -3.507880270481109619e-01 1.691819548606872559e+00 -1.689609527587890625e+00 -4.546349346637725830e-01 -1.084953665733337402e+00 1.023315906524658203e+00 -1.946859836578369141e+00 -1.389422535896301270e+00 5.390763878822326660e-01 1.584971547126770020e-01 3.746300041675567627e-01 5.390763878822326660e-01 9.339853525161743164e-01 6.313453316688537598e-01 -7.472341060638427734e-01 -1.226568698883056641e+00 4.110991954803466797e+00
6.391080617904663086e-01 -3.261411428451538086e+00 6.452496647834777832e-01 3.401205539703369141e-01 -2.217668741941452026e-01 1.660989880561828613e+00 -1.633208990097045898e+00 -8.921300768852233887e-01 -1.074683785438537598e+00 1.203718900680541992e+00 -1.338234543800354004e+00 -1.143416643142700195e+00 8.982909321784973145e-01 4.646963179111480713e-01 7.331256866455078125e-01 1.056495070457458496e+00 1.002195000648498535e+00 1.185785755515098572e-01 -6.028783917427062988e-01 -1.143416643142700195e+00 2.551637887954711914e+00
1.037099599838256836e+00 -3.045862674713134766e+00 7.619322538375854492e-01 2.547667920589447021e-01 -1.073565363883972168e+00 2.317806005477905273e+00 -9.483632445335388184e-01 -5.606027245521545410e-01 -1.254729509353637695e+00 4.361025691032409668e-01 -1.632108211517333984e+00 -1.337122797966003418e+00 6.278553605079650879e-01 1.197102442383766174e-01 9.728364348411560059e-01 1.120676398277282715e+00 1.246142983436584473e+00 3.329316675662994385e-01 -4.644011557102203369e-01 -1.009076833724975586e+00 2.097469091415405273e+00
1.194389939308166504e+00 -2.600737094879150391e+00 5.186405181884765625e-01 4.283170700073242188e-01 -9.922356605529785156e-01 2.507687568664550781e+00 -1.298099160194396973e+00 -7.566731572151184082e-01 -9.632140398025512695e-01 5.052624940872192383e-01 -1.567263484001159668e+00 -7.803352475166320801e-01 4.569799602031707764e-01 7.278871536254882812e-01 8.964415788650512695e-01 1.321640491485595703e+00 1.214522719383239746e+00 1.447811126708984375e-01 -1.185851335525512695e+00 -9.075406193733215332e-01 1.135006070137023926e+00
9.410578608512878418e-01 -3.052655220031738281e+00 2.745306193828582764e-01 1.783530861139297485e-01 -5.660701915621757507e-02 2.188188791275024414e+00 -8.469892144203186035e-01 -3.242744803428649902e-01 -1.262447237968444824e+00 7.405187487602233887e-01 -6.184547543525695801e-01 1.705625057220458984e-01 4.953820407390594482e-01 -3.501324653625488281e-01 5.664649009704589844e-01 1.468718528747558594e+00 7.316041588783264160e-01 2.885417938232421875e-01 -8.905991911888122559e-01 -5.660701915621757507e-02 -5.849038362503051758e-01
9.044783711433410645e-01 -3.172945499420166016e+00 3.164203763008117676e-01 -2.541455924510955811e-01 -2.414472401142120361e-01 1.639706134796142578e+00 -5.833609104156494141e-01 -4.355865120887756348e-01 -1.044571876525878906e+00 1.337764263153076172e-01 -1.531760454177856445e+00 1.647452354431152344e+00 2.943933308124542236e-01 -3.651877865195274353e-02 1.510388255119323730e-01 1.141331195831298828e+00 1.672224283218383789e+00 3.729121088981628418e-01 -4.204155802726745605e-01 1.286837697029113770e+00 -1.838815331459045410e+00
-5.246968567371368408e-02 -1.950170755386352539e+00 2.118026494979858398e+00 1.908809900283813477e+00 -1.498202443122863770e+00 2.058329105377197266e+00 -7.114008069038391113e-02 -1.498202443122863770e+00 -1.426503777503967285e+00 -5.117491483688354492e-01 -2.516226530075073242e+00 2.510778665542602539e+00 -8.122909069061279297e-01 1.140272378921508789e+00 -5.411579012870788574e-01 8.140428066253662109e-01 1.697620868682861328e+00 -1.075404524803161621e+00 -1.075404524803161621e+00 2.621864795684814453e+00 -1.843864321708679199e+00
-6.660674810409545898e-01 -2.088056087493896484e+00 -8.942400813102722168e-01 4.797329425811767578e+00 -1.354084253311157227e+00 3.093712091445922852e+00 -2.088056087493896484e+00 9.821056127548217773e-01 1.937776803970336914e+00 -1.180270910263061523e+00 -1.795623183250427246e+00 -1.028418183326721191e+00 2.751926183700561523e+00 -1.180270910263061523e+00 -7.743648886680603027e-01 -3.143725991249084473e-01 3.690257549285888672e+00 1.024669289588928223e+00 -1.795623183250427246e+00 -2.088056087493896484e+00 -1.028418183326721191e+00
3.701426267623901367e+00 -1.402910709381103516e+00 -1.731804847717285156e+00 -2.939540445804595947e-01 -1.402910709381103516e+00 -9.159600734710693359e-01 -1.731804847717285156e+00 1.713524341583251953e+00 -1.731804847717285156e+00 4.032720088958740234e+00 -1.731804847717285156e+00 -9.159600734710693359e-01 -1.136939048767089844e+00 5.427018165588378906e+00 -7.276672720909118652e-01 -7.276672720909118652e-01 -4.211603999137878418e-01 -1.731804847717285156e+00 -1.136939048767089844e+00 3.589722871780395508e+00 -7.276672720909118652e-01
-1.451389789581298828e+00 -1.086797714233398438e+00 -7.949504852294921875e-01 -1.451389789581298828e+00 5.495531082153320312e+00 -1.451389789581298828e+00 3.761024713516235352e+00 -7.949504852294921875e-01 -1.451389789581298828e+00 -7.949504852294921875e-01 -1.451389789581298828e+00 -1.451389789581298828e+00 -7.949504852294921875e-01 -1.451389789581298828e+00 -1.451389789581298828e+00 -7.949504852294921875e-01 4.167678833007812500e+00 -1.789813637733459473e-01 -1.451389789581298828e+00 5.438977241516113281e+00 -5.553982853889465332e-01
-3.135211765766143799e-02 -5.834428668022155762e-01 -5.834428668022155762e-01 -5.834428668022155762e-01 8.148568153381347656e+00 1.040245771408081055e+00 -5.834428668022155762e-01 -5.834428668022155762e-01 -5.834428668022155762e-01 -5.834428668022155762e-01 -5.834428668022155762e-01 -5.834428668022155762e-01 -5.834428668022155762e-01 -5.834428668022155762e-01 -5.834428668022155762e-01 -5.834428668022155762e-01 -5.834428668022155762e-01 -5.834428668022155762e-01 -5.834428668022155762e-01 -5.834428668022155762e-01 7.626782059669494629e-01
