-4.304202795028686523e-01 8.608218193054199219e+00 -4.304202795028686523e-01 -4.304202795028686523e-01 -4.304202795028686523e-01 -4.304202795028686523e-01 -4.304202795028686523e-01 -4.304202795028686523e-01 -4.304202795028686523e-01 -4.304202795028686523e-01 -4.304202795028686523e-01 -4.304202795028686523e-01 -4.304202795028686523e-01 -4.304202795028686523e-01 -4.304202795028686523e-01 -4.304202795028686523e-01 -4.304202795028686523e-01 -4.304202795028686523e-01 -4.304202795028686523e-01 -4.304202795028686523e-01 -4.304202795028686523e-01
6.954241275787353516e+00 -1.038511753082275391e+00 -6.059801578521728516e-01 -1.038511753082275391e+00 -1.038511753082275391e+00 1.850423775613307953e-02 -1.038511753082275391e+00 -6.059801578521728516e-01 -1.038511753082275391e+00 -1.038511753082275391e+00 -1.038511753082275391e+00 -2.588098347187042236e-01 -2.588098347187042236e-01 -6.059801578521728516e-01 -1.038511753082275391e+00 5.179141521453857422e+00 1.001651525497436523e+00 6.045057773590087891e-01 -1.038511753082275391e+00 -1.038511753082275391e+00 -1.038511753082275391e+00
3.203543186187744141e+00 -8.523528575897216797e-01 -1.008410811424255371e+00 -1.951154589653015137e+00 -1.186659336090087891e+00 6.885750293731689453e-01 -1.394591808319091797e+00 1.450894951820373535e+00 -1.951154589653015137e+00 -5.906319618225097656e-01 -1.951154589653015137e+00 8.425194025039672852e-02 -8.523528575897216797e-01 -1.644136667251586914e+00 -3.796133399009704590e-01 5.302939891815185547e+00 2.362221002578735352e+00 2.440896987915039062e+00 1.825724720954895020e+00 -1.951154589653015137e+00 -1.644136667251586914e+00
7.824552804231643677e-02 -1.223276138305664062e+00 4.923371598124504089e-02 6.213933229446411133e-01 -1.564445495605468750e+00 1.117483019828796387e+00 -1.325679779052734375e+00 -1.808004528284072876e-01 -4.309380054473876953e-02 1.937452331185340881e-02 -6.340419054031372070e-01 4.961258769035339355e-01 -7.583399862051010132e-02 -5.260857939720153809e-01 2.524276256561279297e+00 4.433495044708251953e+00 1.243496537208557129e+00 -1.808004528284072876e-01 -1.438763499259948730e+00 -1.129836916923522949e+00 -2.261197328567504883e+00
-4.029569327831268311e-01 -2.325838565826416016e+00 7.056230306625366211e-01 5.186792016029357910e-01 9.445992112159729004e-01 -1.050213217735290527e+00 -1.101146221160888672e+00 -3.012377917766571045e-01 -1.271342158317565918e+00 2.351023435592651367e+00 -1.926898002624511719e+00 -1.334844946861267090e+00 1.119774699211120605e+00 1.464330673217773438e+00 -2.673535048961639404e-02 4.968200922012329102e-01 -1.633257746696472168e+00 9.515301883220672607e-02 -9.109869599342346191e-01 1.113799571990966797e+00 3.478127956390380859e+00
-3.642794489860534668e-01 -1.586212873458862305e+00 7.450294494628906250e-01 5.547355413436889648e-01 1.388850510120391846e-01 3.259895369410514832e-02 -1.238542675971984863e+00 -7.265806794166564941e-01 -1.238542675971984863e+00 8.014544844627380371e-01 -3.642794489860534668e-01 -1.586212873458862305e+00 3.243894577026367188e-01 -5.322184562683105469e-01 -5.322184562683105469e-01 4.830967485904693604e-01 -3.642794489860534668e-01 2.356065213680267334e-01 -3.642794489860534668e-01 -5.322184562683105469e-01 6.115465164184570312e+00
3.488981425762176514e-01 -9.697169065475463867e-01 -9.697169065475463867e-01 -1.703241765499114990e-01 -9.697169065475463867e-01 1.323924779891967773e+00 -9.697169065475463867e-01 -9.697169065475463867e-01 -9.697169065475463867e-01 -1.703241765499114990e-01 -9.697169065475463867e-01 -5.273212790489196777e-01 -1.703241765499114990e-01 -5.273212790489196777e-01 1.155413091182708740e-01 7.161249518394470215e-01 -1.703241765499114990e-01 -5.273212790489196777e-01 -5.273212790489196777e-01 -1.703241765499114990e-01 7.241370677947998047e+00
4.432280659675598145e-01 -1.310040354728698730e+00 -6.161010265350341797e-01 -9.254756569862365723e-01 -3.652356266975402832e-01 2.265413522720336914e+00 -1.310040354728698730e+00 -9.254756569862365723e-01 -1.310040354728698730e+00 7.476833462715148926e-01 -1.310040354728698730e+00 -9.254756569862365723e-01 -1.563412994146347046e-01 -3.652356266975402832e-01 6.555610895156860352e-01 -6.161010265350341797e-01 1.347362279891967773e+00 -6.161010265350341797e-01 -9.254756569862365723e-01 -3.652356266975402832e-01 6.584371089935302734e+00
3.710570335388183594e-01 -2.280692815780639648e+00 2.457084320485591888e-02 -2.053127139806747437e-01 -9.875330924987792969e-01 1.071343302726745605e+00 -1.067193150520324707e+00 -4.526766538619995117e-01 -7.779970169067382812e-01 3.498309850692749023e-01 -1.461704015731811523e+00 -9.875330924987792969e-01 1.190449714660644531e+00 -8.435411453247070312e-01 5.961832404136657715e-01 7.226844429969787598e-01 1.091757640242576599e-01 5.083177685737609863e-01 -6.768503785133361816e-02 -3.218289613723754883e-01 4.509718894958496094e+00
8.092156052589416504e-01 -2.115355014801025391e+00 4.363503158092498779e-01 -8.882477879524230957e-03 -4.347805082798004150e-01 1.607024550437927246e+00 -1.962350726127624512e+00 -5.077312588691711426e-01 -1.169083356857299805e+00 9.896014928817749023e-01 -1.704617142677307129e+00 -1.169083356857299805e+00 5.363907217979431152e-01 3.664892539381980896e-02 2.912223637104034424e-01 5.088086724281311035e-01 9.542097449302673340e-01 5.764092803001403809e-01 -6.704219579696655273e-01 -1.100583195686340332e+00 4.095946788787841797e+00
6.010798215866088867e-01 -3.250572681427001953e+00 5.614489912986755371e-01 3.273896276950836182e-01 -1.129734441637992859e-01 1.699934363365173340e+00 -1.679428100585937500e+00 -9.977697730064392090e-01 -1.326176643371582031e+00 1.230229020118713379e+00 -1.326176643371582031e+00 -1.029486775398254395e+00 8.107948899269104004e-01 5.271962285041809082e-01 7.567915320396423340e-01 1.040142297744750977e+00 1.027504324913024902e+00 3.273896276950836182e-01 -5.902913808822631836e-01 -1.167421460151672363e+00 2.570625782012939453e+00
1.019319772720336914e+00 -3.059489011764526367e+00 7.816624045372009277e-01 2.638131976127624512e-01 -9.956725835800170898e-01 2.311487197875976562e+00 -1.026398181915283203e+00 -5.386220812797546387e-01 -1.124644398689270020e+00 3.799771666526794434e-01 -1.540796637535095215e+00 -1.272087931632995605e+00 5.719938874244689941e-01 1.325675994157791138e-01 9.416969418525695801e-01 1.023460268974304199e+00 1.290415644645690918e+00 2.983877956867218018e-01 -5.781040191650390625e-01 -9.369007945060729980e-01 2.057810544967651367e+00
1.236195206642150879e+00 -2.737791538238525391e+00 4.968505799770355225e-01 3.658162057399749756e-01 -9.300543665885925293e-01 2.524713993072509766e+00 -1.375350236892700195e+00 -5.995527505874633789e-01 -1.079361081123352051e+00 4.407120943069458008e-01 -1.375350236892700195e+00 -7.752503752708435059e-01 5.369902253150939941e-01 7.701348662376403809e-01 9.151959419250488281e-01 1.284098386764526367e+00 1.216381311416625977e+00 9.044172614812850952e-02 -1.079361081123352051e+00 -1.047683238983154297e+00 1.122002840042114258e+00
9.316184520721435547e-01 -3.052527189254760742e+00 3.508108258247375488e-01 1.798676103353500366e-01 -1.053279265761375427e-01 2.187517881393432617e+00 -7.634331583976745605e-01 -3.617757558822631836e-01 -1.229261040687561035e+00 7.981464266777038574e-01 -6.695549488067626953e-01 2.689707875251770020e-01 5.303270220756530762e-01 -3.356104195117950439e-01 4.854994118213653564e-01 1.455116271972656250e+00 7.375813722610473633e-01 2.900642454624176025e-01 -9.824559688568115234e-01 -1.473659425973892212e-01 -5.671743154525756836e-01
9.171954393386840820e-01 -3.181588172912597656e+00 2.905703783035278320e-01 -3.312970697879791260e-01 -2.526632547378540039e-01 1.634244918823242188e+00 -5.770321488380432129e-01 -4.166243374347686768e-01 -1.083648204803466797e+00 1.050038784742355347e-01 -1.417481303215026855e+00 1.586765527725219727e+00 1.734966635704040527e-01 5.039813369512557983e-02 1.651868373155593872e-01 1.197988152503967285e+00 1.649611473083496094e+00 3.124337494373321533e-01 -3.177579343318939209e-01 1.283818721771240234e+00 -1.791282415390014648e+00
4.528491944074630737e-02 -2.060273647308349609e+00 2.103364706039428711e+00 1.961932301521301270e+00 -1.418027400970458984e+00 2.083378553390502930e+00 -4.333941638469696045e-02 -1.738046169281005859e+00 -1.489828348159790039e+00 -5.938123464584350586e-01 -2.508431911468505859e+00 2.518501758575439453e+00 -6.259759664535522461e-01 1.114709854125976562e+00 -4.746316671371459961e-01 7.830592393875122070e-01 1.683632731437683105e+00 -1.116966843605041504e+00 -1.116966843605041504e+00 2.632361650466918945e+00 -1.738046169281005859e+00
-5.702019333839416504e-01 -1.798180341720581055e+00 -1.032055616378784180e+00 4.786485671997070312e+00 -1.357033848762512207e+00 3.131206512451171875e+00 -2.091940164566040039e+00 1.060970664024353027e+00 1.916206002235412598e+00 -1.032055616378784180e+00 -1.798180341720581055e+00 -1.183910965919494629e+00 2.716839313507080078e+00 -1.183910965919494629e+00 -7.769907712936401367e-01 -3.178714215755462646e-01 3.687244892120361328e+00 1.060970664024353027e+00 -2.091940164566040039e+00 -2.091940164566040039e+00 -1.032055616378784180e+00
3.646744251251220703e+00 -1.166566729545593262e+00 -1.758596897125244141e+00 -5.987758040428161621e-01 -1.431491494178771973e+00 -9.473748803138732910e-01 -1.758596897125244141e+00 1.619205951690673828e+00 -1.758596897125244141e+00 3.978657484054565430e+00 -1.758596897125244141e+00 -9.473748803138732910e-01 -1.166566729545593262e+00 5.387903213500976562e+00 -7.609146833419799805e-01 -7.609146833419799805e-01 -4.559231698513031006e-01 -1.431491494178771973e+00 -7.609146833419799805e-01 3.588892936706542969e+00 -7.609146833419799805e-01
-1.467273235321044922e+00 -1.104119896888732910e+00 -8.124980926513671875e-01 -1.467273235321044922e+00 5.455617904663085938e+00 -1.467273235321044922e+00 3.705596923828125000e+00 -5.744673013687133789e-01 -1.467273235321044922e+00 -3.742295205593109131e-01 -1.467273235321044922e+00 -1.467273235321044922e+00 -8.124980926513671875e-01 -1.467273235321044922e+00 -1.467273235321044922e+00 -1.104119896888732910e+00 4.179344177246093750e+00 -2.012056261301040649e-01 -1.467273235321044922e+00 5.422819137573242188e+00 -5.744673013687133789e-01
-5.190800502896308899e-02 -5.923505425453186035e-01 -5.923505425453186035e-01 -5.923505425453186035e-01 8.124823570251464844e+00 1.251626610755920410e+00 -5.923505425453186035e-01 -5.923505425453186035e-01 -5.923505425453186035e-01 -5.923505425453186035e-01 -5.923505425453186035e-01 -5.923505425453186035e-01 -5.923505425453186035e-01 -5.923505425453186035e-01 -5.923505425453186035e-01 -5.923505425453186035e-01 -5.923505425453186035e-01 -5.923505425453186035e-01 -5.923505425453186035e-01 -5.923505425453186035e-01 7.467651963233947754e-01
