-4.306488931179046631e-01 8.608272552490234375e+00 -4.306488931179046631e-01 -4.306488931179046631e-01 -4.306488931179046631e-01 -4.306488931179046631e-01 -4.306488931179046631e-01 -4.306488931179046631e-01 -4.306488931179046631e-01 -4.306488931179046631e-01 -4.306488931179046631e-01 -4.306488931179046631e-01 -4.306488931179046631e-01 -4.306488931179046631e-01 -4.306488931179046631e-01 -4.306488931179046631e-01 -4.306488931179046631e-01 -4.306488931179046631e-01 -4.306488931179046631e-01 -4.306488931179046631e-01 -4.306488931179046631e-01
7.003269672393798828e+00 -1.011283755302429199e+00 -5.707136392593383789e-01 -1.011283755302429199e+00 -1.011283755302429199e+00 -2.211481779813766479e-01 -1.011283755302429199e+00 -5.707136392593383789e-01 -1.011283755302429199e+00 -1.011283755302429199e+00 -1.011283755302429199e+00 -5.707136392593383789e-01 5.754486098885536194e-02 -1.011283755302429199e+00 -1.011283755302429199e+00 5.273697853088378906e+00 9.316939115524291992e-01 8.001333475112915039e-01 -1.011283755302429199e+00 -1.011283755302429199e+00 -1.011283755302429199e+00
3.336185932159423828e+00 -1.134978532791137695e+00 -9.542008638381958008e-01 -1.908117890357971191e+00 -9.542008638381958008e-01 6.773855686187744141e-01 -1.597873091697692871e+00 1.426425695419311523e+00 -1.908117890357971191e+00 -6.579604148864746094e-01 -1.345757961273193359e+00 -6.491142511367797852e-02 -1.134978532791137695e+00 -1.908117890357971191e+00 -6.579604148864746094e-01 5.359975337982177734e+00 2.479294061660766602e+00 2.498524904251098633e+00 1.956776738166809082e+00 -1.908117890357971191e+00 -1.597873091697692871e+00
9.813201613724231720e-03 -1.390120387077331543e+00 9.813201613724231720e-03 7.243705391883850098e-01 -1.174718379974365234e+00 1.171590805053710938e+00 -1.516090512275695801e+00 -2.871420681476593018e-01 1.024360731244087219e-01 -2.295835688710212708e-02 -6.408102512359619141e-01 5.493936538696289062e-01 4.158483445644378662e-02 -7.028205394744873047e-01 2.593970775604248047e+00 4.488499641418457031e+00 1.368033766746520996e+00 -5.679035186767578125e-02 -1.657781958580017090e+00 -1.390120387077331543e+00 -2.219924926757812500e+00
-4.204978942871093750e-01 -2.192079305648803711e+00 7.570498585700988770e-01 6.033486723899841309e-01 9.475166201591491699e-01 -1.118603706359863281e+00 -1.288302302360534668e+00 -3.939761221408843994e-01 -1.067607641220092773e+00 2.325877904891967773e+00 -1.836579442024230957e+00 -1.118603706359863281e+00 1.071464180946350098e+00 1.380765080451965332e+00 2.696239203214645386e-02 4.787559211254119873e-01 -1.739723682403564453e+00 -8.184327743947505951e-03 -9.722678065299987793e-01 1.101694583892822266e+00 3.461108446121215820e+00
-4.809450507164001465e-01 -1.546740889549255371e+00 7.443408370018005371e-01 9.652075767517089844e-01 1.942250728607177734e-01 -3.012145496904850006e-02 -1.546740889549255371e+00 -6.776114106178283691e-01 -1.193955659866333008e+00 6.133029460906982422e-01 -9.104177355766296387e-01 -1.546740889549255371e+00 4.638440012931823730e-01 -3.110005855560302734e-01 -3.012145496904850006e-02 7.443408370018005371e-01 -1.620218008756637573e-01 -3.110005855560302734e-01 -6.776114106178283691e-01 -4.809450507164001465e-01 6.179114818572998047e+00
5.292262434959411621e-01 -9.814558625221252441e-01 -9.814558625221252441e-01 -1.836517602205276489e-01 -9.814558625221252441e-01 1.100188612937927246e+00 -5.375890135765075684e-01 -9.814558625221252441e-01 -9.814558625221252441e-01 9.941121935844421387e-02 -5.375890135765075684e-01 -5.375890135765075684e-01 9.941121935844421387e-02 -5.375890135765075684e-01 -1.836517602205276489e-01 5.292262434959411621e-01 -5.375890135765075684e-01 -5.375890135765075684e-01 -5.375890135765075684e-01 -5.375890135765075684e-01 7.220227241516113281e+00
3.684631884098052979e-01 -1.359174132347106934e+00 -4.309634566307067871e-01 -6.777426004409790039e-01 -4.309634566307067871e-01 2.000130653381347656e+00 -9.806401729583740234e-01 -6.777426004409790039e-01 -1.359174132347106934e+00 3.684631884098052979e-01 -1.359174132347106934e+00 -6.777426004409790039e-01 -2.239425629377365112e-01 -4.593119397759437561e-02 6.701247096061706543e-01 -4.309634566307067871e-01 1.214709043502807617e+00 -6.777426004409790039e-01 -1.359174132347106934e+00 -4.309634566307067871e-01 6.500769615173339844e+00
3.237576484680175781e-01 -2.267371892929077148e+00 -5.048399046063423157e-02 -1.878614127635955811e-01 -6.992137432098388672e-01 1.120419383049011230e+00 -7.608922719955444336e-01 -2.253037393093109131e-01 -8.264446258544921875e-01 2.780393660068511963e-01 -1.570081949234008789e+00 -8.264446258544921875e-01 1.120419383049011230e+00 -8.962853550910949707e-01 5.797656774520874023e-01 6.633384227752685547e-01 1.267646700143814087e-01 3.458663821220397949e-01 -3.045686483383178711e-01 -4.836539626121520996e-01 4.538346290588378906e+00
8.307346105575561523e-01 -2.060650587081909180e+00 5.441820621490478516e-01 5.437090247869491577e-02 -5.237133502960205078e-01 1.671429038047790527e+00 -2.060650587081909180e+00 -6.087784171104431152e-01 -9.751421213150024414e-01 9.722370505332946777e-01 -1.905715107917785645e+00 -1.345772743225097656e+00 6.661248207092285156e-01 9.992965310811996460e-02 3.012894392013549805e-01 6.137187480926513672e-01 1.018323183059692383e+00 5.000554323196411133e-01 -7.011572718620300293e-01 -1.261150598526000977e+00 4.173098564147949219e+00
6.274090409278869629e-01 -3.260607481002807617e+00 5.957357883453369141e-01 3.572682142257690430e-01 -1.513282060623168945e-01 1.705255031585693359e+00 -1.577197909355163574e+00 -8.643620014190673828e-01 -1.142802715301513672e+00 1.204418659210205078e+00 -1.577197909355163574e+00 -1.107989072799682617e+00 8.894219994544982910e-01 4.580492973327636719e-01 6.937647461891174316e-01 9.985884428024291992e-01 9.635030627250671387e-01 2.810824513435363770e-01 -6.022330522537231445e-01 -1.041742444038391113e+00 2.552333354949951172e+00
1.041769027709960938e+00 -3.048664808273315430e+00 7.745786905288696289e-01 1.859284639358520508e-01 -9.230847358703613281e-01 2.310716152191162109e+00 -9.230847358703613281e-01 -6.263120174407958984e-01 -1.145632147789001465e+00 4.173141121864318848e-01 -1.755178570747375488e+00 -1.527684807777404785e+00 5.796357393264770508e-01 2.237414121627807617e-01 9.954412579536437988e-01 1.097797751426696777e+00 1.239166736602783203e+00 3.702857196331024170e-01 -4.498622417449951172e-01 -9.230847358703613281e-01 2.085189104080200195e+00
1.231016635894775391e+00 -2.597727775573730469e+00 6.525827646255493164e-01 3.561236560344696045e-01 -1.081526875495910645e+00 2.491569757461547852e+00 -1.420922875404357910e+00 -5.058236718177795410e-01 -1.255915284156799316e+00 3.323436081409454346e-01 -1.671256184577941895e+00 -7.299823760986328125e-01 4.242740571498870850e-01 7.888363003730773926e-01 9.133063554763793945e-01 1.282189846038818359e+00 1.237557888031005859e+00 2.132904976606369019e-01 -9.603575468063354492e-01 -8.775838017463684082e-01 1.177093744277954102e+00
9.296604394912719727e-01 -3.215729713439941406e+00 2.854908108711242676e-01 2.566577196121215820e-01 -1.308934986591339111e-01 2.195817470550537109e+00 -8.950223326683044434e-01 -2.811627089977264404e-01 -1.310634851455688477e+00 8.313952088356018066e-01 -6.178534030914306641e-01 2.194138616323471069e-01 6.157383322715759277e-01 -2.936986684799194336e-01 6.259216070175170898e-01 1.493313193321228027e+00 6.753531098365783691e-01 3.135215640068054199e-01 -1.016128182411193848e+00 -1.308934986591339111e-01 -5.505862832069396973e-01
9.609313011169433594e-01 -3.165628671646118164e+00 2.182306051254272461e-01 -4.265983700752258301e-01 -1.953809410333633423e-01 1.619177579879760742e+00 -7.472877502441406250e-01 -3.112597465515136719e-01 -1.008670687675476074e+00 1.514399498701095581e-01 -1.523128867149353027e+00 1.677527427673339844e+00 3.033930659294128418e-01 3.248563036322593689e-02 2.808708846569061279e-01 1.194117188453674316e+00 1.656531095504760742e+00 4.223007857799530029e-01 -4.576432704925537109e-01 1.273510575294494629e+00 -1.956191182136535645e+00
-6.804450601339340210e-02 -1.947377443313598633e+00 2.118961095809936523e+00 1.917099475860595703e+00 -1.423476457595825195e+00 2.043008327484130859e+00 -3.103712573647499084e-02 -1.655086159706115723e+00 -1.572419524192810059e+00 -4.250507354736328125e-01 -2.513689279556274414e+00 2.503632307052612305e+00 -6.648679375648498535e-01 1.198607683181762695e+00 -5.089274644851684570e-01 7.850857377052307129e-01 1.703888654708862305e+00 -1.123438239097595215e+00 -1.123438239097595215e+00 2.628800392150878906e+00 -1.841157317161560059e+00
-4.477337896823883057e-01 -1.772701025009155273e+00 -7.465047240257263184e-01 4.826425552368164062e+00 -1.772701025009155273e+00 3.132189750671386719e+00 -2.067315816879272461e+00 1.172555208206176758e+00 1.933548450469970703e+00 -1.001764535903930664e+00 -2.067315816879272461e+00 -1.001764535903930664e+00 2.804754018783569336e+00 -1.531813502311706543e+00 -7.465047240257263184e-01 -3.631573319435119629e-01 3.705862045288085938e+00 1.115203022956848145e+00 -1.772701025009155273e+00 -2.067315816879272461e+00 -1.329133629798889160e+00
3.780677080154418945e+00 -1.357720494270324707e+00 -1.691584348678588867e+00 -2.371820658445358276e-01 -1.357720494270324707e+00 -8.653044700622558594e-01 -1.691584348678588867e+00 1.554838299751281738e+00 -1.691584348678588867e+00 4.062065601348876953e+00 -1.691584348678588867e+00 -1.357720494270324707e+00 -1.357720494270324707e+00 5.503001689910888672e+00 -1.223104372620582581e-01 -1.088450670242309570e+00 -5.101689696311950684e-01 -1.357720494270324707e+00 -1.088450670242309570e+00 3.656757593154907227e+00 -1.088450670242309570e+00
-1.415187239646911621e+00 -1.045002579689025879e+00 -1.045002579689025879e+00 -1.415187239646911621e+00 5.547947406768798828e+00 -1.415187239646911621e+00 3.841817378997802734e+00 -7.492578029632568359e-01 -1.415187239646911621e+00 -5.073316097259521484e-01 -1.415187239646911621e+00 -1.415187239646911621e+00 -7.492578029632568359e-01 -1.415187239646911621e+00 -1.415187239646911621e+00 -7.492578029632568359e-01 4.234973430633544922e+00 -5.073316097259521484e-01 -1.415187239646911621e+00 5.509763240814208984e+00 -1.045002579689025879e+00
-5.375803112983703613e-01 -5.375803112983703613e-01 -5.375803112983703613e-01 -5.375803112983703613e-01 8.275947570800781250e+00 1.370401978492736816e+00 -5.375803112983703613e-01 -5.375803112983703613e-01 -5.375803112983703613e-01 -5.375803112983703613e-01 -5.375803112983703613e-01 -5.375803112983703613e-01 -5.375803112983703613e-01 -5.375803112983703613e-01 -5.375803112983703613e-01 -5.375803112983703613e-01 -5.375803112983703613e-01 -5.375803112983703613e-01 -5.375803112983703613e-01 -5.375803112983703613e-01 3.019595332443714142e-02
