-4.304142296314239502e-01 8.607944488525390625e+00 -4.304142296314239502e-01 -4.304142296314239502e-01 -4.304142296314239502e-01 -4.304142296314239502e-01 -4.304142296314239502e-01 -4.304142296314239502e-01 -4.304142296314239502e-01 -4.304142296314239502e-01 -4.304142296314239502e-01 -4.304142296314239502e-01 -4.304142296314239502e-01 -4.304142296314239502e-01 -4.304142296314239502e-01 -4.304142296314239502e-01 -4.304142296314239502e-01 -4.304142296314239502e-01 -4.304142296314239502e-01 -4.304142296314239502e-01 -4.304142296314239502e-01
6.940896034240722656e+00 -1.044533014297485352e+00 -6.110516190528869629e-01 -1.044533014297485352e+00 -1.044533014297485352e+00 -2.661917805671691895e-01 -1.044533014297485352e+00 -6.110516190528869629e-01 -1.044533014297485352e+00 -1.044533014297485352e+00 -1.044533014297485352e+00 -2.661917805671691895e-01 9.274795651435852051e-03 -6.110516190528869629e-01 -1.044533014297485352e+00 5.188712120056152344e+00 1.283372998237609863e+00 4.291978776454925537e-01 -1.044533014297485352e+00 -1.044533014297485352e+00 -1.044533014297485352e+00
3.235292196273803711e+00 -1.194086909294128418e+00 -1.015460371971130371e+00 -1.956658959388732910e+00 -1.015460371971130371e+00 5.282289385795593262e-01 -1.402086019515991211e+00 1.354672312736511230e+00 -1.956658959388732910e+00 -8.593259453773498535e-01 -1.402086019515991211e+00 -5.809674784541130066e-02 -5.986286401748657227e-01 -1.650820374488830566e+00 -2.963129281997680664e-01 5.291951656341552734e+00 2.373740434646606445e+00 2.425832509994506836e+00 1.805406332015991211e+00 -1.956658959388732910e+00 -1.650820374488830566e+00
2.923130802810192108e-02 -1.242319107055664062e+00 2.923130802810192108e-02 6.972555518150329590e-01 -1.242319107055664062e+00 1.086629748344421387e+00 -1.149115324020385742e+00 -2.006013840436935425e-01 -6.316748331300914288e-04 -6.316748331300914288e-04 -4.960865378379821777e-01 3.329040706157684326e-01 5.825844034552574158e-02 -5.983499884605407715e-01 2.477839708328247070e+00 4.411668777465820312e+00 1.249915957450866699e+00 -9.576609730720520020e-02 -1.722421526908874512e+00 -1.344256162643432617e+00 -2.277349233627319336e+00
-6.019538640975952148e-01 -2.319136142730712891e+00 7.571589946746826172e-01 5.042759180068969727e-01 8.936962485313415527e-01 -9.033349156379699707e-01 -1.094243049621582031e+00 -3.690788745880126953e-01 -1.264316439628601074e+00 2.356892585754394531e+00 -1.813095927238464355e+00 -1.094243049621582031e+00 1.185208439826965332e+00 1.406435966491699219e+00 -1.915733702480792999e-02 5.580574870109558105e-01 -1.813095927238464355e+00 -7.896709721535444260e-04 -9.479523897171020508e-01 1.078513145446777344e+00 3.499260187149047852e+00
-1.885303556919097900e-01 -1.566206574440002441e+00 7.752197384834289551e-01 7.155063748359680176e-01 -5.698623135685920715e-02 -1.885303556919097900e-01 -1.215484976768493652e+00 -5.058431625366210938e-01 -1.215484976768493652e+00 7.752197384834289551e-01 -5.058431625366210938e-01 -1.566206574440002441e+00 3.531734645366668701e-01 -5.058431625366210938e-01 -5.058431625366210938e-01 1.670276969671249390e-01 -3.368545174598693848e-01 2.639779448509216309e-01 -5.058431625366210938e-01 -3.368545174598693848e-01 6.149312973022460938e+00
5.151770710945129395e-01 -9.900982975959777832e-01 -9.900982975959777832e-01 -1.948830783367156982e-01 -9.900982975959777832e-01 1.085271000862121582e+00 -5.481318831443786621e-01 -9.900982975959777832e-01 -9.900982975959777832e-01 8.750265091657638550e-02 -5.481318831443786621e-01 -5.481318831443786621e-01 -5.481318831443786621e-01 -5.481318831443786621e-01 8.750265091657638550e-02 8.346660137176513672e-01 -1.948830783367156982e-01 -9.900982975959777832e-01 -5.481318831443786621e-01 -1.948830783367156982e-01 7.203147411346435547e+00
2.942917048931121826e-01 -1.327278852462768555e+00 -6.373062133789062500e-01 -9.440479278564453125e-01 -3.880819976329803467e-01 2.257079601287841797e+00 -6.373062133789062500e-01 -9.440479278564453125e-01 -1.327278852462768555e+00 2.942917048931121826e-01 -1.327278852462768555e+00 -9.440479278564453125e-01 -3.880819976329803467e-01 -1.796012222766876221e-01 7.202174663543701172e-01 -1.796012222766876221e-01 1.319112658500671387e+00 -6.373062133789062500e-01 -9.440479278564453125e-01 -6.373062133789062500e-01 6.554781436920166016e+00
1.934524029493331909e-01 -2.295786380767822266e+00 -2.413547411561012268e-02 -3.404329717159271240e-01 -9.310258030891418457e-01 1.073007345199584961e+00 -9.310258030891418457e-01 -3.001096546649932861e-01 -6.762902736663818359e-01 1.934524029493331909e-01 -1.478146195411682129e+00 -9.310258030891418457e-01 1.161839246749877930e+00 -7.960355877876281738e-01 7.183046340942382812e-01 7.328437566757202148e-01 1.934524029493331909e-01 4.707900583744049072e-01 -2.238674163818359375e-01 -3.001096546649932861e-01 4.488272190093994141e+00
8.064572811126708984e-01 -2.266519308090209961e+00 4.651592671871185303e-01 1.977269537746906281e-02 -4.793693125247955322e-01 1.640857219696044922e+00 -1.800197005271911621e+00 -5.578701496124267578e-01 -1.293520331382751465e+00 1.001064658164978027e+00 -1.800197005271911621e+00 -1.293520331382751465e+00 6.930396556854248047e-01 1.088525429368019104e-01 3.200062513351440430e-01 5.515419244766235352e-01 1.052813053131103516e+00 5.652511715888977051e-01 -6.426777243614196777e-01 -1.215109825134277344e+00 4.124017238616943359e+00
6.340512037277221680e-01 -3.259883165359497070e+00 5.961589813232421875e-01 3.495313823223114014e-01 -2.063428610563278198e-01 1.662150025367736816e+00 -1.524298429489135742e+00 -9.785738587379455566e-01 -1.178499579429626465e+00 1.262840867042541504e+00 -1.524298429489135742e+00 -1.107414841651916504e+00 9.321795701980590820e-01 5.296593308448791504e-01 7.286176681518554688e-01 9.990091323852539062e-01 9.459075927734375000e-01 1.700324267148971558e-01 -6.018753051757812500e-01 -9.785738587379455566e-01 2.551844358444213867e+00
1.014587044715881348e+00 -3.046937227249145508e+00 8.083362579345703125e-01 2.711422145366668701e-01 -9.799270033836364746e-01 2.315097570419311523e+00 -8.384646773338317871e-01 -5.824812054634094238e-01 -1.143741130828857422e+00 3.561635315418243408e-01 -1.691637516021728516e+00 -1.428076863288879395e+00 5.751350522041320801e-01 1.782785058021545410e-01 9.712927937507629395e-01 1.138041496276855469e+00 1.267920374870300293e+00 2.799762189388275146e-01 -4.843886792659759521e-01 -1.075036406517028809e+00 2.093041181564331055e+00
1.203945994377136230e+00 -2.744865179061889648e+00 5.914804935455322266e-01 3.949155509471893311e-01 -9.389595985412597656e-01 2.501922130584716797e+00 -1.225620985031127930e+00 -5.692644715309143066e-01 -1.301869153976440430e+00 4.171176552772521973e-01 -1.384129047393798828e+00 -8.847143650054931641e-01 4.388400912284851074e-01 7.968228459358215332e-01 9.630188941955566406e-01 1.284312486648559570e+00 1.131075143814086914e+00 1.504630148410797119e-01 -1.120950460433959961e+00 -8.331773877143859863e-01 1.131075143814086914e+00
9.303845167160034180e-01 -3.043915987014770508e+00 3.340818285942077637e-01 1.338448822498321533e-01 -1.163320317864418030e-01 2.206894874572753906e+00 -7.538506388664245605e-01 -2.753970324993133545e-01 -1.189275860786437988e+00 7.825000286102294922e-01 -8.146970868110656738e-01 2.202696651220321655e-01 5.564866662025451660e-01 -3.003249168395996094e-01 5.672130584716796875e-01 1.497181296348571777e+00 7.018336653709411621e-01 2.572314143180847168e-01 -1.130767107009887695e+00 -5.516233295202255249e-02 -5.095891952514648438e-01
9.162940382957458496e-01 -3.384662151336669922e+00 3.121871054172515869e-01 -4.551293551921844482e-01 -2.456354051828384399e-01 1.587702631950378418e+00 -6.608608961105346680e-01 -3.108073472976684570e-01 -9.186682701110839844e-01 8.505746722221374512e-02 -1.492465496063232422e+00 1.629631876945495605e+00 2.600242793560028076e-01 8.505746722221374512e-02 2.210409045219421387e-01 1.152918100357055664e+00 1.658548116683959961e+00 4.090602397918701172e-01 -2.974358201026916504e-01 1.290856242179870605e+00 -1.842577815055847168e+00
1.040401961654424667e-02 -2.044291496276855469e+00 2.149224042892456055e+00 1.971986651420593262e+00 -1.334071874618530273e+00 2.073779106140136719e+00 1.040401961654424667e-02 -1.550400018692016602e+00 -1.633030652999877930e+00 -7.865625023841857910e-01 -2.494172096252441406e+00 2.564823865890502930e+00 -7.117741107940673828e-01 1.183939337730407715e+00 -6.763557791709899902e-01 8.328559994697570801e-01 1.670762419700622559e+00 -9.545949697494506836e-01 -1.100734710693359375e+00 2.639590740203857422e+00 -1.819446682929992676e+00
-3.835243582725524902e-01 -1.788473010063171387e+00 -1.172451257705688477e+00 4.793124198913574219e+00 -1.346387743949890137e+00 3.144797086715698242e+00 -2.082303285598754883e+00 1.094208359718322754e+00 1.996318221092224121e+00 -1.020178914070129395e+00 -1.788473010063171387e+00 -1.020178914070129395e+00 2.745785713195800781e+00 -1.346387743949890137e+00 -8.855178952217102051e-01 -5.584567785263061523e-01 3.703706264495849609e+00 1.132783055305480957e+00 -1.788473010063171387e+00 -2.082303285598754883e+00 -1.346387743949890137e+00
3.651959180831909180e+00 -1.144745707511901855e+00 -1.739334225654602051e+00 -4.303622543811798096e-01 -1.410397171974182129e+00 -9.245813488960266113e-01 -1.739334225654602051e+00 1.567513585090637207e+00 -1.739334225654602051e+00 3.996110200881958008e+00 -1.739334225654602051e+00 -1.144745707511901855e+00 -1.410397171974182129e+00 5.424072265625000000e+00 -1.889573037624359131e-01 -9.245813488960266113e-01 -4.303622543811798096e-01 -1.410397171974182129e+00 -7.369373440742492676e-01 3.622766733169555664e+00 -1.144745707511901855e+00
-1.447400450706481934e+00 -1.081426382064819336e+00 -1.081426382064819336e+00 -1.447400450706481934e+00 5.490326404571533203e+00 -1.447400450706481934e+00 3.757193803787231445e+00 -5.495921373367309570e-01 -1.447400450706481934e+00 -3.478705585002899170e-01 -1.447400450706481934e+00 -1.447400450706481934e+00 -1.081426382064819336e+00 -1.447400450706481934e+00 -1.447400450706481934e+00 -7.887979745864868164e-01 4.223833084106445312e+00 -1.736941337585449219e-01 -1.447400450706481934e+00 5.447852134704589844e+00 -7.887979745864868164e-01
-2.691568434238433838e-02 -5.783517360687255859e-01 -5.783517360687255859e-01 -5.783517360687255859e-01 8.160669326782226562e+00 1.279636502265930176e+00 -5.783517360687255859e-01 -5.783517360687255859e-01 -5.783517360687255859e-01 -5.783517360687255859e-01 -5.783517360687255859e-01 -5.783517360687255859e-01 -5.783517360687255859e-01 -5.783517360687255859e-01 -5.783517360687255859e-01 -5.783517360687255859e-01 -5.783517360687255859e-01 -5.783517360687255859e-01 -5.783517360687255859e-01 -5.783517360687255859e-01 4.217537343502044678e-01
