-4.304593205451965332e-01 8.609225273132324219e+00 -4.304593205451965332e-01 -4.304593205451965332e-01 -4.304593205451965332e-01 -4.304593205451965332e-01 -4.304593205451965332e-01 -4.304593205451965332e-01 -4.304593205451965332e-01 -4.304593205451965332e-01 -4.304593205451965332e-01 -4.304593205451965332e-01 -4.304593205451965332e-01 -4.304593205451965332e-01 -4.304593205451965332e-01 -4.304593205451965332e-01 -4.304593205451965332e-01 -4.304593205451965332e-01 -4.304593205451965332e-01 -4.304593205451965332e-01 -4.304593205451965332e-01
7.043740272521972656e+00 -9.954409599304199219e-01 -2.007499635219573975e-01 -9.954409599304199219e-01 -9.954409599304199219e-01 -9.954409599304199219e-01 -9.954409599304199219e-01 -5.512253642082214355e-01 -9.954409599304199219e-01 -9.954409599304199219e-01 -9.954409599304199219e-01 -2.007499635219573975e-01 -5.512253642082214355e-01 -5.512253642082214355e-01 -9.954409599304199219e-01 5.260801792144775391e+00 1.185521125793457031e+00 5.107449293136596680e-01 -9.954409599304199219e-01 -9.954409599304199219e-01 -9.954409599304199219e-01
3.229231595993041992e+00 -8.350102901458740234e-01 -9.913331866264343262e-01 -1.937528252601623535e+00 -1.381020188331604004e+00 6.715582013130187988e-01 -1.381020188331604004e+00 1.286913752555847168e+00 -1.937528252601623535e+00 -6.973427534103393555e-01 -1.381020188331604004e+00 -1.051938906311988831e-01 -6.973427534103393555e-01 -1.631158113479614258e+00 -6.973427534103393555e-01 5.324584960937500000e+00 2.497792005538940430e+00 2.422065973281860352e+00 1.810002207756042480e+00 -1.937528252601623535e+00 -1.631158113479614258e+00
3.779741749167442322e-02 -1.394202828407287598e+00 -9.559228271245956421e-02 7.363839149475097656e-01 -1.281105756759643555e+00 1.081427574157714844e+00 -1.178334951400756836e+00 -4.283527433872222900e-01 -6.060168147087097168e-02 9.854813665151596069e-02 -7.722643017768859863e-01 3.578530550003051758e-01 6.025471724569797516e-03 -6.449114084243774414e-01 2.541112661361694336e+00 4.501379489898681641e+00 1.275265812873840332e+00 6.025471724569797516e-03 -1.281105756759643555e+00 -1.281105756759643555e+00 -2.224068403244018555e+00
-4.264874160289764404e-01 -2.468411922454833984e+00 7.985916733741760254e-01 5.175018310546875000e-01 9.693899154663085938e-01 -1.124787330627441406e+00 -1.124787330627441406e+00 -3.193585872650146484e-01 -1.019739031791687012e+00 2.376156568527221680e+00 -1.898466110229492188e+00 -1.304680585861206055e+00 1.220844388008117676e+00 1.408083319664001465e+00 -1.127817481756210327e-01 5.718865394592285156e-01 -1.693896532058715820e+00 1.103721782565116882e-01 -1.124787330627441406e+00 1.121538996696472168e+00 3.524927616119384766e+00
-5.076990127563476562e-01 -1.566016077995300293e+00 7.731622457504272461e-01 6.502797603607177734e-01 1.651050001382827759e-01 -1.902125179767608643e-01 -1.216685652732849121e+00 -5.076990127563476562e-01 -1.216685652732849121e+00 6.502797603607177734e-01 -5.076990127563476562e-01 -1.566016077995300293e+00 2.624161839485168457e-01 -5.900866165757179260e-02 -5.076990127563476562e-01 4.346191585063934326e-01 -1.902125179767608643e-01 1.651050001382827759e-01 -5.076990127563476562e-01 -7.039976716041564941e-01 6.147300243377685547e+00
5.321410298347473145e-01 -9.822710752487182617e-01 -9.822710752487182617e-01 -1.830437183380126953e-01 -9.822710752487182617e-01 9.838301539421081543e-01 -5.361582040786743164e-01 -9.822710752487182617e-01 -9.822710752487182617e-01 1.001567691564559937e-01 -5.361582040786743164e-01 -5.361582040786743164e-01 1.001567691564559937e-01 -5.361582040786743164e-01 1.001567691564559937e-01 5.321410298347473145e-01 -1.830437183380126953e-01 -9.822710752487182617e-01 -9.822710752487182617e-01 -1.830437183380126953e-01 7.222383499145507812e+00
2.850900292396545410e-01 -1.333107113838195801e+00 -3.969793915748596191e-01 -6.461603045463562012e-01 -9.510056376457214355e-01 2.160964012145996094e+00 -9.510056376457214355e-01 -6.461603045463562012e-01 -1.333107113838195801e+00 5.180556178092956543e-01 -1.333107113838195801e+00 -3.969793915748596191e-01 -6.461603045463562012e-01 -1.876240968704223633e-01 9.494400024414062500e-01 -6.461603045463562012e-01 1.308469533920288086e+00 -9.510056376457214355e-01 -9.510056376457214355e-01 -3.969793915748596191e-01 6.543915748596191406e+00
2.570931911468505859e-01 -2.266258716583251953e+00 -1.850061863660812378e-01 -2.224525362253189087e-01 -8.238221406936645508e-01 1.173079371452331543e+00 -7.584460973739624023e-01 -4.331004023551940918e-01 -8.934751152992248535e-01 2.080285698175430298e-01 -1.567611217498779297e+00 -8.238221406936645508e-01 1.265927195549011230e+00 -8.934751152992248535e-01 7.433394789695739746e-01 7.433394789695739746e-01 7.400063425302505493e-02 3.915875852108001709e-01 -2.613012790679931641e-01 -2.613012790679931641e-01 4.533750057220458984e+00
7.439423203468322754e-01 -2.105792999267578125e+00 5.190390944480895996e-01 9.036401659250259399e-02 -3.902898728847503662e-01 1.603141903877258301e+00 -1.816552042961120605e+00 -4.248819947242736816e-01 -1.159162998199462891e+00 9.371164441108703613e-01 -1.816552042961120605e+00 -1.310622572898864746e+00 5.601643323898315430e-01 1.331659033894538879e-03 3.186301887035369873e-01 5.049514174461364746e-01 9.911655783653259277e-01 4.614774584770202637e-01 -6.608496308326721191e-01 -1.159162998199462891e+00 4.112194538116455078e+00
6.479908227920532227e-01 -3.255199193954467773e+00 5.712236762046813965e-01 3.895981013774871826e-01 -1.986251920461654663e-01 1.689786314964294434e+00 -1.744719147682189941e+00 -8.835688829421997070e-01 -1.247269153594970703e+00 1.216132164001464844e+00 -1.373429656028747559e+00 -1.134806394577026367e+00 8.879595398902893066e-01 5.374246239662170410e-01 7.965969443321228027e-01 1.006794691085815430e+00 9.627345204353332520e-01 2.068074047565460205e-01 -5.733554959297180176e-01 -1.066057085990905762e+00 2.564203023910522461e+00
1.025061011314392090e+00 -3.237828731536865234e+00 8.084847331047058105e-01 2.575227320194244385e-01 -1.044090270996093750e+00 2.355228662490844727e+00 -8.897690176963806152e-01 -6.370063424110412598e-01 -1.044090270996093750e+00 4.434694349765777588e-01 -2.013756036758422852e+00 -1.351748108863830566e+00 6.392625570297241211e-01 1.601617485284805298e-01 1.046479821205139160e+00 1.123934745788574219e+00 1.357402801513671875e+00 3.291690349578857422e-01 -4.344399273395538330e-01 -1.011326789855957031e+00 2.117891788482666016e+00
1.187807917594909668e+00 -2.757643699645996094e+00 5.997053384780883789e-01 4.010415077209472656e-01 -9.546151161193847656e-01 2.468150138854980469e+00 -1.357685804367065430e+00 -5.850127935409545898e-01 -1.041638731956481934e+00 4.299066066741943359e-01 -1.488787293434143066e+00 -7.085201740264892578e-01 5.183817744255065918e-01 7.132424116134643555e-01 8.764012455940246582e-01 1.265075564384460449e+00 1.164103269577026367e+00 1.626489758491516113e-01 -9.546151161193847656e-01 -1.041638731956481934e+00 1.104093074798583984e+00
9.072071313858032227e-01 -3.049566984176635742e+00 2.917110323905944824e-01 1.007415279746055603e-01 -5.596892442554235458e-03 2.186096429824829102e+00 -7.231923341751098633e-01 -3.469933867454528809e-01 -1.291804671287536621e+00 7.699874043464660645e-01 -6.325047016143798828e-01 1.892533749341964722e-01 5.209646224975585938e-01 -3.339781761169433594e-01 5.696341991424560547e-01 1.495312809944152832e+00 7.656529545783996582e-01 2.563039362430572510e-01 -9.330210685729980469e-01 -1.036613583564758301e-01 -6.325047016143798828e-01
8.825740814208984375e-01 -3.170737028121948242e+00 3.118029832839965820e-01 -3.174911439418792725e-01 -3.451426029205322266e-01 1.661650061607360840e+00 -7.126314640045166016e-01 -3.039421439170837402e-01 -1.070134282112121582e+00 1.277025043964385986e-01 -1.485620141029357910e+00 1.684333562850952148e+00 2.592443227767944336e-01 5.488261207938194275e-02 1.622314155101776123e-01 1.150358438491821289e+00 1.638511300086975098e+00 3.406493961811065674e-01 -2.514864802360534668e-01 1.281190156936645508e+00 -1.897373914718627930e+00
-1.155288368463516235e-01 -2.204235076904296875e+00 2.090264081954956055e+00 1.941536664962768555e+00 -1.432217240333557129e+00 2.012726545333862305e+00 -7.712931185960769653e-02 -1.432217240333557129e+00 -1.503817319869995117e+00 -4.614052176475524902e-01 -2.717020511627197266e+00 2.503200769424438477e+00 -7.081513404846191406e-01 1.189484715461730957e+00 -4.614052176475524902e-01 8.079566955566406250e-01 1.720423698425292969e+00 -8.182498216629028320e-01 -1.081238627433776855e+00 2.596086025238037109e+00 -1.849544048309326172e+00
-5.511565208435058594e-01 -1.783367395401000977e+00 -1.013389468193054199e+00 4.797585964202880859e+00 -1.542707204818725586e+00 3.140267848968505859e+00 -2.076444864273071289e+00 1.159901618957519531e+00 1.971968889236450195e+00 -1.013389468193054199e+00 -2.076444864273071289e+00 -1.165439128875732422e+00 2.806441783905029297e+00 -1.165439128875732422e+00 -8.790958523750305176e-01 -2.255720049142837524e-01 3.713642597198486328e+00 1.102599978446960449e+00 -1.783367395401000977e+00 -2.076444864273071289e+00 -1.339828968048095703e+00
3.679521560668945312e+00 -1.176622867584228516e+00 -1.764731168746948242e+00 -4.658932387828826904e-01 -1.439939498901367188e+00 -9.571837186813354492e-01 -1.764731168746948242e+00 1.625911951065063477e+00 -1.764731168746948242e+00 3.947997331619262695e+00 -1.764731168746948242e+00 -9.571837186813354492e-01 -1.176622867584228516e+00 5.372150897979736328e+00 -4.658932387828826904e-01 -7.701343894004821777e-01 -3.393675982952117920e-01 -1.439939498901367188e+00 -7.701343894004821777e-01 3.568558692932128906e+00 -1.176622867584228516e+00
-1.441987037658691406e+00 -7.836499214172363281e-01 -7.836499214172363281e-01 -1.441987037658691406e+00 5.501874446868896484e+00 -1.441987037658691406e+00 3.806233644485473633e+00 -1.076294660568237305e+00 -1.441987037658691406e+00 -5.429536700248718262e-01 -1.441987037658691406e+00 -1.441987037658691406e+00 -1.076294660568237305e+00 -1.441987037658691406e+00 -1.441987037658691406e+00 -7.836499214172363281e-01 4.215337753295898438e+00 -1.653503328561782837e-01 -1.441987037658691406e+00 5.450453758239746094e+00 -7.836499214172363281e-01
-2.123789675533771515e-02 -5.789350271224975586e-01 -5.789350271224975586e-01 -5.789350271224975586e-01 8.160913467407226562e+00 1.279081583023071289e+00 -5.789350271224975586e-01 -5.789350271224975586e-01 -5.789350271224975586e-01 -5.789350271224975586e-01 -5.789350271224975586e-01 -5.789350271224975586e-01 -5.789350271224975586e-01 -5.789350271224975586e-01 -5.789350271224975586e-01 -5.789350271224975586e-01 -5.789350271224975586e-01 -5.789350271224975586e-01 -5.789350271224975586e-01 -5.789350271224975586e-01 4.231629371643066406e-01
