-4.301929771900177002e-01 8.608193397521972656e+00 -4.301929771900177002e-01 -4.301929771900177002e-01 -4.301929771900177002e-01 -4.301929771900177002e-01 -4.301929771900177002e-01 -4.301929771900177002e-01 -4.301929771900177002e-01 -4.301929771900177002e-01 -4.301929771900177002e-01 -4.301929771900177002e-01 -4.301929771900177002e-01 -4.301929771900177002e-01 -4.301929771900177002e-01 -4.301929771900177002e-01 -4.301929771900177002e-01 -4.301929771900177002e-01 -4.301929771900177002e-01 -4.301929771900177002e-01 -4.301929771900177002e-01
6.924075603485107422e+00 -1.055583834648132324e+00 -6.234912872314453125e-01 -1.055583834648132324e+00 -1.055583834648132324e+00 -7.892817258834838867e-03 -1.055583834648132324e+00 -6.234912872314453125e-01 -1.055583834648132324e+00 -1.055583834648132324e+00 -1.055583834648132324e+00 -2.811495661735534668e-01 -2.811495661735534668e-01 -6.234912872314453125e-01 -1.055583834648132324e+00 5.136892795562744141e+00 1.263143658638000488e+00 7.262706160545349121e-01 -1.055583834648132324e+00 -1.055583834648132324e+00 -1.055583834648132324e+00
3.260763645172119141e+00 -1.351523160934448242e+00 -9.607807993888854980e-01 -1.912610411643981934e+00 -1.141335606575012207e+00 7.440267205238342285e-01 -1.351523160934448242e+00 1.572418570518493652e+00 -1.912610411643981934e+00 -6.640973687171936035e-01 -1.912610411643981934e+00 -7.103870809078216553e-02 -8.030860424041748047e-01 -1.602880477905273438e+00 -5.406509041786193848e-01 5.362430572509765625e+00 2.432728052139282227e+00 2.472331762313842773e+00 1.894030809402465820e+00 -1.912610411643981934e+00 -1.602880477905273438e+00
1.096186563372612000e-01 -1.383890867233276367e+00 1.711834222078323364e-02 6.991275548934936523e-01 -1.167903780937194824e+00 1.178971052169799805e+00 -1.383890867233276367e+00 -2.378220856189727783e-01 1.387128829956054688e-01 7.969325035810470581e-02 -7.615050673484802246e-01 5.181393027305603027e-01 7.969325035810470581e-02 -8.318975567817687988e-01 2.547267198562622070e+00 4.506502628326416016e+00 1.286644935607910156e+00 -1.566210761666297913e-02 -1.997857213020324707e+00 -1.167903780937194824e+00 -2.214235544204711914e+00
-5.328050255775451660e-01 -2.314438343048095703e+00 8.052057027816772461e-01 5.320025086402893066e-01 8.920978903770446777e-01 -9.890642166137695312e-01 -1.258508563041687012e+00 -2.879344522953033447e-01 -1.198692560195922852e+00 2.364551782608032227e+00 -2.032951116561889648e+00 -1.142190337181091309e+00 1.162605524063110352e+00 1.421339273452758789e+00 2.298268675804138184e-02 4.297154247760772705e-01 -1.621427536010742188e+00 7.521197944879531860e-02 -9.890642166137695312e-01 1.162605524063110352e+00 3.499582529067993164e+00
-1.304516643285751343e-01 -1.616900563240051270e+00 7.526415586471557617e-01 3.591190874576568604e-01 -1.304516643285751343e-01 -1.374756451696157455e-02 -1.272230386734008789e+00 -5.745847225189208984e-01 -1.616900563240051270e+00 5.743318796157836914e-01 -4.075754284858703613e-01 -1.616900563240051270e+00 5.073018670082092285e-01 -1.304516643285751343e-01 -1.304516643285751343e-01 3.591190874576568604e-01 -1.374756451696157455e-02 1.881183832883834839e-01 -5.745847225189208984e-01 -5.745847225189208984e-01 6.062285900115966797e+00
4.837250113487243652e-01 -1.009577631950378418e+00 -1.009577631950378418e+00 -5.702795386314392090e-01 -1.009577631950378418e+00 1.254727959632873535e+00 -5.702795386314392090e-01 -1.009577631950378418e+00 -1.009577631950378418e+00 2.885715961456298828e-01 -5.702795386314392090e-01 -5.702795386314392090e-01 -2.205770760774612427e-01 -5.702795386314392090e-01 5.884221941232681274e-02 8.021360039710998535e-01 -2.205770760774612427e-01 -5.702795386314392090e-01 -5.702795386314392090e-01 -5.702795386314392090e-01 7.163954257965087891e+00
3.358061015605926514e-01 -1.381018996238708496e+00 -7.051248550415039062e-01 -7.051248550415039062e-01 -7.051248550415039062e-01 2.102956771850585938e+00 -7.051248550415039062e-01 -1.005364537239074707e+00 -1.381018996238708496e+00 6.359510421752929688e-01 -1.381018996238708496e+00 -4.605036675930023193e-01 -2.549633681774139404e-01 -7.777980715036392212e-02 8.733117580413818359e-01 -4.605036675930023193e-01 1.230707287788391113e+00 -7.051248550415039062e-01 -1.005364537239074707e+00 -7.051248550415039062e-01 6.459688186645507812e+00
3.255035281181335449e-01 -2.283129930496215820e+00 -1.030810400843620300e-01 -2.453398555517196655e-01 -7.185119986534118652e-01 1.149595260620117188e+00 -8.457435369491577148e-01 -4.556704163551330566e-01 -8.457435369491577148e-01 3.033683598041534424e-01 -1.351009964942932129e+00 -8.457435369491577148e-01 1.099773526191711426e+00 -9.900788068771362305e-01 6.427968740463256836e-01 7.777609229087829590e-01 2.177319675683975220e-02 5.056585073471069336e-01 -3.665083050727844238e-01 -2.842007875442504883e-01 4.509041309356689453e+00
7.143533825874328613e-01 -2.464103698730468750e+00 4.593824148178100586e-01 -1.864202320575714111e-02 -3.627182245254516602e-01 1.668951869010925293e+00 -1.670107722282409668e+00 -4.704105556011199951e-01 -9.993883371353149414e-01 1.028052091598510742e+00 -1.670107722282409668e+00 -1.206541061401367188e+00 5.609360933303833008e-01 -1.864202320575714111e-02 3.964438140392303467e-01 4.894461333751678467e-01 1.045298218727111816e+00 5.609360933303833008e-01 -7.257616519927978516e-01 -1.460857987403869629e+00 4.141774177551269531e+00
6.532686948776245117e-01 -3.259492635726928711e+00 5.840167403221130371e-01 3.905928432941436768e-01 -1.913926154375076294e-01 1.671807646751403809e+00 -1.473521709442138672e+00 -1.008571863174438477e+00 -1.215153217315673828e+00 1.180775284767150879e+00 -1.523373007774353027e+00 -1.072822213172912598e+00 8.761411309242248535e-01 5.025987029075622559e-01 7.008038163185119629e-01 1.029566645622253418e+00 9.557706713676452637e-01 2.187850624322891235e-01 -4.453911483287811279e-01 -1.141457676887512207e+00 2.568103075027465820e+00
9.685218334197998047e-01 -3.049781560897827148e+00 8.261799812316894531e-01 1.657627969980239868e-01 -9.826717972755432129e-01 2.306541204452514648e+00 -9.528393745422363281e-01 -5.647559165954589844e-01 -1.045071005821228027e+00 4.541798830032348633e-01 -1.635656356811523438e+00 -1.528159499168395996e+00 5.723773241043090820e-01 2.322823554277420044e-01 9.817066788673400879e-01 1.085331320762634277e+00 1.310207962989807129e+00 2.684045433998107910e-01 -4.870994687080383301e-01 -1.013400912284851074e+00 2.088861703872680664e+00
1.195616483688354492e+00 -2.620637416839599609e+00 6.444746851921081543e-01 2.826229631900787354e-01 -1.074440360069274902e+00 2.469714641571044922e+00 -1.280764579772949219e+00 -6.266688704490661621e-01 -1.013991236686706543e+00 4.418645799160003662e-01 -1.445421576499938965e+00 -8.263103365898132324e-01 4.418645799160003662e-01 7.375572323799133301e-01 9.188434481620788574e-01 1.237780332565307617e+00 1.202211380004882812e+00 1.226833388209342957e-01 -1.043774127960205078e+00 -8.511382341384887695e-01 1.087259888648986816e+00
9.107316732406616211e-01 -3.051473140716552734e+00 3.121244907379150391e-01 2.415392845869064331e-01 -9.368688613176345825e-02 2.184818983078002930e+00 -8.440635204315185547e-01 -3.341875672340393066e-01 -1.291773676872253418e+00 7.697498202323913574e-01 -5.986083745956420898e-01 1.577267050743103027e-01 5.534276962280273438e-01 -3.603959381580352783e-01 6.107670068740844727e-01 1.475979089736938477e+00 6.980485320091247559e-01 2.844831943511962891e-01 -9.332776665687561035e-01 -9.368688613176345825e-02 -5.986083745956420898e-01
9.566278457641601562e-01 -3.369100093841552734e+00 3.180879652500152588e-01 -4.042205214500427246e-01 -2.002558410167694092e-01 1.628541946411132812e+00 -6.404998302459716797e-01 -3.176592588424682617e-01 -9.486857056617736816e-01 1.673302203416824341e-01 -1.608637928962707520e+00 1.673474907875061035e+00 2.573308646678924561e-01 8.718915283679962158e-02 2.651296555995941162e-01 1.176688909530639648e+00 1.642428398132324219e+00 3.960618972778320312e-01 -3.039218783378601074e-01 1.316945195198059082e+00 -2.092825651168823242e+00
-3.081212565302848816e-02 -2.164128065109252930e+00 2.196909189224243164e+00 1.968038916587829590e+00 -1.460058808326721191e+00 2.018685102462768555e+00 -8.899571746587753296e-02 -1.460058808326721191e+00 -1.709577322006225586e+00 -6.283155083656311035e-01 -2.482991695404052734e+00 2.554640293121337891e+00 -5.319298505783081055e-01 1.268175482749938965e+00 -5.630691051483154297e-01 7.981472611427307129e-01 1.764286994934082031e+00 -8.126529455184936523e-01 -1.387844204902648926e+00 2.665423393249511719e+00 -1.913525462150573730e+00
-3.362624645233154297e-01 -1.750919342041015625e+00 -8.403771519660949707e-01 4.844436645507812500e+00 -1.750919342041015625e+00 3.182580232620239258e+00 -2.047398090362548828e+00 1.237770557403564453e+00 2.005582571029663086e+00 -1.305265784263610840e+00 -2.047398090362548828e+00 -1.305265784263610840e+00 2.819112062454223633e+00 -1.305265784263610840e+00 -9.760327339172363281e-01 -2.573990821838378906e-01 3.755946636199951172e+00 1.182483434677124023e+00 -1.750919342041015625e+00 -2.047398090362548828e+00 -1.305265784263610840e+00
3.723654508590698242e+00 -1.406013011932373047e+00 -1.735223770141601562e+00 -4.258007407188415527e-01 -1.406013011932373047e+00 -9.202902317047119141e-01 -1.735223770141601562e+00 1.573376297950744629e+00 -1.735223770141601562e+00 3.946712970733642578e+00 -1.735223770141601562e+00 -9.202902317047119141e-01 -1.406013011932373047e+00 5.435322761535644531e+00 -4.258007407188415527e-01 -7.324872612953186035e-01 -4.258007407188415527e-01 -1.406013011932373047e+00 -7.324872612953186035e-01 3.606900930404663086e+00 -1.140472769737243652e+00
-1.437714576721191406e+00 -1.070432066917419434e+00 -7.774127125740051270e-01 -1.437714576721191406e+00 5.500897407531738281e+00 -1.437714576721191406e+00 3.785057783126831055e+00 -1.070432066917419434e+00 -1.437714576721191406e+00 -3.354648351669311523e-01 -1.437714576721191406e+00 -1.437714576721191406e+00 -7.774127125740051270e-01 -1.437714576721191406e+00 -1.437714576721191406e+00 -7.774127125740051270e-01 4.218822956085205078e+00 -1.606534421443939209e-01 -1.437714576721191406e+00 5.475589752197265625e+00 -1.070432066917419434e+00
1.223415229469537735e-02 -5.510141253471374512e-01 -5.510141253471374512e-01 -5.510141253471374512e-01 8.236886978149414062e+00 1.106931924819946289e+00 -5.510141253471374512e-01 -5.510141253471374512e-01 -5.510141253471374512e-01 -5.510141253471374512e-01 -5.510141253471374512e-01 -5.510141253471374512e-01 -5.510141253471374512e-01 -5.510141253471374512e-01 -5.510141253471374512e-01 -5.510141253471374512e-01 -5.510141253471374512e-01 -5.510141253471374512e-01 -5.510141253471374512e-01 -5.510141253471374512e-01 1.223415229469537735e-02
