-4.302410483360290527e-01 8.609444618225097656e+00 -4.302410483360290527e-01 -4.302410483360290527e-01 -4.302410483360290527e-01 -4.302410483360290527e-01 -4.302410483360290527e-01 -4.302410483360290527e-01 -4.302410483360290527e-01 -4.302410483360290527e-01 -4.302410483360290527e-01 -4.302410483360290527e-01 -4.302410483360290527e-01 -4.302410483360290527e-01 -4.302410483360290527e-01 -4.302410483360290527e-01 -4.302410483360290527e-01 -4.302410483360290527e-01 -4.302410483360290527e-01 -4.302410483360290527e-01 -4.302410483360290527e-01
6.997429370880126953e+00 -1.018048286437988281e+00 -2.309479862451553345e-01 -1.018048286437988281e+00 -1.018048286437988281e+00 -2.309479862451553345e-01 -1.018048286437988281e+00 -5.785791277885437012e-01 -1.018048286437988281e+00 -1.018048286437988281e+00 -1.018048286437988281e+00 -1.018048286437988281e+00 4.745998233556747437e-02 -5.785791277885437012e-01 -1.018048286437988281e+00 5.226143360137939453e+00 9.218971729278564453e-01 6.430284380912780762e-01 -1.018048286437988281e+00 -1.018048286437988281e+00 -1.018048286437988281e+00
3.266034364700317383e+00 -9.727469086647033691e-01 -9.727469086647033691e-01 -1.922802686691284180e+00 -1.153167605400085449e+00 6.929046511650085449e-01 -1.922802686691284180e+00 1.458246946334838867e+00 -1.922802686691284180e+00 -6.776598095893859863e-01 -1.614669084548950195e+00 5.815529823303222656e-02 -8.157771825790405273e-01 -1.614669084548950195e+00 -4.439180493354797363e-01 5.345757007598876953e+00 2.431010246276855469e+00 2.450738906860351562e+00 1.867482066154479980e+00 -1.922802686691284180e+00 -1.614669084548950195e+00
-9.865491092205047607e-02 -1.316200852394104004e+00 6.032969802618026733e-02 7.132962942123413086e-01 -1.316200852394104004e+00 1.042456507682800293e+00 -1.316200852394104004e+00 -1.697375476360321045e-01 3.042071126401424408e-02 6.032969802618026733e-02 -6.236098408699035645e-01 4.278839528560638428e-01 -3.211814165115356445e-02 -4.658719301223754883e-01 2.525279998779296875e+00 4.449658870697021484e+00 1.272694349288940430e+00 -2.460683733224868774e-01 -1.428788304328918457e+00 -1.316200852394104004e+00 -2.253972053527832031e+00
-4.308699071407318115e-01 -2.177101135253906250e+00 7.487576603889465332e-01 5.285171270370483398e-01 1.025336742401123047e+00 -1.051111221313476562e+00 -1.155976891517639160e+00 -2.547332942485809326e-01 -1.051111221313476562e+00 2.350157499313354492e+00 -1.927661538124084473e+00 -1.551492571830749512e+00 1.130747795104980469e+00 1.398000717163085938e+00 8.779746480286121368e-03 5.177571773529052734e-01 -1.723840117454528809e+00 2.647801302373409271e-02 -1.002287626266479492e+00 1.118906617164611816e+00 3.474434137344360352e+00
-1.898156553506851196e-01 -1.566097378730773926e+00 6.507993340492248535e-01 6.507993340492248535e-01 5.913018807768821716e-02 5.913018807768821716e-02 -1.216325759887695312e+00 -9.351726770401000977e-01 -1.216325759887695312e+00 5.836171507835388184e-01 -7.035304903984069824e-01 -1.566097378730773926e+00 1.655744165182113647e-01 -1.898156553506851196e-01 -1.898156553506851196e-01 3.522617518901824951e-01 5.913018807768821716e-02 5.913018807768821716e-02 -5.074552297592163086e-01 -5.074552297592163086e-01 6.148421287536621094e+00
4.145992398262023926e-01 -9.312791228294372559e-01 -9.312791228294372559e-01 -1.124329268932342529e-01 -9.312791228294372559e-01 9.406826496124267578e-01 -9.312791228294372559e-01 -9.312791228294372559e-01 -9.312791228294372559e-01 1.768519431352615356e-01 -4.747045636177062988e-01 -4.747045636177062988e-01 -1.124329268932342529e-01 -9.312791228294372559e-01 -1.124329268932342529e-01 9.406826496124267578e-01 -9.312791228294372559e-01 -4.747045636177062988e-01 -4.747045636177062988e-01 -1.124329268932342529e-01 7.326850891113281250e+00
3.905524611473083496e-01 -1.344627261161804199e+00 -4.121396243572235107e-01 -9.640851616859436035e-01 -6.602235436439514160e-01 2.072255134582519531e+00 -9.640851616859436035e-01 -9.640851616859436035e-01 -1.344627261161804199e+00 6.930202245712280273e-01 -1.344627261161804199e+00 -4.121396243572235107e-01 -4.121396243572235107e-01 -2.466260641813278198e-02 8.571892976760864258e-01 -4.121396243572235107e-01 1.064198493957519531e+00 -9.640851616859436035e-01 -9.640851616859436035e-01 -4.121396243572235107e-01 6.524873256683349609e+00
2.324483394622802734e-01 -2.285430431365966797e+00 -2.093601971864700317e-01 -3.678773343563079834e-01 -7.820477485656738281e-01 1.035016298294067383e+00 -6.624709963798522949e-01 -2.855709493160247803e-01 -9.168902039527893066e-01 2.324483394622802734e-01 -1.464745402336120605e+00 -7.820477485656738281e-01 1.056532382965087891e+00 -1.071198701858520508e+00 6.086971759796142578e-01 7.477627992630004883e-01 1.051668524742126465e-01 5.750321745872497559e-01 -1.383847743272781372e-01 -1.383847743272781372e-01 4.511217594146728516e+00
8.201656341552734375e-01 -2.427208900451660156e+00 6.089628338813781738e-01 4.287370480597019196e-03 -2.182962894439697266e-01 1.665433645248413086e+00 -2.041562080383300781e+00 -3.158164322376251221e-01 -1.416809916496276855e+00 1.076323509216308594e+00 -1.886193871498107910e+00 -1.324812054634094238e+00 6.226829886436462402e-01 2.279545664787292480e-01 4.113384485244750977e-01 5.809537172317504883e-01 1.022719979286193848e+00 4.919566810131072998e-01 -6.798106431961059570e-01 -1.416809916496276855e+00 4.195093154907226562e+00
5.897494554519653320e-01 -3.245859622955322266e+00 6.286172270774841309e-01 3.011180460453033447e-01 -2.156770527362823486e-01 1.721154689788818359e+00 -1.558192133903503418e+00 -8.719490170478820801e-01 -1.276024818420410156e+00 1.224569797515869141e+00 -1.455529928207397461e+00 -1.159414887428283691e+00 8.950284123420715332e-01 5.284782648086547852e-01 7.595153450965881348e-01 1.065051794052124023e+00 9.518947601318359375e-01 2.743835151195526123e-01 -6.933372020721435547e-01 -1.054640531539916992e+00 2.592463970184326172e+00
1.027452945709228516e+00 -3.036919593811035156e+00 8.107306957244873047e-01 2.385907620191574097e-01 -1.096416711807250977e+00 2.317550182342529297e+00 -9.374008178710937500e-01 -5.494319200515747070e-01 -1.167441368103027344e+00 3.931408226490020752e-01 -1.621444344520568848e+00 -1.621444344520568848e+00 6.074823141098022461e-01 2.007663995027542114e-01 9.342716336250305176e-01 1.124330759048461914e+00 1.303575754165649414e+00 3.358182907104492188e-01 -3.995308578014373779e-01 -9.981551766395568848e-01 2.134471893310546875e+00
1.165523648262023926e+00 -2.622828006744384766e+00 5.699861049652099609e-01 4.456374347209930420e-01 -1.077679634094238281e+00 2.476655721664428711e+00 -1.283815383911132812e+00 -6.098145246505737305e-01 -1.077679634094238281e+00 4.525800645351409912e-01 -1.404701709747314453e+00 -7.359243631362915039e-01 3.430632352828979492e-01 7.499050498008728027e-01 8.891025185585021973e-01 1.290180087089538574e+00 1.120274782180786133e+00 8.020799607038497925e-02 -1.017088770866394043e+00 -8.542148470878601074e-01 1.102313160896301270e+00
8.836305737495422363e-01 -3.056800365447998047e+00 3.175672888755798340e-01 1.653845161199569702e-01 -5.198958516120910645e-02 2.179825067520141602e+00 -7.314217090606689453e-01 -3.422612249851226807e-01 -1.299987554550170898e+00 7.308824658393859863e-01 -5.900049209594726562e-01 1.254975646734237671e-01 6.127275824546813965e-01 -3.042121529579162598e-01 5.559816956520080566e-01 1.478465437889099121e+00 6.616708636283874512e-01 2.479555606842041016e-01 -9.182100892066955566e-01 -1.223494634032249451e-01 -5.416709184646606445e-01
9.287816882133483887e-01 -3.169586420059204102e+00 3.133857250213623047e-01 -4.623923301696777344e-01 -2.627737522125244141e-01 1.663303017616271973e+00 -7.110635638236999512e-01 -3.576757907867431641e-01 -1.040473461151123047e+00 2.775084413588047028e-02 -1.620501160621643066e+00 1.640086770057678223e+00 2.836872637271881104e-01 6.587518751621246338e-02 1.972005218267440796e-01 1.170833349227905273e+00 1.634240746498107910e+00 3.975614905357360840e-01 -2.372239530086517334e-01 1.315683722496032715e+00 -1.777046322822570801e+00
7.146624475717544556e-02 -2.182695388793945312e+00 2.145395517349243164e+00 1.919582009315490723e+00 -1.278460621833801270e+00 2.047097444534301758e+00 -9.099341928958892822e-02 -1.557508230209350586e+00 -1.640277624130249023e+00 -7.195627093315124512e-01 -2.500852823257446289e+00 2.526685714721679688e+00 -7.562307119369506836e-01 1.219681262969970703e+00 -6.498522162437438965e-01 8.560363054275512695e-01 1.706522464752197266e+00 -8.747614622116088867e-01 -1.162354946136474609e+00 2.652292013168334961e+00 -1.729725003242492676e+00
-5.335820317268371582e-01 -1.768798947334289551e+00 -8.616169691085815430e-01 4.825620651245117188e+00 -1.527281522750854492e+00 3.130737781524658203e+00 -2.063433647155761719e+00 1.081691026687622070e+00 1.974589228630065918e+00 -1.148841619491577148e+00 -1.768798947334289551e+00 -1.323819875717163086e+00 2.814998626708984375e+00 -1.527281522750854492e+00 -9.962472319602966309e-01 -2.072168141603469849e-01 3.740554809570312500e+00 1.141250610351562500e+00 -1.768798947334289551e+00 -2.063433647155761719e+00 -1.148841619491577148e+00
3.706266641616821289e+00 -1.395939588546752930e+00 -1.725541710853576660e+00 -4.121322929859161377e-01 -1.395939588546752930e+00 -1.725541710853576660e+00 -1.725541710853576660e+00 1.741089940071105957e+00 -1.725541710853576660e+00 3.994460105895996094e+00 -1.725541710853576660e+00 -9.078783988952636719e-01 -1.129439115524291992e+00 5.448093414306640625e+00 -2.848028242588043213e-01 -9.078783988952636719e-01 -4.121322929859161377e-01 -1.395939588546752930e+00 -7.190886735916137695e-01 3.605201244354248047e+00 -9.078783988952636719e-01
-1.405819773674011230e+00 -1.034627795219421387e+00 -1.034627795219421387e+00 -1.405819773674011230e+00 5.554553031921386719e+00 -1.405819773674011230e+00 3.860762596130371094e+00 -4.947424232959747314e-01 -1.405819773674011230e+00 -7.380188107490539551e-01 -1.405819773674011230e+00 -1.405819773674011230e+00 -7.380188107490539551e-01 -1.405819773674011230e+00 -1.405819773674011230e+00 -1.034627795219421387e+00 4.252756595611572266e+00 -7.380188107490539551e-01 -1.405819773674011230e+00 5.533402442932128906e+00 -7.380188107490539551e-01
-3.336263447999954224e-02 -5.866435766220092773e-01 -5.866435766220092773e-01 -5.866435766220092773e-01 8.139212608337402344e+00 1.456636786460876465e+00 -5.866435766220092773e-01 -5.866435766220092773e-01 -5.866435766220092773e-01 -5.866435766220092773e-01 -5.866435766220092773e-01 -5.866435766220092773e-01 -5.866435766220092773e-01 -5.866435766220092773e-01 -5.866435766220092773e-01 -5.866435766220092773e-01 -5.866435766220092773e-01 -5.866435766220092773e-01 -5.866435766220092773e-01 -5.866435766220092773e-01 4.100653827190399170e-01
