-4.304695725440979004e-01 8.609256744384765625e+00 -4.304695725440979004e-01 -4.304695725440979004e-01 -4.304695725440979004e-01 -4.304695725440979004e-01 -4.304695725440979004e-01 -4.304695725440979004e-01 -4.304695725440979004e-01 -4.304695725440979004e-01 -4.304695725440979004e-01 -4.304695725440979004e-01 -4.304695725440979004e-01 -4.304695725440979004e-01 -4.304695725440979004e-01 -4.304695725440979004e-01 -4.304695725440979004e-01 -4.304695725440979004e-01 -4.304695725440979004e-01 -4.304695725440979004e-01 -4.304695725440979004e-01
6.996086120605468750e+00 -1.018449425697326660e+00 -2.330910414457321167e-01 -1.018449425697326660e+00 -1.018449425697326660e+00 -2.330910414457321167e-01 -1.018449425697326660e+00 -5.795520544052124023e-01 -1.018449425697326660e+00 -1.018449425697326660e+00 -1.018449425697326660e+00 -5.795520544052124023e-01 -2.330910414457321167e-01 -5.795520544052124023e-01 -1.018449425697326660e+00 5.222576618194580078e+00 1.144502639770507812e+00 2.777393758296966553e-01 -1.018449425697326660e+00 -1.018449425697326660e+00 -1.018449425697326660e+00
3.236394643783569336e+00 -8.389740586280822754e-01 -9.950658082962036133e-01 -1.940566658973693848e+00 -1.174726128578186035e+00 6.672661900520324707e-01 -1.384691238403320312e+00 1.359911322593688965e+00 -1.940566658973693848e+00 -8.389740586280822754e-01 -1.634838223457336426e+00 -3.596660867333412170e-02 -8.389740586280822754e-01 -1.634838223457336426e+00 -3.664896786212921143e-01 5.321834564208984375e+00 2.417562723159790039e+00 2.404369831085205078e+00 1.793429136276245117e+00 -1.940566658973693848e+00 -1.634838223457336426e+00
1.416755169630050659e-01 -1.432123661041259766e+00 -6.826797872781753540e-02 6.456189155578613281e-01 -1.216906905174255371e+00 1.016221165657043457e+00 -1.432123661041259766e+00 -2.106481343507766724e-01 5.686195194721221924e-02 5.686195194721221924e-02 -6.269191503524780273e-01 5.410037040710449219e-01 -1.020679399371147156e-01 -4.213268756866455078e-01 2.495655059814453125e+00 4.448403358459472656e+00 1.295673966407775879e+00 -3.756606280803680420e-01 -1.432123661041259766e+00 -1.123047947883605957e+00 -2.257300376892089844e+00
-5.012935996055603027e-01 -2.163713932037353516e+00 8.309870958328247070e-01 5.334123373031616211e-01 9.593681097030639648e-01 -1.087370634078979492e+00 -1.087370634078979492e+00 -3.361473977565765381e-01 -1.320883274078369141e+00 2.360680341720581055e+00 -2.032035112380981445e+00 -1.257531642913818359e+00 1.175478458404541016e+00 1.444820761680603027e+00 6.293038837611675262e-03 4.429536759853363037e-01 -1.536983370780944824e+00 2.431111037731170654e-02 -1.087370634078979492e+00 1.134622216224670410e+00 3.498706102371215820e+00
-2.665197253227233887e-01 -1.619765877723693848e+00 7.997001409530639648e-01 5.676933526992797852e-01 -1.365925818681716919e-01 8.582454174757003784e-02 -1.278035163879394531e+00 -5.801648497581481934e-01 -1.278035163879394531e+00 5.676933526992797852e-01 -4.129398763179779053e-01 -1.619765877723693848e+00 4.296123087406158447e-01 -5.801648497581481934e-01 -2.665197253227233887e-01 3.533199727535247803e-01 -2.665197253227233887e-01 2.712313234806060791e-01 -4.129398763179779053e-01 -4.129398763179779053e-01 6.055310726165771484e+00
3.874170780181884766e-01 -9.482563138008117676e-01 -9.482563138008117676e-01 -4.949489235877990723e-01 -9.482563138008117676e-01 1.270178556442260742e+00 -4.949489235877990723e-01 -9.482563138008117676e-01 -9.482563138008117676e-01 3.874170780181884766e-01 -4.949489235877990723e-01 -4.949489235877990723e-01 -1.370433866977691650e-01 -4.949489235877990723e-01 -1.370433866977691650e-01 5.879275202751159668e-01 -4.949489235877990723e-01 -4.949489235877990723e-01 -4.949489235877990723e-01 -9.482563138008117676e-01 7.290936470031738281e+00
2.852397263050079346e-01 -1.332614779472351074e+00 -3.966919183731079102e-01 -9.509246349334716797e-01 -3.966919183731079102e-01 2.183378219604492188e+00 -6.462137699127197266e-01 -9.509246349334716797e-01 -1.332614779472351074e+00 5.186193585395812988e-01 -1.332614779472351074e+00 -6.462137699127197266e-01 -1.871332079172134399e-01 -3.966919183731079102e-01 6.194494366645812988e-01 -6.462137699127197266e-01 1.308774471282958984e+00 -6.462137699127197266e-01 -9.509246349334716797e-01 -6.462137699127197266e-01 6.544798851013183594e+00
4.179625809192657471e-01 -2.293913841247558594e+00 -1.144470497965812683e-01 -2.565862834453582764e-01 -9.263924360275268555e-01 1.057032227516174316e+00 -7.916465997695922852e-01 -4.212780892848968506e-01 -7.301332354545593262e-01 2.224680632352828979e-01 -1.474195837974548340e+00 -7.301332354545593262e-01 1.221872210502624512e+00 -1.080469965934753418e+00 6.782305240631103516e-01 7.231463193893432617e-01 1.219307109713554382e-01 4.756062030792236328e-01 -2.565862834453582764e-01 -3.356891572475433350e-01 4.492468357086181641e+00
8.092093467712402344e-01 -2.255724668502807617e+00 4.634845554828643799e-01 -3.919441252946853638e-02 -3.934311866760253906e-01 1.663791656494140625e+00 -1.666895151138305664e+00 -6.296762228012084961e-01 -1.202139854431152344e+00 9.967588186264038086e-01 -1.788437843322753906e+00 -1.128965854644775391e+00 6.944532990455627441e-01 1.006804406642913818e-01 3.506287038326263428e-01 5.227534174919128418e-01 1.032165884971618652e+00 5.227534174919128418e-01 -9.960432052612304688e-01 -1.202139854431152344e+00 4.145543575286865234e+00
5.801415443420410156e-01 -3.268945455551147461e+00 5.930107831954956055e-01 3.149665594100952148e-01 -1.469798535108566284e-01 1.689660429954528809e+00 -1.533456325531005859e+00 -1.018471121788024902e+00 -1.187754988670349121e+00 1.181098341941833496e+00 -1.390150547027587891e+00 -9.578323960304260254e-01 8.360522985458374023e-01 4.922241568565368652e-01 6.904326677322387695e-01 1.031622648239135742e+00 9.408528804779052734e-01 2.541963160037994385e-01 -6.324211359024047852e-01 -1.018471121788024902e+00 2.550440549850463867e+00
1.013802528381347656e+00 -3.057991266250610352e+00 7.578428387641906738e-01 1.746263504028320312e-01 -1.088076949119567871e+00 2.275855064392089844e+00 -9.630331993103027344e-01 -4.976535737514495850e-01 -1.192916870117187500e+00 3.905659317970275879e-01 -1.646238327026367188e+00 -1.269209384918212891e+00 5.940505266189575195e-01 1.842117309570312500e-01 9.578789472579956055e-01 1.146850228309631348e+00 1.286873936653137207e+00 2.577834129333496094e-01 -4.976535737514495850e-01 -9.057571887969970703e-01 2.078178405761718750e+00
1.201669931411743164e+00 -2.609395980834960938e+00 5.546113252639770508e-01 3.893169760704040527e-01 -9.725311994552612305e-01 2.479679822921752930e+00 -1.347624421119689941e+00 -5.365877747535705566e-01 -1.093763113021850586e+00 4.403944015502929688e-01 -1.576201796531677246e+00 -8.138265013694763184e-01 4.545241296291351318e-01 7.554528713226318359e-01 9.183637499809265137e-01 1.281773090362548828e+00 1.198326587677001953e+00 1.637959033250808716e-01 -1.062098145484924316e+00 -9.725311994552612305e-01 1.146828174591064453e+00
9.050682783126831055e-01 -3.051322221755981445e+00 3.698027133941650391e-01 2.323155850172042847e-01 -1.265878975391387939e-01 2.166997909545898438e+00 -8.895481228828430176e-01 -2.259410321712493896e-01 -1.397954106330871582e+00 7.976741790771484375e-01 -6.699138879776000977e-01 1.316990852355957031e-01 5.675007700920104980e-01 -3.105574250221252441e-01 6.088693737983703613e-01 1.456820487976074219e+00 7.281525135040283203e-01 2.895829379558563232e-01 -9.120707511901855469e-01 -1.805721372365951538e-01 -4.893513023853302002e-01
9.406075477600097656e-01 -3.163014411926269531e+00 2.839722931385040283e-01 -3.642023801803588867e-01 -1.922928541898727417e-01 1.626293063163757324e+00 -6.833710074424743652e-01 -4.084043502807617188e-01 -1.119599342346191406e+00 1.631274819374084473e-01 -1.714635372161865234e+00 1.680637598037719727e+00 3.138931691646575928e-01 6.009378470480442047e-03 1.967939287424087524e-01 1.188011050224304199e+00 1.651898622512817383e+00 4.385125339031219482e-01 -3.218502700328826904e-01 1.304503321647644043e+00 -1.827330231666564941e+00
1.142020430415868759e-02 -2.074820041656494141e+00 2.129494190216064453e+00 1.898419380187988281e+00 -1.433711409568786621e+00 1.965099692344665527e+00 -1.569592356681823730e-01 -1.581958651542663574e+00 -1.581958651542663574e+00 -6.100966334342956543e-01 -2.522481441497802734e+00 2.511737108230590820e+00 -6.753762364387512207e-01 1.209202051162719727e+00 -4.907288849353790283e-01 7.984797954559326172e-01 1.676744580268859863e+00 -8.592880964279174805e-01 -1.082633376121520996e+00 2.623197793960571289e+00 -1.753794670104980469e+00
-3.691243529319763184e-01 -2.071566820144653320e+00 -1.159209370613098145e+00 4.801413059234619141e+00 -1.537083983421325684e+00 3.155365467071533203e+00 -2.071566820144653320e+00 1.006460189819335938e+00 1.995749115943908691e+00 -1.007085204124450684e+00 -2.071566820144653320e+00 -1.333757281303405762e+00 2.831748962402343750e+00 -1.159209370613098145e+00 -7.522512078285217285e-01 -2.912044823169708252e-01 3.722426414489746094e+00 1.167068481445312500e+00 -1.778294920921325684e+00 -2.071566820144653320e+00 -1.007085204124450684e+00
3.721361398696899414e+00 -1.114714860916137695e+00 -1.712618947029113770e+00 -3.950726091861724854e-01 -1.382367253303527832e+00 -1.382367253303527832e+00 -1.712618947029113770e+00 1.648341298103332520e+00 -1.712618947029113770e+00 4.014675140380859375e+00 -1.712618947029113770e+00 -8.919128179550170898e-01 -1.382367253303527832e+00 5.468335628509521484e+00 -3.950726091861724854e-01 -7.024745941162109375e-01 -7.024745941162109375e-01 -1.712618947029113770e+00 -8.919128179550170898e-01 3.652968168258666992e+00 -7.024745941162109375e-01
-1.462282299995422363e+00 -1.099950551986694336e+00 -8.093500733375549316e-01 -1.462282299995422363e+00 5.455128669738769531e+00 -1.462282299995422363e+00 3.789618492126464844e+00 -5.698538422584533691e-01 -1.462282299995422363e+00 -3.678051531314849854e-01 -1.462282299995422363e+00 -1.462282299995422363e+00 -8.093500733375549316e-01 -1.462282299995422363e+00 -1.462282299995422363e+00 -1.099950551986694336e+00 4.187889099121093750e+00 -3.678051531314849854e-01 -1.462282299995422363e+00 5.421404838562011719e+00 -5.698538422584533691e-01
-5.497379899024963379e-01 -5.497379899024963379e-01 -5.497379899024963379e-01 -5.497379899024963379e-01 8.244141578674316406e+00 8.262431621551513672e-01 -5.497379899024963379e-01 -5.497379899024963379e-01 -5.497379899024963379e-01 -5.497379899024963379e-01 -5.497379899024963379e-01 -5.497379899024963379e-01 -5.497379899024963379e-01 -5.497379899024963379e-01 -5.497379899024963379e-01 -5.497379899024963379e-01 -5.497379899024963379e-01 -5.497379899024963379e-01 -5.497379899024963379e-01 -5.497379899024963379e-01 8.262431621551513672e-01
