-3.654575645923614502e-01 7.309193134307861328e+00 -3.654575645923614502e-01 -3.654575645923614502e-01 -3.654575645923614502e-01 -3.654575645923614502e-01 -3.654575645923614502e-01 -3.654575645923614502e-01 -3.654575645923614502e-01 -3.654575645923614502e-01 -3.654575645923614502e-01 -3.654575645923614502e-01 -3.654575645923614502e-01 -3.654575645923614502e-01 -3.654575645923614502e-01 -3.654575645923614502e-01 -3.654575645923614502e-01 -3.654575645923614502e-01 -3.654575645923614502e-01 -3.654575645923614502e-01 -3.654575645923614502e-01
6.155759334564208984e+00 -6.612809896469116211e-01 -6.612809896469116211e-01 -6.612809896469116211e-01 -6.612809896469116211e-01 2.899941802024841309e-01 -6.612809896469116211e-01 -6.612809896469116211e-01 -6.612809896469116211e-01 -6.612809896469116211e-01 -6.612809896469116211e-01 -6.612809896469116211e-01 -6.612809896469116211e-01 -6.612809896469116211e-01 -1.273525208234786987e-01 4.923343658447265625e+00 -6.612809896469116211e-01 -6.612809896469116211e-01 -6.612809896469116211e-01 -6.612809896469116211e-01 -6.612809896469116211e-01
3.224434852600097656e+00 -8.131341934204101562e-01 -8.131341934204101562e-01 -8.131341934204101562e-01 -1.214427709579467773e+00 5.941391587257385254e-01 -1.214427709579467773e+00 3.276053071022033691e-01 -1.214427709579467773e+00 -1.214427709579467773e+00 -1.214427709579467773e+00 -8.131341934204101562e-01 -8.131341934204101562e-01 -1.214427709579467773e+00 -8.131341934204101562e-01 4.930566310882568359e+00 1.145643353462219238e+00 2.754571437835693359e+00 1.215491175651550293e+00 -8.131341934204101562e-01 -1.214427709579467773e+00
-1.391136944293975830e-01 -1.529172897338867188e+00 1.117474660277366638e-01 1.254827141761779785e+00 -6.571550369262695312e-01 1.612568855285644531e+00 -1.176007032394409180e+00 -4.588412344455718994e-01 -8.919254541397094727e-01 -1.176007032394409180e+00 -2.882674038410186768e-01 -6.571550369262695312e-01 7.694531679153442383e-01 -4.588412344455718994e-01 2.664693593978881836e+00 4.333473205566406250e+00 1.292970657348632812e+00 -6.571550369262695312e-01 -8.919254541397094727e-01 -1.529172897338867188e+00 -1.529172897338867188e+00
-8.634077757596969604e-02 -1.806175827980041504e+00 3.230162255931645632e-04 7.488854527473449707e-01 6.170840859413146973e-01 -1.008899807929992676e+00 -1.226268053054809570e+00 -1.008899807929992676e+00 -1.226268053054809570e+00 2.234896421432495117e+00 -1.806175827980041504e+00 -1.226268053054809570e+00 1.284190297126770020e+00 1.972259402275085449e+00 1.553680151700973511e-01 6.170840859413146973e-01 -1.486564278602600098e+00 2.252961993217468262e-01 -1.486564278602600098e+00 9.019448757171630859e-01 3.612199306488037109e+00
1.450257897377014160e-01 -7.549565434455871582e-01 4.590555727481842041e-01 4.590555727481842041e-01 -7.549565434455871582e-01 1.450257897377014160e-01 -7.549565434455871582e-01 -7.549565434455871582e-01 -7.549565434455871582e-01 4.590555727481842041e-01 -7.549565434455871582e-01 -2.503041028976440430e-01 -7.549565434455871582e-01 -7.549565434455871582e-01 -2.503041028976440430e-01 -2.503041028976440430e-01 -7.549565434455871582e-01 7.157092094421386719e-01 -2.503041028976440430e-01 -7.549565434455871582e-01 6.168709754943847656e+00
-4.875867962837219238e-01 -4.875867962837219238e-01 -4.875867962837219238e-01 1.096980050206184387e-01 -4.875867962837219238e-01 -4.875867962837219238e-01 -4.875867962837219238e-01 -4.875867962837219238e-01 -4.875867962837219238e-01 5.805241465568542480e-01 -4.875867962837219238e-01 -4.875867962837219238e-01 1.096980050206184387e-01 -4.875867962837219238e-01 -4.875867962837219238e-01 1.096980050206184387e-01 -4.875867962837219238e-01 -4.875867962837219238e-01 -4.875867962837219238e-01 -4.875867962837219238e-01 6.891646385192871094e+00
-1.198007687926292419e-01 -6.552217006683349609e-01 -1.198007687926292419e-01 -6.552217006683349609e-01 -6.552217006683349609e-01 8.992853760719299316e-01 -6.552217006683349609e-01 -1.198007687926292419e-01 -6.552217006683349609e-01 2.996007800102233887e-01 -6.552217006683349609e-01 -6.552217006683349609e-01 -6.552217006683349609e-01 -6.552217006683349609e-01 6.305201053619384766e-01 6.305201053619384766e-01 -6.552217006683349609e-01 -6.552217006683349609e-01 -6.552217006683349609e-01 -6.552217006683349609e-01 6.417340755462646484e+00
4.890183508396148682e-01 -1.351517558097839355e+00 -4.222247600555419922e-01 -3.573040664196014404e-02 -9.725422859191894531e-01 1.170785665512084961e+00 -1.351517558097839355e+00 -2.139542698860168457e-01 -6.701870560646057129e-01 3.785727024078369141e-01 -4.222247600555419922e-01 -9.725422859191894531e-01 9.188258051872253418e-01 -4.222247600555419922e-01 6.816183328628540039e-01 6.816183328628540039e-01 3.785727024078369141e-01 -3.573040664196014404e-02 -1.351517558097839355e+00 -1.351517558097839355e+00 4.874314785003662109e+00
1.155220150947570801e+00 -1.486010551452636719e+00 9.539883732795715332e-01 3.817864060401916504e-01 -8.387421965599060059e-01 2.029362678527832031e+00 -1.486010551452636719e+00 -8.387421965599060059e-01 -8.387421965599060059e-01 -7.734660804271697998e-02 -1.126968026161193848e+00 -1.486010551452636719e+00 5.592691525816917419e-02 1.753453761339187622e-01 7.054375410079956055e-01 4.721388816833496094e-01 6.331082582473754883e-01 -6.009063124656677246e-01 -1.486010551452636719e+00 -8.387421965599060059e-01 4.542077541351318359e+00
3.808138072490692139e-01 -2.113802433013916016e+00 3.425230681896209717e-01 -2.088013291358947754e-01 -6.993225812911987305e-01 2.019949436187744141e+00 -1.211709260940551758e+00 -8.075521588325500488e-01 -1.211709260940551758e+00 1.142103075981140137e+00 -1.384533047676086426e+00 -9.272561073303222656e-01 5.210384726524353027e-01 3.027541339397430420e-01 6.732174158096313477e-01 9.877621531486511230e-01 6.444993615150451660e-01 1.265804618597030640e-01 -6.007191538810729980e-01 -8.075521588325500488e-01 2.831647396087646484e+00
6.820903420448303223e-01 -1.990948796272277832e+00 8.289499878883361816e-01 1.274150162935256958e-01 -1.400058984756469727e+00 1.917990684509277344e+00 -1.006235241889953613e+00 -4.180453717708587646e-01 -9.002870917320251465e-01 5.368447899818420410e-01 -1.400058984756469727e+00 -1.123188495635986328e+00 3.677254617214202881e-01 5.368447899818420410e-01 8.483034968376159668e-01 7.890974879264831543e-01 8.289499878883361816e-01 -4.022671654820442200e-02 -2.393879443407058716e-01 -1.006235241889953613e+00 2.060674190521240234e+00
1.063671946525573730e+00 -1.910091757774353027e+00 5.609361529350280762e-01 5.887712240219116211e-01 -1.478800296783447266e+00 2.367161750793457031e+00 -1.478800296783447266e+00 -4.560783207416534424e-01 -7.054275870323181152e-01 6.158863902091979980e-01 -1.910091757774353027e+00 -1.160294055938720703e+00 5.029149055480957031e-01 4.093059003353118896e-01 1.130480766296386719e+00 1.548424959182739258e+00 1.266437768936157227e+00 7.416449785232543945e-01 -9.101396203041076660e-01 -1.478800296783447266e+00 6.931766867637634277e-01
8.775427937507629395e-01 -2.311707735061645508e+00 2.430537045001983643e-01 6.637760996818542480e-02 -4.146431088447570801e-01 2.106975317001342773e+00 -1.308216571807861328e+00 -1.007675677537918091e-01 -8.612576723098754883e-01 8.419079184532165527e-01 -8.612576723098754883e-01 6.637760996818542480e-02 7.268753647804260254e-01 6.637760996818542480e-02 6.854643225669860840e-01 1.204106092453002930e+00 1.191339850425720215e+00 5.972118377685546875e-01 -1.453666687011718750e+00 -2.993460595607757568e-01 -1.062731623649597168e+00
7.549008727073669434e-01 -2.231766223907470703e+00 4.176453053951263428e-01 -5.851661562919616699e-01 -3.065591454505920410e-01 2.076656341552734375e+00 -8.539729118347167969e-01 -5.851661562919616699e-01 -8.539729118347167969e-01 2.516739964485168457e-01 -1.720915913581848145e+00 1.802990794181823730e+00 8.598181605339050293e-01 3.213073015213012695e-01 2.870857417583465576e-01 1.152493000030517578e+00 1.459838628768920898e+00 5.358184128999710083e-02 -1.356502771377563477e+00 7.767587900161743164e-01 -1.720915913581848145e+00
-2.874332070350646973e-01 -1.883067011833190918e+00 1.829813957214355469e+00 1.938862919807434082e+00 -1.317131400108337402e+00 2.301654338836669922e+00 -5.010901689529418945e-01 -1.317131400108337402e+00 -1.317131400108337402e+00 -1.104124903678894043e+00 -1.883067011833190918e+00 2.598210811614990234e+00 -7.645200490951538086e-01 1.118204593658447266e+00 -6.253418922424316406e-01 7.516036033630371094e-01 1.842532277107238770e+00 -9.223461151123046875e-01 -1.317131400108337402e+00 2.429514169692993164e+00 -1.571591615676879883e+00
-6.443280577659606934e-01 -1.519246578216552734e+00 -6.443280577659606934e-01 4.068767547607421875e+00 -1.164826154708862305e+00 2.463687896728515625e+00 -1.519246578216552734e+00 3.315560519695281982e-01 1.600615382194519043e+00 -6.443280577659606934e-01 -8.798002600669860840e-01 -1.519246578216552734e+00 1.955331325531005859e+00 -6.443280577659606934e-01 -4.455303549766540527e-01 -4.455303549766540527e-01 3.167567729949951172e+00 3.315560519695281982e-01 -1.519246578216552734e+00 -1.164826154708862305e+00 -1.164826154708862305e+00
3.144639253616333008e+00 -1.208242774009704590e+00 -1.208242774009704590e+00 -8.058790564537048340e-01 -1.208242774009704590e+00 -1.208242774009704590e+00 -1.208242774009704590e+00 2.259767055511474609e+00 -8.058790564537048340e-01 3.419790267944335938e+00 -1.208242774009704590e+00 -1.208242774009704590e+00 -8.058790564537048340e-01 4.669759750366210938e+00 -8.058790564537048340e-01 -8.058790564537048340e-01 -1.208242774009704590e+00 -8.058790564537048340e-01 -8.058790564537048340e-01 3.021471500396728516e+00 -1.208242774009704590e+00
-1.036562561988830566e+00 -1.036562561988830566e+00 -1.036562561988830566e+00 -1.036562561988830566e+00 4.693811416625976562e+00 -1.036562561988830566e+00 2.823064804077148438e+00 -1.036562561988830566e+00 -1.036562561988830566e+00 -2.579497694969177246e-01 -1.036562561988830566e+00 -6.010501384735107422e-01 -1.036562561988830566e+00 -1.036562561988830566e+00 -1.036562561988830566e+00 -2.579497694969177246e-01 3.433708906173706055e+00 -1.036562561988830566e+00 -1.036562561988830566e+00 4.678079605102539062e+00 -1.036562561988830566e+00
-3.654575943946838379e-01 -3.654575943946838379e-01 -3.654575943946838379e-01 -3.654575943946838379e-01 7.309131145477294922e+00 -3.654575943946838379e-01 -3.654575943946838379e-01 -3.654575943946838379e-01 -3.654575943946838379e-01 -3.654575943946838379e-01 -3.654575943946838379e-01 -3.654575943946838379e-01 -3.654575943946838379e-01 -3.654575943946838379e-01 -3.654575943946838379e-01 -3.654575943946838379e-01 -3.654575943946838379e-01 -3.654575943946838379e-01 -3.654575943946838379e-01 -3.654575943946838379e-01 -3.654575943946838379e-01
