-3.654851317405700684e-01 7.308963298797607422e+00 -3.654851317405700684e-01 -3.654851317405700684e-01 -3.654851317405700684e-01 -3.654851317405700684e-01 -3.654851317405700684e-01 -3.654851317405700684e-01 -3.654851317405700684e-01 -3.654851317405700684e-01 -3.654851317405700684e-01 -3.654851317405700684e-01 -3.654851317405700684e-01 -3.654851317405700684e-01 -3.654851317405700684e-01 -3.654851317405700684e-01 -3.654851317405700684e-01 -3.654851317405700684e-01 -3.654851317405700684e-01 -3.654851317405700684e-01 -3.654851317405700684e-01
6.229085922241210938e+00 -6.246511340141296387e-01 -6.246511340141296387e-01 -6.246511340141296387e-01 -6.246511340141296387e-01 -7.833454012870788574e-02 -6.246511340141296387e-01 -6.246511340141296387e-01 -6.246511340141296387e-01 -6.246511340141296387e-01 -6.246511340141296387e-01 -6.246511340141296387e-01 -6.246511340141296387e-01 -6.246511340141296387e-01 -6.246511340141296387e-01 5.092506408691406250e+00 -6.246511340141296387e-01 -6.246511340141296387e-01 -6.246511340141296387e-01 -6.246511340141296387e-01 -6.246511340141296387e-01
3.381953477859497070e+00 -1.187874555587768555e+00 -1.187874555587768555e+00 -7.820439934730529785e-01 -1.187874555587768555e+00 6.368589401245117188e-01 -1.187874555587768555e+00 3.689166009426116943e-01 -1.187874555587768555e+00 -1.187874555587768555e+00 -1.187874555587768555e+00 -7.820439934730529785e-01 -7.820439934730529785e-01 -1.187874555587768555e+00 -7.820439934730529785e-01 4.957591533660888672e+00 1.388433933258056641e+00 2.832543373107910156e+00 1.035161495208740234e+00 -7.820439934730529785e-01 -1.187874555587768555e+00
-4.747534692287445068e-01 -1.189449191093444824e+00 2.014211267232894897e-01 1.112665057182312012e+00 -1.189449191093444824e+00 1.746490359306335449e+00 -1.189449191093444824e+00 -1.559003442525863647e-01 -1.189449191093444824e+00 -1.189449191093444824e+00 -3.046413064002990723e-01 -4.747534692287445068e-01 7.512561082839965820e-01 -6.725072264671325684e-01 2.738633394241333008e+00 4.299073696136474609e+00 9.726229906082153320e-01 -6.725072264671325684e-01 -6.725072264671325684e-01 -9.065152406692504883e-01 -1.540910005569458008e+00
-2.598395049571990967e-01 -1.789149284362792969e+00 5.441719889640808105e-01 7.319599986076354980e-01 5.943534970283508301e-01 -9.878438115119934082e-01 -1.206250190734863281e+00 -1.467827796936035156e+00 -9.878438115119934082e-01 2.361830711364746094e+00 -1.789149284362792969e+00 -9.878438115119934082e-01 1.233396649360656738e+00 1.920358896255493164e+00 -6.238436698913574219e-02 5.441719889640808105e-01 -1.467827796936035156e+00 -6.238436698913574219e-02 -1.467827796936035156e+00 9.623541831970214844e-01 3.643399715423583984e+00
-2.474505007266998291e-01 -7.528470754623413086e-01 7.192018628120422363e-01 1.480911523103713989e-01 -7.528470754623413086e-01 1.480911523103713989e-01 -7.528470754623413086e-01 -7.528470754623413086e-01 -7.528470754623413086e-01 7.192018628120422363e-01 -7.528470754623413086e-01 1.480911523103713989e-01 -7.528470754623413086e-01 -7.528470754623413086e-01 -2.474505007266998291e-01 -2.474505007266998291e-01 -7.528470754623413086e-01 4.622747302055358887e-01 -2.474505007266998291e-01 -7.528470754623413086e-01 6.173538684844970703e+00
1.235053539276123047e-01 -4.784620106220245361e-01 -4.784620106220245361e-01 1.235053539276123047e-01 -4.784620106220245361e-01 -4.784620106220245361e-01 -4.784620106220245361e-01 -4.784620106220245361e-01 -4.784620106220245361e-01 9.673697352409362793e-01 -4.784620106220245361e-01 -4.784620106220245361e-01 -4.784620106220245361e-01 -4.784620106220245361e-01 -4.784620106220245361e-01 -4.784620106220245361e-01 -4.784620106220245361e-01 -4.784620106220245361e-01 -4.784620106220245361e-01 -4.784620106220245361e-01 6.920048713684082031e+00
3.302572071552276611e-01 -6.359181404113769531e-01 -9.403700381517410278e-02 -6.359181404113769531e-01 -6.359181404113769531e-01 6.648302078247070312e-01 -6.359181404113769531e-01 3.302572071552276611e-01 -6.359181404113769531e-01 -9.403700381517410278e-02 -6.359181404113769531e-01 -6.359181404113769531e-01 -6.359181404113769531e-01 -6.359181404113769531e-01 3.302572071552276611e-01 3.302572071552276611e-01 -6.359181404113769531e-01 -6.359181404113769531e-01 -6.359181404113769531e-01 -6.359181404113769531e-01 6.469171524047851562e+00
2.970980703830718994e-01 -1.324488997459411621e+00 -9.414232373237609863e-01 -1.761029362678527832e-01 -9.414232373237609863e-01 1.418984174728393555e+00 -1.324488997459411621e+00 -3.860417008399963379e-01 1.594413518905639648e-01 -1.761029362678527832e-01 -6.361708045005798340e-01 -9.414232373237609863e-01 1.031428098678588867e+00 -1.761029362678527832e-01 4.200647175312042236e-01 8.887632489204406738e-01 5.310112833976745605e-01 3.408109303563833237e-03 -1.324488997459411621e+00 -1.324488997459411621e+00 4.922679424285888672e+00
9.523375034332275391e-01 -1.521177530288696289e+00 6.507888436317443848e-01 5.787385702133178711e-01 -8.824887871742248535e-01 1.824590444564819336e+00 -1.167204022407531738e+00 -1.167204022407531738e+00 -1.167204022407531738e+00 2.305907607078552246e-01 -1.521177530288696289e+00 -1.521177530288696289e+00 3.285207152366638184e-01 5.787385702133178711e-01 4.184503853321075439e-01 5.787385702133178711e-01 6.507888436317443848e-01 -2.771135568618774414e-01 -1.167204022407531738e+00 -8.824887871742248535e-01 4.481783390045166016e+00
4.211114048957824707e-01 -2.111271142959594727e+00 5.245431065559387207e-01 -1.415721625089645386e-01 -4.233491420745849609e-01 1.961577653884887695e+00 -1.208603501319885254e+00 -9.240627288818359375e-01 -1.381563305854797363e+00 1.032151103019714355e+00 -1.381563305854797363e+00 -9.240627288818359375e-01 6.480973958969116211e-01 2.648760974407196045e-01 7.319234013557434082e-01 9.268360733985900879e-01 6.480973958969116211e-01 -2.436619810760021210e-02 -8.043526411056518555e-01 -6.960951685905456543e-01 2.861754179000854492e+00
5.338005423545837402e-01 -1.973100781440734863e+00 9.808036684989929199e-01 1.502661556005477905e-01 -1.102215528488159180e+00 1.961547851562500000e+00 -9.850187301635742188e-01 -6.106761693954467773e-01 -8.788591027259826660e-01 4.789818525314331055e-01 -1.379832267761230469e+00 -1.379832267761230469e+00 3.908603787422180176e-01 5.601506829261779785e-01 9.277369379997253418e-01 7.277718186378479004e-01 8.326448798179626465e-01 -1.632068753242492676e-01 -2.167122066020965576e-01 -9.850187301635742188e-01 2.129654884338378906e+00
1.193246006965637207e+00 -2.182024002075195312e+00 3.567655980587005615e-01 5.475053191184997559e-01 -1.295649290084838867e+00 2.329040527343750000e+00 -1.295649290084838867e+00 -7.889995574951171875e-01 -7.889995574951171875e-01 7.083941698074340820e-01 -1.898534059524536133e+00 -1.146725058555603027e+00 4.877543449401855469e-01 4.877543449401855469e-01 1.177696108818054199e+00 1.585085391998291016e+00 1.295890331268310547e+00 7.802713513374328613e-01 -1.146725058555603027e+00 -1.295649290084838867e+00 8.898734450340270996e-01
8.129421472549438477e-01 -2.319316625595092773e+00 2.325326949357986450e-01 1.301365345716476440e-01 -6.251994371414184570e-01 2.064518690109252930e+00 -1.462799549102783203e+00 -2.433168701827526093e-02 -6.251994371414184570e-01 8.129421472549438477e-01 -1.072443008422851562e+00 1.301365345716476440e-01 8.491976857185363770e-01 -6.681749969720840454e-02 6.093692183494567871e-01 1.205964684486389160e+00 1.114204883575439453e+00 7.560175061225891113e-01 -1.188450813293457031e+00 -3.656660616397857666e-01 -9.672597646713256836e-01
8.736754059791564941e-01 -2.222023248672485352e+00 3.681253194808959961e-01 -4.954026043415069580e-01 -2.933033406734466553e-01 2.137534856796264648e+00 -7.440450787544250488e-01 -7.440450787544250488e-01 -6.547123193740844727e-01 2.285520881414413452e-01 -1.709841370582580566e+00 1.768699049949645996e+00 8.329756259918212891e-01 4.002634286880493164e-01 1.905074864625930786e-01 1.136036276817321777e+00 1.517060399055480957e+00 -7.249770313501358032e-02 -1.344474196434020996e+00 7.687132358551025391e-01 -1.941860556602478027e+00
-3.847688436508178711e-01 -1.879802942276000977e+00 1.920501470565795898e+00 2.021108627319335938e+00 -1.568134665489196777e+00 2.257241725921630859e+00 -4.967667758464813232e-01 -1.100167036056518555e+00 -1.313440084457397461e+00 -1.100167036056518555e+00 -1.879802942276000977e+00 2.620883464813232422e+00 -7.602267861366271973e-01 1.097022771835327148e+00 -6.210241913795471191e-01 7.188085317611694336e-01 1.872358322143554688e+00 -6.210241913795471191e-01 -1.568134665489196777e+00 2.353548765182495117e+00 -1.568134665489196777e+00
-6.464447975158691406e-01 -1.520786166191101074e+00 -4.476423263549804688e-01 4.043735980987548828e+00 -1.520786166191101074e+00 2.473034143447875977e+00 -1.520786166191101074e+00 5.793071985244750977e-01 1.598019242286682129e+00 -1.166730999946594238e+00 -8.818925619125366211e-01 -1.520786166191101074e+00 1.932509422302246094e+00 -2.767878770828247070e-01 -8.818925619125366211e-01 -6.464447975158691406e-01 3.200396776199340820e+00 4.190197288990020752e-01 -8.818925619125366211e-01 -1.166730999946594238e+00 -1.166730999946594238e+00
3.107275724411010742e+00 -1.223003745079040527e+00 -1.223003745079040527e+00 -1.223003745079040527e+00 -1.223003745079040527e+00 -8.233212232589721680e-01 -8.233212232589721680e-01 2.233378887176513672e+00 -8.233212232589721680e-01 3.392942667007446289e+00 -1.223003745079040527e+00 -1.223003745079040527e+00 -8.233212232589721680e-01 4.642765045166015625e+00 -8.233212232589721680e-01 -8.233212232589721680e-01 -1.223003745079040527e+00 -8.233212232589721680e-01 -8.233212232589721680e-01 2.994737386703491211e+00 -1.223003745079040527e+00
-1.036374211311340332e+00 -1.036374211311340332e+00 -1.036374211311340332e+00 -1.036374211311340332e+00 4.694018840789794922e+00 -1.036374211311340332e+00 2.862387180328369141e+00 -1.036374211311340332e+00 -1.036374211311340332e+00 1.956057175993919373e-02 -1.036374211311340332e+00 -6.010002493858337402e-01 -1.036374211311340332e+00 -1.036374211311340332e+00 -1.036374211311340332e+00 -6.010002493858337402e-01 3.476711988449096680e+00 -1.036374211311340332e+00 -1.036374211311340332e+00 4.659078598022460938e+00 -1.036374211311340332e+00
-3.654496371746063232e-01 -3.654496371746063232e-01 -3.654496371746063232e-01 -3.654496371746063232e-01 7.309077262878417969e+00 -3.654496371746063232e-01 -3.654496371746063232e-01 -3.654496371746063232e-01 -3.654496371746063232e-01 -3.654496371746063232e-01 -3.654496371746063232e-01 -3.654496371746063232e-01 -3.654496371746063232e-01 -3.654496371746063232e-01 -3.654496371746063232e-01 -3.654496371746063232e-01 -3.654496371746063232e-01 -3.654496371746063232e-01 -3.654496371746063232e-01 -3.654496371746063232e-01 -3.654496371746063232e-01
