-3.654487729072570801e-01 7.308887481689453125e+00 -3.654487729072570801e-01 -3.654487729072570801e-01 -3.654487729072570801e-01 -3.654487729072570801e-01 -3.654487729072570801e-01 -3.654487729072570801e-01 -3.654487729072570801e-01 -3.654487729072570801e-01 -3.654487729072570801e-01 -3.654487729072570801e-01 -3.654487729072570801e-01 -3.654487729072570801e-01 -3.654487729072570801e-01 -3.654487729072570801e-01 -3.654487729072570801e-01 -3.654487729072570801e-01 -3.654487729072570801e-01 -3.654487729072570801e-01 -3.654487729072570801e-01
6.147650241851806641e+00 -6.619139313697814941e-01 -6.619139313697814941e-01 -6.619139313697814941e-01 -6.619139313697814941e-01 2.890029251575469971e-01 -6.619139313697814941e-01 -6.619139313697814941e-01 -6.619139313697814941e-01 -6.619139313697814941e-01 -6.619139313697814941e-01 -6.619139313697814941e-01 -6.619139313697814941e-01 -6.619139313697814941e-01 -1.283799260854721069e-01 4.944293498992919922e+00 -6.619139313697814941e-01 -6.619139313697814941e-01 -6.619139313697814941e-01 -6.619139313697814941e-01 -6.619139313697814941e-01
3.378144979476928711e+00 -7.842908501625061035e-01 -1.189937233924865723e+00 -7.842908501625061035e-01 -1.189937233924865723e+00 5.071630477905273438e-01 -1.189937233924865723e+00 3.654628098011016846e-01 -1.189937233924865723e+00 -1.189937233924865723e+00 -1.189937233924865723e+00 -7.842908501625061035e-01 -1.189937233924865723e+00 -1.189937233924865723e+00 -7.842908501625061035e-01 4.961013793945312500e+00 1.443326592445373535e+00 2.718786954879760742e+00 1.257066607475280762e+00 -7.842908501625061035e-01 -1.189937233924865723e+00
-2.787330150604248047e-01 -1.168240070343017578e+00 -1.293873637914657593e-01 1.050766468048095703e+00 -6.484916806221008301e-01 1.567092061042785645e+00 -1.168240070343017578e+00 -1.293873637914657593e-01 -1.168240070343017578e+00 -1.168240070343017578e+00 -1.293873637914657593e-01 -8.836532235145568848e-01 7.166625261306762695e-01 -6.484916806221008301e-01 2.760203123092651367e+00 4.352252960205078125e+00 1.097437739372253418e+00 -4.497077763080596924e-01 -8.836532235145568848e-01 -1.168240070343017578e+00 -1.522414922714233398e+00
-3.118909001350402832e-01 -1.826576948165893555e+00 3.227047026157379150e-01 7.974751591682434082e-01 6.762017607688903809e-01 -8.501258492469787598e-01 -1.034507155418395996e+00 -1.250728607177734375e+00 -1.250728607177734375e+00 2.321394205093383789e+00 -1.509236335754394531e+00 -1.034507155418395996e+00 1.277307987213134766e+00 1.889506340026855469e+00 5.118996649980545044e-02 7.585914731025695801e-01 -1.826576948165893555e+00 5.118996649980545044e-02 -1.509236335754394531e+00 7.182089686393737793e-01 3.540402412414550781e+00
4.176083952188491821e-02 -8.244866132736206055e-01 4.176083952188491821e-02 3.451636135578155518e-01 -8.244866132736206055e-01 3.451636135578155518e-01 -8.244866132736206055e-01 -8.244866132736206055e-01 -8.244866132736206055e-01 5.941710472106933594e-01 -8.244866132736206055e-01 4.176083952188491821e-02 -3.390741348266601562e-01 -8.244866132736206055e-01 -3.390741348266601562e-01 4.176083952188491821e-02 -8.244866132736206055e-01 9.824517965316772461e-01 -3.390741348266601562e-01 -8.244866132736206055e-01 6.003642082214355469e+00
5.626825243234634399e-02 -5.250013470649719238e-01 -5.250013470649719238e-01 5.626825243234634399e-02 -5.250013470649719238e-01 -5.250013470649719238e-01 -5.250013470649719238e-01 -5.250013470649719238e-01 -5.250013470649719238e-01 8.725220561027526855e-01 -5.250013470649719238e-01 -5.250013470649719238e-01 5.626825243234634399e-02 -5.250013470649719238e-01 -5.250013470649719238e-01 5.626825243234634399e-02 -5.250013470649719238e-01 -5.250013470649719238e-01 -5.250013470649719238e-01 -5.250013470649719238e-01 6.777228832244873047e+00
2.662459611892700195e-01 -6.764680743217468262e-01 -1.482131034135818481e-01 -6.764680743217468262e-01 -6.764680743217468262e-01 5.933459997177124023e-01 -6.764680743217468262e-01 2.662459611892700195e-01 -6.764680743217468262e-01 2.662459611892700195e-01 -6.764680743217468262e-01 -6.764680743217468262e-01 -6.764680743217468262e-01 -6.764680743217468262e-01 5.933459997177124023e-01 5.933459997177124023e-01 -6.764680743217468262e-01 -6.764680743217468262e-01 -6.764680743217468262e-01 -6.764680743217468262e-01 6.363458633422851562e+00
6.749564409255981445e-01 -1.355588197708129883e+00 -6.754695177078247070e-01 1.131485402584075928e-01 -9.771448969841003418e-01 1.218590021133422852e+00 -1.355588197708129883e+00 -9.771448969841003418e-01 -4.186354205012321472e-02 1.131485402584075928e-01 -6.754695177078247070e-01 -9.771448969841003418e-01 9.808525443077087402e-01 -2.200666517019271851e-01 8.386840224266052246e-01 8.386840224266052246e-01 3.721099793910980225e-01 -4.186354205012321472e-02 -1.355588197708129883e+00 -1.355588197708129883e+00 4.858288764953613281e+00
1.136848449707031250e+00 -1.552649617195129395e+00 6.024047732353210449e-01 6.697025299072265625e-01 -6.879892945289611816e-01 1.920987367630004883e+00 -1.202498912811279297e+00 -1.202498912811279297e+00 -6.879892945289611816e-01 -4.092575237154960632e-02 -1.552649617195129395e+00 -1.552649617195129395e+00 7.705380022525787354e-02 5.306136608123779297e-01 6.697025299072265625e-01 2.813710868358612061e-01 -4.092575237154960632e-02 -1.724913418292999268e-01 -6.879892945289611816e-01 -9.209346771240234375e-01 4.413547992706298828e+00
4.010203480720520020e-01 -2.125241041183471680e+00 3.641387224197387695e-01 -2.249050289392471313e-01 -5.259218215942382812e-01 1.995447039604187012e+00 -1.226013660430908203e+00 -7.148433923721313477e-01 -1.398540496826171875e+00 1.050994157791137695e+00 -1.226013660430908203e+00 -8.228465914726257324e-01 4.366396069526672363e-01 3.641387224197387695e-01 6.278905868530273438e-01 9.284184575080871582e-01 7.381174564361572266e-01 2.449644356966018677e-01 -6.163390874862670898e-01 -1.075450062751770020e+00 2.804443359375000000e+00
5.983892679214477539e-01 -1.963361620903015137e+00 9.583936929702758789e-01 1.231975033879280090e-01 -1.368863344192504883e+00 1.974378228187561035e+00 -1.090907096862792969e+00 -4.506652057170867920e-01 -5.987384915351867676e-01 6.234599947929382324e-01 -1.732716202735900879e+00 -1.368863344192504883e+00 5.192834138870239258e-01 6.718342304229736328e-01 9.583936929702758789e-01 8.452743887901306152e-01 7.836326956748962402e-01 -2.044927775859832764e-01 -3.836240470409393311e-01 -9.736575484275817871e-01 2.079674720764160156e+00
1.151815772056579590e+00 -1.906062841415405273e+00 4.466043412685394287e-01 5.081266164779663086e-01 -1.474364042282104492e+00 2.362962484359741211e+00 -1.474364042282104492e+00 -5.279452800750732422e-01 -9.054386019706726074e-01 6.732627749443054199e-01 -1.906062841415405273e+00 -1.023638010025024414e+00 4.144103527069091797e-01 4.466043412685394287e-01 1.119482398033142090e+00 1.564410448074340820e+00 1.271733641624450684e+00 7.931219339370727539e-01 -1.023638010025024414e+00 -1.304131031036376953e+00 7.931219339370727539e-01
8.600464463233947754e-01 -2.311354160308837891e+00 1.760464906692504883e-01 -1.376614067703485489e-02 -6.149237155914306641e-01 2.009143829345703125e+00 -1.307906746864318848e+00 -1.467661857604980469e-01 -7.727412581443786621e-01 8.777027726173400879e-01 -8.611938953399658203e-01 2.705299481749534607e-02 8.051528930664062500e-01 -1.005236282944679260e-01 6.424397826194763184e-01 1.301020979881286621e+00 1.301020979881286621e+00 7.861768007278442383e-01 -1.178713917732238770e+00 -2.991833984851837158e-01 -1.178713917732238770e+00
9.782016873359680176e-01 -2.189263820648193359e+00 5.075539350509643555e-01 -3.797449469566345215e-01 -3.797449469566345215e-01 2.207096576690673828e+00 -1.304607510566711426e+00 -5.286072492599487305e-01 -6.115098595619201660e-01 1.124985143542289734e-01 -1.672735929489135742e+00 1.831973910331726074e+00 8.998172283172607422e-01 4.138331413269042969e-01 3.107608854770660400e-01 1.102342128753662109e+00 1.615448951721191406e+00 -1.891399621963500977e-01 -1.304607510566711426e+00 7.696556448936462402e-01 -2.189263820648193359e+00
-4.395930171012878418e-01 -1.837456941604614258e+00 2.041780233383178711e+00 2.074590921401977539e+00 -1.837456941604614258e+00 2.338286876678466797e+00 -4.395930171012878418e-01 -1.048153758049011230e+00 -1.521372914314270020e+00 -1.048153758049011230e+00 -1.837456941604614258e+00 2.661600112915039062e+00 -7.049208283424377441e-01 1.211700320243835449e+00 -7.049208283424377441e-01 6.599776744842529297e-01 1.948692560195922852e+00 -8.642903566360473633e-01 -1.263724207878112793e+00 2.448115587234497070e+00 -1.837456941604614258e+00
-4.795653820037841797e-01 -1.544412612915039062e+00 -4.795653820037841797e-01 3.974092721939086914e+00 -1.193331718444824219e+00 2.481156349182128906e+00 -1.544412612915039062e+00 7.456499338150024414e-01 1.667073488235473633e+00 -9.108895063400268555e-01 -9.108895063400268555e-01 -1.544412612915039062e+00 1.873618245124816895e+00 -3.095591366291046143e-01 -6.772012114524841309e-01 -6.772012114524841309e-01 3.167314767837524414e+00 2.936210930347442627e-01 -1.193331718444824219e+00 -1.193331718444824219e+00 -1.544412612915039062e+00
3.116810083389282227e+00 -1.223590373992919922e+00 -1.223590373992919922e+00 -1.223590373992919922e+00 -1.223590373992919922e+00 -8.238757848739624023e-01 -8.238757848739624023e-01 2.206867218017578125e+00 -8.238757848739624023e-01 3.367524862289428711e+00 -1.223590373992919922e+00 -1.223590373992919922e+00 -8.238757848739624023e-01 4.637094974517822266e+00 -8.238757848739624023e-01 -8.238757848739624023e-01 -1.223590373992919922e+00 -8.238757848739624023e-01 -8.238757848739624023e-01 3.051504135131835938e+00 -1.223590373992919922e+00
-1.035564303398132324e+00 -1.035564303398132324e+00 -1.035564303398132324e+00 -1.035564303398132324e+00 4.682903289794921875e+00 -1.035564303398132324e+00 2.804621696472167969e+00 -1.035564303398132324e+00 -1.035564303398132324e+00 2.048503607511520386e-02 -1.035564303398132324e+00 -5.998213887214660645e-01 -1.035564303398132324e+00 -1.035564303398132324e+00 -1.035564303398132324e+00 -5.998213887214660645e-01 3.519285202026367188e+00 -1.035564303398132324e+00 -1.035564303398132324e+00 4.670226097106933594e+00 -1.035564303398132324e+00
-3.654496967792510986e-01 -3.654496967792510986e-01 -3.654496967792510986e-01 -3.654496967792510986e-01 7.308955669403076172e+00 -3.654496967792510986e-01 -3.654496967792510986e-01 -3.654496967792510986e-01 -3.654496967792510986e-01 -3.654496967792510986e-01 -3.654496967792510986e-01 -3.654496967792510986e-01 -3.654496967792510986e-01 -3.654496967792510986e-01 -3.654496967792510986e-01 -3.654496967792510986e-01 -3.654496967792510986e-01 -3.654496967792510986e-01 -3.654496967792510986e-01 -3.654496967792510986e-01 -3.654496967792510986e-01
