-3.654010593891143799e-01 7.308512687683105469e+00 -3.654010593891143799e-01 -3.654010593891143799e-01 -3.654010593891143799e-01 -3.654010593891143799e-01 -3.654010593891143799e-01 -3.654010593891143799e-01 -3.654010593891143799e-01 -3.654010593891143799e-01 -3.654010593891143799e-01 -3.654010593891143799e-01 -3.654010593891143799e-01 -3.654010593891143799e-01 -3.654010593891143799e-01 -3.654010593891143799e-01 -3.654010593891143799e-01 -3.654010593891143799e-01 -3.654010593891143799e-01 -3.654010593891143799e-01 -3.654010593891143799e-01
6.166864395141601562e+00 -6.467712521553039551e-01 -6.467712521553039551e-01 -6.467712521553039551e-01 -6.467712521553039551e-01 -1.089327558875083923e-01 -6.467712521553039551e-01 -6.467712521553039551e-01 -6.467712521553039551e-01 -6.467712521553039551e-01 -6.467712521553039551e-01 -6.467712521553039551e-01 -6.467712521553039551e-01 -6.467712521553039551e-01 -1.089327558875083923e-01 5.045968055725097656e+00 -6.467712521553039551e-01 -6.467712521553039551e-01 -6.467712521553039551e-01 -6.467712521553039551e-01 -6.467712521553039551e-01
3.339133977890014648e+00 -7.907400727272033691e-01 -7.907400727272033691e-01 -7.907400727272033691e-01 -1.196544766426086426e+00 7.352539896965026855e-01 -1.196544766426086426e+00 3.537683784961700439e-01 -1.196544766426086426e+00 -1.196544766426086426e+00 -1.196544766426086426e+00 -7.907400727272033691e-01 -1.196544766426086426e+00 -1.196544766426086426e+00 -1.196544766426086426e+00 4.935523033142089844e+00 1.310463428497314453e+00 2.873966932296752930e+00 1.174617290496826172e+00 -7.907400727272033691e-01 -1.196544766426086426e+00
-3.067831099033355713e-01 -1.543111085891723633e+00 2.960925102233886719e-01 1.308483004570007324e+00 -9.076252579689025879e-01 1.644676446914672852e+00 -1.190362691879272461e+00 -1.579616367816925049e-01 -6.744856834411621094e-01 -1.543111085891723633e+00 -3.067831099033355713e-01 -9.076252579689025879e-01 8.652099370956420898e-01 -6.744856834411621094e-01 2.662160634994506836e+00 4.302103519439697266e+00 1.018929004669189453e+00 -4.770617187023162842e-01 -6.744856834411621094e-01 -1.190362691879272461e+00 -1.543111085891723633e+00
-1.623163223266601562e-01 -1.793458580970764160e+00 4.302585422992706299e-01 8.852436542510986328e-01 6.822274327278137207e-01 -1.211128830909729004e+00 -1.211128830909729004e+00 -1.471744179725646973e+00 -9.935466051101684570e-01 2.302005529403686523e+00 -1.471744179725646973e+00 -1.211128830909729004e+00 1.351935148239135742e+00 1.900720000267028809e+00 1.880367659032344818e-02 7.261322736740112305e-01 -1.793458580970764160e+00 1.880367659032344818e-02 -1.471744179725646973e+00 8.477003574371337891e-01 3.627476930618286133e+00
7.253917306661605835e-02 -8.042456507682800293e-01 3.787076473236083984e-01 3.787076473236083984e-01 -8.042456507682800293e-01 -3.140245676040649414e-01 -8.042456507682800293e-01 -8.042456507682800293e-01 -8.042456507682800293e-01 6.285594701766967773e-01 -8.042456507682800293e-01 7.253917306661605835e-02 -3.140245676040649414e-01 -8.042456507682800293e-01 -3.140245676040649414e-01 7.253917306661605835e-02 -8.042456507682800293e-01 8.387962579727172852e-01 -3.140245676040649414e-01 -8.042456507682800293e-01 6.051260948181152344e+00
7.362341880798339844e-02 -5.102255344390869141e-01 -5.102255344390869141e-01 7.362341880798339844e-02 -5.102255344390869141e-01 -5.102255344390869141e-01 -5.102255344390869141e-01 -5.102255344390869141e-01 -5.102255344390869141e-01 5.390990376472473145e-01 -5.102255344390869141e-01 -5.102255344390869141e-01 7.362341880798339844e-02 -5.102255344390869141e-01 -5.102255344390869141e-01 7.362341880798339844e-02 -5.102255344390869141e-01 -5.102255344390869141e-01 -5.102255344390869141e-01 -5.102255344390869141e-01 6.819097518920898438e+00
-1.049470305442810059e-01 -6.424880623817443848e-01 -1.049470305442810059e-01 -6.424880623817443848e-01 -6.424880623817443848e-01 6.537204384803771973e-01 -6.424880623817443848e-01 3.203312456607818604e-01 -6.424880623817443848e-01 -1.049470305442810059e-01 -6.424880623817443848e-01 -6.424880623817443848e-01 -6.424880623817443848e-01 -6.424880623817443848e-01 3.203312456607818604e-01 9.222275018692016602e-01 -6.424880623817443848e-01 -6.424880623817443848e-01 -6.424880623817443848e-01 -6.424880623817443848e-01 6.450614929199218750e+00
9.992350637912750244e-02 -1.365393638610839844e+00 -9.868215322494506836e-01 -2.325083017349243164e-01 -9.868215322494506836e-01 1.352284193038940430e+00 -1.365393638610839844e+00 -2.325083017349243164e-01 9.992350637912750244e-02 2.364643812179565430e-01 -4.393906295299530029e-01 -9.868215322494506836e-01 1.030747294425964355e+00 -2.325083017349243164e-01 8.241218328475952148e-01 6.605204939842224121e-01 4.683531820774078369e-01 -5.486415699124336243e-02 -1.365393638610839844e+00 -1.365393638610839844e+00 4.841195583343505859e+00
1.059755802154541016e+00 -1.575178742408752441e+00 5.689476132392883301e-01 5.689476132392883301e-01 -7.162362933158874512e-01 1.782950401306152344e+00 -1.226612687110900879e+00 -9.470173120498657227e-01 -9.470173120498657227e-01 1.516143083572387695e-01 -1.226612687110900879e+00 -1.575178742408752441e+00 2.487106621265411377e-01 4.205725789070129395e-01 3.379975855350494385e-01 4.205725789070129395e-01 4.205725789070129395e-01 -2.033548206090927124e-01 -7.162362933158874512e-01 -1.226612687110900879e+00 4.379376888275146484e+00
3.979020118713378906e-01 -2.127468109130859375e+00 4.679163694381713867e-01 -4.724793136119842529e-02 -4.457330703735351562e-01 1.937578439712524414e+00 -1.229018211364746094e+00 -8.258656859397888184e-01 -1.401529550552368164e+00 1.066762447357177734e+00 -1.229018211364746094e+00 -9.450244903564453125e-01 5.647689700126647949e-01 1.539269685745239258e-01 5.334820151329040527e-01 9.251421689987182617e-01 7.084041237831115723e-01 1.070871874690055847e-01 -7.181301116943359375e-01 -7.181301116943359375e-01 2.824458122253417969e+00
6.385074257850646973e-01 -1.969905257225036621e+00 8.749069571495056152e-01 7.295696437358856201e-02 -1.229709148406982422e+00 1.977751970291137695e+00 -1.229709148406982422e+00 -4.596635699272155762e-01 -6.079044938087463379e-01 5.369281172752380371e-01 -1.545417308807373047e+00 -1.229709148406982422e+00 1.914191246032714844e-01 5.889730453491210938e-01 8.555399179458618164e-01 1.001056909561157227e+00 7.741709947586059570e-01 3.025965020060539246e-02 -2.701185643672943115e-01 -1.099165797233581543e+00 2.099114656448364258e+00
1.100733637809753418e+00 -2.178510665893554688e+00 3.257924914360046387e-01 6.085080504417419434e-01 -1.291880607604980469e+00 2.401460409164428711e+00 -1.291880607604980469e+00 -5.977606177330017090e-01 -8.923544287681579590e-01 7.848193049430847168e-01 -1.894496560096740723e+00 -8.923544287681579590e-01 3.956550061702728271e-01 4.922962784767150879e-01 1.100733637809753418e+00 1.546862721443176270e+00 1.272181630134582520e+00 8.077011704444885254e-01 -1.010506749153137207e+00 -1.660629868507385254e+00 8.734264969825744629e-01
9.028612375259399414e-01 -2.317461729049682617e+00 2.661350369453430176e-01 -2.269400656223297119e-02 -3.081187009811401367e-01 2.027980089187622070e+00 -1.186833500862121582e+00 -1.095271706581115723e-01 -7.817303538322448730e-01 8.328194618225097656e-01 -9.661151766777038574e-01 1.814726926386356354e-02 9.028612375259399414e-01 -2.269400656223297119e-02 5.881690382957458496e-01 1.207563161849975586e+00 1.129429936408996582e+00 7.959055304527282715e-01 -1.461537241935729980e+00 -3.081187009811401367e-01 -1.186833500862121582e+00
7.294752001762390137e-01 -2.233498334884643555e+00 4.146979451179504395e-01 -4.396815299987792969e-01 -3.094925582408905029e-01 2.126044034957885742e+00 -7.598876953125000000e-01 -5.113114714622497559e-01 -7.598876953125000000e-01 9.343755990266799927e-02 -1.723636746406555176e+00 1.674471259117126465e+00 9.148774743080139160e-01 3.183093667030334473e-01 2.119868099689483643e-01 1.149388909339904785e+00 1.510493159294128418e+00 5.070554837584495544e-02 -1.528154730796813965e+00 7.950893044471740723e-01 -1.723636746406555176e+00
-4.576308429241180420e-01 -1.850765824317932129e+00 1.976838469505310059e+00 2.055103540420532227e+00 -1.278920173645019531e+00 2.335185050964355469e+00 -4.576308429241180420e-01 -1.278920173645019531e+00 -1.278920173645019531e+00 -1.278920173645019531e+00 -1.850765824317932129e+00 2.665751457214355469e+00 -7.220134139060974121e-01 1.192590594291687012e+00 -8.811888098716735840e-01 5.974336862564086914e-01 1.840142130851745605e+00 -7.220134139060974121e-01 -1.535231709480285645e+00 2.465031147003173828e+00 -1.535231709480285645e+00
-8.930594921112060547e-01 -1.531011700630187988e+00 -4.607733488082885742e-01 4.017794609069824219e+00 -8.930594921112060547e-01 2.445286512374877930e+00 -1.531011700630187988e+00 4.874208569526672363e-01 1.524480700492858887e+00 -8.930594921112060547e-01 -8.930594921112060547e-01 -1.531011700630187988e+00 1.916937708854675293e+00 -4.607733488082885742e-01 -6.589891314506530762e-01 -4.607733488082885742e-01 3.235654592514038086e+00 1.092986762523651123e-01 -1.176871299743652344e+00 -1.176871299743652344e+00 -1.176871299743652344e+00
3.083524227142333984e+00 -1.193629145622253418e+00 -1.193629145622253418e+00 -7.878842949867248535e-01 -1.193629145622253418e+00 -1.193629145622253418e+00 -7.878842949867248535e-01 2.405096054077148438e+00 -7.878842949867248535e-01 3.397467613220214844e+00 -1.193629145622253418e+00 -1.193629145622253418e+00 -7.878842949867248535e-01 4.717570304870605469e+00 -1.193629145622253418e+00 -7.878842949867248535e-01 -1.193629145622253418e+00 -1.193629145622253418e+00 -7.878842949867248535e-01 3.060248374938964844e+00 -1.193629145622253418e+00
-1.037011623382568359e+00 -1.037011623382568359e+00 -1.037011623382568359e+00 -1.037011623382568359e+00 4.661451339721679688e+00 -1.037011623382568359e+00 2.822430849075317383e+00 -1.037011623382568359e+00 -1.037011623382568359e+00 -2.575204372406005859e-01 -1.037011623382568359e+00 -6.004798412322998047e-01 -1.037011623382568359e+00 -1.037011623382568359e+00 -1.037011623382568359e+00 -2.575204372406005859e-01 3.443955421447753906e+00 -1.037011623382568359e+00 -1.037011623382568359e+00 4.705566883087158203e+00 -1.037011623382568359e+00
-3.653985857963562012e-01 -3.653985857963562012e-01 -3.653985857963562012e-01 -3.653985857963562012e-01 7.308626174926757812e+00 -3.653985857963562012e-01 -3.653985857963562012e-01 -3.653985857963562012e-01 -3.653985857963562012e-01 -3.653985857963562012e-01 -3.653985857963562012e-01 -3.653985857963562012e-01 -3.653985857963562012e-01 -3.653985857963562012e-01 -3.653985857963562012e-01 -3.653985857963562012e-01 -3.653985857963562012e-01 -3.653985857963562012e-01 -3.653985857963562012e-01 -3.653985857963562012e-01 -3.653985857963562012e-01
