-3.654334843158721924e-01 7.308947563171386719e+00 -3.654334843158721924e-01 -3.654334843158721924e-01 -3.654334843158721924e-01 -3.654334843158721924e-01 -3.654334843158721924e-01 -3.654334843158721924e-01 -3.654334843158721924e-01 -3.654334843158721924e-01 -3.654334843158721924e-01 -3.654334843158721924e-01 -3.654334843158721924e-01 -3.654334843158721924e-01 -3.654334843158721924e-01 -3.654334843158721924e-01 -3.654334843158721924e-01 -3.654334843158721924e-01 -3.654334843158721924e-01 -3.654334843158721924e-01 -3.654334843158721924e-01
6.210220813751220703e+00 -6.436440944671630859e-01 -6.436440944671630859e-01 -6.436440944671630859e-01 -6.436440944671630859e-01 -1.036406010389328003e-01 -6.436440944671630859e-01 -6.436440944671630859e-01 -6.436440944671630859e-01 -6.436440944671630859e-01 -6.436440944671630859e-01 -6.436440944671630859e-01 -6.436440944671630859e-01 -6.436440944671630859e-01 -1.036406010389328003e-01 4.939125537872314453e+00 -6.436440944671630859e-01 -6.436440944671630859e-01 -6.436440944671630859e-01 -6.436440944671630859e-01 -6.436440944671630859e-01
3.353534460067749023e+00 -1.154068946838378906e+00 -7.419399619102478027e-01 -7.419399619102478027e-01 -1.154068946838378906e+00 4.216286540031433105e-01 -1.154068946838378906e+00 4.216286540031433105e-01 -1.154068946838378906e+00 -1.154068946838378906e+00 -1.154068946838378906e+00 -1.154068946838378906e+00 -7.419399619102478027e-01 -1.154068946838378906e+00 -1.154068946838378906e+00 5.048497676849365234e+00 1.506052851676940918e+00 2.784147739410400391e+00 1.385114312171936035e+00 -1.154068946838378906e+00 -1.154068946838378906e+00
-6.277427673339843750e-01 -1.150311350822448730e+00 2.577480860054492950e-02 1.251403212547302246e+00 -8.641232848167419434e-01 1.563156485557556152e+00 -1.150311350822448730e+00 -4.281716346740722656e-01 -6.277427673339843750e-01 -1.150311350822448730e+00 -4.281716346740722656e-01 -8.641232848167419434e-01 7.412558197975158691e-01 -4.281716346740722656e-01 2.631066799163818359e+00 4.403889656066894531e+00 1.251403212547302246e+00 -6.277427673339843750e-01 -8.641232848167419434e-01 -1.150311350822448730e+00 -1.506598949432373047e+00
1.358075812458992004e-02 -1.796688914299011230e+00 3.663683533668518066e-01 8.031509518623352051e-01 5.329933166503906250e-01 -1.796688914299011230e+00 -9.971465468406677246e-01 -9.971465468406677246e-01 -1.215209007263183594e+00 2.375926017761230469e+00 -1.476177811622619629e+00 -1.215209007263183594e+00 1.139205455780029297e+00 1.838847160339355469e+00 1.687278747558593750e-01 7.205939292907714844e-01 -1.476177811622619629e+00 1.358075812458992004e-02 -1.476177811622619629e+00 8.421072959899902344e-01 3.631577491760253906e+00
-2.479317337274551392e-01 -7.532838582992553711e-01 1.475043445825576782e-01 1.475043445825576782e-01 -7.532838582992553711e-01 -2.479317337274551392e-01 -7.532838582992553711e-01 -7.532838582992553711e-01 -7.532838582992553711e-01 9.335426092147827148e-01 -7.532838582992553711e-01 1.475043445825576782e-01 -2.479317337274551392e-01 -7.532838582992553711e-01 -2.479317337274551392e-01 -2.479317337274551392e-01 -7.532838582992553711e-01 7.183230519294738770e-01 -2.479317337274551392e-01 -7.532838582992553711e-01 6.172720909118652344e+00
-4.876820743083953857e-01 -4.876820743083953857e-01 -4.876820743083953857e-01 1.100440025329589844e-01 -4.876820743083953857e-01 -4.876820743083953857e-01 -4.876820743083953857e-01 -4.876820743083953857e-01 -4.876820743083953857e-01 5.808852314949035645e-01 -4.876820743083953857e-01 -4.876820743083953857e-01 1.100440025329589844e-01 -4.876820743083953857e-01 -4.876820743083953857e-01 1.100440025329589844e-01 -4.876820743083953857e-01 -4.876820743083953857e-01 -4.876820743083953857e-01 -4.876820743083953857e-01 6.891619205474853516e+00
-5.329348519444465637e-02 -6.058937311172485352e-01 -6.058937311172485352e-01 -6.058937311172485352e-01 -6.058937311172485352e-01 9.949960112571716309e-01 -6.058937311172485352e-01 -5.329348519444465637e-02 -6.058937311172485352e-01 -5.329348519444465637e-02 -6.058937311172485352e-01 -6.058937311172485352e-01 -6.058937311172485352e-01 -6.058937311172485352e-01 3.795219659805297852e-01 7.195321917533874512e-01 -6.058937311172485352e-01 -6.058937311172485352e-01 -6.058937311172485352e-01 -6.058937311172485352e-01 6.548539161682128906e+00
5.259457230567932129e-01 -1.327856302261352539e+00 -6.402205824851989746e-01 -3.905143737792968750e-01 -9.450017213821411133e-01 9.572318792343139648e-01 -1.327856302261352539e+00 -1.807407438755035400e-01 -1.807407438755035400e-01 4.150728285312652588e-01 -3.905143737792968750e-01 -1.327856302261352539e+00 9.572318792343139648e-01 -3.905143737792968750e-01 4.150728285312652588e-01 8.835839033126831055e-01 5.259457230567932129e-01 1.546961367130279541e-01 -1.327856302261352539e+00 -1.327856302261352539e+00 4.922814846038818359e+00
1.106495976448059082e+00 -1.544847488403320312e+00 7.452240586280822754e-01 4.656519591808319092e-01 -9.113581180572509766e-01 1.830716490745544434e+00 -1.193788409233093262e+00 -9.113581180572509766e-01 -9.113581180572509766e-01 1.955034285783767700e-01 -1.193788409233093262e+00 -1.544847488403320312e+00 -1.613108813762664795e-01 1.955034285783767700e-01 5.426332354545593262e-01 6.144901514053344727e-01 5.426332354545593262e-01 -4.799216389656066895e-01 -9.113581180572509766e-01 -9.113581180572509766e-01 4.436310768127441406e+00
4.505471885204315186e-01 -2.115502119064331055e+00 4.149111211299896240e-01 2.365270815789699554e-02 -7.017989158630371094e-01 1.971097946166992188e+00 -1.213892936706542969e+00 -9.296803474426269531e-01 -1.386712908744812012e+00 1.065136790275573730e+00 -1.386712908744812012e+00 -9.296803474426269531e-01 6.418779492378234863e-01 3.780058622360229492e-01 6.123530268669128418e-01 8.981317281723022461e-01 5.506383180618286133e-01 2.157550454139709473e-01 -7.017989158630371094e-01 -7.017989158630371094e-01 2.845525026321411133e+00
5.513586997985839844e-01 -1.979834079742431641e+00 8.435366153717041016e-01 -2.586039714515209198e-02 -1.110258340835571289e+00 1.926096439361572266e+00 -1.110258340835571289e+00 -3.411395847797393799e-01 -7.011442780494689941e-01 4.979775846004486084e-01 -1.555214047431945801e+00 -1.387413263320922852e+00 4.123189151287078857e-01 6.021012663841247559e-01 9.005548357963562012e-01 9.188733100891113281e-01 7.621825933456420898e-01 -2.586039714515209198e-02 -1.716895848512649536e-01 -1.110258340835571289e+00 2.103950262069702148e+00
1.037688255310058594e+00 -2.186297416687011719e+00 5.119060873985290527e-01 3.849575221538543701e-01 -1.152104854583740234e+00 2.352322340011596680e+00 -1.669072270393371582e+00 -6.072903275489807129e-01 -9.019131064414978027e-01 7.506704926490783691e-01 -1.903225779533386230e+00 -9.019131064414978027e-01 4.816029071807861328e-01 4.816029071807861328e-01 1.202313542366027832e+00 1.513888597488403320e+00 1.317147493362426758e+00 8.193235397338867188e-01 -9.019131064414978027e-01 -1.471070885658264160e+00 8.412182331085205078e-01
9.043675661087036133e-01 -2.316990852355957031e+00 1.684383451938629150e-01 1.949047483503818512e-02 -3.627295494079589844e-01 2.051474571228027344e+00 -1.314819335937500000e+00 -1.080504953861236572e-01 -8.683059215545654297e-01 8.522944450378417969e-01 -9.644535779953002930e-01 9.662936627864837646e-02 8.873064517974853516e-01 -2.132465317845344543e-02 5.663707256317138672e-01 1.221531510353088379e+00 1.130941987037658691e+00 7.591029405593872070e-01 -1.314819335937500000e+00 -4.220032691955566406e-01 -9.644535779953002930e-01
8.742589950561523438e-01 -2.235369682312011719e+00 2.097080945968627930e-01 -5.135933160781860352e-01 -2.520574629306793213e-01 2.112364530563354492e+00 -8.589563965797424316e-01 -5.901816487312316895e-01 -6.726081967353820801e-01 2.463846057653427124e-01 -1.725207090377807617e+00 1.707198858261108398e+00 9.496423006057739258e-01 3.160601854324340820e-01 2.097080945968627930e-01 1.147143006324768066e+00 1.454468965530395508e+00 -4.235824197530746460e-02 -1.360856652259826660e+00 7.495896816253662109e-01 -1.725207090377807617e+00
-3.417853713035583496e-01 -1.848413467407226562e+00 1.869277596473693848e+00 1.919854283332824707e+00 -1.533445835113525391e+00 2.423987388610839844e+00 -4.544807672500610352e-01 -8.781958222389221191e-01 -1.276459217071533203e+00 -1.276459217071533203e+00 -1.848413467407226562e+00 2.620579957962036133e+00 -1.061461210250854492e+00 1.244402050971984863e+00 -1.061461210250854492e+00 7.261597514152526855e-01 1.968023180961608887e+00 -8.781958222389221191e-01 -1.276459217071533203e+00 2.496201753616333008e+00 -1.533445835113525391e+00
-4.693067669868469238e-01 -1.536842465400695801e+00 -2.991199493408203125e-01 4.049455165863037109e+00 -1.184798598289489746e+00 2.422635793685913086e+00 -1.536842465400695801e+00 6.266338825225830078e-01 1.317431569099426270e+00 -6.672930717468261719e-01 -9.015800952911376953e-01 -1.536842465400695801e+00 1.926740169525146484e+00 -6.672930717468261719e-01 -6.672930717468261719e-01 -6.672930717468261719e-01 3.138529062271118164e+00 2.073388546705245972e-01 -1.184798598289489746e+00 -1.184798598289489746e+00 -1.184798598289489746e+00
3.149976253509521484e+00 -1.222486615180969238e+00 -1.222486615180969238e+00 -8.225792050361633301e-01 -1.222486615180969238e+00 -8.225792050361633301e-01 -8.225792050361633301e-01 2.234338045120239258e+00 -8.225792050361633301e-01 3.327577590942382812e+00 -1.222486615180969238e+00 -1.222486615180969238e+00 -8.225792050361633301e-01 4.652969360351562500e+00 -8.225792050361633301e-01 -8.225792050361633301e-01 -1.222486615180969238e+00 -8.225792050361633301e-01 -1.222486615180969238e+00 2.995704174041748047e+00 -1.222486615180969238e+00
-1.031251668930053711e+00 -1.031251668930053711e+00 -1.031251668930053711e+00 -1.031251668930053711e+00 4.694442272186279297e+00 -1.031251668930053711e+00 2.852694988250732422e+00 -1.031251668930053711e+00 -1.031251668930053711e+00 2.685642987489700317e-02 -1.031251668930053711e+00 -1.031251668930053711e+00 -1.031251668930053711e+00 -1.031251668930053711e+00 -1.031251668930053711e+00 -2.511009871959686279e-01 3.454576969146728516e+00 -1.031251668930053711e+00 -1.031251668930053711e+00 4.691279888153076172e+00 -1.031251668930053711e+00
-3.654639422893524170e-01 -3.654639422893524170e-01 -3.654639422893524170e-01 -3.654639422893524170e-01 7.309083461761474609e+00 -3.654639422893524170e-01 -3.654639422893524170e-01 -3.654639422893524170e-01 -3.654639422893524170e-01 -3.654639422893524170e-01 -3.654639422893524170e-01 -3.654639422893524170e-01 -3.654639422893524170e-01 -3.654639422893524170e-01 -3.654639422893524170e-01 -3.654639422893524170e-01 -3.654639422893524170e-01 -3.654639422893524170e-01 -3.654639422893524170e-01 -3.654639422893524170e-01 -3.654639422893524170e-01
