-3.654671311378479004e-01 7.308943748474121094e+00 -3.654671311378479004e-01 -3.654671311378479004e-01 -3.654671311378479004e-01 -3.654671311378479004e-01 -3.654671311378479004e-01 -3.654671311378479004e-01 -3.654671311378479004e-01 -3.654671311378479004e-01 -3.654671311378479004e-01 -3.654671311378479004e-01 -3.654671311378479004e-01 -3.654671311378479004e-01 -3.654671311378479004e-01 -3.654671311378479004e-01 -3.654671311378479004e-01 -3.654671311378479004e-01 -3.654671311378479004e-01 -3.654671311378479004e-01 -3.654671311378479004e-01
6.177147388458251953e+00 -6.422796249389648438e-01 -6.422796249389648438e-01 -6.422796249389648438e-01 -6.422796249389648438e-01 3.206574618816375732e-01 -6.422796249389648438e-01 -6.422796249389648438e-01 -6.422796249389648438e-01 -6.422796249389648438e-01 -6.422796249389648438e-01 -6.422796249389648438e-01 -6.422796249389648438e-01 -6.422796249389648438e-01 -6.422796249389648438e-01 5.063094139099121094e+00 -6.422796249389648438e-01 -6.422796249389648438e-01 -6.422796249389648438e-01 -6.422796249389648438e-01 -6.422796249389648438e-01
3.368743896484375000e+00 -8.122392296791076660e-01 -1.213793516159057617e+00 -8.122392296791076660e-01 -1.213793516159057617e+00 5.946137309074401855e-01 -1.213793516159057617e+00 3.283537626266479492e-01 -1.213793516159057617e+00 -1.213793516159057617e+00 -1.213793516159057617e+00 -8.122392296791076660e-01 -8.122392296791076660e-01 -1.213793516159057617e+00 -8.122392296791076660e-01 4.895555496215820312e+00 1.343662500381469727e+00 2.770684242248535156e+00 1.281868100166320801e+00 -8.122392296791076660e-01 -1.213793516159057617e+00
-2.109896838665008545e-01 -1.233223915100097656e+00 1.439118534326553345e-01 1.135120630264282227e+00 -7.228456735610961914e-01 1.558428764343261719e+00 -1.233223915100097656e+00 -2.109896838665008545e-01 -7.228456735610961914e-01 -1.233223915100097656e+00 -3.584715425968170166e-01 -7.228456735610961914e-01 6.910455226898193359e-01 -5.270916819572448730e-01 2.666258573532104492e+00 4.231370925903320312e+00 9.604399800300598145e-01 -7.228456735610961914e-01 -9.540116190910339355e-01 -9.540116190910339355e-01 -1.580002784729003906e+00
-2.241091728210449219e-01 -1.837035179138183594e+00 3.655134737491607666e-01 7.024838924407958984e-01 4.733451008796691895e-01 -8.635743856430053711e-01 -1.047495603561401367e+00 -1.047495603561401367e+00 -1.047495603561401367e+00 2.224886178970336914e+00 -1.837035179138183594e+00 -1.047495603561401367e+00 1.160686492919921875e+00 1.886374592781066895e+00 3.604997321963310242e-02 8.191538453102111816e-01 -1.520687222480773926e+00 -4.391417652368545532e-02 -1.520687222480773926e+00 8.191538453102111816e-01 3.549241781234741211e+00
-7.917071580886840820e-01 -7.917071580886840820e-01 6.504018306732177734e-01 3.983959555625915527e-01 -7.917071580886840820e-01 9.047970175743103027e-02 -7.917071580886840820e-01 -7.917071580886840820e-01 -7.917071580886840820e-01 8.621120452880859375e-01 -7.917071580886840820e-01 9.047970175743103027e-02 -2.973824441432952881e-01 -7.917071580886840820e-01 -2.973824441432952881e-01 9.047970175743103027e-02 -7.917071580886840820e-01 1.043141603469848633e+00 -7.917071580886840820e-01 -7.917071580886840820e-01 6.077964782714843750e+00
7.532459497451782227e-02 -5.106124281883239746e-01 -5.106124281883239746e-01 7.532459497451782227e-02 -5.106124281883239746e-01 -5.106124281883239746e-01 -5.106124281883239746e-01 -5.106124281883239746e-01 -5.106124281883239746e-01 5.385824441909790039e-01 -5.106124281883239746e-01 -5.106124281883239746e-01 7.532459497451782227e-02 -5.106124281883239746e-01 -5.106124281883239746e-01 7.532459497451782227e-02 -5.106124281883239746e-01 -5.106124281883239746e-01 -5.106124281883239746e-01 -5.106124281883239746e-01 6.819494247436523438e+00
-1.540324687957763672e-01 -6.806972026824951172e-01 -1.540324687957763672e-01 -6.806972026824951172e-01 -6.806972026824951172e-01 8.505699634552001953e-01 -6.806972026824951172e-01 2.595665752887725830e-01 -6.806972026824951172e-01 2.595665752887725830e-01 -6.806972026824951172e-01 -6.806972026824951172e-01 -6.806972026824951172e-01 -6.806972026824951172e-01 5.856705307960510254e-01 8.505699634552001953e-01 -6.806972026824951172e-01 -6.806972026824951172e-01 -6.806972026824951172e-01 -6.806972026824951172e-01 6.351032257080078125e+00
4.921700358390808105e-01 -1.349431395530700684e+00 -4.193580746650695801e-01 -3.256581351161003113e-02 -1.349431395530700684e+00 1.280797839164733887e+00 -1.349431395530700684e+00 -4.193580746650695801e-01 -3.256581351161003113e-02 3.817216455936431885e-01 -6.672270894050598145e-01 -9.697483181953430176e-01 1.116549730300903320e+00 -6.672270894050598145e-01 4.921700358390808105e-01 8.486911654472351074e-01 6.848850846290588379e-01 -2.109954804182052612e-01 -1.349431395530700684e+00 -1.349431395530700684e+00 4.869132995605468750e+00
9.816204309463500977e-01 -1.566284298896789551e+00 7.120290994644165039e-01 5.815829634666442871e-01 -1.217902302742004395e+00 1.859196543693542480e+00 -1.217902302742004395e+00 -1.217902302742004395e+00 -7.055628299713134766e-01 1.637409776449203491e-01 -1.217902302742004395e+00 -1.566284298896789551e+00 5.713960900902748108e-02 4.331384897232055664e-01 5.815829634666442871e-01 5.099083185195922852e-01 5.099083185195922852e-01 -1.916467547416687012e-01 -9.376149177551269531e-01 -9.376149177551269531e-01 4.386286735534667969e+00
4.515684843063354492e-01 -2.114620447158813477e+00 3.010696172714233398e-01 -1.467593312263488770e-01 -6.022068858146667480e-01 2.010771751403808594e+00 -1.212990283966064453e+00 -1.062163949012756348e+00 -1.212990283966064453e+00 1.085222721099853516e+00 -1.212990283966064453e+00 -9.287268519401550293e-01 5.516629815101623535e-01 3.790314197540283203e-01 4.860180914402008057e-01 1.006666421890258789e+00 7.531628608703613281e-01 2.597841322422027588e-01 -8.091562986373901367e-01 -8.091562986373901367e-01 2.826561212539672852e+00
7.293549776077270508e-01 -1.954520463943481445e+00 8.957617282867431641e-01 9.335888922214508057e-02 -1.211586236953735352e+00 2.018029689788818359e+00 -1.359059691429138184e+00 -4.399346113204956055e-01 -6.705317497253417969e-01 5.027798414230346680e-01 -1.527733683586120605e+00 -1.211586236953735352e+00 3.834342658519744873e-01 5.305684208869934082e-01 1.004861831665039062e+00 9.334365725517272949e-01 7.735594511032104492e-01 -8.896405994892120361e-02 -3.097502589225769043e-01 -1.211586236953735352e+00 2.120280265808105469e+00
1.031719684600830078e+00 -1.907568573951721191e+00 4.444990456104278564e-01 6.190056800842285156e-01 -1.157113552093505859e+00 2.379703521728515625e+00 -1.673825740814208984e+00 -5.298823714256286621e-01 -7.024781107902526855e-01 7.447195649147033691e-01 -1.907568573951721191e+00 -1.157113552093505859e+00 5.354490280151367188e-01 3.790812790393829346e-01 1.181017637252807617e+00 1.450421690940856934e+00 1.226273894309997559e+00 7.681194543838500977e-01 -9.072965383529663086e-01 -1.673825740814208984e+00 8.566979765892028809e-01
9.954347610473632812e-01 -2.309781074523925781e+00 1.427667438983917236e-01 6.837520748376846313e-02 -6.130797863006591797e-01 2.005513906478881836e+00 -1.451543211936950684e+00 -1.448002457618713379e-01 -7.708457112312316895e-01 8.797252774238586426e-01 -9.555252790451049805e-01 1.780590415000915527e-01 8.797252774238586426e-01 -1.174271106719970703e-02 5.993806123733520508e-01 1.231369137763977051e+00 1.193523168563842773e+00 8.620687127113342285e-01 -1.306032896041870117e+00 -6.130797863006591797e-01 -8.593033552169799805e-01
7.124826312065124512e-01 -2.229465007781982422e+00 2.177083194255828857e-01 -6.648941636085510254e-01 -3.040671944618225098e-01 2.143394470214843750e+00 -8.513998389244079590e-01 -5.823996067047119141e-01 -8.513998389244079590e-01 3.240790069103240967e-01 -1.718692541122436523e+00 1.757550835609436035e+00 9.207731485366821289e-01 3.893713057041168213e-01 2.543902099132537842e-01 1.044787406921386719e+00 1.505897998809814453e+00 9.921298176050186157e-02 -1.206130743026733398e+00 7.576756477355957031e-01 -1.718692541122436523e+00
-5.761345028877258301e-01 -1.846086740493774414e+00 1.959550261497497559e+00 2.093121290206909180e+00 -1.530783772468566895e+00 2.449575185775756836e+00 -5.761345028877258301e-01 -1.273825645446777344e+00 -1.846086740493774414e+00 -1.058765888214111328e+00 -1.846086740493774414e+00 2.605335235595703125e+00 -5.761345028877258301e-01 1.247705817222595215e+00 -5.761345028877258301e-01 7.294541597366333008e-01 1.959550261497497559e+00 -8.752401471138000488e-01 -1.273825645446777344e+00 2.341455936431884766e+00 -1.530783772468566895e+00
-4.651463329792022705e-01 -1.533766627311706543e+00 -6.632794141769409180e-01 4.019962787628173828e+00 -8.976000547409057617e-01 2.439930677413940430e+00 -1.533766627311706543e+00 5.593581199645996094e-01 1.457751512527465820e+00 -6.632794141769409180e-01 -1.181060075759887695e+00 -1.533766627311706543e+00 1.970982074737548828e+00 -2.947579920291900635e-01 -6.632794141769409180e-01 -6.632794141769409180e-01 3.202214002609252930e+00 -1.397122070193290710e-02 -1.181060075759887695e+00 -1.181060075759887695e+00 -1.181060075759887695e+00
3.157063484191894531e+00 -1.224016070365905762e+00 -1.224016070365905762e+00 -8.242741823196411133e-01 -1.224016070365905762e+00 -8.242741823196411133e-01 -8.242741823196411133e-01 2.231298923492431641e+00 -8.242741823196411133e-01 3.382801294326782227e+00 -1.224016070365905762e+00 -1.224016070365905762e+00 -8.242741823196411133e-01 4.633732318878173828e+00 -8.242741823196411133e-01 -8.242741823196411133e-01 -1.224016070365905762e+00 -1.224016070365905762e+00 -8.242741823196411133e-01 2.980654716491699219e+00 -1.224016070365905762e+00
-1.037753582000732422e+00 -1.037753582000732422e+00 -1.037753582000732422e+00 -1.037753582000732422e+00 4.706594467163085938e+00 -1.037753582000732422e+00 2.878487348556518555e+00 -1.037753582000732422e+00 -1.037753582000732422e+00 -2.595814466476440430e-01 -1.037753582000732422e+00 -6.022782325744628906e-01 -1.037753582000732422e+00 -1.037753582000732422e+00 -1.037753582000732422e+00 -2.595814466476440430e-01 3.408951044082641602e+00 -1.037753582000732422e+00 -1.037753582000732422e+00 4.656160354614257812e+00 -1.037753582000732422e+00
-3.654524981975555420e-01 -3.654524981975555420e-01 -3.654524981975555420e-01 -3.654524981975555420e-01 7.308930873870849609e+00 -3.654524981975555420e-01 -3.654524981975555420e-01 -3.654524981975555420e-01 -3.654524981975555420e-01 -3.654524981975555420e-01 -3.654524981975555420e-01 -3.654524981975555420e-01 -3.654524981975555420e-01 -3.654524981975555420e-01 -3.654524981975555420e-01 -3.654524981975555420e-01 -3.654524981975555420e-01 -3.654524981975555420e-01 -3.654524981975555420e-01 -3.654524981975555420e-01 -3.654524981975555420e-01
