-3.655242323875427246e-01 7.308860301971435547e+00 -3.655242323875427246e-01 -3.655242323875427246e-01 -3.655242323875427246e-01 -3.655242323875427246e-01 -3.655242323875427246e-01 -3.655242323875427246e-01 -3.655242323875427246e-01 -3.655242323875427246e-01 -3.655242323875427246e-01 -3.655242323875427246e-01 -3.655242323875427246e-01 -3.655242323875427246e-01 -3.655242323875427246e-01 -3.655242323875427246e-01 -3.655242323875427246e-01 -3.655242323875427246e-01 -3.655242323875427246e-01 -3.655242323875427246e-01 -3.655242323875427246e-01
6.155957221984863281e+00 -6.613662838935852051e-01 -6.613662838935852051e-01 -6.613662838935852051e-01 -6.613662838935852051e-01 2.905317842960357666e-01 -6.613662838935852051e-01 -6.613662838935852051e-01 -6.613662838935852051e-01 -6.613662838935852051e-01 -6.613662838935852051e-01 -6.613662838935852051e-01 -6.613662838935852051e-01 -6.613662838935852051e-01 -1.271882206201553345e-01 4.923562049865722656e+00 -6.613662838935852051e-01 -6.613662838935852051e-01 -6.613662838935852051e-01 -6.613662838935852051e-01 -6.613662838935852051e-01
3.216074705123901367e+00 -8.371254205703735352e-01 -8.371254205703735352e-01 -8.371254205703735352e-01 -1.235078096389770508e+00 5.614495873451232910e-01 -1.235078096389770508e+00 5.614495873451232910e-01 -1.235078096389770508e+00 -1.235078096389770508e+00 -1.235078096389770508e+00 -8.371254205703735352e-01 -8.371254205703735352e-01 -1.235078096389770508e+00 -8.371254205703735352e-01 4.881035804748535156e+00 1.307944536209106445e+00 2.670931100845336914e+00 1.307944536209106445e+00 -8.371254205703735352e-01 -1.235078096389770508e+00
-1.198594793677330017e-01 -1.160413980484008789e+00 2.386518865823745728e-01 1.314563035964965820e+00 -8.753028512001037598e-01 1.687972426414489746e+00 -1.515797615051269531e+00 -6.397845745086669922e-01 -6.397845745086669922e-01 -1.160413980484008789e+00 -4.406104981899261475e-01 -6.397845745086669922e-01 5.099304914474487305e-01 -4.406104981899261475e-01 2.762143135070800781e+00 4.350230216979980469e+00 1.195629000663757324e+00 -8.753028512001037598e-01 -8.753028512001037598e-01 -1.160413980484008789e+00 -1.515797615051269531e+00
-5.095471143722534180e-01 -1.796539306640625000e+00 2.386308908462524414e-01 5.832332372665405273e-01 7.627809047698974609e-01 -8.114873766899108887e-01 -1.215258717536926270e+00 -9.973307251930236816e-01 -9.973307251930236816e-01 2.358864545822143555e+00 -1.475906729698181152e+00 -1.796539306640625000e+00 1.273574590682983398e+00 1.895181298255920410e+00 9.394533187150955200e-02 7.627809047698974609e-01 -1.475906729698181152e+00 1.355837378650903702e-02 -1.475906729698181152e+00 9.509738683700561523e-01 3.619401931762695312e+00
-3.106162548065185547e-01 -8.023716807365417480e-01 6.321343183517456055e-01 7.493257522583007812e-02 -8.023716807365417480e-01 7.493257522583007812e-02 -8.023716807365417480e-01 -8.023716807365417480e-01 -8.023716807365417480e-01 6.321343183517456055e-01 -8.023716807365417480e-01 7.493257522583007812e-02 -3.106162548065185547e-01 -8.023716807365417480e-01 -3.106162548065185547e-01 7.493257522583007812e-02 -8.023716807365417480e-01 8.432920575141906738e-01 -3.106162548065185547e-01 -8.023716807365417480e-01 6.055845260620117188e+00
1.017877608537673950e-01 -4.923470318317413330e-01 -4.923470318317413330e-01 1.017877608537673950e-01 -4.923470318317413330e-01 -4.923470318317413330e-01 -4.923470318317413330e-01 -4.923470318317413330e-01 -4.923470318317413330e-01 1.017877608537673950e-01 -4.923470318317413330e-01 -4.923470318317413330e-01 1.017877608537673950e-01 -4.923470318317413330e-01 -4.923470318317413330e-01 1.017877608537673950e-01 -4.923470318317413330e-01 -4.923470318317413330e-01 -4.923470318317413330e-01 -4.923470318317413330e-01 6.875214099884033203e+00
-8.937308192253112793e-02 -6.325831413269042969e-01 -6.325831413269042969e-01 -6.325831413269042969e-01 -6.325831413269042969e-01 9.426081776618957520e-01 -6.325831413269042969e-01 3.370786905288696289e-01 -6.325831413269042969e-01 -8.937308192253112793e-02 -6.325831413269042969e-01 -6.325831413269042969e-01 -6.325831413269042969e-01 -6.325831413269042969e-01 3.370786905288696289e-01 9.426081776618957520e-01 -6.325831413269042969e-01 -6.325831413269042969e-01 -6.325831413269042969e-01 -6.325831413269042969e-01 6.476520538330078125e+00
5.705326795578002930e-01 -1.363619923591613770e+00 -4.385886788368225098e-01 1.015348881483078003e-01 -1.363619923591613770e+00 1.354219794273376465e+00 -1.363619923591613770e+00 -2.312258481979370117e-01 1.015348881483078003e-01 -5.332198366522789001e-02 -6.849439740180969238e-01 -9.857024550437927246e-01 1.032670855522155762e+00 -4.385886788368225098e-01 3.601233363151550293e-01 8.260887265205383301e-01 3.601233363151550293e-01 1.015348881483078003e-01 -1.363619923591613770e+00 -1.363619923591613770e+00 4.843183040618896484e+00
1.080909490585327148e+00 -1.561155080795288086e+00 5.895855426788330078e-01 5.178555846214294434e-01 -9.313208460807800293e-01 1.887641429901123047e+00 -1.211899757385253906e+00 -9.313208460807800293e-01 -6.990948915481567383e-01 6.483507156372070312e-02 -1.211899757385253906e+00 -1.561155080795288086e+00 1.714936643838882446e-01 6.568478941917419434e-01 3.583270609378814697e-01 5.895855426788330078e-01 2.688588500022888184e-01 -3.325626552104949951e-01 -1.211899757385253906e+00 -9.313208460807800293e-01 4.398119926452636719e+00
4.420804381370544434e-01 -2.096137285232543945e+00 3.668672740459442139e-01 -6.096005812287330627e-02 -5.778763294219970703e-01 2.022460937500000000e+00 -1.190221786499023438e+00 -9.051707983016967773e-01 -1.190221786499023438e+00 1.092803239822387695e+00 -1.363846540451049805e+00 -1.038910150527954102e+00 6.093105077743530273e-01 3.271316289901733398e-01 6.093105077743530273e-01 1.073355436325073242e+00 8.054960966110229492e-01 1.510484069585800171e-01 -9.051707983016967773e-01 -1.038910150527954102e+00 2.867027759552001953e+00
4.679465591907501221e-01 -2.237878084182739258e+00 1.032477736473083496e+00 1.667714677751064301e-04 -1.217045068740844727e+00 1.979506492614746094e+00 -1.086456656455993652e+00 -5.939452052116394043e-01 -6.764350533485412598e-01 5.243051052093505859e-01 -1.364413261413574219e+00 -1.086456656455993652e+00 4.679465591907501221e-01 5.513645410537719727e-01 9.271441102027893066e-01 9.811738729476928711e-01 7.672958970069885254e-01 -2.561504244804382324e-01 -9.493175148963928223e-02 -1.217045068740844727e+00 2.130913019180297852e+00
1.097738623619079590e+00 -1.897128582000732422e+00 5.196139812469482422e-01 5.196139812469482422e-01 -1.464364767074584961e+00 2.403092145919799805e+00 -1.464364767074584961e+00 -5.999920368194580078e-01 -5.999920368194580078e-01 6.590803861618041992e-01 -2.180527925491333008e+00 -8.949288129806518555e-01 4.892989993095397949e-01 4.580628573894500732e-01 1.210160732269287109e+00 1.476032614707946777e+00 1.311353206634521484e+00 7.099602818489074707e-01 -8.949288129806518555e-01 -1.662796497344970703e+00 8.047154545783996582e-01
8.849782347679138184e-01 -2.318294286727905273e+00 2.652778029441833496e-01 1.722588948905467987e-02 -5.535538792610168457e-01 2.054534912109375000e+00 -1.187726616859436035e+00 -6.597623229026794434e-02 -7.004269361495971680e-01 8.849782347679138184e-01 -9.667842984199523926e-01 2.002218514680862427e-01 7.370788455009460449e-01 -2.555665373802185059e-01 6.542295813560485840e-01 1.206750988960266113e+00 1.219206690788269043e+00 6.324237585067749023e-01 -1.316618800163269043e+00 -4.243326485157012939e-01 -9.667842984199523926e-01
9.321824908256530762e-01 -2.221271038055419922e+00 4.317955672740936279e-01 -4.234591722488403320e-01 -2.931756079196929932e-01 2.120596170425415039e+00 -9.476808905601501465e-01 -8.411753177642822266e-01 -8.411753177642822266e-01 3.352836370468139648e-01 -1.513096451759338379e+00 1.817373275756835938e+00 8.538766503334045410e-01 3.010055720806121826e-01 2.288717925548553467e-01 1.120871543884277344e+00 1.485153317451477051e+00 2.319451235234737396e-02 -1.513096451759338379e+00 6.520915031433105469e-01 -1.709569334983825684e+00
-3.172903358936309814e-01 -1.904448032379150391e+00 1.871007442474365234e+00 1.983390808105468750e+00 -1.342695474624633789e+00 2.252558231353759766e+00 -5.305883288383483887e-01 -9.496730566024780273e-01 -1.342695474624633789e+00 -1.130800247192382812e+00 -1.904448032379150391e+00 2.477906703948974609e+00 -9.496730566024780273e-01 1.183888196945190430e+00 -6.541668176651000977e-01 6.433546543121337891e-01 1.846949219703674316e+00 -6.541668176651000977e-01 -1.342695474624633789e+00 2.360632896423339844e+00 -1.595256209373474121e+00
-6.687880754470825195e-01 -1.537942171096801758e+00 -4.707534313201904297e-01 4.010486125946044922e+00 -1.185755491256713867e+00 2.480400085449218750e+00 -1.537942171096801758e+00 4.755902588367462158e-01 1.625521421432495117e+00 -6.687880754470825195e-01 -9.028308987617492676e-01 -1.537942171096801758e+00 1.983193874359130859e+00 -3.004940450191497803e-01 -6.687880754470825195e-01 -9.028308987617492676e-01 3.130724906921386719e+00 3.029103577136993408e-01 -9.028308987617492676e-01 -1.537942171096801758e+00 -1.185755491256713867e+00
3.122165918350219727e+00 -1.237970709800720215e+00 -1.237970709800720215e+00 -8.404874205589294434e-01 -1.237970709800720215e+00 -8.404874205589294434e-01 -8.404874205589294434e-01 2.101077795028686523e+00 -8.404874205589294434e-01 3.397633314132690430e+00 -1.237970709800720215e+00 -1.237970709800720215e+00 -8.404874205589294434e-01 4.594690799713134766e+00 -8.404874205589294434e-01 -8.404874205589294434e-01 -1.237970709800720215e+00 -8.404874205589294434e-01 -8.404874205589294434e-01 3.014453887939453125e+00 -1.237970709800720215e+00
-1.020515680313110352e+00 -1.020515680313110352e+00 -1.020515680313110352e+00 -1.020515680313110352e+00 4.724873065948486328e+00 -1.020515680313110352e+00 2.911772012710571289e+00 -1.020515680313110352e+00 -1.020515680313110352e+00 4.208077117800712585e-02 -1.020515680313110352e+00 -1.020515680313110352e+00 -1.020515680313110352e+00 -1.020515680313110352e+00 -1.020515680313110352e+00 -5.812543034553527832e-01 3.528074979782104492e+00 -1.020515680313110352e+00 -1.020515680313110352e+00 4.683443546295166016e+00 -1.020515680313110352e+00
-3.654378652572631836e-01 -3.654378652572631836e-01 -3.654378652572631836e-01 -3.654378652572631836e-01 7.309286117553710938e+00 -3.654378652572631836e-01 -3.654378652572631836e-01 -3.654378652572631836e-01 -3.654378652572631836e-01 -3.654378652572631836e-01 -3.654378652572631836e-01 -3.654378652572631836e-01 -3.654378652572631836e-01 -3.654378652572631836e-01 -3.654378652572631836e-01 -3.654378652572631836e-01 -3.654378652572631836e-01 -3.654378652572631836e-01 -3.654378652572631836e-01 -3.654378652572631836e-01 -3.654378652572631836e-01
