-3.654678165912628174e-01 7.309032440185546875e+00 -3.654678165912628174e-01 -3.654678165912628174e-01 -3.654678165912628174e-01 -3.654678165912628174e-01 -3.654678165912628174e-01 -3.654678165912628174e-01 -3.654678165912628174e-01 -3.654678165912628174e-01 -3.654678165912628174e-01 -3.654678165912628174e-01 -3.654678165912628174e-01 -3.654678165912628174e-01 -3.654678165912628174e-01 -3.654678165912628174e-01 -3.654678165912628174e-01 -3.654678165912628174e-01 -3.654678165912628174e-01 -3.654678165912628174e-01 -3.654678165912628174e-01
6.197811126708984375e+00 -6.446056962013244629e-01 -6.446056962013244629e-01 -6.446056962013244629e-01 -6.446056962013244629e-01 -1.051849052309989929e-01 -6.446056962013244629e-01 -6.446056962013244629e-01 -6.446056962013244629e-01 -6.446056962013244629e-01 -6.446056962013244629e-01 -6.446056962013244629e-01 -6.446056962013244629e-01 -6.446056962013244629e-01 -1.051849052309989929e-01 4.970876216888427734e+00 -6.446056962013244629e-01 -6.446056962013244629e-01 -6.446056962013244629e-01 -6.446056962013244629e-01 -6.446056962013244629e-01
3.391211748123168945e+00 -7.647743821144104004e-01 -1.173147678375244141e+00 -7.647743821144104004e-01 -1.173147678375244141e+00 5.339336991310119629e-01 -1.173147678375244141e+00 5.339336991310119629e-01 -1.173147678375244141e+00 -1.173147678375244141e+00 -1.173147678375244141e+00 -1.173147678375244141e+00 -7.647743821144104004e-01 -1.173147678375244141e+00 -1.173147678375244141e+00 5.004107475280761719e+00 1.413696527481079102e+00 2.698020696640014648e+00 1.215533733367919922e+00 -7.647743821144104004e-01 -1.173147678375244141e+00
-2.669924199581146240e-01 -1.513758778572082520e+00 1.529414858669042587e-02 1.015187501907348633e+00 -6.372351050376892090e-01 1.580684781074523926e+00 -1.513758778572082520e+00 -2.669924199581146240e-01 -6.372351050376892090e-01 -1.513758778572082520e+00 -2.669924199581146240e-01 -6.372351050376892090e-01 4.295970499515533447e-01 -4.381923079490661621e-01 2.783028364181518555e+00 4.367975711822509766e+00 1.198382139205932617e+00 -4.381923079490661621e-01 -8.731122612953186035e-01 -8.731122612953186035e-01 -1.513758778572082520e+00
-1.768620610237121582e-01 -1.803650498390197754e+00 2.946653068065643311e-01 5.731098651885986328e-01 6.667209267616271973e-01 -1.005789875984191895e+00 -1.005789875984191895e+00 -1.223200559616088867e+00 -1.223200559616088867e+00 2.330912351608276367e+00 -1.803650498390197754e+00 -1.223200559616088867e+00 1.336087584495544434e+00 1.898301124572753906e+00 -8.273096382617950439e-02 8.695560693740844727e-01 -1.483801245689392090e+00 2.290197610855102539e-01 -1.483801245689392090e+00 7.105659842491149902e-01 3.606369256973266602e+00
8.216630667448043823e-02 -7.966731190681457520e-01 6.422114372253417969e-01 8.216630667448043823e-02 -7.966731190681457520e-01 3.901073634624481201e-01 -7.966731190681457520e-01 -7.966731190681457520e-01 -7.966731190681457520e-01 3.901073634624481201e-01 -7.966731190681457520e-01 -3.037241399288177490e-01 -3.037241399288177490e-01 -7.966731190681457520e-01 -3.037241399288177490e-01 -3.037241399288177490e-01 -7.966731190681457520e-01 1.033596515655517578e+00 -3.037241399288177490e-01 -7.966731190681457520e-01 6.068059444427490234e+00
-5.022798776626586914e-01 -5.022798776626586914e-01 -5.022798776626586914e-01 9.035668522119522095e-02 -5.022798776626586914e-01 -5.022798776626586914e-01 -5.022798776626586914e-01 -5.022798776626586914e-01 -5.022798776626586914e-01 9.187641143798828125e-01 -5.022798776626586914e-01 -5.022798776626586914e-01 9.035668522119522095e-02 -5.022798776626586914e-01 -5.022798776626586914e-01 9.035668522119522095e-02 -5.022798776626586914e-01 -5.022798776626586914e-01 -5.022798776626586914e-01 -5.022798776626586914e-01 6.846710205078125000e+00
3.099705874919891357e-01 -6.484607458114624023e-01 -1.104435399174690247e-01 -6.484607458114624023e-01 -6.484607458114624023e-01 6.425082683563232422e-01 -6.484607458114624023e-01 -1.104435399174690247e-01 -6.484607458114624023e-01 3.099705874919891357e-01 -6.484607458114624023e-01 -6.484607458114624023e-01 -6.484607458114624023e-01 -6.484607458114624023e-01 3.099705874919891357e-01 6.425082683563232422e-01 -6.484607458114624023e-01 -6.484607458114624023e-01 -6.484607458114624023e-01 -6.484607458114624023e-01 6.435884475708007812e+00
6.862891316413879395e-01 -1.348302006721496582e+00 -6.665184497833251953e-01 1.237290278077125549e-01 -9.693556427955627441e-01 1.230309724807739258e+00 -1.348302006721496582e+00 -2.097678780555725098e-01 -3.146972134709358215e-02 2.607643008232116699e-01 -9.693556427955627441e-01 -1.348302006721496582e+00 9.924130439758300781e-01 -2.097678780555725098e-01 6.862891316413879395e-01 7.712888121604919434e-01 3.831868171691894531e-01 -2.097678780555725098e-01 -1.348302006721496582e+00 -1.348302006721496582e+00 4.873624801635742188e+00
1.148016214370727539e+00 -1.518489956855773926e+00 5.828084349632263184e-01 4.224599599838256836e-01 -1.518489956855773926e+00 1.976226449012756348e+00 -1.518489956855773926e+00 -8.789353370666503906e-01 -8.789353370666503906e-01 1.271570026874542236e-01 -1.164209604263305664e+00 -1.518489956855773926e+00 1.271570026874542236e-01 5.828084349632263184e-01 6.548776626586914062e-01 5.055880546569824219e-01 4.224599599838256836e-01 -2.735511064529418945e-01 -8.789353370666503906e-01 -8.789353370666503906e-01 4.478042602539062500e+00
4.295680522918701172e-01 -2.105577707290649414e+00 4.652186930179595947e-01 -1.971815228462219238e-01 -6.882649660110473633e-01 2.039809703826904297e+00 -1.050171017646789551e+00 -7.965474128723144531e-01 -1.374453067779541016e+00 1.060576796531677246e+00 -1.374453067779541016e+00 -1.050171017646789551e+00 5.966813564300537109e-01 3.543676137924194336e-01 5.966813564300537109e-01 9.573778510093688965e-01 6.566263437271118164e-01 2.302865087985992432e-01 -9.163483977317810059e-01 -6.882649660110473633e-01 2.854038715362548828e+00
7.961968779563903809e-01 -1.953828692436218262e+00 9.159924387931823730e-01 7.305376697331666946e-03 -1.526845335960388184e+00 1.967283606529235840e+00 -9.621465206146240234e-01 -3.716072738170623779e-01 -5.103130936622619629e-01 5.588354468345642090e-01 -1.358265042304992676e+00 -1.722485899925231934e+00 5.039796829223632812e-01 6.359875798225402832e-01 9.709957242012023926e-01 1.006080031394958496e+00 6.843760013580322266e-01 -1.388136893510818481e-01 -2.488445043563842773e-01 -1.358265042304992676e+00 2.104188203811645508e+00
1.015199899673461914e+00 -2.176881074905395508e+00 3.986530005931854248e-01 5.256484746932983398e-01 -1.289172410964965820e+00 2.409251451492309570e+00 -1.657920241355895996e+00 -5.114749670028686523e-01 -7.820836305618286133e-01 7.405419945716857910e-01 -1.892691135406494141e+00 -1.007772922515869141e+00 5.550971031188964844e-01 5.256484746932983398e-01 1.231340408325195312e+00 1.560872554779052734e+00 1.260859727859497070e+00 6.908856630325317383e-01 -1.140003442764282227e+00 -1.289172410964965820e+00 8.331727385520935059e-01
9.765241146087646484e-01 -2.301270246505737305e+00 2.247872054576873779e-01 1.187897324562072754e-01 -2.848961353302001953e-01 2.142658233642578125e+00 -1.440829992294311523e+00 -4.178968816995620728e-02 -9.437745809555053711e-01 7.418339252471923828e-01 -9.437745809555053711e-01 -4.178968816995620728e-02 7.816481590270996094e-01 8.090637624263763428e-02 5.649635195732116699e-01 1.167072415351867676e+00 1.231777667999267578e+00 7.418339252471923828e-01 -1.440829992294311523e+00 -2.848961353302001953e-01 -1.049157500267028809e+00
8.635737895965576172e-01 -2.243232488632202148e+00 2.358905375003814697e-01 -4.520352184772491455e-01 -3.218900561332702637e-01 2.129885435104370117e+00 -6.825653910636901855e-01 -6.001567244529724121e-01 -7.716873288154602051e-01 2.358905375003814697e-01 -1.733765244483947754e+00 1.687760710716247559e+00 7.607895135879516602e-01 4.321514070034027100e-01 1.612330079078674316e-01 1.090523004531860352e+00 1.386918306350708008e+00 8.080064505338668823e-02 -1.370325207710266113e+00 8.438300490379333496e-01 -1.733765244483947754e+00
-9.031388759613037109e-01 -1.868028521537780762e+00 1.926735877990722656e+00 2.060256481170654297e+00 -1.299314141273498535e+00 2.223516941070556641e+00 -6.051511168479919434e-01 -9.031388759613037109e-01 -1.299314141273498535e+00 -1.085541605949401855e+00 -1.868028521537780762e+00 2.673661231994628906e+00 -1.085541605949401855e+00 1.215321302413940430e+00 -6.051511168479919434e-01 6.573014259338378906e-01 1.786638736724853516e+00 -6.051511168479919434e-01 -1.299314141273498535e+00 2.438327789306640625e+00 -1.554995417594909668e+00
-9.211271405220031738e-01 -1.552861213684082031e+00 -3.213088810443878174e-01 3.978286027908325195e+00 -9.211271405220031738e-01 2.444373607635498047e+00 -1.552861213684082031e+00 4.533624351024627686e-01 1.361710190773010254e+00 -6.879513263702392578e-01 -1.552861213684082031e+00 -1.552861213684082031e+00 1.920573592185974121e+00 -3.213088810443878174e-01 -4.909464418888092041e-01 -4.909464418888092041e-01 3.165068864822387695e+00 3.705905973911285400e-01 -9.211271405220031738e-01 -1.203145027160644531e+00 -1.203145027160644531e+00
3.038755416870117188e+00 -1.205120563507080078e+00 -1.205120563507080078e+00 -8.024463057518005371e-01 -1.205120563507080078e+00 -8.024463057518005371e-01 -8.024463057518005371e-01 2.337994813919067383e+00 -8.024463057518005371e-01 3.297026634216308594e+00 -1.205120563507080078e+00 -1.205120563507080078e+00 -1.205120563507080078e+00 4.716053485870361328e+00 -8.024463057518005371e-01 -1.205120563507080078e+00 -1.205120563507080078e+00 -8.024463057518005371e-01 -8.024463057518005371e-01 3.073465108871459961e+00 -1.205120563507080078e+00
-1.039785146713256836e+00 -1.039785146713256836e+00 -1.039785146713256836e+00 -1.039785146713256836e+00 4.639418125152587891e+00 -1.039785146713256836e+00 2.855865478515625000e+00 -1.039785146713256836e+00 -1.039785146713256836e+00 -2.624384164810180664e-01 -1.039785146713256836e+00 -6.053076386451721191e-01 -1.039785146713256836e+00 -1.039785146713256836e+00 -1.039785146713256836e+00 -2.624384164810180664e-01 3.501056909561157227e+00 -1.039785146713256836e+00 -1.039785146713256836e+00 4.690495967864990234e+00 -1.039785146713256836e+00
-3.654438853263854980e-01 -3.654438853263854980e-01 -3.654438853263854980e-01 -3.654438853263854980e-01 7.309016704559326172e+00 -3.654438853263854980e-01 -3.654438853263854980e-01 -3.654438853263854980e-01 -3.654438853263854980e-01 -3.654438853263854980e-01 -3.654438853263854980e-01 -3.654438853263854980e-01 -3.654438853263854980e-01 -3.654438853263854980e-01 -3.654438853263854980e-01 -3.654438853263854980e-01 -3.654438853263854980e-01 -3.654438853263854980e-01 -3.654438853263854980e-01 -3.654438853263854980e-01 -3.654438853263854980e-01
