-3.654371201992034912e-01 7.308609962463378906e+00 -3.654371201992034912e-01 -3.654371201992034912e-01 -3.654371201992034912e-01 -3.654371201992034912e-01 -3.654371201992034912e-01 -3.654371201992034912e-01 -3.654371201992034912e-01 -3.654371201992034912e-01 -3.654371201992034912e-01 -3.654371201992034912e-01 -3.654371201992034912e-01 -3.654371201992034912e-01 -3.654371201992034912e-01 -3.654371201992034912e-01 -3.654371201992034912e-01 -3.654371201992034912e-01 -3.654371201992034912e-01 -3.654371201992034912e-01 -3.654371201992034912e-01
6.201839447021484375e+00 -6.441847085952758789e-01 -6.441847085952758789e-01 -6.441847085952758789e-01 -6.441847085952758789e-01 -1.055485978722572327e-01 -6.441847085952758789e-01 -6.441847085952758789e-01 -6.441847085952758789e-01 -6.441847085952758789e-01 -6.441847085952758789e-01 -6.441847085952758789e-01 -6.441847085952758789e-01 -6.441847085952758789e-01 -1.055485978722572327e-01 4.960301876068115234e+00 -6.441847085952758789e-01 -6.441847085952758789e-01 -6.441847085952758789e-01 -6.441847085952758789e-01 -6.441847085952758789e-01
3.323798179626464844e+00 -8.068879246711730957e-01 -8.068879246711730957e-01 -8.068879246711730957e-01 -1.210069060325622559e+00 4.743484258651733398e-01 -1.210069060325622559e+00 4.743484258651733398e-01 -1.210069060325622559e+00 -1.210069060325622559e+00 -1.210069060325622559e+00 -1.210069060325622559e+00 -8.068879246711730957e-01 -1.210069060325622559e+00 -8.068879246711730957e-01 4.932676315307617188e+00 1.407954454421997070e+00 2.558974981307983398e+00 1.349513411521911621e+00 -8.068879246711730957e-01 -1.210069060325622559e+00
-9.505677968263626099e-02 -1.498927235603332520e+00 -9.505677968263626099e-02 1.088885307312011719e+00 -8.533317446708679199e-01 1.634642124176025391e+00 -1.498927235603332520e+00 -4.173136055469512939e-01 -1.140356063842773438e+00 -1.140356063842773438e+00 -9.505677968263626099e-02 -6.170579195022583008e-01 8.778293728828430176e-01 -6.170579195022583008e-01 2.808859586715698242e+00 4.392165184020996094e+00 1.088885307312011719e+00 -6.170579195022583008e-01 -8.533317446708679199e-01 -8.533317446708679199e-01 -1.498927235603332520e+00
-1.913417316973209381e-02 -1.820010900497436523e+00 3.912090361118316650e-01 8.815024495124816895e-01 5.491351485252380371e-01 -1.026434421539306641e+00 -1.242612004280090332e+00 -1.242612004280090332e+00 -1.026434421539306641e+00 2.251768827438354492e+00 -1.820010900497436523e+00 -1.242612004280090332e+00 1.287806034088134766e+00 1.803681373596191406e+00 6.112496182322502136e-02 6.864848136901855469e-01 -1.501264929771423340e+00 1.358332186937332153e-01 -1.501264929771423340e+00 8.078334927558898926e-01 3.586200475692749023e+00
1.273664981126785278e-01 -7.672474384307861328e-01 6.930027008056640625e-01 1.273664981126785278e-01 -7.672474384307861328e-01 -2.670322954654693604e-01 -7.672474384307861328e-01 -7.672474384307861328e-01 -7.672474384307861328e-01 4.391545355319976807e-01 -7.672474384307861328e-01 1.273664981126785278e-01 -2.670322954654693604e-01 -7.672474384307861328e-01 -2.670322954654693604e-01 1.273664981126785278e-01 -7.672474384307861328e-01 6.930027008056640625e-01 -7.672474384307861328e-01 -7.672474384307861328e-01 6.139119148254394531e+00
7.382280379533767700e-02 -5.102431178092956543e-01 -5.102431178092956543e-01 7.382280379533767700e-02 -5.102431178092956543e-01 -5.102431178092956543e-01 -5.102431178092956543e-01 -5.102431178092956543e-01 -5.102431178092956543e-01 5.390058755874633789e-01 -5.102431178092956543e-01 -5.102431178092956543e-01 7.382280379533767700e-02 -5.102431178092956543e-01 -5.102431178092956543e-01 7.382280379533767700e-02 -5.102431178092956543e-01 -5.102431178092956543e-01 -5.102431178092956543e-01 -5.102431178092956543e-01 6.819410800933837891e+00
-7.750242203474044800e-02 -6.221140623092651367e-01 -6.221140623092651367e-01 -6.221140623092651367e-01 -6.221140623092651367e-01 9.623245000839233398e-01 -6.221140623092651367e-01 3.534711301326751709e-01 -6.221140623092651367e-01 -7.750242203474044800e-02 -6.221140623092651367e-01 -6.221140623092651367e-01 -6.221140623092651367e-01 -6.221140623092651367e-01 3.534711301326751709e-01 6.909610033035278320e-01 -6.221140623092651367e-01 -6.221140623092651367e-01 -6.221140623092651367e-01 -6.221140623092651367e-01 6.504700183868408203e+00
3.984401822090148926e-01 -1.339267373085021973e+00 -9.567819237709045410e-01 -1.960232853889465332e-01 -9.567819237709045410e-01 1.246703147888183594e+00 -1.339267373085021973e+00 -4.043831527233123779e-01 -1.725989766418933868e-02 1.384648829698562622e-01 -4.043831527233123779e-01 -9.567819237709045410e-01 1.191976904869079590e+00 -6.525556445121765137e-01 7.871429920196533203e-01 8.660988211631774902e-01 3.984401822090148926e-01 -1.725989766418933868e-02 -1.339267373085021973e+00 -1.339267373085021973e+00 4.892426967620849609e+00
1.012864708900451660e+00 -1.546928644180297852e+00 8.025952577590942383e-01 5.402662158012390137e-01 -1.194779276847839355e+00 1.849686384201049805e+00 -1.546928644180297852e+00 -9.125415086746215820e-01 -6.797991394996643066e-01 8.641928434371948242e-02 -1.194779276847839355e+00 -1.546928644180297852e+00 2.907865345478057861e-01 4.632822573184967041e-01 6.121129989624023438e-01 4.632822573184967041e-01 3.804202675819396973e-01 -4.826429188251495361e-01 -9.125415086746215820e-01 -9.125415086746215820e-01 4.428894519805908203e+00
4.119779765605926514e-01 -2.117507457733154297e+00 3.750870525836944580e-01 -9.025023132562637329e-02 -4.321597516536712646e-01 1.983627200126647949e+00 -1.216670513153076172e+00 -1.065677285194396973e+00 -1.389555931091308594e+00 1.099880337715148926e+00 -1.389555931091308594e+00 -9.322107434272766113e-01 5.789591670036315918e-01 1.679520905017852783e-01 7.491653561592102051e-01 1.022810339927673340e+00 7.226828932762145996e-01 2.066721767187118530e-02 -6.064187884330749512e-01 -7.049216628074645996e-01 2.812281131744384766e+00
6.853306293487548828e-01 -1.970447778701782227e+00 9.304603338241577148e-01 7.255274057388305664e-02 -1.230270028114318848e+00 1.990090966224670410e+00 -1.377616167068481445e+00 -6.082028746604919434e-01 -8.767728209495544434e-01 4.237824082374572754e-01 -1.377616167068481445e+00 -1.099741220474243164e+00 4.531418681144714355e-01 6.136226058006286621e-01 8.934764266014099121e-01 9.661467671394348145e-01 7.523396015167236328e-01 -1.605894416570663452e-01 -1.605894416570663452e-01 -9.827541112899780273e-01 2.063768386840820312e+00
1.121462464332580566e+00 -1.916622042655944824e+00 3.671379685401916504e-01 4.939971268177032471e-01 -1.167871117591857910e+00 2.333949804306030273e+00 -1.683902263641357422e+00 -4.644336998462677002e-01 -8.118290901184082031e-01 7.788931131362915039e-01 -1.916622042655944824e+00 -9.184840321540832520e-01 4.637108445167541504e-01 4.325128793716430664e-01 1.121462464332580566e+00 1.539360761642456055e+00 1.271419763565063477e+00 7.560306191444396973e-01 -1.167871117591857910e+00 -1.316616892814636230e+00 6.842069625854492188e-01
8.285318613052368164e-01 -2.333329677581787109e+00 1.098454594612121582e-01 -3.704407950863242149e-03 -5.736599564552307129e-01 2.016472578048706055e+00 -1.206786990165710449e+00 7.336145639419555664e-02 -7.206252217292785645e-01 8.461838364601135254e-01 -8.023520708084106445e-01 7.336145639419555664e-02 8.285318613052368164e-01 -4.449656978249549866e-02 5.427662730216979980e-01 1.197637677192687988e+00 1.120515942573547363e+00 6.751161813735961914e-01 -1.206786990165710449e+00 -3.295243084430694580e-01 -1.091229557991027832e+00
7.655366659164428711e-01 -2.223783731460571289e+00 3.318232893943786621e-01 -5.751254558563232422e-01 -4.265920221805572510e-01 2.156944036483764648e+00 -7.471992373466491699e-01 -4.982860386371612549e-01 -8.443443179130554199e-01 3.649879693984985352e-01 -1.712680220603942871e+00 1.765476107597351074e+00 8.088170289993286133e-01 3.971231877803802490e-01 3.318232893943786621e-01 1.117305874824523926e+00 1.492462635040283203e+00 -1.266960501670837402e-01 -1.199322104454040527e+00 7.655366659164428711e-01 -1.943773984909057617e+00
-3.849822878837585449e-01 -1.879607915878295898e+00 1.944080710411071777e+00 2.042512416839599609e+00 -1.313207745552062988e+00 2.274281501770019531e+00 -3.849822878837585449e-01 -1.100382328033447266e+00 -1.313207745552062988e+00 -1.100382328033447266e+00 -1.879607915878295898e+00 2.560744762420654297e+00 -6.207738518714904785e-01 1.173657059669494629e+00 -7.599672675132751465e-01 7.192307114601135254e-01 1.860298037528991699e+00 -7.599672675132751465e-01 -1.567311167716979980e+00 2.369080305099487305e+00 -1.879607915878295898e+00
-6.646004319190979004e-01 -1.535184144973754883e+00 -4.667071998119354248e-01 4.013134479522705078e+00 -8.983324170112609863e-01 2.438147544860839844e+00 -1.535184144973754883e+00 3.979752659797668457e-01 1.575553417205810547e+00 -8.983324170112609863e-01 -1.181688547134399414e+00 -1.535184144973754883e+00 1.949843764305114746e+00 -2.961249351501464844e-01 -4.667071998119354248e-01 -4.667071998119354248e-01 3.200449228286743164e+00 -1.519188564270734787e-02 -8.983324170112609863e-01 -1.181688547134399414e+00 -1.535184144973754883e+00
3.104762792587280273e+00 -1.224758744239807129e+00 -1.224758744239807129e+00 -8.245956897735595703e-01 -1.224758744239807129e+00 -8.245956897735595703e-01 -8.245956897735595703e-01 2.280010223388671875e+00 -8.245956897735595703e-01 3.366046905517578125e+00 -1.224758744239807129e+00 -1.224758744239807129e+00 -8.245956897735595703e-01 4.640239715576171875e+00 -8.245956897735595703e-01 -1.224758744239807129e+00 -1.224758744239807129e+00 -8.245956897735595703e-01 -8.245956897735595703e-01 3.004054546356201172e+00 -1.224758744239807129e+00
-1.038884997367858887e+00 -1.038884997367858887e+00 -1.038884997367858887e+00 -1.038884997367858887e+00 4.676942825317382812e+00 -1.038884997367858887e+00 2.876940727233886719e+00 -1.038884997367858887e+00 -1.038884997367858887e+00 -2.602765560150146484e-01 -1.038884997367858887e+00 -6.029022336006164551e-01 -1.038884997367858887e+00 -1.038884997367858887e+00 -1.038884997367858887e+00 -2.602765560150146484e-01 3.440344095230102539e+00 -1.038884997367858887e+00 -1.038884997367858887e+00 4.673776626586914062e+00 -1.038884997367858887e+00
-3.654227256774902344e-01 -3.654227256774902344e-01 -3.654227256774902344e-01 -3.654227256774902344e-01 7.308628559112548828e+00 -3.654227256774902344e-01 -3.654227256774902344e-01 -3.654227256774902344e-01 -3.654227256774902344e-01 -3.654227256774902344e-01 -3.654227256774902344e-01 -3.654227256774902344e-01 -3.654227256774902344e-01 -3.654227256774902344e-01 -3.654227256774902344e-01 -3.654227256774902344e-01 -3.654227256774902344e-01 -3.654227256774902344e-01 -3.654227256774902344e-01 -3.654227256774902344e-01 -3.654227256774902344e-01
