-3.654629290103912354e-01 7.309041976928710938e+00 -3.654629290103912354e-01 -3.654629290103912354e-01 -3.654629290103912354e-01 -3.654629290103912354e-01 -3.654629290103912354e-01 -3.654629290103912354e-01 -3.654629290103912354e-01 -3.654629290103912354e-01 -3.654629290103912354e-01 -3.654629290103912354e-01 -3.654629290103912354e-01 -3.654629290103912354e-01 -3.654629290103912354e-01 -3.654629290103912354e-01 -3.654629290103912354e-01 -3.654629290103912354e-01 -3.654629290103912354e-01 -3.654629290103912354e-01 -3.654629290103912354e-01
6.206361770629882812e+00 -6.439520120620727539e-01 -6.439520120620727539e-01 -6.439520120620727539e-01 -6.439520120620727539e-01 -1.047518625855445862e-01 -6.439520120620727539e-01 -6.439520120620727539e-01 -6.439520120620727539e-01 -6.439520120620727539e-01 -6.439520120620727539e-01 -6.439520120620727539e-01 -6.439520120620727539e-01 -6.439520120620727539e-01 -1.047518625855445862e-01 4.950137615203857422e+00 -6.439520120620727539e-01 -6.439520120620727539e-01 -6.439520120620727539e-01 -6.439520120620727539e-01 -6.439520120620727539e-01
3.282072305679321289e+00 -7.875360250473022461e-01 -7.875360250473022461e-01 -7.875360250473022461e-01 -1.192988395690917969e+00 5.018616914749145508e-01 -1.192988395690917969e+00 5.018616914749145508e-01 -1.192988395690917969e+00 -1.192988395690917969e+00 -1.192988395690917969e+00 -7.875360250473022461e-01 -1.192988395690917969e+00 -1.192988395690917969e+00 -7.875360250473022461e-01 4.969463825225830078e+00 1.437871932983398438e+00 2.729611158370971680e+00 1.251710057258605957e+00 -1.192988395690917969e+00 -1.192988395690917969e+00
-2.755916416645050049e-01 -1.165399193763732910e+00 4.201914370059967041e-01 1.005339860916137695e+00 -8.806774020195007324e-01 1.680762290954589844e+00 -1.520258069038391113e+00 -4.466713964939117432e-01 -8.806774020195007324e-01 -1.165399193763732910e+00 -1.262785196304321289e-01 -6.455478072166442871e-01 6.525228023529052734e-01 -6.455478072166442871e-01 2.649822711944580078e+00 4.366876125335693359e+00 1.188432335853576660e+00 -8.806774020195007324e-01 -6.455478072166442871e-01 -1.165399193763732910e+00 -1.520258069038391113e+00
-2.134716361761093140e-01 -1.829438328742980957e+00 2.566303610801696777e-01 6.717607975006103516e-01 5.823323130607604980e-01 -8.538089990615844727e-01 -1.038173794746398926e+00 -1.254117727279663086e+00 -1.038173794746398926e+00 2.290788888931274414e+00 -1.512209653854370117e+00 -1.038173794746398926e+00 1.296560406684875488e+00 1.884997487068176270e+00 -1.195272058248519897e-01 8.305156230926513672e-01 -1.512209653854370117e+00 -3.300649300217628479e-02 -1.512209653854370117e+00 5.823323130607604980e-01 3.558552026748657227e+00
1.181825250387191772e-02 -8.454753160476684570e-01 5.584617257118225098e-01 3.120112717151641846e-01 -8.454753160476684570e-01 3.120112717151641846e-01 -8.454753160476684570e-01 -8.454753160476684570e-01 -8.454753160476684570e-01 7.660597562789916992e-01 -8.454753160476684570e-01 1.181825250387191772e-02 -3.653050959110260010e-01 -8.454753160476684570e-01 -3.653050959110260010e-01 1.181825250387191772e-02 -8.454753160476684570e-01 7.660597562789916992e-01 -3.653050959110260010e-01 -8.454753160476684570e-01 5.955151557922363281e+00
5.563491210341453552e-02 -5.248169898986816406e-01 -5.248169898986816406e-01 5.563491210341453552e-02 -5.248169898986816406e-01 -5.248169898986816406e-01 -5.248169898986816406e-01 -5.248169898986816406e-01 -5.248169898986816406e-01 8.727639913558959961e-01 -5.248169898986816406e-01 -5.248169898986816406e-01 5.563491210341453552e-02 -5.248169898986816406e-01 -5.248169898986816406e-01 5.563491210341453552e-02 -5.248169898986816406e-01 -5.248169898986816406e-01 -5.248169898986816406e-01 -5.248169898986816406e-01 6.776978969573974609e+00
2.946977317333221436e-01 -6.584811210632324219e-01 -1.249273568391799927e-01 -6.584811210632324219e-01 -6.584811210632324219e-01 -1.249273568391799927e-01 -6.584811210632324219e-01 2.946977317333221436e-01 -6.584811210632324219e-01 2.946977317333221436e-01 -6.584811210632324219e-01 -6.584811210632324219e-01 -6.584811210632324219e-01 -6.584811210632324219e-01 6.247883439064025879e-01 8.924065232276916504e-01 -6.584811210632324219e-01 -6.584811210632324219e-01 -6.584811210632324219e-01 -6.584811210632324219e-01 6.408926010131835938e+00
4.329875111579895020e-01 -1.316465854644775391e+00 -6.246968507766723633e-01 1.554077118635177612e-02 -1.316465854644775391e+00 1.335850954055786133e+00 -1.316465854644775391e+00 -3.745160698890686035e-01 1.554077118635177612e-02 1.554077118635177612e-02 -3.745160698890686035e-01 -1.316465854644775391e+00 1.045114278793334961e+00 -3.745160698890686035e-01 6.450920104980468750e-01 8.231428861618041992e-01 5.440268516540527344e-01 -1.644275784492492676e-01 -1.316465854644775391e+00 -1.316465854644775391e+00 4.938747882843017578e+00
8.683760166168212891e-01 -1.540560722351074219e+00 7.518849968910217285e-01 6.884899735450744629e-01 -9.058762788772583008e-01 1.880137801170349121e+00 -1.188462495803833008e+00 -1.188462495803833008e+00 -6.723209023475646973e-01 -2.337561175227165222e-02 -1.188462495803833008e+00 -1.540560722351074219e+00 -2.337561175227165222e-02 4.722107052803039551e-01 6.211169958114624023e-01 4.722107052803039551e-01 4.722107052803039551e-01 -3.040744662284851074e-01 -1.188462495803833008e+00 -9.058762788772583008e-01 4.443491935729980469e+00
5.004171133041381836e-01 -2.104392528533935547e+00 4.302863478660583496e-01 -7.237940281629562378e-02 -9.157434701919555664e-01 2.010284900665283203e+00 -1.373860001564025879e+00 -6.876988410949707031e-01 -1.373860001564025879e+00 1.099873661994934082e+00 -1.200525760650634766e+00 -7.960616350173950195e-01 5.004171133041381836e-01 3.933660387992858887e-01 7.677030563354492188e-01 1.000695347785949707e+00 6.860882639884948730e-01 1.393387615680694580e-01 -7.960616350173950195e-01 -1.049374341964721680e+00 2.841425895690917969e+00
7.588124871253967285e-01 -1.982071757316589355e+00 8.971715569496154785e-01 1.532951369881629944e-02 -1.243381023406982422e+00 1.874576807022094727e+00 -1.113169789314270020e+00 -5.454630851745605469e-01 -8.902350664138793945e-01 5.736634135246276855e-01 -1.390246987342834473e+00 -1.243381023406982422e+00 4.668406248092651367e-01 4.946050047874450684e-01 9.685438871383666992e-01 9.685438871383666992e-01 7.155702114105224609e-01 -2.285098731517791748e-01 -2.848697006702423096e-01 -8.902350664138793945e-01 2.077817201614379883e+00
1.083650231361389160e+00 -2.190298795700073242e+00 4.119719564914703369e-01 5.351236462593078613e-01 -1.157338857650756836e+00 2.379432678222656250e+00 -1.306095004081726074e+00 -5.300148725509643555e-01 -6.129601001739501953e-01 6.186774969100952148e-01 -1.907758474349975586e+00 -9.076107144355773926e-01 2.721550166606903076e-01 4.119719564914703369e-01 1.211104869842529297e+00 1.507572889328002930e+00 1.240616559982299805e+00 8.130772113800048828e-01 -8.005879521369934082e-01 -1.907758474349975586e+00 8.349761962890625000e-01
8.665040135383605957e-01 -2.331286191940307617e+00 2.781340479850769043e-01 -8.484218269586563110e-04 -4.418585002422332764e-01 2.024937629699707031e+00 -1.204196095466613770e+00 -1.282628923654556274e-01 -8.875418305397033691e-01 8.491558432579040527e-01 -8.875418305397033691e-01 3.838943690061569214e-02 6.780908703804016113e-01 3.838943690061569214e-02 5.456914901733398438e-01 1.162805914878845215e+00 1.175570249557495117e+00 7.383605837821960449e-01 -1.204196095466613770e+00 -3.266986310482025146e-01 -9.835650920867919922e-01
9.253603816032409668e-01 -2.212637901306152344e+00 3.129924833774566650e-01 -9.364817142486572266e-01 -2.813892066478729248e-01 2.167281389236450195e+00 -7.323618531227111816e-01 -7.323618531227111816e-01 -7.323618531227111816e-01 1.632623225450515747e-01 -1.503037452697753906e+00 1.813845992088317871e+00 8.455017209053039551e-01 3.804856538772583008e-01 3.129924833774566650e-01 1.117307066917419434e+00 1.550664305686950684e+00 7.949347048997879028e-02 -1.503037452697753906e+00 6.641800999641418457e-01 -1.699764370918273926e+00
-3.643222749233245850e-01 -1.864769577980041504e+00 2.000097036361694336e+00 2.054179191589355469e+00 -1.551415324211120605e+00 2.337069749832153320e+00 -6.011963486671447754e-01 -1.082011222839355469e+00 -1.295999050140380859e+00 -1.295999050140380859e+00 -1.864769577980041504e+00 2.551352024078369141e+00 -7.406732439994812012e-01 1.170588016510009766e+00 -6.011963486671447754e-01 7.017286419868469238e-01 1.869839191436767578e+00 -7.406732439994812012e-01 -1.551415324211120605e+00 2.421018123626708984e+00 -1.551415324211120605e+00
-6.870698332786560059e-01 -1.552206516265869141e+00 -3.200875818729400635e-01 3.977021455764770508e+00 -9.201010465621948242e-01 2.457286834716796875e+00 -1.552206516265869141e+00 4.543874859809875488e-01 1.547816276550292969e+00 -9.201010465621948242e-01 -9.201010465621948242e-01 -1.552206516265869141e+00 1.881918430328369141e+00 -4.898051321506500244e-01 -9.201010465621948242e-01 -6.870698332786560059e-01 3.154865264892578125e+00 3.716043233871459961e-01 -9.201010465621948242e-01 -1.201767802238464355e+00 -1.201767802238464355e+00
3.131559610366821289e+00 -1.209455013275146484e+00 -1.209455013275146484e+00 -8.070467710494995117e-01 -1.209455013275146484e+00 -8.070467710494995117e-01 -8.070467710494995117e-01 2.231769323348999023e+00 -8.070467710494995117e-01 3.441070556640625000e+00 -1.209455013275146484e+00 -1.209455013275146484e+00 -1.209455013275146484e+00 4.653287887573242188e+00 -8.070467710494995117e-01 -8.070467710494995117e-01 -1.209455013275146484e+00 -1.209455013275146484e+00 -8.070467710494995117e-01 3.076832532882690430e+00 -1.209455013275146484e+00
-1.037734985351562500e+00 -1.037734985351562500e+00 -1.037734985351562500e+00 -1.037734985351562500e+00 4.681622505187988281e+00 -1.037734985351562500e+00 2.859380722045898438e+00 -1.037734985351562500e+00 -1.037734985351562500e+00 1.690515317022800446e-02 -1.037734985351562500e+00 -6.021148562431335449e-01 -1.037734985351562500e+00 -1.037734985351562500e+00 -1.037734985351562500e+00 -6.021148562431335449e-01 3.524733543395996094e+00 -1.037734985351562500e+00 -1.037734985351562500e+00 4.649598598480224609e+00 -1.037734985351562500e+00
-3.654437661170959473e-01 -3.654437661170959473e-01 -3.654437661170959473e-01 -3.654437661170959473e-01 7.308869361877441406e+00 -3.654437661170959473e-01 -3.654437661170959473e-01 -3.654437661170959473e-01 -3.654437661170959473e-01 -3.654437661170959473e-01 -3.654437661170959473e-01 -3.654437661170959473e-01 -3.654437661170959473e-01 -3.654437661170959473e-01 -3.654437661170959473e-01 -3.654437661170959473e-01 -3.654437661170959473e-01 -3.654437661170959473e-01 -3.654437661170959473e-01 -3.654437661170959473e-01 -3.654437661170959473e-01
