-3.654650151729583740e-01 7.309077262878417969e+00 -3.654650151729583740e-01 -3.654650151729583740e-01 -3.654650151729583740e-01 -3.654650151729583740e-01 -3.654650151729583740e-01 -3.654650151729583740e-01 -3.654650151729583740e-01 -3.654650151729583740e-01 -3.654650151729583740e-01 -3.654650151729583740e-01 -3.654650151729583740e-01 -3.654650151729583740e-01 -3.654650151729583740e-01 -3.654650151729583740e-01 -3.654650151729583740e-01 -3.654650151729583740e-01 -3.654650151729583740e-01 -3.654650151729583740e-01 -3.654650151729583740e-01
6.187678337097167969e+00 -6.453847289085388184e-01 -6.453847289085388184e-01 -6.453847289085388184e-01 -6.453847289085388184e-01 -1.064100265502929688e-01 -6.453847289085388184e-01 -6.453847289085388184e-01 -6.453847289085388184e-01 -6.453847289085388184e-01 -6.453847289085388184e-01 -6.453847289085388184e-01 -6.453847289085388184e-01 -6.453847289085388184e-01 -1.064100265502929688e-01 4.996713638305664062e+00 -6.453847289085388184e-01 -6.453847289085388184e-01 -6.453847289085388184e-01 -6.453847289085388184e-01 -6.453847289085388184e-01
3.295400381088256836e+00 -8.035833239555358887e-01 -8.035833239555358887e-01 -8.035833239555358887e-01 -1.206191182136535645e+00 7.204378247261047363e-01 -1.206191182136535645e+00 3.405040204524993896e-01 -1.206191182136535645e+00 -1.206191182136535645e+00 -1.206191182136535645e+00 -1.206191182136535645e+00 -8.035833239555358887e-01 -1.206191182136535645e+00 -8.035833239555358887e-01 4.938382625579833984e+00 1.294959425926208496e+00 2.722192287445068359e+00 1.159389853477478027e+00 -8.035833239555358887e-01 -1.206191182136535645e+00
-3.081052303314208984e-01 -1.543308138847351074e+00 2.951927483081817627e-01 1.017382740974426270e+00 -6.758514046669006348e-01 1.643031001091003418e+00 -1.192089915275573730e+00 -4.781599938869476318e-01 -9.095816016197204590e-01 -1.192089915275573730e+00 -1.595299839973449707e-01 -6.758514046669006348e-01 7.472178936004638672e-01 -4.781599938869476318e-01 2.698155641555786133e+00 4.300497055053710938e+00 1.232055306434631348e+00 -6.758514046669006348e-01 -9.095816016197204590e-01 -1.192089915275573730e+00 -1.543308138847351074e+00
-3.977787494659423828e-02 -1.834061384201049805e+00 2.498844861984252930e-01 7.861269116401672363e-01 6.211458444595336914e-01 -1.259611248970031738e+00 -1.259611248970031738e+00 -1.043692469596862793e+00 -1.043692469596862793e+00 2.265900373458862305e+00 -1.517615914344787598e+00 -1.043692469596862793e+00 1.241572499275207520e+00 1.837665915489196777e+00 1.147518455982208252e-01 6.211458444595336914e-01 -1.517615914344787598e+00 4.025197401642799377e-02 -1.517615914344787598e+00 7.472620010375976562e-01 3.551341056823730469e+00
1.019357442855834961e-01 -7.839322090148925781e-01 6.643900871276855469e-01 1.019357442855834961e-01 -7.839322090148925781e-01 4.111295044422149658e-01 -7.839322090148925781e-01 -7.839322090148925781e-01 -7.839322090148925781e-01 6.643900871276855469e-01 -7.839322090148925781e-01 1.019357442855834961e-01 -7.839322090148925781e-01 -7.839322090148925781e-01 -2.871992886066436768e-01 1.019357442855834961e-01 -7.839322090148925781e-01 6.643900871276855469e-01 -7.839322090148925781e-01 -7.839322090148925781e-01 6.098423957824707031e+00
5.660818144679069519e-02 -5.250532031059265137e-01 -5.250532031059265137e-01 5.660818144679069519e-02 -5.250532031059265137e-01 -5.250532031059265137e-01 -5.250532031059265137e-01 -5.250532031059265137e-01 -5.250532031059265137e-01 8.721589446067810059e-01 -5.250532031059265137e-01 -5.250532031059265137e-01 5.660818144679069519e-02 -5.250532031059265137e-01 -5.250532031059265137e-01 5.660818144679069519e-02 -5.250532031059265137e-01 -5.250532031059265137e-01 -5.250532031059265137e-01 -5.250532031059265137e-01 6.777109146118164062e+00
2.820525765419006348e-01 -6.666535735130310059e-01 -6.666535735130310059e-01 -6.666535735130310059e-01 -6.666535735130310059e-01 8.777547478675842285e-01 -6.666535735130310059e-01 2.820525765419006348e-01 -6.666535735130310059e-01 2.820525765419006348e-01 -6.666535735130310059e-01 -6.666535735130310059e-01 -6.666535735130310059e-01 -6.666535735130310059e-01 6.106381416320800781e-01 6.106381416320800781e-01 -6.666535735130310059e-01 -6.666535735130310059e-01 -6.666535735130310059e-01 -6.666535735130310059e-01 6.387872695922851562e+00
6.858727931976318359e-01 -1.348463773727416992e+00 -6.666395068168640137e-01 -2.103521525859832764e-01 -1.348463773727416992e+00 1.281864285469055176e+00 -1.348463773727416992e+00 -2.103521525859832764e-01 1.234610155224800110e-01 2.604045867919921875e-01 -6.666395068168640137e-01 -9.689590334892272949e-01 8.497469425201416016e-01 -4.187892675399780273e-01 6.858727931976318359e-01 7.708973288536071777e-01 3.827360868453979492e-01 -3.180725872516632080e-02 -1.348463773727416992e+00 -1.348463773727416992e+00 4.874703407287597656e+00
1.235204219818115234e+00 -1.541293859481811523e+00 7.503430843353271484e-01 3.877983093261718750e-01 -6.734357476234436035e-01 1.899093508720397949e+00 -1.189846396446228027e+00 -1.189846396446228027e+00 -9.072675704956054688e-01 -2.466614544391632080e-02 -1.541293859481811523e+00 -1.541293859481811523e+00 2.981039285659790039e-01 6.195673346519470215e-01 4.706833362579345703e-01 4.706833362579345703e-01 2.981039285659790039e-01 -6.734357476234436035e-01 -6.734357476234436035e-01 -9.072675704956054688e-01 4.433599948883056641e+00
5.002907514572143555e-01 -2.104623317718505859e+00 4.301755428314208984e-01 3.860591724514961243e-02 -4.982151687145233154e-01 2.040493726730346680e+00 -1.200531482696533203e+00 -9.157634973526000977e-01 -1.814649224281311035e+00 1.207276582717895508e+00 -1.200531482696533203e+00 -7.960387468338012695e-01 5.659663677215576172e-01 2.309048324823379517e-01 5.659663677215576172e-01 9.580179452896118164e-01 5.659663677215576172e-01 9.008646756410598755e-02 -5.888865590095520020e-01 -9.157634973526000977e-01 2.841318130493164062e+00
7.614364624023437500e-01 -2.242310762405395508e+00 9.752804040908813477e-01 1.998728513717651367e-01 -1.091630339622497559e+00 1.905983805656433105e+00 -1.091630339622497559e+00 -4.514249563217163086e-01 -6.818523406982421875e-01 5.184946060180664062e-01 -1.733358621597290039e+00 -1.369443297386169434e+00 5.976070165634155273e-01 6.226738691329956055e-01 9.575899839401245117e-01 8.642191290855407715e-01 7.828370928764343262e-01 -2.617329657077789307e-01 -2.617329657077789307e-01 -1.091630339622497559e+00 2.090608119964599609e+00
1.089141368865966797e+00 -1.916507482528686523e+00 2.230180501937866211e-01 5.525406599044799805e-01 -1.167380094528198242e+00 2.395791053771972656e+00 -1.485687732696533203e+00 -4.639359712600708008e-01 -9.178670048713684082e-01 7.565652132034301758e-01 -1.916507482528686523e+00 -1.035883903503417969e+00 4.008484482765197754e-01 1.834887564182281494e-01 1.184655070304870605e+00 1.450460076332092285e+00 1.257919788360595703e+00 7.565652132034301758e-01 -8.109044432640075684e-01 -1.315775394439697266e+00 7.794281840324401855e-01
1.000341415405273438e+00 -2.317420005798339844e+00 2.017671167850494385e-01 -6.455200910568237305e-02 -3.635372221469879150e-01 2.006199121475219727e+00 -1.315336942672729492e+00 9.585853666067123413e-02 -6.229764223098754883e-01 9.035682082176208496e-01 -1.070432186126708984e+00 1.676536500453948975e-01 7.583095431327819824e-01 -1.088286191225051880e-01 5.655700564384460449e-01 1.233034968376159668e+00 1.169959664344787598e+00 7.386050820350646973e-01 -1.460599780082702637e+00 -5.520166754722595215e-01 -9.652435779571533203e-01
7.243462204933166504e-01 -2.237300395965576172e+00 3.131834268569946289e-01 -3.776468932628631592e-01 -2.549181878566741943e-01 2.103665113449096680e+00 -8.615656495094299316e-01 -6.752346754074096680e-01 -6.752346754074096680e-01 3.463305532932281494e-01 -1.531806945800781250e+00 1.754554629325866699e+00 9.283996820449829102e-01 3.784492015838623047e-01 2.068512886762619019e-01 1.050263166427612305e+00 1.473397612571716309e+00 -4.523948580026626587e-02 -1.363176822662353516e+00 7.015056610107421875e-01 -1.958593249320983887e+00
-5.840232968330383301e-01 -1.851917147636413574e+00 1.837529182434082031e+00 2.164417028427124023e+00 -1.537425756454467773e+00 2.418470859527587891e+00 -5.840232968330383301e-01 -1.065929889678955078e+00 -1.280787110328674316e+00 -1.280787110328674316e+00 -1.851917147636413574e+00 2.590071201324462891e+00 -8.826638460159301758e-01 1.262648820877075195e+00 -5.840232968330383301e-01 7.596809267997741699e-01 1.850748181343078613e+00 -7.238355278968811035e-01 -1.537425756454467773e+00 2.418470859527587891e+00 -1.537425756454467773e+00
-1.154309749603271484e+00 -1.509929895401000977e+00 -6.323364973068237305e-01 4.064154624938964844e+00 -8.685380816459655762e-01 2.429053306579589844e+00 -1.509929895401000977e+00 5.184679031372070312e-01 1.696934342384338379e+00 -1.154309749603271484e+00 -8.685380816459655762e-01 -1.509929895401000977e+00 2.047266721725463867e+00 -8.685380816459655762e-01 -4.328293800354003906e-01 -4.328293800354003906e-01 3.224051713943481445e+00 1.393467634916305542e-01 -8.685380816459655762e-01 -1.154309749603271484e+00 -1.154309749603271484e+00
3.110009193420410156e+00 -1.191016077995300293e+00 -1.191016077995300293e+00 -7.856566905975341797e-01 -1.191016077995300293e+00 -1.191016077995300293e+00 -7.856566905975341797e-01 2.289976596832275391e+00 -7.856566905975341797e-01 3.512824296951293945e+00 -1.191016077995300293e+00 -1.191016077995300293e+00 -7.856566905975341797e-01 4.707645893096923828e+00 -1.191016077995300293e+00 -7.856566905975341797e-01 -1.191016077995300293e+00 -7.856566905975341797e-01 -1.191016077995300293e+00 3.003325700759887695e+00 -1.191016077995300293e+00
-1.035406827926635742e+00 -1.035406827926635742e+00 -1.035406827926635742e+00 -1.035406827926635742e+00 4.698662281036376953e+00 -1.035406827926635742e+00 2.919802427291870117e+00 -1.035406827926635742e+00 -1.035406827926635742e+00 2.058786340057849884e-02 -1.035406827926635742e+00 -5.997458100318908691e-01 -1.035406827926635742e+00 -1.035406827926635742e+00 -1.035406827926635742e+00 -5.997458100318908691e-01 3.379263162612915039e+00 -1.035406827926635742e+00 -1.035406827926635742e+00 4.676630496978759766e+00 -1.035406827926635742e+00
-3.654419481754302979e-01 -3.654419481754302979e-01 -3.654419481754302979e-01 -3.654419481754302979e-01 7.309019565582275391e+00 -3.654419481754302979e-01 -3.654419481754302979e-01 -3.654419481754302979e-01 -3.654419481754302979e-01 -3.654419481754302979e-01 -3.654419481754302979e-01 -3.654419481754302979e-01 -3.654419481754302979e-01 -3.654419481754302979e-01 -3.654419481754302979e-01 -3.654419481754302979e-01 -3.654419481754302979e-01 -3.654419481754302979e-01 -3.654419481754302979e-01 -3.654419481754302979e-01 -3.654419481754302979e-01
