-3.654617667198181152e-01 7.309140205383300781e+00 -3.654617667198181152e-01 -3.654617667198181152e-01 -3.654617667198181152e-01 -3.654617667198181152e-01 -3.654617667198181152e-01 -3.654617667198181152e-01 -3.654617667198181152e-01 -3.654617667198181152e-01 -3.654617667198181152e-01 -3.654617667198181152e-01 -3.654617667198181152e-01 -3.654617667198181152e-01 -3.654617667198181152e-01 -3.654617667198181152e-01 -3.654617667198181152e-01 -3.654617667198181152e-01 -3.654617667198181152e-01 -3.654617667198181152e-01 -3.654617667198181152e-01
6.153748035430908203e+00 -6.614441275596618652e-01 -6.614441275596618652e-01 -6.614441275596618652e-01 -6.614441275596618652e-01 2.896570563316345215e-01 -6.614441275596618652e-01 -6.614441275596618652e-01 -6.614441275596618652e-01 -6.614441275596618652e-01 -6.614441275596618652e-01 -6.614441275596618652e-01 -6.614441275596618652e-01 -6.614441275596618652e-01 -1.274679452180862427e-01 4.928601741790771484e+00 -6.614441275596618652e-01 -6.614441275596618652e-01 -6.614441275596618652e-01 -6.614441275596618652e-01 -6.614441275596618652e-01
3.347813844680786133e+00 -1.162198901176452637e+00 -7.515668272972106934e-01 -7.515668272972106934e-01 -1.162198901176452637e+00 2.463820278644561768e-01 -1.162198901176452637e+00 5.514157414436340332e-01 -1.162198901176452637e+00 -1.162198901176452637e+00 -1.162198901176452637e+00 -7.515668272972106934e-01 -7.515668272972106934e-01 -1.162198901176452637e+00 -1.162198901176452637e+00 5.026206016540527344e+00 1.432775378227233887e+00 2.864160776138305664e+00 1.159209251403808594e+00 -1.162198901176452637e+00 -1.162198901176452637e+00
-1.134135723114013672e+00 -1.134135723114013672e+00 3.720870912075042725e-01 1.273971080780029297e+00 -1.134135723114013672e+00 1.751500010490417480e+00 -1.492290377616882324e+00 -4.088952839374542236e-01 -6.092656850814819336e-01 -1.134135723114013672e+00 -4.088952839374542236e-01 -8.466339111328125000e-01 6.954458355903625488e-01 -4.088952839374542236e-01 2.734985113143920898e+00 4.403777599334716797e+00 1.273971080780029297e+00 -8.466339111328125000e-01 -6.092656850814819336e-01 -8.466339111328125000e-01 -1.492290377616882324e+00
-3.490062430500984192e-02 -1.830684661865234375e+00 3.749511837959289551e-01 7.912105321884155273e-01 4.302361905574798584e-01 -1.039540171623229980e+00 -1.039540171623229980e+00 -1.039540171623229980e+00 -1.039540171623229980e+00 2.297631978988647461e+00 -1.513857364654541016e+00 -1.255581974983215332e+00 1.317821621894836426e+00 1.842888593673706055e+00 -2.151837944984436035e-01 6.699520945549011230e-01 -1.513857364654541016e+00 4.513234272599220276e-02 -1.513857364654541016e+00 7.119555473327636719e-01 3.554130792617797852e+00
1.097402721643447876e-01 -7.786237597465515137e-01 6.737177371978759766e-01 4.197915196418762207e-01 -7.786237597465515137e-01 1.097402721643447876e-01 -7.786237597465515137e-01 -7.786237597465515137e-01 -7.786237597465515137e-01 6.737177371978759766e-01 -7.786237597465515137e-01 -2.804407477378845215e-01 -7.786237597465515137e-01 -7.786237597465515137e-01 -2.804407477378845215e-01 1.097402721643447876e-01 -7.786237597465515137e-01 4.197915196418762207e-01 -2.804407477378845215e-01 -7.786237597465515137e-01 6.111683845520019531e+00
1.096832528710365295e-01 -4.875544309616088867e-01 -4.875544309616088867e-01 1.096832528710365295e-01 -4.875544309616088867e-01 -4.875544309616088867e-01 -4.875544309616088867e-01 -4.875544309616088867e-01 -4.875544309616088867e-01 5.806837677955627441e-01 -4.875544309616088867e-01 -4.875544309616088867e-01 1.096832528710365295e-01 -4.875544309616088867e-01 -4.875544309616088867e-01 -4.875544309616088867e-01 -4.875544309616088867e-01 -4.875544309616088867e-01 -4.875544309616088867e-01 -4.875544309616088867e-01 6.891392707824707031e+00
-1.403489261865615845e-01 -6.709003448486328125e-01 -1.403489261865615845e-01 -6.709003448486328125e-01 -6.709003448486328125e-01 6.028514504432678223e-01 -6.709003448486328125e-01 2.751135528087615967e-01 -6.709003448486328125e-01 2.751135528087615967e-01 -6.709003448486328125e-01 -6.709003448486328125e-01 -6.709003448486328125e-01 -6.709003448486328125e-01 6.028514504432678223e-01 8.694452047348022461e-01 -6.709003448486328125e-01 -6.709003448486328125e-01 -6.709003448486328125e-01 -6.709003448486328125e-01 6.376971244812011719e+00
3.493483662605285645e-01 -1.370415925979614258e+00 -4.480689167976379395e-01 -2.408875226974487305e-01 -9.942836761474609375e-01 1.295433163642883301e+00 -1.370415925979614258e+00 -4.480689167976379395e-01 -6.336314231157302856e-02 2.274659126996994019e-01 -4.480689167976379395e-01 -9.942836761474609375e-01 1.021196007728576660e+00 -6.942970752716064453e-01 6.514718532562255859e-01 8.881052732467651367e-01 4.594050645828247070e-01 9.111218899488449097e-02 -1.370415925979614258e+00 -1.370415925979614258e+00 4.829561710357666016e+00
1.075138330459594727e+00 -1.564689874649047852e+00 7.144417762756347656e-01 5.122771263122558594e-01 -7.035933732986450195e-01 1.939982652664184570e+00 -1.216318488121032715e+00 -1.216318488121032715e+00 -9.358730912208557129e-01 -1.895164400339126587e-01 -1.216318488121032715e+00 -1.564689874649047852e+00 1.661101579666137695e-01 4.354869425296783447e-01 6.511952280998229980e-01 3.528490662574768066e-01 4.354869425296783447e-01 -1.895164400339126587e-01 -9.358730912208557129e-01 -9.358730912208557129e-01 4.385488986968994141e+00
4.509313106536865234e-01 -2.139399290084838867e+00 3.809397816658020020e-01 -1.206200122833251953e-01 -8.412595391273498535e-01 1.959507703781127930e+00 -1.243411421775817871e+00 -8.412595391273498535e-01 -1.243411421775817871e+00 1.104752421379089355e+00 -1.415390372276306152e+00 -8.412595391273498535e-01 5.477783083915710449e-01 4.165241122245788574e-01 6.076472401618957520e-01 1.011134386062622070e+00 6.363185644149780273e-01 3.058818578720092773e-01 -7.333981990814208984e-01 -7.333981990814208984e-01 2.731499910354614258e+00
6.949553489685058594e-01 -1.963569045066833496e+00 9.758446216583251953e-01 2.004212588071823120e-01 -1.221787810325622559e+00 2.006271362304687500e+00 -1.221787810325622559e+00 -5.224074125289916992e-01 -7.704677581787109375e-01 4.912787079811096191e-01 -1.732823610305786133e+00 -1.369004011154174805e+00 4.333441853523254395e-01 5.724818706512451172e-01 9.031623005867004395e-01 9.031623005867004395e-01 8.450328707695007324e-01 -1.511287391185760498e-01 -2.611326277256011963e-01 -8.675397038459777832e-01 2.055677175521850586e+00
9.628642201423645020e-01 -1.903702735900878906e+00 1.999849379062652588e-01 5.406285524368286133e-01 -1.301397562026977539e+00 2.412853240966796875e+00 -1.301397562026977539e+00 -6.079625487327575684e-01 -6.977007389068603516e-01 6.506239175796508789e-01 -1.903702735900878906e+00 -1.301397562026977539e+00 5.111833810806274414e-01 5.111833810806274414e-01 1.106030344963073730e+00 1.556889533996582031e+00 1.302749395370483398e+00 7.961957454681396484e-01 -9.026804566383361816e-01 -1.471616506576538086e+00 8.404676914215087891e-01
8.963196873664855957e-01 -2.310523033142089844e+00 2.444129735231399536e-01 -5.502159893512725830e-02 -4.133532941341400146e-01 2.092733144760131836e+00 -1.452226877212524414e+00 -1.939312815666198730e-01 -6.897690296173095703e-01 8.250520825386047363e-01 -8.599902987480163574e-01 6.759420782327651978e-02 7.483950257301330566e-01 -9.931055456399917603e-02 7.077920436859130859e-01 1.230592370033264160e+00 1.230592370033264160e+00 6.437047123908996582e-01 -1.306811213493347168e+00 -2.446487098932266235e-01 -1.061560750007629395e+00
8.220207095146179199e-01 -2.229506731033325195e+00 2.177794128656387329e-01 -6.648052930831909180e-01 -1.876960992813110352e-01 2.097381591796875000e+00 -9.577973484992980957e-01 -7.540766596794128418e-01 -9.577973484992980957e-01 2.898874282836914062e-01 -1.522569179534912109e+00 1.782073616981506348e+00 8.627260327339172363e-01 3.894420564174652100e-01 3.241448998451232910e-01 1.170231819152832031e+00 1.473732709884643555e+00 1.206426136195659637e-02 -1.206200361251831055e+00 7.577704191207885742e-01 -1.718620061874389648e+00
-3.373255431652069092e-01 -1.845217585563659668e+00 2.007477283477783203e+00 2.094541788101196289e+00 -1.529990196228027344e+00 2.359051465988159180e+00 -4.500281810760498047e-01 -1.057504415512084961e+00 -1.529990196228027344e+00 -1.272771000862121582e+00 -1.845217585563659668e+00 2.606709718704223633e+00 -7.149733304977416992e-01 1.121816992759704590e+00 -5.749892592430114746e-01 7.308601140975952148e-01 1.860993385314941406e+00 -1.057504415512084961e+00 -1.529990196228027344e+00 2.494050025939941406e+00 -1.529990196228027344e+00
-9.132918119430541992e-01 -1.546363711357116699e+00 -4.822061061859130859e-01 3.996515035629272461e+00 -9.132918119430541992e-01 2.443126440048217773e+00 -1.546363711357116699e+00 3.802425861358642578e-01 1.556946158409118652e+00 -6.796876192092895508e-01 -9.132918119430541992e-01 -1.546363711357116699e+00 1.891058325767517090e+00 -4.822061061859130859e-01 -4.822061061859130859e-01 -9.132918119430541992e-01 3.164134263992309570e+00 2.906357347965240479e-01 -9.132918119430541992e-01 -1.195598125457763672e+00 -1.195598125457763672e+00
3.116957426071166992e+00 -1.193420886993408203e+00 -1.193420886993408203e+00 -7.884678840637207031e-01 -1.193420886993408203e+00 -1.193420886993408203e+00 -7.884678840637207031e-01 2.285839080810546875e+00 -1.193420886993408203e+00 3.501031398773193359e+00 -1.193420886993408203e+00 -1.193420886993408203e+00 -1.193420886993408203e+00 4.689514160156250000e+00 -7.884678840637207031e-01 -7.884678840637207031e-01 -1.193420886993408203e+00 -7.884678840637207031e-01 -7.884678840637207031e-01 3.071446657180786133e+00 -1.193420886993408203e+00
-1.018789529800415039e+00 -1.018789529800415039e+00 -1.018789529800415039e+00 -1.018789529800415039e+00 4.712659358978271484e+00 -1.018789529800415039e+00 2.876803398132324219e+00 -1.018789529800415039e+00 -1.018789529800415039e+00 4.500040039420127869e-02 -1.018789529800415039e+00 -1.018789529800415039e+00 -1.018789529800415039e+00 -1.018789529800415039e+00 -1.018789529800415039e+00 -5.795950889587402344e-01 3.510872602462768555e+00 -1.018789529800415039e+00 -1.018789529800415039e+00 4.715827941894531250e+00 -1.018789529800415039e+00
-3.654573857784271240e-01 -3.654573857784271240e-01 -3.654573857784271240e-01 -3.654573857784271240e-01 7.309000015258789062e+00 -3.654573857784271240e-01 -3.654573857784271240e-01 -3.654573857784271240e-01 -3.654573857784271240e-01 -3.654573857784271240e-01 -3.654573857784271240e-01 -3.654573857784271240e-01 -3.654573857784271240e-01 -3.654573857784271240e-01 -3.654573857784271240e-01 -3.654573857784271240e-01 -3.654573857784271240e-01 -3.654573857784271240e-01 -3.654573857784271240e-01 -3.654573857784271240e-01 -3.654573857784271240e-01
