-3.654409050941467285e-01 7.308948516845703125e+00 -3.654409050941467285e-01 -3.654409050941467285e-01 -3.654409050941467285e-01 -3.654409050941467285e-01 -3.654409050941467285e-01 -3.654409050941467285e-01 -3.654409050941467285e-01 -3.654409050941467285e-01 -3.654409050941467285e-01 -3.654409050941467285e-01 -3.654409050941467285e-01 -3.654409050941467285e-01 -3.654409050941467285e-01 -3.654409050941467285e-01 -3.654409050941467285e-01 -3.654409050941467285e-01 -3.654409050941467285e-01 -3.654409050941467285e-01 -3.654409050941467285e-01
6.168169498443603516e+00 -6.603046655654907227e-01 -6.603046655654907227e-01 -6.603046655654907227e-01 -6.603046655654907227e-01 2.915796935558319092e-01 -6.603046655654907227e-01 -6.603046655654907227e-01 -6.603046655654907227e-01 -6.603046655654907227e-01 -6.603046655654907227e-01 -6.603046655654907227e-01 -6.603046655654907227e-01 -6.603046655654907227e-01 -1.259959787130355835e-01 4.891407012939453125e+00 -6.603046655654907227e-01 -6.603046655654907227e-01 -6.603046655654907227e-01 -6.603046655654907227e-01 -6.603046655654907227e-01
3.319410324096679688e+00 -1.162120103836059570e+00 -1.162120103836059570e+00 -1.162120103836059570e+00 -1.162120103836059570e+00 6.784401535987854004e-01 -1.162120103836059570e+00 5.515986084938049316e-01 -1.162120103836059570e+00 -1.162120103836059570e+00 -1.162120103836059570e+00 -1.162120103836059570e+00 -7.515029907226562500e-01 -1.162120103836059570e+00 -7.515029907226562500e-01 5.035101413726806641e+00 1.432979702949523926e+00 2.785684347152709961e+00 1.234577655792236328e+00 -7.515029907226562500e-01 -1.162120103836059570e+00
-4.482183158397674561e-01 -1.167031645774841309e+00 1.230194270610809326e-01 9.522411227226257324e-01 -8.823151588439941406e-01 1.778168082237243652e+00 -1.167031645774841309e+00 -6.470274329185485840e-01 -8.823151588439941406e-01 -1.167031645774841309e+00 -2.773129642009735107e-01 -6.470274329185485840e-01 7.181691527366638184e-01 -4.482183158397674561e-01 2.627440929412841797e+00 4.366673946380615234e+00 1.186557888984680176e+00 -4.482183158397674561e-01 -8.823151588439941406e-01 -1.167031645774841309e+00 -1.521335244178771973e+00
-2.091627120971679688e-01 -1.826406955718994141e+00 1.956531256437301636e-01 8.351285457611083984e-01 3.812720775604248047e-01 -1.250456929206848145e+00 -1.034159064292907715e+00 -1.250456929206848145e+00 -1.034159064292907715e+00 2.286676406860351562e+00 -1.509057283401489258e+00 -1.034159064292907715e+00 1.228407740592956543e+00 1.876476764678955078e+00 1.258907467126846313e-01 7.183551788330078125e-01 -1.509057283401489258e+00 5.131983384490013123e-02 -1.509057283401489258e+00 9.062570929527282715e-01 3.560801506042480469e+00
1.364414989948272705e-01 -7.606588602066040039e-01 1.364414989948272705e-01 1.364414989948272705e-01 -7.606588602066040039e-01 4.491345882415771484e-01 -7.606588602066040039e-01 -7.606588602066040039e-01 -7.606588602066040039e-01 7.049748897552490234e-01 -7.606588602066040039e-01 -2.575943171977996826e-01 -7.606588602066040039e-01 -7.606588602066040039e-01 -2.575943171977996826e-01 -2.575943171977996826e-01 -7.606588602066040039e-01 9.194955229759216309e-01 -2.575943171977996826e-01 -7.606588602066040039e-01 6.154059886932373047e+00
-5.020504593849182129e-01 -5.020504593849182129e-01 -5.020504593849182129e-01 8.918362855911254883e-02 -5.020504593849182129e-01 -5.020504593849182129e-01 -5.020504593849182129e-01 -5.020504593849182129e-01 -5.020504593849182129e-01 9.187137484550476074e-01 -5.020504593849182129e-01 -5.020504593849182129e-01 8.918362855911254883e-02 -5.020504593849182129e-01 -5.020504593849182129e-01 8.918362855911254883e-02 -5.020504593849182129e-01 -5.020504593849182129e-01 -5.020504593849182129e-01 -5.020504593849182129e-01 6.846481323242187500e+00
2.751427590847015381e-01 -6.708906292915344238e-01 -1.404502838850021362e-01 -6.708906292915344238e-01 -6.708906292915344238e-01 8.694693446159362793e-01 -6.708906292915344238e-01 -1.404502838850021362e-01 -6.708906292915344238e-01 2.751427590847015381e-01 -6.708906292915344238e-01 -6.708906292915344238e-01 -6.708906292915344238e-01 -6.708906292915344238e-01 6.029142141342163086e-01 6.029142141342163086e-01 -6.708906292915344238e-01 -6.708906292915344238e-01 -6.708906292915344238e-01 -6.708906292915344238e-01 6.376987457275390625e+00
7.334966063499450684e-01 -1.318945407867431641e+00 -6.288521885871887207e-01 -1.681365966796875000e-01 -9.346894621849060059e-01 8.979914188385009766e-01 -1.318945407867431641e+00 -6.288521885871887207e-01 1.175548974424600601e-02 1.680458486080169678e-01 -6.288521885871887207e-01 -9.346894621849060059e-01 8.979914188385009766e-01 -3.784368634223937988e-01 6.409270763397216797e-01 7.334966063499450684e-01 5.399008989334106445e-01 1.175548974424600601e-02 -1.318945407867431641e+00 -1.318945407867431641e+00 4.942855834960937500e+00
1.207443475723266602e+00 -1.481082797050476074e+00 8.442469239234924316e-01 1.821492761373519897e-01 -5.949577093124389648e-01 1.997148633003234863e+00 -1.121355414390563965e+00 -1.121355414390563965e+00 -1.121355414390563965e+00 6.271068006753921509e-02 -1.481082797050476074e+00 -1.481082797050476074e+00 -2.212373465299606323e-01 6.402863860130310059e-01 5.627274513244628906e-01 5.627274513244628906e-01 4.792042672634124756e-01 -3.939373195171356201e-01 -5.949577093124389648e-01 -1.481082797050476074e+00 4.554678440093994141e+00
3.038705885410308838e-01 -2.112692356109619141e+00 2.625643908977508545e-01 2.742449939250946045e-02 -4.255369603633880615e-01 1.998419642448425293e+00 -1.210517883300781250e+00 -8.066353797912597656e-01 -1.383446335792541504e+00 1.049600481986999512e+00 -1.383446335792541504e+00 -1.210517883300781250e+00 6.744554042816162109e-01 3.818797171115875244e-01 8.316518664360046387e-01 9.464141726493835449e-01 7.818867564201354980e-01 2.742449939250946045e-02 -5.091182589530944824e-01 -1.059704303741455078e+00 2.815980434417724609e+00
6.065498590469360352e-01 -1.976359486579895020e+00 9.590238928794860840e-01 6.555067747831344604e-02 -1.236583232879638672e+00 2.008059024810791016e+00 -1.106202363967895508e+00 -5.382683277130126953e-01 -6.147246956825256348e-01 4.460947513580322266e-01 -1.383525729179382324e+00 -1.236583232879638672e+00 4.167406857013702393e-01 5.294534564018249512e-01 8.282516002655029297e-01 9.934982061386108398e-01 7.233972549438476562e-01 -3.368156850337982178e-01 -2.209007441997528076e-01 -9.891070127487182617e-01 2.062458753585815430e+00
9.454730749130249023e-01 -1.916922450065612793e+00 2.606033682823181152e-01 6.069741845130920410e-01 -1.167913556098937988e+00 2.372077226638793945e+00 -1.683596253395080566e+00 -4.645242393016815186e-01 -9.183006286621093750e-01 7.326661348342895508e-01 -1.916922450065612793e+00 -9.183006286621093750e-01 4.637188315391540527e-01 3.671443164348602295e-01 1.137507677078247070e+00 1.473056435585021973e+00 1.351819396018981934e+00 7.087321281433105469e-01 -9.183006286621093750e-01 -1.316309094429016113e+00 8.012807965278625488e-01
8.368461132049560547e-01 -2.302073240280151367e+00 2.230610251426696777e-01 1.170758157968521118e-01 -4.020531773567199707e-01 2.077990293502807617e+00 -1.608412504196166992e+00 -1.341063231229782104e-01 -7.605161666870117188e-01 8.551447987556457520e-01 -1.050822734832763672e+00 -4.352011159062385559e-02 9.081490635871887207e-01 -4.352011159062385559e-02 5.870919823646545410e-01 1.302569627761840820e+00 1.278958916664123535e+00 6.331875920295715332e-01 -1.296385526657104492e+00 -2.332573682069778442e-01 -9.453846812248229980e-01
8.762869238853454590e-01 -2.233855962753295898e+00 2.483825236558914185e-01 -3.729423880577087402e-01 -4.400544464588165283e-01 2.108667850494384766e+00 -7.599189281463623047e-01 -6.706774234771728516e-01 -6.706774234771728516e-01 2.838043570518493652e-01 -1.527678728103637695e+00 1.775784015655517578e+00 8.956629037857055664e-01 3.512057960033416748e-01 2.838043570518493652e-01 1.071501016616821289e+00 1.399729013442993164e+00 1.342236250638961792e-01 -1.527678728103637695e+00 7.292851805686950684e-01 -1.954795956611633301e+00
-6.341862678527832031e-01 -1.889638066291809082e+00 1.951300740242004395e+00 2.005947589874267578e+00 -1.325142383575439453e+00 2.258759021759033203e+00 -5.101348161697387695e-01 -9.307161569595336914e-01 -1.325142383575439453e+00 -1.325142383575439453e+00 -1.889638066291809082e+00 2.526308059692382812e+00 -6.341862678527832031e-01 1.182520866394042969e+00 -6.341862678527832031e-01 7.774174809455871582e-01 1.819552659988403320e+00 -6.341862678527832031e-01 -1.578988552093505859e+00 2.368503093719482422e+00 -1.578988552093505859e+00
-5.235151052474975586e-01 -1.577088236808776855e+00 -5.235151052474975586e-01 3.910219907760620117e+00 -9.508972764015197754e-01 2.416641235351562500e+00 -1.577088236808776855e+00 6.321389079093933105e-01 1.562745094299316406e+00 -7.194191217422485352e-01 -9.508972764015197754e-01 -1.577088236808776855e+00 1.919918894767761230e+00 -3.549023568630218506e-01 -7.194191217422485352e-01 -7.194191217422485352e-01 3.108208656311035156e+00 3.342735171318054199e-01 -1.230309367179870605e+00 -1.230309367179870605e+00 -1.230309367179870605e+00
3.115450143814086914e+00 -1.206406950950622559e+00 -1.206406950950622559e+00 -8.036843538284301758e-01 -1.206406950950622559e+00 -8.036843538284301758e-01 -8.036843538284301758e-01 2.211026430130004883e+00 -1.206406950950622559e+00 3.406524181365966797e+00 -1.206406950950622559e+00 -1.206406950950622559e+00 -1.206406950950622559e+00 4.679658412933349609e+00 -8.036843538284301758e-01 -8.036843538284301758e-01 -1.206406950950622559e+00 -8.036843538284301758e-01 -8.036843538284301758e-01 3.070955038070678711e+00 -1.206406950950622559e+00
-1.037827491760253906e+00 -1.037827491760253906e+00 -1.037827491760253906e+00 -1.037827491760253906e+00 4.665692329406738281e+00 -1.037827491760253906e+00 2.878375530242919922e+00 -1.037827491760253906e+00 -1.037827491760253906e+00 1.718267612159252167e-02 -1.037827491760253906e+00 -6.025702953338623047e-01 -1.037827491760253906e+00 -1.037827491760253906e+00 -1.037827491760253906e+00 -6.025702953338623047e-01 3.504595041275024414e+00 -1.037827491760253906e+00 -1.037827491760253906e+00 4.668879508972167969e+00 -1.037827491760253906e+00
-3.654418289661407471e-01 -3.654418289661407471e-01 -3.654418289661407471e-01 -3.654418289661407471e-01 7.308958053588867188e+00 -3.654418289661407471e-01 -3.654418289661407471e-01 -3.654418289661407471e-01 -3.654418289661407471e-01 -3.654418289661407471e-01 -3.654418289661407471e-01 -3.654418289661407471e-01 -3.654418289661407471e-01 -3.654418289661407471e-01 -3.654418289661407471e-01 -3.654418289661407471e-01 -3.654418289661407471e-01 -3.654418289661407471e-01 -3.654418289661407471e-01 -3.654418289661407471e-01 -3.654418289661407471e-01
