-3.654588460922241211e-01 7.308943271636962891e+00 -3.654588460922241211e-01 -3.654588460922241211e-01 -3.654588460922241211e-01 -3.654588460922241211e-01 -3.654588460922241211e-01 -3.654588460922241211e-01 -3.654588460922241211e-01 -3.654588460922241211e-01 -3.654588460922241211e-01 -3.654588460922241211e-01 -3.654588460922241211e-01 -3.654588460922241211e-01 -3.654588460922241211e-01 -3.654588460922241211e-01 -3.654588460922241211e-01 -3.654588460922241211e-01 -3.654588460922241211e-01 -3.654588460922241211e-01 -3.654588460922241211e-01
6.207963466644287109e+00 -6.399930715560913086e-01 -6.399930715560913086e-01 -6.399930715560913086e-01 -6.399930715560913086e-01 3.237462341785430908e-01 -6.399930715560913086e-01 -6.399930715560913086e-01 -6.399930715560913086e-01 -6.399930715560913086e-01 -6.399930715560913086e-01 -6.399930715560913086e-01 -6.399930715560913086e-01 -6.399930715560913086e-01 -6.399930715560913086e-01 4.988241195678710938e+00 -6.399930715560913086e-01 -6.399930715560913086e-01 -6.399930715560913086e-01 -6.399930715560913086e-01 -6.399930715560913086e-01
3.330540418624877930e+00 -7.925440073013305664e-01 -7.925440073013305664e-01 -7.925440073013305664e-01 -1.196778059005737305e+00 6.224791407585144043e-01 -1.196778059005737305e+00 1.941509246826171875e-01 -1.196778059005737305e+00 -1.196778059005737305e+00 -1.196778059005737305e+00 -7.925440073013305664e-01 -1.196778059005737305e+00 -1.196778059005737305e+00 -7.925440073013305664e-01 4.960919380187988281e+00 1.373060345649719238e+00 2.672775506973266602e+00 1.175447821617126465e+00 -7.925440073013305664e-01 -1.196778059005737305e+00
-2.511108815670013428e-01 -1.502469420433044434e+00 -1.011186093091964722e-01 1.128749966621398926e+00 -8.592231869697570801e-01 1.655517578125000000e+00 -1.145882248878479004e+00 -1.011186093091964722e-01 -8.592231869697570801e-01 -1.502469420433044434e+00 -4.227597415447235107e-01 -8.592231869697570801e-01 9.278308749198913574e-01 -6.225018501281738281e-01 2.708384513854980469e+00 4.392256736755371094e+00 1.257643938064575195e+00 -8.592231869697570801e-01 -6.225018501281738281e-01 -8.592231869697570801e-01 -1.502469420433044434e+00
-6.410112380981445312e-01 -1.789039611816406250e+00 3.158041238784790039e-01 7.321500182151794434e-01 6.882627010345458984e-01 -1.206104278564453125e+00 -9.877476692199707031e-01 -1.206104278564453125e+00 -9.877476692199707031e-01 2.379325389862060547e+00 -1.467720627784729004e+00 -9.877476692199707031e-01 1.233595848083496094e+00 1.933966755867004395e+00 2.461935207247734070e-02 8.912762999534606934e-01 -1.467720627784729004e+00 -1.565237939357757568e-01 -1.789039611816406250e+00 8.537178039550781250e-01 3.633804798126220703e+00
8.067479729652404785e-02 -7.978820204734802246e-01 3.880767524242401123e-01 3.880767524242401123e-01 -7.978820204734802246e-01 -3.049897551536560059e-01 -7.978820204734802246e-01 -7.978820204734802246e-01 -7.978820204734802246e-01 8.514066934585571289e-01 -7.978820204734802246e-01 -3.049897551536560059e-01 -3.049897551536560059e-01 -7.978820204734802246e-01 -3.049897551536560059e-01 8.067479729652404785e-02 -7.978820204734802246e-01 8.514066934585571289e-01 -3.049897551536560059e-01 -7.978820204734802246e-01 6.065599918365478516e+00
7.714626193046569824e-02 -5.111618638038635254e-01 -5.111618638038635254e-01 7.714626193046569824e-02 -5.111618638038635254e-01 -5.111618638038635254e-01 -5.111618638038635254e-01 -5.111618638038635254e-01 -5.111618638038635254e-01 5.389462709426879883e-01 -5.111618638038635254e-01 -5.111618638038635254e-01 7.714626193046569824e-02 -5.111618638038635254e-01 -5.111618638038635254e-01 7.714626193046569824e-02 -5.111618638038635254e-01 -5.111618638038635254e-01 -5.111618638038635254e-01 -5.111618638038635254e-01 6.819998264312744141e+00
-1.162622943520545959e-01 -6.529260873794555664e-01 -1.162622943520545959e-01 -6.529260873794555664e-01 -6.529260873794555664e-01 9.035226106643676758e-01 -6.529260873794555664e-01 3.031696081161499023e-01 -6.529260873794555664e-01 -1.162622943520545959e-01 -6.529260873794555664e-01 -6.529260873794555664e-01 -6.529260873794555664e-01 -6.529260873794555664e-01 3.031696081161499023e-01 9.035226106643676758e-01 -6.529260873794555664e-01 -6.529260873794555664e-01 -6.529260873794555664e-01 -6.529260873794555664e-01 6.423329353332519531e+00
1.324116289615631104e-01 -1.342486500740051270e+00 -9.623623490333557129e-01 -2.016453891992568970e-01 -9.623623490333557129e-01 1.239962458610534668e+00 -1.342486500740051270e+00 -2.016453891992568970e-01 -2.298997715115547180e-02 2.695949673652648926e-01 -4.104767441749572754e-01 -9.623623490333557129e-01 1.001918435096740723e+00 -2.016453891992568970e-01 6.955956816673278809e-01 6.955956816673278809e-01 3.921717405319213867e-01 -2.298997715115547180e-02 -1.342486500740051270e+00 -1.342486500740051270e+00 4.891112327575683594e+00
1.206291198730468750e+00 -1.559708714485168457e+00 5.915995836257934570e-01 4.430113136768341064e-01 -6.969050168991088867e-01 1.762431859970092773e+00 -1.210799455642700195e+00 -9.296428561210632324e-01 -9.296428561210632324e-01 -5.116452649235725403e-02 -1.210799455642700195e+00 -1.559708714485168457e+00 -1.825954318046569824e-01 5.915995836257934570e-01 5.915995836257934570e-01 5.915995836257934570e-01 2.708685696125030518e-01 -5.001186132431030273e-01 -6.969050168991088867e-01 -9.296428561210632324e-01 4.408482551574707031e+00
3.938203155994415283e-01 -2.130570411682128906e+00 5.294398069381713867e-01 -1.680894941091537476e-01 -4.494498074054718018e-01 1.917367100715637207e+00 -1.082043528556823730e+00 -8.294436335563659668e-01 -1.404674053192138672e+00 1.043645143508911133e+00 -1.232444405555725098e+00 -1.082043528556823730e+00 6.772087812423706055e-01 4.294244647026062012e-01 4.638476371765136719e-01 8.767305612564086914e-01 7.043755650520324707e-01 1.948144733905792236e-01 -8.294436335563659668e-01 -8.294436335563659668e-01 2.807059049606323242e+00
6.338431239128112793e-01 -1.974299430847167969e+00 8.892205953598022461e-01 6.837496906518936157e-02 -1.103582143783569336e+00 1.998456001281738281e+00 -1.103582143783569336e+00 -4.641351997852325439e-01 -7.834222316741943359e-01 4.774740338325500488e-01 -1.744073510169982910e+00 -1.103582143783569336e+00 4.195725023746490479e-01 4.774740338325500488e-01 8.702153563499450684e-01 9.078779816627502441e-01 7.904431223869323730e-01 -3.340282142162322998e-01 -1.874056272208690643e-02 -9.863943457603454590e-01 2.082868576049804688e+00
1.167560219764709473e+00 -1.929599165916442871e+00 4.776934981346130371e-01 5.356915593147277832e-01 -1.182646274566650391e+00 2.322046279907226562e+00 -1.330804586410522461e+00 -6.397213339805603027e-01 -6.397213339805603027e-01 6.678015589714050293e-01 -1.929599165916442871e+00 -1.182646274566650391e+00 5.356915593147277832e-01 4.776934981346130371e-01 1.088623642921447754e+00 1.433293581008911133e+00 1.167560219764709473e+00 6.678015589714050293e-01 -1.182646274566650391e+00 -1.330804586410522461e+00 8.066988587379455566e-01
8.712511658668518066e-01 -2.316241502761840820e+00 2.689056396484375000e-01 6.007817387580871582e-02 -3.614362478256225586e-01 2.030816078186035156e+00 -1.313733577728271484e+00 -1.068070977926254272e-01 -8.671672344207763672e-01 9.224537014961242676e-01 -9.632416963577270508e-01 1.344534009695053101e-01 7.987080812454223633e-01 -2.002996206283569336e-02 6.578375697135925293e-01 1.158970475196838379e+00 1.104805827140808105e+00 8.886068463325500488e-01 -1.459092617034912109e+00 -4.206641316413879395e-01 -1.068453431129455566e+00
8.033247590065002441e-01 -2.228164672851562500e+00 3.595675230026245117e-01 -6.628656983375549316e-01 -2.419226318597793579e-01 2.189708709716796875e+00 -6.628656983375549316e-01 -5.803388953208923340e-01 -6.628656983375549316e-01 1.819916963577270508e-01 -1.520797848701477051e+00 1.751652836799621582e+00 8.033247590065002441e-01 3.595675230026245117e-01 1.819916963577270508e-01 1.013237595558166504e+00 1.465048313140869141e+00 1.819916963577270508e-01 -1.520797848701477051e+00 7.377000451087951660e-01 -1.948479771614074707e+00
-4.788963198661804199e-01 -1.866611003875732422e+00 1.892424583435058594e+00 2.051796674728393555e+00 -1.297850728034973145e+00 2.268924951553344727e+00 -4.788963198661804199e-01 -1.083871245384216309e+00 -1.553575158119201660e+00 -1.553575158119201660e+00 -1.866611003875732422e+00 2.617335319519042969e+00 -6.034342646598815918e-01 1.264105319976806641e+00 -6.034342646598815918e-01 7.757512331008911133e-01 1.828821301460266113e+00 -9.013739824295043945e-01 -1.297850728034973145e+00 2.440344810485839844e+00 -1.553575158119201660e+00
-6.794298291206359863e-01 -1.546123981475830078e+00 -4.819766283035278320e-01 3.971283674240112305e+00 -1.546123981475830078e+00 2.455237627029418945e+00 -1.546123981475830078e+00 6.123232841491699219e-01 1.468938946723937988e+00 -6.794298291206359863e-01 -9.131027460098266602e-01 -1.546123981475830078e+00 2.024839878082275391e+00 -3.120914101600646973e-01 -4.819766283035278320e-01 -4.819766283035278320e-01 3.181708574295043945e+00 8.661215007305145264e-02 -1.195527076721191406e+00 -1.195527076721191406e+00 -1.195527076721191406e+00
3.074033021926879883e+00 -1.211108684539794922e+00 -1.211108684539794922e+00 -8.093855381011962891e-01 -1.211108684539794922e+00 -8.093855381011962891e-01 -1.211108684539794922e+00 2.395376682281494141e+00 -8.093855381011962891e-01 3.339513778686523438e+00 -1.211108684539794922e+00 -1.211108684539794922e+00 -8.093855381011962891e-01 4.671340942382812500e+00 -1.211108684539794922e+00 -8.093855381011962891e-01 -1.211108684539794922e+00 -8.093855381011962891e-01 -8.093855381011962891e-01 3.085220813751220703e+00 -1.211108684539794922e+00
-1.012140989303588867e+00 -1.012140989303588867e+00 -1.012140989303588867e+00 -1.012140989303588867e+00 4.697105407714843750e+00 -1.012140989303588867e+00 3.001149654388427734e+00 -1.012140989303588867e+00 -1.012140989303588867e+00 -2.248719036579132080e-01 -1.012140989303588867e+00 -1.012140989303588867e+00 -1.012140989303588867e+00 -1.012140989303588867e+00 -1.012140989303588867e+00 -5.716520547866821289e-01 3.544899463653564453e+00 -1.012140989303588867e+00 -1.012140989303588867e+00 4.735545635223388672e+00 -1.012140989303588867e+00
-3.654501140117645264e-01 -3.654501140117645264e-01 -3.654501140117645264e-01 -3.654501140117645264e-01 7.308951854705810547e+00 -3.654501140117645264e-01 -3.654501140117645264e-01 -3.654501140117645264e-01 -3.654501140117645264e-01 -3.654501140117645264e-01 -3.654501140117645264e-01 -3.654501140117645264e-01 -3.654501140117645264e-01 -3.654501140117645264e-01 -3.654501140117645264e-01 -3.654501140117645264e-01 -3.654501140117645264e-01 -3.654501140117645264e-01 -3.654501140117645264e-01 -3.654501140117645264e-01 -3.654501140117645264e-01
