-3.654423356056213379e-01 7.309033393859863281e+00 -3.654423356056213379e-01 -3.654423356056213379e-01 -3.654423356056213379e-01 -3.654423356056213379e-01 -3.654423356056213379e-01 -3.654423356056213379e-01 -3.654423356056213379e-01 -3.654423356056213379e-01 -3.654423356056213379e-01 -3.654423356056213379e-01 -3.654423356056213379e-01 -3.654423356056213379e-01 -3.654423356056213379e-01 -3.654423356056213379e-01 -3.654423356056213379e-01 -3.654423356056213379e-01 -3.654423356056213379e-01 -3.654423356056213379e-01 -3.654423356056213379e-01
6.137135028839111328e+00 -6.626880764961242676e-01 -6.626880764961242676e-01 -6.626880764961242676e-01 -6.626880764961242676e-01 2.876489758491516113e-01 -6.626880764961242676e-01 -6.626880764961242676e-01 -6.626880764961242676e-01 -6.626880764961242676e-01 -6.626880764961242676e-01 -6.626880764961242676e-01 -6.626880764961242676e-01 -6.626880764961242676e-01 -1.292637437582015991e-01 4.969328403472900391e+00 -6.626880764961242676e-01 -6.626880764961242676e-01 -6.626880764961242676e-01 -6.626880764961242676e-01 -6.626880764961242676e-01
3.395851612091064453e+00 -7.951585054397583008e-01 -7.951585054397583008e-01 -7.951585054397583008e-01 -1.199065566062927246e+00 4.930889904499053955e-01 -1.199065566062927246e+00 6.189656853675842285e-01 -1.199065566062927246e+00 -1.199065566062927246e+00 -1.199065566062927246e+00 -7.951585054397583008e-01 -7.951585054397583008e-01 -1.199065566062927246e+00 -7.951585054397583008e-01 4.942715644836425781e+00 1.096940875053405762e+00 2.719092130661010742e+00 1.096940875053405762e+00 -1.199065566062927246e+00 -1.199065566062927246e+00
-3.156744539737701416e-01 -1.198284626007080078e+00 -3.553874045610427856e-02 1.142858505249023438e+00 -9.163067936897277832e-01 1.660089850425720215e+00 -1.198284626007080078e+00 -1.671984940767288208e-01 -6.829659938812255859e-01 -1.548842906951904297e+00 -3.156744539737701416e-01 -4.855560064315795898e-01 7.388873100280761719e-01 -6.829659938812255859e-01 2.680044889450073242e+00 4.289697647094726562e+00 1.183952093124389648e+00 -4.855560064315795898e-01 -9.163067936897277832e-01 -1.198284626007080078e+00 -1.548842906951904297e+00
-1.863891929388046265e-01 -1.810153484344482422e+00 3.465392291545867920e-01 8.219045400619506836e-01 6.566708087921142578e-01 -1.014106035232543945e+00 -1.014106035232543945e+00 -1.014106035232543945e+00 -1.231336593627929688e+00 2.238045215606689453e+00 -1.810153484344482422e+00 -1.231336593627929688e+00 1.371638059616088867e+00 1.914570450782775879e+00 -5.634647794067859650e-03 6.566708087921142578e-01 -1.491117358207702637e+00 -9.228360652923583984e-02 -1.491117358207702637e+00 7.829820513725280762e-01 3.603270292282104492e+00
9.280338883399963379e-02 -7.901449203491210938e-01 4.010355472564697266e-01 9.280338883399963379e-02 -7.901449203491210938e-01 4.010355472564697266e-01 -7.901449203491210938e-01 -7.901449203491210938e-01 -7.901449203491210938e-01 8.657646179199218750e-01 -7.901449203491210938e-01 9.280338883399963379e-02 -2.950860857963562012e-01 -7.901449203491210938e-01 -7.901449203491210938e-01 9.280338883399963379e-02 -7.901449203491210938e-01 8.657646179199218750e-01 -7.901449203491210938e-01 -7.901449203491210938e-01 6.083304882049560547e+00
8.895175158977508545e-02 -5.020270943641662598e-01 -5.020270943641662598e-01 -5.020270943641662598e-01 -5.020270943641662598e-01 -5.020270943641662598e-01 -5.020270943641662598e-01 -5.020270943641662598e-01 -5.020270943641662598e-01 9.186533689498901367e-01 -5.020270943641662598e-01 -5.020270943641662598e-01 8.895175158977508545e-02 -5.020270943641662598e-01 -5.020270943641662598e-01 8.895175158977508545e-02 -5.020270943641662598e-01 -5.020270943641662598e-01 -5.020270943641662598e-01 -5.020270943641662598e-01 6.846589565277099609e+00
3.141290247440338135e-01 -6.460092067718505859e-01 -1.078761667013168335e-01 -6.460092067718505859e-01 -6.460092067718505859e-01 9.164648652076721191e-01 -6.460092067718505859e-01 -1.078761667013168335e-01 -6.460092067718505859e-01 3.141290247440338135e-01 -6.460092067718505859e-01 -6.460092067718505859e-01 -6.460092067718505859e-01 -6.460092067718505859e-01 3.141290247440338135e-01 3.141290247440338135e-01 -6.460092067718505859e-01 -6.460092067718505859e-01 -6.460092067718505859e-01 -6.460092067718505859e-01 6.441932201385498047e+00
5.788024067878723145e-01 -1.358189702033996582e+00 -6.788442134857177734e-01 1.093250662088394165e-01 -9.801642894744873047e-01 1.214293837547302246e+00 -1.358189702033996582e+00 -2.236909121274948120e-01 -4.557414725422859192e-02 2.460044026374816895e-01 -4.316507875919342041e-01 -9.801642894744873047e-01 7.557524442672729492e-01 -6.788442134857177734e-01 5.788024067878723145e-01 7.557524442672729492e-01 5.788024067878723145e-01 -2.236909121274948120e-01 -1.358189702033996582e+00 -1.358189702033996582e+00 4.859619140625000000e+00
1.147128343582153320e+00 -1.546091675758361816e+00 5.405558347702026367e-01 2.911185324192047119e-01 -9.130883812904357910e-01 1.806658983230590820e+00 -1.195234417915344238e+00 -1.195234417915344238e+00 -6.795309185981750488e-01 1.935327649116516113e-01 -1.195234417915344238e+00 -1.546091675758361816e+00 2.911185324192047119e-01 3.807563483715057373e-01 4.635876119136810303e-01 6.124049425125122070e-01 4.635876119136810303e-01 -4.818435013294219971e-01 -6.795309185981750488e-01 -1.195234417915344238e+00 4.435725212097167969e+00
4.286375343799591064e-01 -2.079875946044921875e+00 3.505047857761383057e-01 -1.623125672340393066e-01 -6.546863317489624023e-01 2.054293632507324219e+00 -1.547007203102111816e+00 -8.836099505424499512e-01 -1.787645101547241211e+00 1.135797500610351562e+00 -1.343994736671447754e+00 -7.634127140045166016e-01 5.358256697654724121e-01 1.741816252470016479e-01 8.033668994903564453e-01 1.057182431221008301e+00 7.496255040168762207e-01 3.505047857761383057e-01 -5.555754899978637695e-01 -7.634127140045166016e-01 2.901230096817016602e+00
7.007709741592407227e-01 -1.959166407585144043e+00 9.276610016822814941e-01 2.061338871717453003e-01 -1.216731548309326172e+00 2.005824327468872070e+00 -1.216731548309326172e+00 -4.453664422035217285e-01 -8.622964024543762207e-01 4.970501959323883057e-01 -1.532661914825439453e+00 -1.216731548309326172e+00 5.518891215324401855e-01 5.518891215324401855e-01 8.706108927726745605e-01 9.276610016822814941e-01 8.508638143539428711e-01 -1.990974694490432739e-01 -3.151885867118835449e-01 -1.216731548309326172e+00 2.091269969940185547e+00
1.124068260192871094e+00 -2.185688018798828125e+00 4.189347922801971436e-01 6.256395578384399414e-01 -1.151291012763977051e+00 2.367566585540771484e+00 -1.668569087982177734e+00 -4.467042088508605957e-01 -6.963368058204650879e-01 6.778063774108886719e-01 -1.902670502662658691e+00 -1.019485235214233398e+00 4.189347922801971436e-01 4.511265456676483154e-01 1.156399011611938477e+00 1.525742530822753906e+00 1.233000636100769043e+00 8.200628757476806641e-01 -9.012444615364074707e-01 -1.668569087982177734e+00 8.200628757476806641e-01
8.960280418395996094e-01 -2.322778224945068359e+00 2.594057619571685791e-01 5.065296962857246399e-02 -4.926104247570037842e-01 2.015495061874389648e+00 -1.193107604980468750e+00 -7.188519835472106934e-02 -6.300907731056213379e-01 7.701156735420227051e-01 -7.877162694931030273e-01 1.137850340455770493e-02 8.960280418395996094e-01 -1.161426082253456116e-01 5.580737590789794922e-01 1.237615466117858887e+00 1.162390470504760742e+00 7.310872673988342285e-01 -1.467179298400878906e+00 -3.146467804908752441e-01 -1.193107604980468750e+00
8.415019512176513672e-01 -2.215781450271606445e+00 3.090910017490386963e-01 -4.872618615627288818e-01 -1.689196825027465820e-01 2.174401760101318359e+00 -1.057859778404235840e+00 -8.334996104240417480e-01 -7.361179590225219727e-01 1.183138713240623474e-01 -1.703049778938293457e+00 1.735223174095153809e+00 9.403743743896484375e-01 4.087117612361907959e-01 3.765595257282257080e-01 1.097272276878356934e+00 1.536211371421813965e+00 -1.152397245168685913e-01 -1.337019681930541992e+00 8.205202221870422363e-01 -1.703049778938293457e+00
-4.834717810153961182e-01 -1.869835019111633301e+00 1.992482066154479980e+00 2.077673912048339844e+00 -1.301855564117431641e+00 2.263684511184692383e+00 -4.834717810153961182e-01 -9.055621027946472168e-01 -1.557138919830322266e+00 -1.088037729263305664e+00 -1.869835019111633301e+00 2.612051248550415039e+00 -6.079037785530090332e-01 1.057419300079345703e+00 -9.055621027946472168e-01 7.705821394920349121e-01 1.862238883972167969e+00 -1.088037729263305664e+00 -1.301855564117431641e+00 2.383656024932861328e+00 -1.557138919830322266e+00
-5.305503606796264648e-01 -1.582326173782348633e+00 -5.305503606796264648e-01 3.909408092498779297e+00 -9.573255777359008789e-01 2.285481691360473633e+00 -1.582326173782348633e+00 6.872200965881347656e-01 1.470911383628845215e+00 -7.262068986892700195e-01 -9.573255777359008789e-01 -1.582326173782348633e+00 1.812635302543640137e+00 -7.262068986892700195e-01 -5.305503606796264648e-01 -5.305503606796264648e-01 3.172523021697998047e+00 3.263758718967437744e-01 -9.573255777359008789e-01 -1.236224055290222168e+00 -1.236224055290222168e+00
3.093858242034912109e+00 -1.224561333656311035e+00 -1.224561333656311035e+00 -8.250464797019958496e-01 -1.224561333656311035e+00 -8.250464797019958496e-01 -8.250464797019958496e-01 2.371448516845703125e+00 -8.250464797019958496e-01 3.365858316421508789e+00 -1.224561333656311035e+00 -1.224561333656311035e+00 -8.250464797019958496e-01 4.649250030517578125e+00 -8.250464797019958496e-01 -8.250464797019958496e-01 -1.224561333656311035e+00 -8.250464797019958496e-01 -1.224561333656311035e+00 2.917957305908203125e+00 -1.224561333656311035e+00
-1.046135663986206055e+00 -1.046135663986206055e+00 -1.046135663986206055e+00 -1.046135663986206055e+00 4.633267879486083984e+00 -1.046135663986206055e+00 2.804274320602416992e+00 -1.046135663986206055e+00 -1.046135663986206055e+00 4.945832770317792892e-03 -1.046135663986206055e+00 -6.125962138175964355e-01 -1.046135663986206055e+00 -1.046135663986206055e+00 -1.046135663986206055e+00 -2.713394165039062500e-01 3.381463766098022461e+00 -1.046135663986206055e+00 -1.046135663986206055e+00 4.705444812774658203e+00 -1.046135663986206055e+00
-3.654463589191436768e-01 -3.654463589191436768e-01 -3.654463589191436768e-01 -3.654463589191436768e-01 7.309021949768066406e+00 -3.654463589191436768e-01 -3.654463589191436768e-01 -3.654463589191436768e-01 -3.654463589191436768e-01 -3.654463589191436768e-01 -3.654463589191436768e-01 -3.654463589191436768e-01 -3.654463589191436768e-01 -3.654463589191436768e-01 -3.654463589191436768e-01 -3.654463589191436768e-01 -3.654463589191436768e-01 -3.654463589191436768e-01 -3.654463589191436768e-01 -3.654463589191436768e-01 -3.654463589191436768e-01
