-3.654426634311676025e-01 7.308995723724365234e+00 -3.654426634311676025e-01 -3.654426634311676025e-01 -3.654426634311676025e-01 -3.654426634311676025e-01 -3.654426634311676025e-01 -3.654426634311676025e-01 -3.654426634311676025e-01 -3.654426634311676025e-01 -3.654426634311676025e-01 -3.654426634311676025e-01 -3.654426634311676025e-01 -3.654426634311676025e-01 -3.654426634311676025e-01 -3.654426634311676025e-01 -3.654426634311676025e-01 -3.654426634311676025e-01 -3.654426634311676025e-01 -3.654426634311676025e-01 -3.654426634311676025e-01
6.205979824066162109e+00 -6.439629793167114258e-01 -6.439629793167114258e-01 -6.439629793167114258e-01 -6.439629793167114258e-01 -1.043259873986244202e-01 -6.439629793167114258e-01 -6.439629793167114258e-01 -6.439629793167114258e-01 -6.439629793167114258e-01 -6.439629793167114258e-01 -6.439629793167114258e-01 -6.439629793167114258e-01 -6.439629793167114258e-01 -1.043259873986244202e-01 4.949727058410644531e+00 -6.439629793167114258e-01 -6.439629793167114258e-01 -6.439629793167114258e-01 -6.439629793167114258e-01 -6.439629793167114258e-01
3.196367263793945312e+00 -8.058390021324157715e-01 -1.207938790321350098e+00 -8.058390021324157715e-01 -1.207938790321350098e+00 3.372398316860198975e-01 -1.207938790321350098e+00 4.784348011016845703e-01 -1.207938790321350098e+00 -1.207938790321350098e+00 -1.207938790321350098e+00 -8.058390021324157715e-01 -8.058390021324157715e-01 -1.207938790321350098e+00 -8.058390021324157715e-01 4.940158843994140625e+00 1.411926150321960449e+00 2.780995368957519531e+00 1.353494644165039062e+00 -8.058390021324157715e-01 -1.207938790321350098e+00
-2.874022126197814941e-01 -1.175480365753173828e+00 1.125740483403205872e-01 1.175133585929870605e+00 -8.911468982696533203e-01 1.640731215476989746e+00 -1.528410911560058594e+00 -2.874022126197814941e-01 -1.175480365753173828e+00 -1.175480365753173828e+00 -6.562766432762145996e-01 -4.580084383487701416e-01 8.871147632598876953e-01 -4.580084383487701416e-01 2.615621328353881836e+00 4.352911949157714844e+00 1.040961384773254395e+00 -6.562766432762145996e-01 -6.562766432762145996e-01 -8.911468982696533203e-01 -1.528410911560058594e+00
-1.005423516035079956e-01 -1.816269278526306152e+00 2.107661515474319458e-01 9.218582510948181152e-01 3.964812457561492920e-01 -1.021488904953002930e+00 -1.021488904953002930e+00 -1.021488904953002930e+00 -1.021488904953002930e+00 2.311494350433349609e+00 -1.816269278526306152e+00 -1.497810840606689453e+00 1.293261170387268066e+00 1.892384529113769531e+00 -1.397122163325548172e-02 7.742822766304016113e-01 -1.497810840606689453e+00 1.409237831830978394e-01 -1.497810840606689453e+00 8.131879568099975586e-01 3.571882009506225586e+00
6.480075418949127197e-02 -8.084065318107604980e-01 6.219186186790466309e-01 6.480075418949127197e-02 -8.084065318107604980e-01 6.480075418949127197e-02 -8.084065318107604980e-01 -8.084065318107604980e-01 -8.084065318107604980e-01 6.219186186790466309e-01 -8.084065318107604980e-01 6.480075418949127197e-02 -3.186498880386352539e-01 -8.084065318107604980e-01 -3.186498880386352539e-01 6.480075418949127197e-02 -8.084065318107604980e-01 6.219186186790466309e-01 -3.186498880386352539e-01 -8.084065318107604980e-01 6.041755199432373047e+00
1.110245287418365479e-01 -4.878290295600891113e-01 -4.878290295600891113e-01 1.110245287418365479e-01 -4.878290295600891113e-01 -4.878290295600891113e-01 -4.878290295600891113e-01 -4.878290295600891113e-01 -4.878290295600891113e-01 5.803056359291076660e-01 -4.878290295600891113e-01 -4.878290295600891113e-01 1.110245287418365479e-01 -4.878290295600891113e-01 -4.878290295600891113e-01 -4.878290295600891113e-01 -4.878290295600891113e-01 -4.878290295600891113e-01 -4.878290295600891113e-01 -4.878290295600891113e-01 6.891704559326171875e+00
-1.134341508150100708e-01 -6.508390903472900391e-01 -6.508390903472900391e-01 -6.508390903472900391e-01 -6.508390903472900391e-01 6.382142901420593262e-01 -6.508390903472900391e-01 3.061901032924652100e-01 -6.508390903472900391e-01 3.061901032924652100e-01 -6.508390903472900391e-01 -6.508390903472900391e-01 -6.508390903472900391e-01 -6.508390903472900391e-01 6.382142901420593262e-01 9.078044295310974121e-01 -6.508390903472900391e-01 -6.508390903472900391e-01 -6.508390903472900391e-01 -6.508390903472900391e-01 6.428592205047607422e+00
4.617982208728790283e-01 -1.368683457374572754e+00 -4.457032084465026855e-01 9.330900758504867554e-02 -1.368683457374572754e+00 1.142066717147827148e+00 -1.368683457374572754e+00 -2.385373115539550781e-01 -2.385373115539550781e-01 2.297681272029876709e-01 -4.457032084465026855e-01 -1.368683457374572754e+00 9.592090845108032227e-01 -2.385373115539550781e-01 6.538541913032531738e-01 8.905721902847290039e-01 4.617982208728790283e-01 9.330900758504867554e-02 -1.368683457374572754e+00 -1.368683457374572754e+00 4.833683967590332031e+00
1.102184653282165527e+00 -1.547467708587646484e+00 5.384483933448791504e-01 3.786637485027313232e-01 -6.809900999069213867e-01 1.948629140853881836e+00 -1.197070479393005371e+00 -9.145494699478149414e-01 -9.145494699478149414e-01 -3.351590782403945923e-02 -1.197070479393005371e+00 -1.547467708587646484e+00 -1.652836054563522339e-01 6.102876663208007812e-01 7.409697175025939941e-01 5.384483933448791504e-01 1.915253102779388428e-01 -6.809900999069213867e-01 -6.809900999069213867e-01 -9.145494699478149414e-01 4.425269603729248047e+00
3.361383974552154541e-01 -2.118455410003662109e+00 3.361383974552154541e-01 2.005815692245960236e-02 -6.067515611648559570e-01 2.028426885604858398e+00 -1.217257499694824219e+00 -8.133501410484313965e-01 -1.217257499694824219e+00 1.001957058906555176e+00 -1.217257499694824219e+00 -1.066450834274291992e+00 4.813573360443115234e-01 2.964258790016174316e-01 5.782968997955322266e-01 1.061418056488037109e+00 7.994874119758605957e-01 2.551391124725341797e-01 -8.133501410484313965e-01 -9.329169988632202148e-01 2.808213949203491211e+00
6.303726434707641602e-01 -1.976896166801452637e+00 8.473658561706542969e-01 1.059275120496749878e-01 -1.106659650802612305e+00 1.982251405715942383e+00 -1.237198472023010254e+00 -3.374055027961730957e-01 -7.866855263710021973e-01 5.808508396148681641e-01 -1.552111506462097168e+00 -1.384261012077331543e+00 4.740074276924133301e-01 6.059107184410095215e-01 8.667296767234802246e-01 9.757710695266723633e-01 7.227655053138732910e-01 -1.680413484573364258e-01 -1.680413484573364258e-01 -1.106659650802612305e+00 2.031959772109985352e+00
1.077292799949645996e+00 -1.899818420410156250e+00 2.446452528238296509e-01 5.457782745361328125e-01 -1.467570781707763672e+00 2.399703741073608398e+00 -1.467570781707763672e+00 -6.032710671424865723e-01 -7.907035350799560547e-01 7.785285711288452148e-01 -1.899818420410156250e+00 -1.016194105148315430e+00 4.548086225986480713e-01 4.226112663745880127e-01 1.127812981605529785e+00 1.562133908271789551e+00 1.294126868247985840e+00 8.014074563980102539e-01 -8.978053331375122070e-01 -1.467570781707763672e+00 8.014074563980102539e-01
9.770569801330566406e-01 -2.300900936126708984e+00 8.141938596963882446e-02 4.210406914353370667e-02 -3.405418395996093750e-01 2.117463827133178711e+00 -1.164989829063415527e+00 -1.803111881017684937e-01 -6.766195297241210938e-01 9.608039259910583496e-01 -9.432775378227233887e-01 4.210406914353370667e-02 8.015146851539611816e-01 1.246598083525896072e-03 6.126551032066345215e-01 1.167601823806762695e+00 1.257075905799865723e+00 6.577427983283996582e-01 -1.606680512428283691e+00 -3.405418395996093750e-01 -1.164989829063415527e+00
9.002724289894104004e-01 -2.231036901473999023e+00 3.557601273059844971e-01 -5.839021801948547363e-01 -1.356283873319625854e-01 2.101687431335449219e+00 -8.527702093124389648e-01 -5.072056651115417480e-01 -8.527702093124389648e-01 2.883454263210296631e-01 -1.524092078208923340e+00 1.730956792831420898e+00 9.379541873931884766e-01 2.883454263210296631e-01 1.782151013612747192e-01 1.076117992401123047e+00 1.472151279449462891e+00 5.503156408667564392e-02 -1.524092078208923340e+00 7.780743241310119629e-01 -1.951331138610839844e+00
-2.691829502582550049e-01 -1.869897723197937012e+00 1.923910737037658691e+00 2.057430982589721680e+00 -1.557073116302490234e+00 2.361166477203369141e+00 -4.831750988960266113e-01 -9.055149555206298828e-01 -1.301508903503417969e+00 -1.301508903503417969e+00 -1.869897723197937012e+00 2.524571418762207031e+00 -9.055149555206298828e-01 1.188317298889160156e+00 -7.471741437911987305e-01 6.545647382736206055e-01 1.837028145790100098e+00 -6.076259016990661621e-01 -1.301508903503417969e+00 2.442631244659423828e+00 -1.869897723197937012e+00
-8.873441219329833984e-01 -1.525315165519714355e+00 -6.522568464279174805e-01 4.043734550476074219e+00 -8.873441219329833984e-01 2.512385129928588867e+00 -1.525315165519714355e+00 2.244046926498413086e-01 1.618568420410156250e+00 -8.873441219329833984e-01 -8.873441219329833984e-01 -1.525315165519714355e+00 1.965104341506958008e+00 -2.831189334392547607e-01 -4.538423418998718262e-01 -4.538423418998718262e-01 3.151328086853027344e+00 3.222434520721435547e-01 -1.171996831893920898e+00 -1.171996831893920898e+00 -1.525315165519714355e+00
3.034325361251831055e+00 -1.233136534690856934e+00 -1.233136534690856934e+00 -8.353907465934753418e-01 -1.233136534690856934e+00 -8.353907465934753418e-01 -8.353907465934753418e-01 2.052304267883300781e+00 -8.353907465934753418e-01 3.413978338241577148e+00 -1.233136534690856934e+00 -1.233136534690856934e+00 -8.353907465934753418e-01 4.626659870147705078e+00 -8.353907465934753418e-01 -8.353907465934753418e-01 -1.233136534690856934e+00 -8.353907465934753418e-01 -8.353907465934753418e-01 3.023021697998046875e+00 -1.233136534690856934e+00
-1.019988894462585449e+00 -1.019988894462585449e+00 -1.019988894462585449e+00 -1.019988894462585449e+00 4.741789340972900391e+00 -1.019988894462585449e+00 2.894151687622070312e+00 -1.019988894462585449e+00 -1.019988894462585449e+00 4.405339062213897705e-02 -1.019988894462585449e+00 -5.814270377159118652e-01 -1.019988894462585449e+00 -1.019988894462585449e+00 -1.019988894462585449e+00 -1.019988894462585449e+00 3.529490947723388672e+00 -1.019988894462585449e+00 -1.019988894462585449e+00 4.671758174896240234e+00 -1.019988894462585449e+00
-3.654533922672271729e-01 -3.654533922672271729e-01 -3.654533922672271729e-01 -3.654533922672271729e-01 7.308969020843505859e+00 -3.654533922672271729e-01 -3.654533922672271729e-01 -3.654533922672271729e-01 -3.654533922672271729e-01 -3.654533922672271729e-01 -3.654533922672271729e-01 -3.654533922672271729e-01 -3.654533922672271729e-01 -3.654533922672271729e-01 -3.654533922672271729e-01 -3.654533922672271729e-01 -3.654533922672271729e-01 -3.654533922672271729e-01 -3.654533922672271729e-01 -3.654533922672271729e-01 -3.654533922672271729e-01
