-3.654406666755676270e-01 7.308870792388916016e+00 -3.654406666755676270e-01 -3.654406666755676270e-01 -3.654406666755676270e-01 -3.654406666755676270e-01 -3.654406666755676270e-01 -3.654406666755676270e-01 -3.654406666755676270e-01 -3.654406666755676270e-01 -3.654406666755676270e-01 -3.654406666755676270e-01 -3.654406666755676270e-01 -3.654406666755676270e-01 -3.654406666755676270e-01 -3.654406666755676270e-01 -3.654406666755676270e-01 -3.654406666755676270e-01 -3.654406666755676270e-01 -3.654406666755676270e-01 -3.654406666755676270e-01
6.137371063232421875e+00 -6.626931428909301758e-01 -6.626931428909301758e-01 -6.626931428909301758e-01 -6.626931428909301758e-01 2.886820733547210693e-01 -6.626931428909301758e-01 -6.626931428909301758e-01 -6.626931428909301758e-01 -6.626931428909301758e-01 -6.626931428909301758e-01 -6.626931428909301758e-01 -6.626931428909301758e-01 -6.626931428909301758e-01 -1.298459321260452271e-01 4.969546794891357422e+00 -6.626931428909301758e-01 -6.626931428909301758e-01 -6.626931428909301758e-01 -6.626931428909301758e-01 -6.626931428909301758e-01
3.329455375671386719e+00 -7.804879546165466309e-01 -7.804879546165466309e-01 -1.187371015548706055e+00 -1.187371015548706055e+00 6.374014019966125488e-01 -1.187371015548706055e+00 2.061574906110763550e-02 -1.187371015548706055e+00 -1.187371015548706055e+00 -1.187371015548706055e+00 -7.804879546165466309e-01 -7.804879546165466309e-01 -1.187371015548706055e+00 -7.804879546165466309e-01 4.969143867492675781e+00 1.327026963233947754e+00 2.862666130065917969e+00 1.035568952560424805e+00 -7.804879546165466309e-01 -1.187371015548706055e+00
-4.639101326465606689e-01 -1.179843902587890625e+00 4.005382359027862549e-01 1.209259748458862305e+00 -6.620204448699951172e-01 1.685782551765441895e+00 -1.179843902587890625e+00 -2.933759987354278564e-01 -6.620204448699951172e-01 -1.533322453498840332e+00 -4.639101326465606689e-01 -8.961784839630126953e-01 6.326774954795837402e-01 -6.620204448699951172e-01 2.638752698898315430e+00 4.336457252502441406e+00 1.080622434616088867e+00 -8.961784839630126953e-01 -6.620204448699951172e-01 -8.961784839630126953e-01 -1.533322453498840332e+00
-2.771362364292144775e-01 -1.801562666893005371e+00 4.731967151165008545e-01 6.239149570465087891e-01 6.239149570465087891e-01 -1.003361344337463379e+00 -1.003361344337463379e+00 -1.220791578292846680e+00 -1.220791578292846680e+00 2.333997249603271484e+00 -1.481020331382751465e+00 -1.003361344337463379e+00 1.266288042068481445e+00 1.845906972885131836e+00 -1.742737442255020142e-01 8.350121378898620605e-01 -1.481020331382751465e+00 6.906847469508647919e-03 -1.801562666893005371e+00 8.350121378898620605e-01 3.624202728271484375e+00
-2.629852592945098877e-01 -7.641460895538330078e-01 1.315973550081253052e-01 4.438074529170989990e-01 -7.641460895538330078e-01 4.438074529170989990e-01 -7.641460895538330078e-01 -7.641460895538330078e-01 -7.641460895538330078e-01 6.983623504638671875e-01 -7.641460895538330078e-01 -2.629852592945098877e-01 -2.629852592945098877e-01 -7.641460895538330078e-01 -7.641460895538330078e-01 1.315973550081253052e-01 -7.641460895538330078e-01 6.983623504638671875e-01 -2.629852592945098877e-01 -7.641460895538330078e-01 6.145773410797119141e+00
1.413859724998474121e-01 -4.631597399711608887e-01 -4.631597399711608887e-01 -4.631597399711608887e-01 -4.631597399711608887e-01 -4.631597399711608887e-01 -4.631597399711608887e-01 -4.631597399711608887e-01 -4.631597399711608887e-01 6.240962743759155273e-01 -4.631597399711608887e-01 -4.631597399711608887e-01 1.413859724998474121e-01 -4.631597399711608887e-01 -4.631597399711608887e-01 -4.631597399711608887e-01 -4.631597399711608887e-01 -4.631597399711608887e-01 -4.631597399711608887e-01 -4.631597399711608887e-01 6.966917991638183594e+00
3.198842108249664307e-01 -6.424381732940673828e-01 -1.045494377613067627e-01 -6.424381732940673828e-01 -6.424381732940673828e-01 3.198842108249664307e-01 -6.424381732940673828e-01 -1.045494377613067627e-01 -6.424381732940673828e-01 -1.045494377613067627e-01 -6.424381732940673828e-01 -6.424381732940673828e-01 -6.424381732940673828e-01 -6.424381732940673828e-01 6.530652046203613281e-01 9.221966862678527832e-01 -6.424381732940673828e-01 -6.424381732940673828e-01 -6.424381732940673828e-01 -6.424381732940673828e-01 6.450261592864990234e+00
3.896555006504058838e-01 -1.344681859016418457e+00 -6.600981950759887695e-01 1.301045864820480347e-01 -1.344681859016418457e+00 1.237333059310913086e+00 -1.344681859016418457e+00 -2.040109634399414062e-01 -4.122648537158966064e-01 1.301045864820480347e-01 -6.600981950759887695e-01 -9.634394049644470215e-01 1.064028739929199219e+00 -4.122648537158966064e-01 6.007298827171325684e-01 7.780678868293762207e-01 6.929748058319091797e-01 1.301045864820480347e-01 -1.344681859016418457e+00 -1.344681859016418457e+00 4.882526874542236328e+00
1.146121740341186523e+00 -1.520040273666381836e+00 6.529539227485656738e-01 5.036770105361938477e-01 -8.802137970924377441e-01 1.993664860725402832e+00 -1.164855480194091797e+00 -1.164855480194091797e+00 -1.164855480194091797e+00 6.641667801886796951e-03 -1.164855480194091797e+00 -1.520040273666381836e+00 1.252257376909255981e-01 5.808988809585571289e-01 5.036770105361938477e-01 3.305152356624603271e-01 5.808988809585571289e-01 -2.754092216491699219e-01 -8.802137970924377441e-01 -1.164855480194091797e+00 4.476074695587158203e+00
4.421714544296264648e-01 -2.096235990524291992e+00 4.421714544296264648e-01 -6.089878454804420471e-02 -6.769692301750183105e-01 2.022444963455200195e+00 -1.805142641067504883e+00 -9.049405455589294434e-01 -1.363891363143920898e+00 1.053551554679870605e+00 -1.363891363143920898e+00 -1.038714647293090820e+00 6.397515535354614258e-01 5.122959613800048828e-01 7.531891465187072754e-01 1.073381304740905762e+00 7.796929478645324707e-01 1.508992314338684082e-01 -4.871726632118225098e-01 -9.049405455589294434e-01 2.833256959915161133e+00
6.853704452514648438e-01 -1.952720522880554199e+00 9.896917939186096191e-01 5.286309495568275452e-02 -1.525882720947265625e+00 1.981494665145874023e+00 -1.721746206283569336e+00 -3.706175982952117920e-01 -7.580808401107788086e-01 6.369805335998535156e-01 -1.525882720947265625e+00 -1.209271192550659180e+00 3.856087028980255127e-01 6.369805335998535156e-01 1.007083415985107422e+00 9.539920091629028320e-01 7.315765023231506348e-01 -1.915670931339263916e-01 -3.822432085871696472e-02 -8.552122712135314941e-01 2.087586164474487305e+00
1.054154872894287109e+00 -1.916995048522949219e+00 4.631842076778411865e-01 5.515031814575195312e-01 -1.486656904220581055e+00 2.352696895599365234e+00 -1.316554307937622070e+00 -6.247281432151794434e-01 -6.247281432151794434e-01 6.328386068344116211e-01 -1.916995048522949219e+00 -1.036640405654907227e+00 5.228954553604125977e-01 3.998127579689025879e-01 1.071267604827880859e+00 1.528082013130187988e+00 1.338324666023254395e+00 6.585791110992431641e-01 -9.189026355743408203e-01 -1.486656904220581055e+00 7.555214762687683105e-01
9.223978519439697266e-01 -2.303755760192871094e+00 2.532732188701629639e-01 -3.712672507390379906e-03 -6.050909757614135742e-01 2.069717645645141602e+00 -1.444487810134887695e+00 7.643027603626251221e-02 -8.519951701164245605e-01 7.573769688606262207e-01 -1.169511675834655762e+00 -3.712672507390379906e-03 8.154053092002868652e-01 -9.058062732219696045e-02 6.075926423072814941e-01 1.227184653282165527e+00 1.287998318672180176e+00 8.154053092002868652e-01 -1.169511675834655762e+00 -1.368922591209411621e-01 -1.053536891937255859e+00
9.999696016311645508e-01 -2.199793100357055664e+00 2.590632736682891846e-01 -6.257742047309875488e-01 -3.268375396728515625e-01 2.163337945938110352e+00 -1.037527441978454590e+00 -7.155015468597412109e-01 -8.130426406860351562e-01 2.209908366203308105e-01 -1.684950947761535645e+00 1.816492676734924316e+00 9.439093470573425293e-01 3.655575215816497803e-01 2.590632736682891846e-01 1.167246341705322266e+00 1.558948397636413574e+00 -4.250273108482360840e-02 -1.487664699554443359e+00 8.640245199203491211e-01 -1.684950947761535645e+00
-5.936383605003356934e-01 -1.859046936035156250e+00 1.975422739982604980e+00 2.063407182693481445e+00 -1.288971304893493652e+00 2.338335275650024414e+00 -5.936383605003356934e-01 -1.074798345565795898e+00 -1.544805049896240234e+00 -1.288971304893493652e+00 -1.859046936035156250e+00 2.592257022857666016e+00 -7.331359982490539551e-01 1.228785037994384766e+00 -8.918052911758422852e-01 6.706619858741760254e-01 1.827190279960632324e+00 -5.936383605003356934e-01 -1.288971304893493652e+00 2.459135293960571289e+00 -1.544805049896240234e+00
-4.876657426357269287e-01 -1.550591468811035156e+00 -4.876657426357269287e-01 3.992576122283935547e+00 -9.178228974342346191e-01 2.350405931472778320e+00 -1.550591468811035156e+00 5.339809656143188477e-01 1.605592966079711914e+00 -9.178228974342346191e-01 -1.199634909629821777e+00 -1.550591468811035156e+00 1.924698591232299805e+00 -3.177864849567413330e-01 -6.849141120910644531e-01 -4.876657426357269287e-01 3.157730102539062500e+00 1.866779625415802002e-01 -1.199634909629821777e+00 -1.199634909629821777e+00 -1.199634909629821777e+00
3.079559087753295898e+00 -1.208025932312011719e+00 -1.208025932312011719e+00 -8.051697015762329102e-01 -1.208025932312011719e+00 -8.051697015762329102e-01 -8.051697015762329102e-01 2.332806587219238281e+00 -8.051697015762329102e-01 3.443841695785522461e+00 -1.208025932312011719e+00 -1.208025932312011719e+00 -1.208025932312011719e+00 4.679242610931396484e+00 -8.051697015762329102e-01 -1.208025932312011719e+00 -1.208025932312011719e+00 -8.051697015762329102e-01 -8.051697015762329102e-01 2.972914457321166992e+00 -1.208025932312011719e+00
-1.037274360656738281e+00 -1.037274360656738281e+00 -1.037274360656738281e+00 -1.037274360656738281e+00 4.679808616638183594e+00 -1.037274360656738281e+00 2.860736608505249023e+00 -1.037274360656738281e+00 -1.037274360656738281e+00 -2.584703266620635986e-01 -1.037274360656738281e+00 -6.012724637985229492e-01 -1.037274360656738281e+00 -1.037274360656738281e+00 -1.037274360656738281e+00 -2.584703266620635986e-01 3.410222530364990234e+00 -1.037274360656738281e+00 -1.037274360656738281e+00 4.689240455627441406e+00 -1.037274360656738281e+00
-3.654411435127258301e-01 -3.654411435127258301e-01 -3.654411435127258301e-01 -3.654411435127258301e-01 7.308783531188964844e+00 -3.654411435127258301e-01 -3.654411435127258301e-01 -3.654411435127258301e-01 -3.654411435127258301e-01 -3.654411435127258301e-01 -3.654411435127258301e-01 -3.654411435127258301e-01 -3.654411435127258301e-01 -3.654411435127258301e-01 -3.654411435127258301e-01 -3.654411435127258301e-01 -3.654411435127258301e-01 -3.654411435127258301e-01 -3.654411435127258301e-01 -3.654411435127258301e-01 -3.654411435127258301e-01
