-3.654273748397827148e-01 7.309151172637939453e+00 -3.654273748397827148e-01 -3.654273748397827148e-01 -3.654273748397827148e-01 -3.654273748397827148e-01 -3.654273748397827148e-01 -3.654273748397827148e-01 -3.654273748397827148e-01 -3.654273748397827148e-01 -3.654273748397827148e-01 -3.654273748397827148e-01 -3.654273748397827148e-01 -3.654273748397827148e-01 -3.654273748397827148e-01 -3.654273748397827148e-01 -3.654273748397827148e-01 -3.654273748397827148e-01 -3.654273748397827148e-01 -3.654273748397827148e-01 -3.654273748397827148e-01
6.147671699523925781e+00 -6.618983745574951172e-01 -6.618983745574951172e-01 -6.618983745574951172e-01 -6.618983745574951172e-01 2.887151837348937988e-01 -6.618983745574951172e-01 -6.618983745574951172e-01 -6.618983745574951172e-01 -6.618983745574951172e-01 -6.618983745574951172e-01 -6.618983745574951172e-01 -6.618983745574951172e-01 -6.618983745574951172e-01 -1.281375885009765625e-01 4.944260120391845703e+00 -6.618983745574951172e-01 -6.618983745574951172e-01 -6.618983745574951172e-01 -6.618983745574951172e-01 -6.618983745574951172e-01
3.326036930084228516e+00 -7.954498529434204102e-01 -7.954498529434204102e-01 -7.954498529434204102e-01 -1.199267506599426270e+00 3.510982692241668701e-01 -1.199267506599426270e+00 4.925004243850708008e-01 -1.199267506599426270e+00 -1.199267506599426270e+00 -1.199267506599426270e+00 -7.954498529434204102e-01 -7.954498529434204102e-01 -1.199267506599426270e+00 -7.954498529434204102e-01 4.958119392395019531e+00 9.292402863502502441e-01 2.734670400619506836e+00 1.171256780624389648e+00 -7.954498529434204102e-01 -1.199267506599426270e+00
-1.857365369796752930e-01 -1.213297963142395020e+00 1.702454388141632080e-01 1.079478144645690918e+00 -9.323542714118957520e-01 1.412637591361999512e+00 -1.213297963142395020e+00 -1.857365369796752930e-01 -1.213297963142395020e+00 -1.213297963142395020e+00 -3.338482379913330078e-01 -6.998087167739868164e-01 8.349667191505432129e-01 -6.998087167739868164e-01 2.649339914321899414e+00 4.277526855468750000e+00 1.163283348083496094e+00 -5.031504631042480469e-01 -6.998087167739868164e-01 -9.323542714118957520e-01 -1.561958193778991699e+00
-1.199396625161170959e-01 -1.829872608184814453e+00 1.211570650339126587e-01 7.134370207786560059e-01 5.819805860519409180e-01 -8.544046878814697266e-01 -1.038504600524902344e+00 -1.254528880119323730e+00 -1.254528880119323730e+00 2.281543731689453125e+00 -1.512941122055053711e+00 -1.038504600524902344e+00 1.364103794097900391e+00 1.923256039619445801e+00 -3.350709751248359680e-02 7.134370207786560059e-01 -1.512941122055053711e+00 4.657675325870513916e-02 -1.512941122055053711e+00 6.714266538619995117e-01 3.545599937438964844e+00
3.818621113896369934e-02 -8.269028067588806152e-01 5.902222990989685059e-01 3.413400053977966309e-01 -8.269028067588806152e-01 3.413400053977966309e-01 -8.269028067588806152e-01 -8.269028067588806152e-01 -8.269028067588806152e-01 5.902222990989685059e-01 -8.269028067588806152e-01 3.818621113896369934e-02 -3.417892158031463623e-01 -8.269028067588806152e-01 -8.269028067588806152e-01 3.818621113896369934e-02 -8.269028067588806152e-01 9.778664112091064453e-01 -3.417892158031463623e-01 -8.269028067588806152e-01 5.997035503387451172e+00
8.964645117521286011e-02 -5.021302103996276855e-01 -5.021302103996276855e-01 -5.021302103996276855e-01 -5.021302103996276855e-01 -5.021302103996276855e-01 -5.021302103996276855e-01 -5.021302103996276855e-01 -5.021302103996276855e-01 9.187830686569213867e-01 -5.021302103996276855e-01 -5.021302103996276855e-01 8.964645117521286011e-02 -5.021302103996276855e-01 -5.021302103996276855e-01 8.964645117521286011e-02 -5.021302103996276855e-01 -5.021302103996276855e-01 -5.021302103996276855e-01 -5.021302103996276855e-01 6.846697807312011719e+00
2.748489677906036377e-01 -6.708778142929077148e-01 -1.402981132268905640e-01 -6.708778142929077148e-01 -6.708778142929077148e-01 6.028316617012023926e-01 -6.708778142929077148e-01 -1.402981132268905640e-01 -6.708778142929077148e-01 2.748489677906036377e-01 -6.708778142929077148e-01 -6.708778142929077148e-01 -6.708778142929077148e-01 -6.708778142929077148e-01 6.028316617012023926e-01 8.696104884147644043e-01 -6.708778142929077148e-01 -6.708778142929077148e-01 -6.708778142929077148e-01 -6.708778142929077148e-01 6.377053737640380859e+00
6.497221589088439941e-01 -1.371374607086181641e+00 -4.493999183177947998e-01 8.942411094903945923e-02 -1.371374607086181641e+00 1.244209051132202148e+00 -1.371374607086181641e+00 -2.423007935285568237e-01 -2.423007935285568237e-01 2.257654517889022827e-01 -4.493999183177947998e-01 -9.957263469696044922e-01 1.019454836845397949e+00 -6.957316994667053223e-01 7.344543337821960449e-01 6.497221589088439941e-01 5.578804612159729004e-01 -6.495101749897003174e-02 -1.371374607086181641e+00 -1.371374607086181641e+00 4.826170444488525391e+00
1.113581895828247070e+00 -1.540256381034851074e+00 6.887739300727844238e-01 5.494915843009948730e-01 -9.059802889823913574e-01 1.960294723510742188e+00 -1.540256381034851074e+00 -9.059802889823913574e-01 -1.188842415809631348e+00 2.022186666727066040e-01 -1.188842415809631348e+00 -1.540256381034851074e+00 2.022186666727066040e-01 5.494915843009948730e-01 6.887739300727844238e-01 4.724697470664978027e-01 2.022186666727066040e-01 -1.549789458513259888e-01 -1.188842415809631348e+00 -9.059802889823913574e-01 4.430562496185302734e+00
4.774626195430755615e-01 -2.096722841262817383e+00 4.774626195430755615e-01 -1.853109300136566162e-01 -4.036016762256622314e-01 2.096230983734130859e+00 -1.190639972686767578e+00 -7.853407263755798340e-01 -1.566208004951477051e+00 1.073012351989746094e+00 -1.364133715629577637e+00 -7.853407263755798340e-01 3.665573298931121826e-01 4.048587679862976074e-01 6.393927335739135742e-01 9.697846770286560059e-01 6.689400672912597656e-01 1.506371200084686279e-01 -9.053112864494323730e-01 -9.053112864494323730e-01 2.863358497619628906e+00
8.184154033660888672e-01 -1.983964204788208008e+00 8.381507992744445801e-01 5.589773505926132202e-02 -1.245308518409729004e+00 1.933969974517822266e+00 -1.245308518409729004e+00 -2.867141962051391602e-01 -9.979509711265563965e-01 5.716916918754577637e-01 -1.392122983932495117e+00 -1.245308518409729004e+00 4.648765027523040771e-01 5.967460870742797852e-01 8.765117526054382324e-01 9.314744472503662109e-01 6.212031245231628418e-01 -2.303951531648635864e-01 -2.303951531648635864e-01 -8.919370174407958984e-01 2.040644407272338867e+00
1.149125933647155762e+00 -1.896086573600769043e+00 3.244521915912628174e-01 4.597517251968383789e-01 -1.292808771133422852e+00 2.418666124343872070e+00 -1.661501407623291016e+00 -5.985870361328125000e-01 -5.985870361328125000e-01 7.116308808326721191e-01 -1.896086573600769043e+00 -8.933422565460205078e-01 5.507311820983886719e-01 4.909780025482177734e-01 1.132827401161193848e+00 1.512197375297546387e+00 1.196507930755615234e+00 8.287742733955383301e-01 -8.933422565460205078e-01 -1.896086573600769043e+00 8.506753444671630859e-01
9.097473025321960449e-01 -2.301149606704711914e+00 1.186461076140403748e-01 5.801795632578432560e-04 -7.591350674629211426e-01 2.106297969818115234e+00 -1.440886378288269043e+00 -4.194282740354537964e-02 -9.439269304275512695e-01 8.747225403785705566e-01 -8.476494550704956055e-01 1.904941499233245850e-01 8.923854827880859375e-01 -4.194282740354537964e-02 6.788876652717590332e-01 1.193301081657409668e+00 1.153471350669860840e+00 8.384504318237304688e-01 -1.295130372047424316e+00 -3.411563336849212646e-01 -9.439269304275512695e-01
7.881801724433898926e-01 -2.223670244216918945e+00 2.261831909418106079e-01 -6.569548845291137695e-01 -3.587816059589385986e-01 2.179836273193359375e+00 -9.500489830970764160e-01 -5.743861198425292969e-01 -8.435074090957641602e-01 2.628792226314544678e-01 -1.711785197257995605e+00 1.643615841865539551e+00 8.712658286094665527e-01 3.657527267932891846e-01 2.261831909418106079e-01 1.163988471031188965e+00 1.545888185501098633e+00 6.490483134984970093e-02 -1.198807120323181152e+00 8.910209536552429199e-01 -1.711785197257995605e+00
-3.569566309452056885e-01 -1.859512090682983398e+00 1.997260689735412598e+00 2.041233301162719727e+00 -1.545755386352539062e+00 2.392093658447265625e+00 -5.939902067184448242e-01 -1.289564132690429688e+00 -1.545755386352539062e+00 -1.075192093849182129e+00 -1.859512090682983398e+00 2.645957708358764648e+00 -7.337282896041870117e-01 1.100620746612548828e+00 -5.939902067184448242e-01 6.696316003799438477e-01 1.799341440200805664e+00 -7.337282896041870117e-01 -1.289564132690429688e+00 2.376778125762939453e+00 -1.545755386352539062e+00
-4.914133846759796143e-01 -1.553170204162597656e+00 -6.884749531745910645e-01 3.992865324020385742e+00 -9.216124415397644043e-01 2.358498573303222656e+00 -1.553170204162597656e+00 4.529234468936920166e-01 1.457715749740600586e+00 -6.884749531745910645e-01 -9.216124415397644043e-01 -1.553170204162597656e+00 1.838541150093078613e+00 -6.884749531745910645e-01 -4.914133846759796143e-01 -6.884749531745910645e-01 3.187122821807861328e+00 2.806079685688018799e-01 -9.216124415397644043e-01 -1.203387856483459473e+00 -1.203387856483459473e+00
3.107950687408447266e+00 -1.192341089248657227e+00 -1.192341089248657227e+00 -7.872992753982543945e-01 -1.192341089248657227e+00 -7.872992753982543945e-01 -1.192341089248657227e+00 2.360880613327026367e+00 -7.872992753982543945e-01 3.464434146881103516e+00 -1.192341089248657227e+00 -1.192341089248657227e+00 -7.872992753982543945e-01 4.712429046630859375e+00 -7.872992753982543945e-01 -7.872992753982543945e-01 -1.192341089248657227e+00 -1.192341089248657227e+00 -1.192341089248657227e+00 3.001273393630981445e+00 -1.192341089248657227e+00
-1.033863425254821777e+00 -1.033863425254821777e+00 -1.033863425254821777e+00 -1.033863425254821777e+00 4.695854187011718750e+00 -1.033863425254821777e+00 2.766560792922973633e+00 -1.033863425254821777e+00 -1.033863425254821777e+00 -2.545320093631744385e-01 -1.033863425254821777e+00 -5.979372859001159668e-01 -1.033863425254821777e+00 -1.033863425254821777e+00 -1.033863425254821777e+00 -2.545320093631744385e-01 3.416793346405029297e+00 -1.033863425254821777e+00 -1.033863425254821777e+00 4.702099323272705078e+00 -1.033863425254821777e+00
-3.654494583606719971e-01 -3.654494583606719971e-01 -3.654494583606719971e-01 -3.654494583606719971e-01 7.308974266052246094e+00 -3.654494583606719971e-01 -3.654494583606719971e-01 -3.654494583606719971e-01 -3.654494583606719971e-01 -3.654494583606719971e-01 -3.654494583606719971e-01 -3.654494583606719971e-01 -3.654494583606719971e-01 -3.654494583606719971e-01 -3.654494583606719971e-01 -3.654494583606719971e-01 -3.654494583606719971e-01 -3.654494583606719971e-01 -3.654494583606719971e-01 -3.654494583606719971e-01 -3.654494583606719971e-01
