-3.654716014862060547e-01 7.308983802795410156e+00 -3.654716014862060547e-01 -3.654716014862060547e-01 -3.654716014862060547e-01 -3.654716014862060547e-01 -3.654716014862060547e-01 -3.654716014862060547e-01 -3.654716014862060547e-01 -3.654716014862060547e-01 -3.654716014862060547e-01 -3.654716014862060547e-01 -3.654716014862060547e-01 -3.654716014862060547e-01 -3.654716014862060547e-01 -3.654716014862060547e-01 -3.654716014862060547e-01 -3.654716014862060547e-01 -3.654716014862060547e-01 -3.654716014862060547e-01 -3.654716014862060547e-01
6.191578865051269531e+00 -6.450875997543334961e-01 -6.450875997543334961e-01 -6.450875997543334961e-01 -6.450875997543334961e-01 -1.056130528450012207e-01 -6.450875997543334961e-01 -6.450875997543334961e-01 -6.450875997543334961e-01 -6.450875997543334961e-01 -6.450875997543334961e-01 -6.450875997543334961e-01 -6.450875997543334961e-01 -6.450875997543334961e-01 -1.056130528450012207e-01 4.986347675323486328e+00 -6.450875997543334961e-01 -6.450875997543334961e-01 -6.450875997543334961e-01 -6.450875997543334961e-01 -6.450875997543334961e-01
3.328328847885131836e+00 -7.881200909614562988e-01 -7.881200909614562988e-01 -7.881200909614562988e-01 -1.193147420883178711e+00 1.997391581535339355e-01 -1.193147420883178711e+00 5.022400021553039551e-01 -1.193147420883178711e+00 -1.193147420883178711e+00 -1.193147420883178711e+00 -1.193147420883178711e+00 -7.881200909614562988e-01 -1.193147420883178711e+00 -7.881200909614562988e-01 4.962404727935791016e+00 1.251830220222473145e+00 2.777506589889526367e+00 1.251830220222473145e+00 -7.881200909614562988e-01 -1.193147420883178711e+00
-4.770498871803283691e-01 -1.191284656524658203e+00 2.966312766075134277e-01 1.193921208381652832e+00 -9.085594415664672852e-01 1.590958237648010254e+00 -1.191284656524658203e+00 -3.070321381092071533e-01 -9.085594415664672852e-01 -1.542604327201843262e+00 -4.770498871803283691e-01 -6.747014522552490234e-01 7.486632466316223145e-01 -4.770498871803283691e-01 2.671516895294189453e+00 4.305682182312011719e+00 1.233477473258972168e+00 -4.770498871803283691e-01 -6.747014522552490234e-01 -1.191284656524658203e+00 -1.542604327201843262e+00
-1.158539876341819763e-01 -1.826970338821411133e+00 2.605413198471069336e-01 8.344672322273254395e-01 4.884251952171325684e-01 -1.251038312911987305e+00 -1.034796357154846191e+00 -1.251038312911987305e+00 -1.034796357154846191e+00 2.202804088592529297e+00 -1.509688854217529297e+00 -1.034796357154846191e+00 1.300529837608337402e+00 1.927674531936645508e+00 5.067122727632522583e-02 6.756874322891235352e-01 -1.509688854217529297e+00 -2.940768748521804810e-02 -1.509688854217529297e+00 7.969865798950195312e-01 3.570044755935668945e+00
6.735616177320480347e-02 -8.070423603057861328e-01 6.242136359214782715e-01 3.732278048992156982e-01 -8.070423603057861328e-01 -3.165602385997772217e-01 -8.070423603057861328e-01 -8.070423603057861328e-01 -8.070423603057861328e-01 8.348447680473327637e-01 -8.070423603057861328e-01 6.735616177320480347e-02 -3.165602385997772217e-01 -8.070423603057861328e-01 -3.165602385997772217e-01 -3.165602385997772217e-01 -8.070423603057861328e-01 8.348447680473327637e-01 -3.165602385997772217e-01 -8.070423603057861328e-01 6.043828010559082031e+00
-4.877106547355651855e-01 -4.877106547355651855e-01 -4.877106547355651855e-01 1.101088523864746094e-01 -4.877106547355651855e-01 -4.877106547355651855e-01 -4.877106547355651855e-01 -4.877106547355651855e-01 -4.877106547355651855e-01 5.807527899742126465e-01 -4.877106547355651855e-01 -4.877106547355651855e-01 1.101088523864746094e-01 -4.877106547355651855e-01 -4.877106547355651855e-01 1.101088523864746094e-01 -4.877106547355651855e-01 -4.877106547355651855e-01 -4.877106547355651855e-01 -4.877106547355651855e-01 6.891698360443115234e+00
-9.515170753002166748e-02 -6.369872093200683594e-01 -9.515170753002166748e-02 -6.369872093200683594e-01 -6.369872093200683594e-01 9.338399171829223633e-01 -6.369872093200683594e-01 -9.515170753002166748e-02 -6.369872093200683594e-01 -9.515170753002166748e-02 -6.369872093200683594e-01 -6.369872093200683594e-01 -6.369872093200683594e-01 -6.369872093200683594e-01 3.287515938282012939e-01 9.338399171829223633e-01 -6.369872093200683594e-01 -6.369872093200683594e-01 -6.369872093200683594e-01 -6.369872093200683594e-01 6.464844226837158203e+00
3.946577608585357666e-01 -1.340971708297729492e+00 -4.083048403263092041e-01 -4.083048403263092041e-01 -1.340971708297729492e+00 1.187925219535827637e+00 -1.340971708297729492e+00 -1.993613243103027344e-01 1.348967403173446655e-01 1.348967403173446655e-01 -6.570065021514892578e-01 -9.603316187858581543e-01 9.357078075408935547e-01 -1.993613243103027344e-01 7.832685112953186035e-01 6.981966495513916016e-01 3.946577608585357666e-01 -2.056946232914924622e-02 -1.340971708297729492e+00 -1.340971708297729492e+00 4.893920421600341797e+00
1.054371237754821777e+00 -1.549546837806701660e+00 8.541954755783081055e-01 1.885222941637039185e-01 -9.171555638313293457e-01 1.886009931564331055e+00 -1.199173688888549805e+00 -9.171555638313293457e-01 -6.837449669837951660e-01 -3.645129129290580750e-02 -1.549546837806701660e+00 -1.549546837806701660e+00 1.885222941637039185e-01 4.584238827228546143e-01 6.071661710739135742e-01 6.071661710739135742e-01 4.584238827228546143e-01 -4.863437414169311523e-01 -9.171555638313293457e-01 -9.171555638313293457e-01 4.420292377471923828e+00
3.796745836734771729e-01 -2.114377975463867188e+00 4.522105455398559570e-01 2.526897937059402466e-02 -7.002378702163696289e-01 1.988428235054016113e+00 -1.212506055831909180e+00 -8.084680438041687012e-01 -1.212506055831909180e+00 1.085896372795104980e+00 -1.212506055831909180e+00 -1.385342121124267578e+00 4.866594374179840088e-01 3.414117991924285889e-01 6.435483694076538086e-01 1.066822886466979980e+00 6.435483694076538086e-01 2.173910140991210938e-01 -7.002378702163696289e-01 -8.084680438041687012e-01 2.823882579803466797e+00
6.915896534919738770e-01 -1.983695745468139648e+00 9.138271808624267578e-01 1.364024169743061066e-02 -1.244982600212097168e+00 1.985918641090393066e+00 -9.976379275321960449e-01 -4.758782386779785156e-01 -7.058806419372558594e-01 3.460021018981933594e-01 -1.391770720481872559e+00 -1.244982600212097168e+00 3.460021018981933594e-01 5.463527441024780273e-01 8.955109715461730957e-01 9.495015144348144531e-01 7.986354231834411621e-01 -4.089219272136688232e-01 -1.766037195920944214e-01 -8.915928602218627930e-01 2.035027265548706055e+00
8.691264986991882324e-01 -1.914259195327758789e+00 4.975083470344543457e-01 6.104793548583984375e-01 -1.313428759574890137e+00 2.347238540649414062e+00 -1.313428759574890137e+00 -4.612337648868560791e-01 -7.104735374450683594e-01 8.267035484313964844e-01 -1.914259195327758789e+00 -1.313428759574890137e+00 4.360129535198211670e-01 4.975083470344543457e-01 1.141054868698120117e+00 1.521314263343811035e+00 1.274996399879455566e+00 8.267035484313964844e-01 -9.151137471199035645e-01 -1.680719852447509766e+00 6.877344250679016113e-01
8.576352000236511230e-01 -2.300505399703979492e+00 2.585365176200866699e-01 1.437652506865561008e-03 -2.308701574802398682e-01 2.096606016159057617e+00 -1.294308543205261230e+00 -8.542039245367050171e-02 -6.763727068901062012e-01 9.932595491409301758e-01 -9.430556893348693848e-01 -1.317045390605926514e-01 8.017233014106750488e-01 -1.317045390605926514e-01 6.356472373008728027e-01 1.181090831756591797e+00 1.207131981849670410e+00 8.393368721008300781e-01 -1.799270987510681152e+00 -2.308701574802398682e-01 -1.048532009124755859e+00
9.119759202003479004e-01 -2.222515583038330078e+00 1.501902937889099121e-01 -5.729064345359802246e-01 -3.573470413684844971e-01 2.175948143005371094e+00 -8.420441150665283203e-01 -5.729064345359802246e-01 -8.420441150665283203e-01 2.277153879404067993e-01 -1.710472226142883301e+00 1.767844915390014648e+00 8.925941586494445801e-01 4.306025803089141846e-01 2.644110023975372314e-01 1.119655847549438477e+00 1.450634002685546875e+00 1.091491132974624634e-01 -1.345166683197021484e+00 6.753792762756347656e-01 -1.710472226142883301e+00
-5.031419992446899414e-01 -1.884508609771728516e+00 1.788360476493835449e+00 2.024469852447509766e+00 -1.318968176841735840e+00 2.283130407333374023e+00 -3.911899030208587646e-01 -1.318968176841735840e+00 -1.318968176841735840e+00 -1.105970501899719238e+00 -1.884508609771728516e+00 2.613622426986694336e+00 -6.273265480995178223e-01 1.115946650505065918e+00 -7.664090991020202637e-01 7.117410302162170410e-01 1.865149855613708496e+00 -7.664090991020202637e-01 -1.318968176841735840e+00 2.376458406448364258e+00 -1.573290824890136719e+00
-6.803113818168640137e-01 -1.546887278556823730e+00 -4.828803241252899170e-01 4.000776290893554688e+00 -1.196229934692382812e+00 2.356027603149414062e+00 -1.546887278556823730e+00 5.394503474235534668e-01 1.436647057533264160e+00 -6.803113818168640137e-01 -9.139146208763122559e-01 -1.546887278556823730e+00 1.930286407470703125e+00 -4.828803241252899170e-01 -4.828803241252899170e-01 -6.803113818168640137e-01 3.186274766921997070e+00 3.797236382961273193e-01 -1.196229934692382812e+00 -1.196229934692382812e+00 -1.196229934692382812e+00
3.156093835830688477e+00 -1.195971131324768066e+00 -1.195971131324768066e+00 -7.914544343948364258e-01 -1.195971131324768066e+00 -1.195971131324768066e+00 -7.914544343948364258e-01 2.422383308410644531e+00 -1.195971131324768066e+00 3.457817316055297852e+00 -1.195971131324768066e+00 -1.195971131324768066e+00 -1.195971131324768066e+00 4.689686775207519531e+00 -7.914544343948364258e-01 -7.914544343948364258e-01 -1.195971131324768066e+00 -7.914544343948364258e-01 -7.914544343948364258e-01 2.982108354568481445e+00 -1.195971131324768066e+00
-1.037500739097595215e+00 -1.037500739097595215e+00 -1.037500739097595215e+00 -1.037500739097595215e+00 4.676090240478515625e+00 -1.037500739097595215e+00 2.879233360290527344e+00 -1.037500739097595215e+00 -1.037500739097595215e+00 -2.593793869018554688e-01 -1.037500739097595215e+00 -6.021798253059387207e-01 -1.037500739097595215e+00 -1.037500739097595215e+00 -1.037500739097595215e+00 -2.593793869018554688e-01 3.398475646972656250e+00 -1.037500739097595215e+00 -1.037500739097595215e+00 4.691814899444580078e+00 -1.037500739097595215e+00
-3.654301762580871582e-01 -3.654301762580871582e-01 -3.654301762580871582e-01 -3.654301762580871582e-01 7.309041500091552734e+00 -3.654301762580871582e-01 -3.654301762580871582e-01 -3.654301762580871582e-01 -3.654301762580871582e-01 -3.654301762580871582e-01 -3.654301762580871582e-01 -3.654301762580871582e-01 -3.654301762580871582e-01 -3.654301762580871582e-01 -3.654301762580871582e-01 -3.654301762580871582e-01 -3.654301762580871582e-01 -3.654301762580871582e-01 -3.654301762580871582e-01 -3.654301762580871582e-01 -3.654301762580871582e-01
