-3.654533028602600098e-01 7.309039115905761719e+00 -3.654533028602600098e-01 -3.654533028602600098e-01 -3.654533028602600098e-01 -3.654533028602600098e-01 -3.654533028602600098e-01 -3.654533028602600098e-01 -3.654533028602600098e-01 -3.654533028602600098e-01 -3.654533028602600098e-01 -3.654533028602600098e-01 -3.654533028602600098e-01 -3.654533028602600098e-01 -3.654533028602600098e-01 -3.654533028602600098e-01 -3.654533028602600098e-01 -3.654533028602600098e-01 -3.654533028602600098e-01 -3.654533028602600098e-01 -3.654533028602600098e-01
6.203923225402832031e+00 -6.403442025184631348e-01 -6.403442025184631348e-01 -6.403442025184631348e-01 -6.403442025184631348e-01 3.236115872859954834e-01 -6.403442025184631348e-01 -6.403442025184631348e-01 -6.403442025184631348e-01 -6.403442025184631348e-01 -6.403442025184631348e-01 -6.403442025184631348e-01 -6.403442025184631348e-01 -6.403442025184631348e-01 -6.403442025184631348e-01 4.998635768890380859e+00 -6.403442025184631348e-01 -6.403442025184631348e-01 -6.403442025184631348e-01 -6.403442025184631348e-01 -6.403442025184631348e-01
3.237997055053710938e+00 -8.230072259902954102e-01 -8.230072259902954102e-01 -8.230072259902954102e-01 -1.222779989242553711e+00 5.808975696563720703e-01 -1.222779989242553711e+00 5.808975696563720703e-01 -1.222779989242553711e+00 -1.222779989242553711e+00 -1.222779989242553711e+00 -8.230072259902954102e-01 -8.230072259902954102e-01 -1.222779989242553711e+00 -8.230072259902954102e-01 4.906710624694824219e+00 1.201594233512878418e+00 2.754959344863891602e+00 1.057233452796936035e+00 -8.230072259902954102e-01 -1.222779989242553711e+00
-2.889887690544128418e-01 -1.529577851295471191e+00 4.059155285358428955e-01 1.214520335197448730e+00 -1.176498055458068848e+00 1.665347576141357422e+00 -1.176498055458068848e+00 -4.595517814159393311e-01 -8.926913738250732422e-01 -1.176498055458068848e+00 -1.400495618581771851e-01 -6.579825282096862793e-01 7.688053846359252930e-01 -6.579825282096862793e-01 2.603526115417480469e+00 4.341887474060058594e+00 1.214520335197448730e+00 -4.595517814159393311e-01 -1.176498055458068848e+00 -8.926913738250732422e-01 -1.529577851295471191e+00
-2.068154215812683105e-01 -1.824687719345092773e+00 2.634877264499664307e-01 8.001145124435424805e-01 5.893505215644836426e-01 -1.032161831855773926e+00 -1.032161831855773926e+00 -1.248548388481140137e+00 -1.032161831855773926e+00 2.306828498840332031e+00 -1.507207751274108887e+00 -1.032161831855773926e+00 1.230926394462585449e+00 1.852033495903015137e+00 -2.068154215812683105e-01 6.788007616996765137e-01 -1.507207751274108887e+00 -2.634378336369991302e-02 -1.507207751274108887e+00 8.737852573394775391e-01 3.568345785140991211e+00
7.415112107992172241e-02 -8.028655052185058594e-01 6.316612362861633301e-01 3.804706335067749023e-01 -8.028655052185058594e-01 3.804706335067749023e-01 -8.028655052185058594e-01 -8.028655052185058594e-01 -8.028655052185058594e-01 8.426764011383056641e-01 -8.028655052185058594e-01 7.415112107992172241e-02 -8.028655052185058594e-01 -8.028655052185058594e-01 -3.110846281051635742e-01 7.415112107992172241e-02 -8.028655052185058594e-01 6.316612362861633301e-01 -8.028655052185058594e-01 -8.028655052185058594e-01 6.053299903869628906e+00
5.659584701061248779e-02 -5.250720381736755371e-01 -5.250720381736755371e-01 5.659584701061248779e-02 -5.250720381736755371e-01 -5.250720381736755371e-01 -5.250720381736755371e-01 -5.250720381736755371e-01 -5.250720381736755371e-01 8.722769021987915039e-01 -5.250720381736755371e-01 -5.250720381736755371e-01 5.659584701061248779e-02 -5.250720381736755371e-01 -5.250720381736755371e-01 5.659584701061248779e-02 -5.250720381736755371e-01 -5.250720381736755371e-01 -5.250720381736755371e-01 -5.250720381736755371e-01 6.777315139770507812e+00
2.358106523752212524e-01 -6.961584687232971191e-01 -1.735344529151916504e-01 -6.961584687232971191e-01 -6.961584687232971191e-01 8.223893642425537109e-01 -6.961584687232971191e-01 2.358106523752212524e-01 -6.961584687232971191e-01 2.358106523752212524e-01 -6.961584687232971191e-01 -6.961584687232971191e-01 -6.961584687232971191e-01 -6.961584687232971191e-01 5.590537786483764648e-01 8.223893642425537109e-01 -6.961584687232971191e-01 -6.961584687232971191e-01 -6.961584687232971191e-01 -6.961584687232971191e-01 6.312535762786865234e+00
6.179055571556091309e-01 -1.333228468894958496e+00 -6.471785306930541992e-01 -1.885823160409927368e-01 -9.512593746185302734e-01 1.449663758277893066e+00 -1.333228468894958496e+00 -1.885823160409927368e-01 -1.885823160409927368e-01 -9.361420758068561554e-03 -6.471785306930541992e-01 -1.333228468894958496e+00 9.482309818267822266e-01 -6.471785306930541992e-01 8.746101260185241699e-01 9.482309818267822266e-01 4.062756299972534180e-01 -9.361420758068561554e-03 -1.333228468894958496e+00 -1.333228468894958496e+00 4.898550987243652344e+00
1.099592685699462891e+00 -1.549005985260009766e+00 6.077898144721984863e-01 6.077898144721984863e-01 -9.167373776435852051e-01 1.866044640541076660e+00 -1.549005985260009766e+00 -9.167373776435852051e-01 -9.167373776435852051e-01 8.203243464231491089e-02 -1.549005985260009766e+00 -1.549005985260009766e+00 -3.597790747880935669e-02 6.077898144721984863e-01 5.359742045402526855e-01 5.359742045402526855e-01 5.359742045402526855e-01 -3.159368634223937988e-01 -6.834248304367065430e-01 -9.167373776435852051e-01 4.419263839721679688e+00
3.366659283638000488e-01 -2.089504957199096680e+00 4.517468810081481934e-01 -2.437656223773956299e-01 -3.939879238605499268e-01 2.016789197921752930e+00 -1.181798458099365234e+00 -1.030313491821289062e+00 -1.558151960372924805e+00 1.212088465690612793e+00 -1.558151960372924805e+00 -7.763250470161437988e-01 6.190025210380554199e-01 1.113855242729187012e-01 7.077340483665466309e-01 1.121636986732482910e+00 6.789942979812622070e-01 1.604876518249511719e-01 -5.686318874359130859e-01 -8.963529467582702637e-01 2.880280971527099609e+00
6.324318647384643555e-01 -1.956531763076782227e+00 7.926098108291625977e-01 1.319774538278579712e-01 -1.361151099205017090e+00 2.015562534332275391e+00 -1.083067893981933594e+00 -3.750808537006378174e-01 -6.726865172386169434e-01 4.718569517135620117e-01 -1.725500345230102539e+00 -1.213770747184753418e+00 3.810951411724090576e-01 5.816471576690673828e-01 1.019582867622375488e+00 1.002486705780029297e+00 7.493454813957214355e-01 -2.522916793823242188e-01 -4.261567071080207825e-02 -1.213770747184753418e+00 2.117908477783203125e+00
9.403112530708312988e-01 -1.920853614807128906e+00 3.620496392250061035e-01 5.183116793632507324e-01 -1.172563552856445312e+00 2.376225233078002930e+00 -1.320825457572937012e+00 -4.693414568901062012e-01 -8.160938024520874023e-01 6.282466650009155273e-01 -1.920853614807128906e+00 -1.041123151779174805e+00 4.274204969406127930e-01 5.183116793632507324e-01 1.083440184593200684e+00 1.467835426330566406e+00 1.346617221832275391e+00 7.737693190574645996e-01 -1.041123151779174805e+00 -1.490553736686706543e+00 7.509106397628784180e-01
9.084528088569641113e-01 -2.313881874084472656e+00 3.026275932788848877e-01 -1.987204998731613159e-01 -4.180968105792999268e-01 2.050150871276855469e+00 -1.456478834152221680e+00 -2.494232654571533203e-01 -7.760993838310241699e-01 8.014862537384033203e-01 -8.645456433296203613e-01 1.371464580297470093e-01 8.384047746658325195e-01 -1.739919185638427734e-02 6.819713711738586426e-01 1.187796235084533691e+00 1.237941980361938477e+00 7.233799099922180176e-01 -1.311143279075622559e+00 -3.027091920375823975e-01 -9.607701897621154785e-01
8.392488956451416016e-01 -2.231772899627685547e+00 2.144890129566192627e-01 -5.088803172111511230e-01 -3.070657551288604736e-01 2.162276029586791992e+00 -8.544682860374450684e-01 -5.854870676994323730e-01 -6.679670810699462891e-01 3.208615481853485107e-01 -1.721359491348266602e+00 1.737614870071411133e+00 9.175387024879455566e-01 3.540143072605133057e-01 9.597960859537124634e-02 1.106158137321472168e+00 1.459403038024902344e+00 -8.627012372016906738e-02 -1.209077715873718262e+00 6.859396100044250488e-01 -1.721359491348266602e+00
-3.849666118621826172e-01 -1.879796147346496582e+00 1.920127749443054199e+00 2.031325578689575195e+00 -1.313656687736511230e+00 2.265269756317138672e+00 -3.849666118621826172e-01 -1.100382328033447266e+00 -1.568175196647644043e+00 -1.100382328033447266e+00 -1.879796147346496582e+00 2.560033559799194336e+00 -7.604617476463317871e-01 1.197116136550903320e+00 -9.183362126350402832e-01 7.183684110641479492e-01 1.821440935134887695e+00 -7.604617476463317871e-01 -1.313656687736511230e+00 2.419819355010986328e+00 -1.568175196647644043e+00
-4.822155535221099854e-01 -1.546191811561584473e+00 -3.123289048671722412e-01 4.011639595031738281e+00 -9.132992625236511230e-01 2.317451953887939453e+00 -1.546191811561584473e+00 6.121108531951904297e-01 1.584836363792419434e+00 -6.797626018524169922e-01 -1.195441246032714844e+00 -1.546191811561584473e+00 1.931085467338562012e+00 -4.822155535221099854e-01 -4.822155535221099854e-01 -6.797626018524169922e-01 3.152615785598754883e+00 1.931780278682708740e-01 -1.195441246032714844e+00 -1.546191811561584473e+00 -1.195441246032714844e+00
3.123489618301391602e+00 -1.202020049095153809e+00 -1.202020049095153809e+00 -1.202020049095153809e+00 -1.202020049095153809e+00 -7.985306382179260254e-01 -7.985306382179260254e-01 2.218922138214111328e+00 -7.985306382179260254e-01 3.389816999435424805e+00 -1.202020049095153809e+00 -1.202020049095153809e+00 -7.985306382179260254e-01 4.717201709747314453e+00 -7.985306382179260254e-01 -1.202020049095153809e+00 -1.202020049095153809e+00 -7.985306382179260254e-01 -7.985306382179260254e-01 2.958333492279052734e+00 -1.202020049095153809e+00
-1.023257136344909668e+00 -1.023257136344909668e+00 -1.023257136344909668e+00 -1.023257136344909668e+00 4.691264629364013672e+00 -1.023257136344909668e+00 2.887721300125122070e+00 -1.023257136344909668e+00 -1.023257136344909668e+00 -2.401060611009597778e-01 -1.023257136344909668e+00 -5.849120020866394043e-01 -1.023257136344909668e+00 -1.023257136344909668e+00 -1.023257136344909668e+00 -5.849120020866394043e-01 3.414858341217041016e+00 -1.023257136344909668e+00 -1.023257136344909668e+00 4.741400718688964844e+00 -1.023257136344909668e+00
-3.654574155807495117e-01 -3.654574155807495117e-01 -3.654574155807495117e-01 -3.654574155807495117e-01 7.309002399444580078e+00 -3.654574155807495117e-01 -3.654574155807495117e-01 -3.654574155807495117e-01 -3.654574155807495117e-01 -3.654574155807495117e-01 -3.654574155807495117e-01 -3.654574155807495117e-01 -3.654574155807495117e-01 -3.654574155807495117e-01 -3.654574155807495117e-01 -3.654574155807495117e-01 -3.654574155807495117e-01 -3.654574155807495117e-01 -3.654574155807495117e-01 -3.654574155807495117e-01 -3.654574155807495117e-01
