-3.654620647430419922e-01 7.309032917022705078e+00 -3.654620647430419922e-01 -3.654620647430419922e-01 -3.654620647430419922e-01 -3.654620647430419922e-01 -3.654620647430419922e-01 -3.654620647430419922e-01 -3.654620647430419922e-01 -3.654620647430419922e-01 -3.654620647430419922e-01 -3.654620647430419922e-01 -3.654620647430419922e-01 -3.654620647430419922e-01 -3.654620647430419922e-01 -3.654620647430419922e-01 -3.654620647430419922e-01 -3.654620647430419922e-01 -3.654620647430419922e-01 -3.654620647430419922e-01 -3.654620647430419922e-01
6.199695587158203125e+00 -6.406074762344360352e-01 -6.406074762344360352e-01 -6.406074762344360352e-01 -6.406074762344360352e-01 3.224505186080932617e-01 -6.406074762344360352e-01 -6.406074762344360352e-01 -6.406074762344360352e-01 -6.406074762344360352e-01 -6.406074762344360352e-01 -6.406074762344360352e-01 -6.406074762344360352e-01 -6.406074762344360352e-01 -6.406074762344360352e-01 5.008720397949218750e+00 -6.406074762344360352e-01 -6.406074762344360352e-01 -6.406074762344360352e-01 -6.406074762344360352e-01 -6.406074762344360352e-01
3.364112615585327148e+00 -7.991356253623962402e-01 -1.202291727066040039e+00 -7.991356253623962402e-01 -1.202291727066040039e+00 6.134419441223144531e-01 -1.202291727066040039e+00 4.874982535839080811e-01 -1.202291727066040039e+00 -1.202291727066040039e+00 -1.202291727066040039e+00 -7.991356253623962402e-01 -7.991356253623962402e-01 -1.202291727066040039e+00 -7.991356253623962402e-01 4.941699981689453125e+00 1.235751152038574219e+00 2.679617643356323242e+00 1.090973734855651855e+00 -7.991356253623962402e-01 -1.202291727066040039e+00
-4.509617686271667480e-01 -1.169552803039550781e+00 1.602242002263665199e-03 1.264114975929260254e+00 -8.847522735595703125e-01 1.675511837005615234e+00 -1.169552803039550781e+00 -1.307764947414398193e-01 -8.847522735595703125e-01 -1.169552803039550781e+00 -2.801476120948791504e-01 -6.495181322097778320e-01 5.755211114883422852e-01 -8.847522735595703125e-01 2.703104734420776367e+00 4.350489139556884766e+00 1.095809698104858398e+00 -6.495181322097778320e-01 -6.495181322097778320e-01 -1.169552803039550781e+00 -1.523252964019775391e+00
-2.038815617561340332e-01 -1.822927951812744141e+00 4.419882595539093018e-01 7.239097356796264648e-01 5.923911333084106445e-01 -1.029801368713378906e+00 -1.029801368713378906e+00 -1.029801368713378906e+00 -1.246120691299438477e+00 2.309958457946777344e+00 -1.822927951812744141e+00 -1.029801368713378906e+00 1.258871316909790039e+00 1.895362138748168945e+00 5.665415152907371521e-02 6.818846464157104492e-01 -1.505203723907470703e+00 -2.349846065044403076e-02 -1.505203723907470703e+00 7.239097356796264648e-01 3.564026594161987305e+00
-3.157129883766174316e-01 -8.061539530754089355e-01 3.747388720512390137e-01 3.747388720512390137e-01 -8.061539530754089355e-01 3.747388720512390137e-01 -8.061539530754089355e-01 -8.061539530754089355e-01 -8.061539530754089355e-01 3.747388720512390137e-01 -8.061539530754089355e-01 6.825216114521026611e-02 -3.157129883766174316e-01 -8.061539530754089355e-01 -3.157129883766174316e-01 6.825216114521026611e-02 -8.061539530754089355e-01 8.361771702766418457e-01 -3.157129883766174316e-01 -8.061539530754089355e-01 6.046811580657958984e+00
5.764477327466011047e-02 -5.253693461418151855e-01 -5.253693461418151855e-01 5.764477327466011047e-02 -5.253693461418151855e-01 -5.253693461418151855e-01 -5.253693461418151855e-01 -5.253693461418151855e-01 -5.253693461418151855e-01 8.724862933158874512e-01 -5.253693461418151855e-01 -5.253693461418151855e-01 5.764477327466011047e-02 -5.253693461418151855e-01 -5.253693461418151855e-01 5.764477327466011047e-02 -5.253693461418151855e-01 -5.253693461418151855e-01 -5.253693461418151855e-01 -5.253693461418151855e-01 6.777404308319091797e+00
2.939803898334503174e-01 -6.585322022438049316e-01 -1.238149031996726990e-01 -6.585322022438049316e-01 -6.585322022438049316e-01 8.930938839912414551e-01 -6.585322022438049316e-01 2.939803898334503174e-01 -6.585322022438049316e-01 2.939803898334503174e-01 -6.585322022438049316e-01 -6.585322022438049316e-01 -6.585322022438049316e-01 -6.585322022438049316e-01 -1.238149031996726990e-01 6.245364546775817871e-01 -6.585322022438049316e-01 -6.585322022438049316e-01 -6.585322022438049316e-01 -6.585322022438049316e-01 6.409179210662841797e+00
6.036872863769531250e-01 -1.342272758483886719e+00 -4.100067019462585449e-01 -2.012365907430648804e-01 -9.623252153396606445e-01 1.185595273971557617e+00 -1.342272758483886719e+00 -6.588578820228576660e-01 1.327538192272186279e-01 2.699517011642456055e-01 -6.588578820228576660e-01 -9.623252153396606445e-01 8.598695993423461914e-01 -4.100067019462585449e-01 6.036872863769531250e-01 6.036872863769531250e-01 5.030831694602966309e-01 -2.265033684670925140e-02 -1.342272758483886719e+00 -1.342272758483886719e+00 4.892936229705810547e+00
1.051602244377136230e+00 -1.551302075386047363e+00 6.717718839645385742e-01 5.326538085937500000e-01 -9.192714095115661621e-01 1.775932669639587402e+00 -1.201389193534851074e+00 -1.201389193534851074e+00 -9.192714095115661621e-01 2.833850979804992676e-01 -1.201389193534851074e+00 -1.551302075386047363e+00 7.906922698020935059e-02 3.729439675807952881e-01 4.557282626628875732e-01 6.717718839645385742e-01 2.833850979804992676e-01 -1.706523597240447998e-01 -6.859518885612487793e-01 -1.201389193534851074e+00 4.425566196441650391e+00
3.589831888675689697e-01 -2.102281808853149414e+00 4.341928660869598389e-01 -1.288243532180786133e-01 -5.852327346801757812e-01 1.975049853324890137e+00 -1.572268247604370117e+00 -6.839618682861328125e-01 -1.572268247604370117e+00 1.122543454170227051e+00 -1.370533466339111328e+00 -7.922985553741455078e-01 6.317460536956787109e-01 3.972682654857635498e-01 6.317460536956787109e-01 9.835674762725830078e-01 6.317460536956787109e-01 1.431141495704650879e-01 -5.852327346801757812e-01 -7.922985553741455078e-01 2.875288963317871094e+00
6.540943384170532227e-01 -2.237802028656005859e+00 9.282482862472534180e-01 -4.538987204432487488e-02 -1.085353255271911621e+00 2.006418943405151367e+00 -1.085353255271911621e+00 -2.550010383129119873e-01 -5.163708925247192383e-01 4.690712094306945801e-01 -1.532184243202209473e+00 -1.085353255271911621e+00 4.976315200328826904e-01 5.788401961326599121e-01 1.016757965087890625e+00 8.905721306800842285e-01 6.779991984367370605e-01 -1.450056135654449463e-01 -3.145929872989654541e-01 -1.532184243202209473e+00 2.114998579025268555e+00
1.091332077980041504e+00 -1.914900422096252441e+00 3.354923427104949951e-01 5.261085629463195801e-01 -1.314276456832885742e+00 2.360734224319458008e+00 -1.314276456832885742e+00 -4.619836211204528809e-01 -8.088806271553039551e-01 7.114122509956359863e-01 -1.914900422096252441e+00 -1.165677428245544434e+00 3.354923427104949951e-01 4.030128121376037598e-01 1.140210986137390137e+00 1.509478211402893066e+00 1.274154901504516602e+00 7.816085815429687500e-01 -9.157667756080627441e-01 -1.484104514122009277e+00 8.258663415908813477e-01
9.162523746490478516e-01 -2.320764780044555664e+00 1.283680647611618042e-01 -2.607563324272632599e-02 -3.674145340919494629e-01 2.024553537368774414e+00 -1.319147825241088867e+00 1.473562978208065033e-02 -7.846121191978454590e-01 7.925229072570800781e-01 -9.689332842826843262e-01 1.473562978208065033e-02 8.294347524642944336e-01 -1.590522527694702148e-01 6.075821518898010254e-01 1.276689767837524414e+00 1.228915452957153320e+00 6.075821518898010254e-01 -1.319147825241088867e+00 -2.074114978313446045e-01 -9.689332842826843262e-01
9.020548462867736816e-01 -2.229725360870361328e+00 1.799624413251876831e-01 -5.822369456291198730e-01 -2.439768612384796143e-01 2.138011217117309570e+00 -8.511356711387634277e-01 -4.339076578617095947e-01 -9.575551152229309082e-01 2.900981605052947998e-01 -1.522597908973693848e+00 1.741185188293457031e+00 9.210714101791381836e-01 2.900981605052947998e-01 2.900981605052947998e-01 1.011165261268615723e+00 1.506203413009643555e+00 5.676943808794021606e-02 -1.522597908973693848e+00 7.356408238410949707e-01 -1.718413949012756348e+00
-5.834249854087829590e-01 -1.851721882820129395e+00 1.974973917007446289e+00 2.053239107131958008e+00 -1.851721882820129395e+00 2.357479810714721680e+00 -5.834249854087829590e-01 -1.065449357032775879e+00 -1.280153512954711914e+00 -1.065449357032775879e+00 -1.851721882820129395e+00 2.658029317855834961e+00 -7.234290838241577148e-01 1.084945201873779297e+00 -8.823582530021667480e-01 6.812984943389892578e-01 1.902707338333129883e+00 -5.834249854087829590e-01 -1.280153512954711914e+00 2.426675796508789062e+00 -1.537044525146484375e+00
-6.284924149513244629e-01 -1.507071971893310547e+00 -4.291129708290100098e-01 4.058910369873046875e+00 -8.648637533187866211e-01 2.507463693618774414e+00 -1.507071971893310547e+00 6.003800630569458008e-01 1.531682014465332031e+00 -8.648637533187866211e-01 -1.507071971893310547e+00 -1.507071971893310547e+00 1.934248089790344238e+00 -8.648637533187866211e-01 -6.284924149513244629e-01 -8.648637533187866211e-01 3.268586397171020508e+00 4.398052394390106201e-01 -8.648637533187866211e-01 -1.151234865188598633e+00 -1.151234865188598633e+00
3.121215343475341797e+00 -1.209315299987792969e+00 -1.209315299987792969e+00 -8.073797821998596191e-01 -1.209315299987792969e+00 -8.073797821998596191e-01 -8.073797821998596191e-01 2.282535552978515625e+00 -1.209315299987792969e+00 3.425645828247070312e+00 -1.209315299987792969e+00 -1.209315299987792969e+00 -8.073797821998596191e-01 4.662985801696777344e+00 -8.073797821998596191e-01 -1.209315299987792969e+00 -1.209315299987792969e+00 -8.073797821998596191e-01 -8.073797821998596191e-01 3.042888641357421875e+00 -1.209315299987792969e+00
-1.037299156188964844e+00 -1.037299156188964844e+00 -1.037299156188964844e+00 -1.037299156188964844e+00 4.689102649688720703e+00 -1.037299156188964844e+00 2.801411390304565430e+00 -1.037299156188964844e+00 -1.037299156188964844e+00 -2.591063380241394043e-01 -1.037299156188964844e+00 -6.022826433181762695e-01 -1.037299156188964844e+00 -1.037299156188964844e+00 -1.037299156188964844e+00 -2.591063380241394043e-01 3.485357284545898438e+00 -1.037299156188964844e+00 -1.037299156188964844e+00 4.666941642761230469e+00 -1.037299156188964844e+00
-3.654393255710601807e-01 -3.654393255710601807e-01 -3.654393255710601807e-01 -3.654393255710601807e-01 7.309035778045654297e+00 -3.654393255710601807e-01 -3.654393255710601807e-01 -3.654393255710601807e-01 -3.654393255710601807e-01 -3.654393255710601807e-01 -3.654393255710601807e-01 -3.654393255710601807e-01 -3.654393255710601807e-01 -3.654393255710601807e-01 -3.654393255710601807e-01 -3.654393255710601807e-01 -3.654393255710601807e-01 -3.654393255710601807e-01 -3.654393255710601807e-01 -3.654393255710601807e-01 -3.654393255710601807e-01
