-3.654581010341644287e-01 7.308933734893798828e+00 -3.654581010341644287e-01 -3.654581010341644287e-01 -3.654581010341644287e-01 -3.654581010341644287e-01 -3.654581010341644287e-01 -3.654581010341644287e-01 -3.654581010341644287e-01 -3.654581010341644287e-01 -3.654581010341644287e-01 -3.654581010341644287e-01 -3.654581010341644287e-01 -3.654581010341644287e-01 -3.654581010341644287e-01 -3.654581010341644287e-01 -3.654581010341644287e-01 -3.654581010341644287e-01 -3.654581010341644287e-01 -3.654581010341644287e-01 -3.654581010341644287e-01
6.207955837249755859e+00 -6.399598121643066406e-01 -6.399598121643066406e-01 -6.399598121643066406e-01 -6.399598121643066406e-01 3.233038187026977539e-01 -6.399598121643066406e-01 -6.399598121643066406e-01 -6.399598121643066406e-01 -6.399598121643066406e-01 -6.399598121643066406e-01 -6.399598121643066406e-01 -6.399598121643066406e-01 -6.399598121643066406e-01 -6.399598121643066406e-01 4.988237380981445312e+00 -6.399598121643066406e-01 -6.399598121643066406e-01 -6.399598121643066406e-01 -6.399598121643066406e-01 -6.399598121643066406e-01
3.309924840927124023e+00 -7.822419404983520508e-01 -7.822419404983520508e-01 -1.187909483909606934e+00 -1.187909483909606934e+00 5.102916359901428223e-01 -1.187909483909606934e+00 2.121470496058464050e-02 -1.187909483909606934e+00 -1.187909483909606934e+00 -1.187909483909606934e+00 -7.822419404983520508e-01 -7.822419404983520508e-01 -1.187909483909606934e+00 -7.822419404983520508e-01 4.975090980529785156e+00 1.388058662414550781e+00 2.801982641220092773e+00 1.190237283706665039e+00 -7.822419404983520508e-01 -1.187909483909606934e+00
-3.310435712337493896e-01 -1.211123943328857422e+00 2.705589830875396729e-01 1.125416994094848633e+00 -6.970597505569458008e-01 1.535323381423950195e+00 -1.211123943328857422e+00 -6.970597505569458008e-01 -6.970597505569458008e-01 -1.211123943328857422e+00 -5.004194974899291992e-01 -5.004194974899291992e-01 7.815473675727844238e-01 -6.970597505569458008e-01 2.594600439071655273e+00 4.291958332061767578e+00 1.038096785545349121e+00 -6.970597505569458008e-01 -6.970597505569458008e-01 -9.297533035278320312e-01 -1.559891700744628906e+00
-1.150763109326362610e-01 -1.826609015464782715e+00 3.230804502964019775e-01 7.589223384857177734e-01 6.765136718750000000e-01 -1.034301757812500000e+00 -1.034301757812500000e+00 -1.034301757812500000e+00 -1.509253978729248047e+00 2.338681936264038086e+00 -1.509253978729248047e+00 -1.034301757812500000e+00 1.094449400901794434e+00 1.835858941078186035e+00 5.149932578206062317e-02 5.870471000671386719e-01 -1.509253978729248047e+00 5.149932578206062317e-02 -1.509253978729248047e+00 8.352841734886169434e-01 3.563423156738281250e+00
-2.868977785110473633e-01 -7.836238741874694824e-01 4.115442037582397461e-01 4.115442037582397461e-01 -7.836238741874694824e-01 1.016132980585098267e-01 -7.836238741874694824e-01 -7.836238741874694824e-01 -7.836238741874694824e-01 4.115442037582397461e-01 -7.836238741874694824e-01 1.016132980585098267e-01 -2.868977785110473633e-01 -7.836238741874694824e-01 -7.836238741874694824e-01 1.016132980585098267e-01 -7.836238741874694824e-01 1.058260560035705566e+00 -2.868977785110473633e-01 -7.836238741874694824e-01 6.098923683166503906e+00
1.112199202179908752e-01 -4.878669381141662598e-01 -4.878669381141662598e-01 -4.878669381141662598e-01 -4.878669381141662598e-01 -4.878669381141662598e-01 -4.878669381141662598e-01 -4.878669381141662598e-01 -4.878669381141662598e-01 5.803405046463012695e-01 -4.878669381141662598e-01 -4.878669381141662598e-01 1.112199202179908752e-01 -4.878669381141662598e-01 -4.878669381141662598e-01 1.112199202179908752e-01 -4.878669381141662598e-01 -4.878669381141662598e-01 -4.878669381141662598e-01 -4.878669381141662598e-01 6.891596794128417969e+00
-9.501124173402786255e-02 -6.370456218719482422e-01 -9.501124173402786255e-02 -6.370456218719482422e-01 -6.370456218719482422e-01 9.342348575592041016e-01 -6.370456218719482422e-01 -9.501124173402786255e-02 -6.370456218719482422e-01 3.280397057533264160e-01 -6.370456218719482422e-01 -6.370456218719482422e-01 -6.370456218719482422e-01 -6.370456218719482422e-01 -9.501124173402786255e-02 9.342348575592041016e-01 -6.370456218719482422e-01 -6.370456218719482422e-01 -6.370456218719482422e-01 -6.370456218719482422e-01 6.464910984039306641e+00
5.740410685539245605e-01 -1.361077070236206055e+00 -4.353775084018707275e-01 -2.277611047029495239e-01 -9.841904640197753906e-01 9.716458320617675781e-01 -1.361077070236206055e+00 -4.353775084018707275e-01 -2.277611047029495239e-01 2.413793951272964478e-01 -4.353775084018707275e-01 -9.841904640197753906e-01 1.209246993064880371e+00 -2.277611047029495239e-01 6.660062074661254883e-01 7.508563399314880371e-01 3.635149300098419189e-01 -2.277611047029495239e-01 -1.361077070236206055e+00 -1.361077070236206055e+00 4.852868556976318359e+00
1.096296668052673340e+00 -1.551239609718322754e+00 6.718682050704956055e-01 4.558263123035430908e-01 -9.191765785217285156e-01 1.841703176498413086e+00 -1.201378464698791504e+00 -1.201378464698791504e+00 -1.201378464698791504e+00 1.859999150037765503e-01 -1.201378464698791504e+00 -1.551239609718322754e+00 7.915825396776199341e-02 6.045588850975036621e-01 6.045588850975036621e-01 1.859999150037765503e-01 4.558263123035430908e-01 -1.705688089132308960e-01 -6.858324408531188965e-01 -9.191765785217285156e-01 4.420777320861816406e+00
4.497878849506378174e-01 -2.091381072998046875e+00 3.745326101779937744e-01 -5.331608653068542480e-02 -5.705485939979553223e-01 1.974976897239685059e+00 -1.183748006820678711e+00 -7.779213190078735352e-01 -1.357382178306579590e+00 1.227269053459167480e+00 -1.183748006820678711e+00 -1.357382178306579590e+00 5.533342957496643066e-01 2.503511607646942139e-01 7.608929872512817383e-01 1.138422369956970215e+00 6.474499702453613281e-01 1.094288378953933716e-01 -8.979959487915039062e-01 -8.979959487915039062e-01 2.884849309921264648e+00
7.094754576683044434e-01 -1.969989776611328125e+00 9.317902922630310059e-01 -1.329926215112209320e-02 -1.098545908927917480e+00 1.925639271736145020e+00 -1.376456499099731445e+00 -3.917843401432037354e-01 -8.751747608184814453e-01 5.107704997062683105e-01 -1.544532656669616699e+00 -1.229218244552612305e+00 5.898628830909729004e-01 3.316272795200347900e-01 9.674769043922424316e-01 9.317902922630310059e-01 6.632925868034362793e-01 -2.127912044525146484e-01 -1.083245053887367249e-01 -8.751747608184814453e-01 2.133743047714233398e+00
1.159414291381835938e+00 -1.888259530067443848e+00 3.700560331344604492e-01 5.314292311668395996e-01 -1.653219938278198242e+00 2.424448728561401367e+00 -1.653219938278198242e+00 -5.890316963195800781e-01 -6.788914799690246582e-01 8.166075944900512695e-01 -1.888259530067443848e+00 -1.002550363540649414e+00 2.595957815647125244e-01 3.700560331344604492e-01 1.159414291381835938e+00 1.533775806427001953e+00 1.295423507690429688e+00 8.166075944900512695e-01 -1.002550363540649414e+00 -1.284173130989074707e+00 9.033526778221130371e-01
9.377584457397460938e-01 -2.317290782928466797e+00 2.677102982997894287e-01 1.962900906801223755e-02 -4.218122363090515137e-01 2.035214185714721680e+00 -1.185540914535522461e+00 -2.532559633255004883e-01 -7.799254655838012695e-01 7.975096106529235840e-01 -8.682804703712463379e-01 1.962900906801223755e-02 8.344263434410095215e-01 -1.079590916633605957e-01 6.779975295066833496e-01 1.183786034584045410e+00 1.221621155738830566e+00 7.395017743110656738e-01 -1.625942826271057129e+00 -3.065145909786224365e-01 -8.682804703712463379e-01
8.005971312522888184e-01 -2.230267524719238281e+00 3.568682968616485596e-01 -3.042178452014923096e-01 -8.352530747652053833e-02 2.154212236404418945e+00 -8.517267107963562012e-01 -8.517267107963562012e-01 -5.828358530998229980e-01 2.173378765583038330e-01 -1.718924403190612793e+00 1.781587600708007812e+00 8.215661048889160156e-01 2.173378765583038330e-01 2.173378765583038330e-01 1.139856338500976562e+00 1.484126806259155273e+00 -8.352530747652053833e-02 -1.354477286338806152e+00 5.895799398422241211e-01 -1.718924403190612793e+00
-4.843110740184783936e-01 -1.870737671852111816e+00 1.980420112609863281e+00 2.013571262359619141e+00 -1.302479982376098633e+00 2.296213865280151367e+00 -4.843110740184783936e-01 -1.302479982376098633e+00 -1.302479982376098633e+00 -1.088851571083068848e+00 -1.870737671852111816e+00 2.568176507949829102e+00 -6.087363958358764648e-01 1.028387188911437988e+00 -7.482588887214660645e-01 6.936117410659790039e-01 1.898561954498291016e+00 -7.482588887214660645e-01 -1.557997465133666992e+00 2.448406696319580078e+00 -1.557997465133666992e+00
-6.799960732460021973e-01 -1.546702861785888672e+00 -3.127971589565277100e-01 3.985802650451660156e+00 -9.136174321174621582e-01 2.442591190338134766e+00 -1.546702861785888672e+00 5.396615266799926758e-01 1.468070149421691895e+00 -9.136174321174621582e-01 -9.136174321174621582e-01 -1.546702861785888672e+00 1.870007753372192383e+00 -3.127971589565277100e-01 -4.826830923557281494e-01 -6.799960732460021973e-01 3.192129611968994141e+00 2.902497351169586182e-01 -1.196247935295104980e+00 -1.546702861785888672e+00 -1.196247935295104980e+00
3.154420375823974609e+00 -1.208502292633056641e+00 -1.208502292633056641e+00 -8.064870238304138184e-01 -1.208502292633056641e+00 -8.064870238304138184e-01 -8.064870238304138184e-01 2.259098529815673828e+00 -1.208502292633056641e+00 3.369771480560302734e+00 -1.208502292633056641e+00 -1.208502292633056641e+00 -1.208502292633056641e+00 4.671368598937988281e+00 -8.064870238304138184e-01 -8.064870238304138184e-01 -1.208502292633056641e+00 -8.064870238304138184e-01 -8.064870238304138184e-01 3.067312240600585938e+00 -1.208502292633056641e+00
-1.035030126571655273e+00 -1.035030126571655273e+00 -1.035030126571655273e+00 -1.035030126571655273e+00 4.665000438690185547e+00 -1.035030126571655273e+00 2.805867195129394531e+00 -1.035030126571655273e+00 -1.035030126571655273e+00 2.191356569528579712e-02 -1.035030126571655273e+00 -5.996617078781127930e-01 -1.035030126571655273e+00 -1.035030126571655273e+00 -1.035030126571655273e+00 -5.996617078781127930e-01 3.500184059143066406e+00 -1.035030126571655273e+00 -1.035030126571655273e+00 4.696725845336914062e+00 -1.035030126571655273e+00
-3.654517829418182373e-01 -3.654517829418182373e-01 -3.654517829418182373e-01 -3.654517829418182373e-01 7.308952808380126953e+00 -3.654517829418182373e-01 -3.654517829418182373e-01 -3.654517829418182373e-01 -3.654517829418182373e-01 -3.654517829418182373e-01 -3.654517829418182373e-01 -3.654517829418182373e-01 -3.654517829418182373e-01 -3.654517829418182373e-01 -3.654517829418182373e-01 -3.654517829418182373e-01 -3.654517829418182373e-01 -3.654517829418182373e-01 -3.654517829418182373e-01 -3.654517829418182373e-01 -3.654517829418182373e-01
