-3.654443025588989258e-01 7.309050559997558594e+00 -3.654443025588989258e-01 -3.654443025588989258e-01 -3.654443025588989258e-01 -3.654443025588989258e-01 -3.654443025588989258e-01 -3.654443025588989258e-01 -3.654443025588989258e-01 -3.654443025588989258e-01 -3.654443025588989258e-01 -3.654443025588989258e-01 -3.654443025588989258e-01 -3.654443025588989258e-01 -3.654443025588989258e-01 -3.654443025588989258e-01 -3.654443025588989258e-01 -3.654443025588989258e-01 -3.654443025588989258e-01 -3.654443025588989258e-01 -3.654443025588989258e-01
6.164031028747558594e+00 -6.606078147888183594e-01 -6.606078147888183594e-01 -6.606078147888183594e-01 -6.606078147888183594e-01 2.908080220222473145e-01 -6.606078147888183594e-01 -6.606078147888183594e-01 -6.606078147888183594e-01 -6.606078147888183594e-01 -6.606078147888183594e-01 -6.606078147888183594e-01 -6.606078147888183594e-01 -6.606078147888183594e-01 -1.264300644397735596e-01 4.902181148529052734e+00 -6.606078147888183594e-01 -6.606078147888183594e-01 -6.606078147888183594e-01 -6.606078147888183594e-01 -6.606078147888183594e-01
3.385271072387695312e+00 -1.152078151702880859e+00 -7.396866679191589355e-01 -1.152078151702880859e+00 -1.152078151702880859e+00 2.623152136802673340e-01 -1.152078151702880859e+00 5.679535865783691406e-01 -1.152078151702880859e+00 -1.152078151702880859e+00 -1.152078151702880859e+00 -7.396866679191589355e-01 -1.152078151702880859e+00 -1.152078151702880859e+00 -7.396866679191589355e-01 5.057492256164550781e+00 1.322515606880187988e+00 2.787842988967895508e+00 1.095943331718444824e+00 -7.396866679191589355e-01 -1.152078151702880859e+00
-5.753149986267089844e-01 -1.104703068733215332e+00 -5.753149986267089844e-01 1.315717101097106934e+00 -5.753149986267089844e-01 1.657720088958740234e+00 -1.104703068733215332e+00 -2.004718184471130371e-01 -1.104703068733215332e+00 -1.466387867927551270e+00 -5.753149986267089844e-01 -5.753149986267089844e-01 8.678090572357177734e-01 -3.735840916633605957e-01 2.834535837173461914e+00 4.447161674499511719e+00 1.430657267570495605e+00 -5.753149986267089844e-01 -8.145838975906372070e-01 -1.466387867927551270e+00 -1.466387867927551270e+00
-1.575509756803512573e-01 -1.856589317321777344e+00 2.792863249778747559e-01 8.613917231559753418e-01 6.738100051879882812e-01 -8.885551691055297852e-01 -1.071565866470336914e+00 -1.071565866470336914e+00 -1.071565866470336914e+00 2.231695890426635742e+00 -1.542542576789855957e+00 -1.286168932914733887e+00 1.232142567634582520e+00 1.843819022178649902e+00 -1.575509756803512573e-01 8.264884352684020996e-01 -1.542542576789855957e+00 8.374252356588840485e-03 -1.542542576789855957e+00 7.529476881027221680e-01 3.478848695755004883e+00
6.383261829614639282e-02 -8.094552755355834961e-01 6.201516985893249512e-01 6.383261829614639282e-02 -8.094552755355834961e-01 3.694108724594116211e-01 -8.094552755355834961e-01 -8.094552755355834961e-01 -8.094552755355834961e-01 8.306415081024169922e-01 -8.094552755355834961e-01 6.383261829614639282e-02 -3.197283446788787842e-01 -8.094552755355834961e-01 -3.197283446788787842e-01 6.383261829614639282e-02 -8.094552755355834961e-01 6.201516985893249512e-01 -8.094552755355834961e-01 -8.094552755355834961e-01 6.038382530212402344e+00
5.689623579382896423e-02 -5.251436829566955566e-01 -5.251436829566955566e-01 5.689623579382896423e-02 -5.251436829566955566e-01 -5.251436829566955566e-01 -5.251436829566955566e-01 -5.251436829566955566e-01 -5.251436829566955566e-01 8.722876906394958496e-01 -5.251436829566955566e-01 -5.251436829566955566e-01 5.689623579382896423e-02 -5.251436829566955566e-01 -5.251436829566955566e-01 5.689623579382896423e-02 -5.251436829566955566e-01 -5.251436829566955566e-01 -5.251436829566955566e-01 -5.251436829566955566e-01 6.777330875396728516e+00
2.507715821266174316e-01 -6.863198280334472656e-01 -1.606652587652206421e-01 -6.863198280334472656e-01 -6.863198280334472656e-01 8.408545255661010742e-01 -6.863198280334472656e-01 2.507715821266174316e-01 -6.863198280334472656e-01 2.507715821266174316e-01 -6.863198280334472656e-01 -6.863198280334472656e-01 -6.863198280334472656e-01 -6.863198280334472656e-01 5.759794712066650391e-01 5.759794712066650391e-01 -6.863198280334472656e-01 -6.863198280334472656e-01 -6.863198280334472656e-01 -6.863198280334472656e-01 6.337846755981445312e+00
4.178379476070404053e-01 -1.397223353385925293e+00 -4.840263128280639648e-01 -1.021271198987960815e-01 -1.025387763977050781e+00 1.251323699951171875e+00 -1.397223353385925293e+00 -2.783824801445007324e-01 5.134230479598045349e-02 5.134230479598045349e-02 -4.840263128280639648e-01 -1.025387763977050781e+00 9.134339690208435059e-01 -2.783824801445007324e-01 6.936086416244506836e-01 6.936086416244506836e-01 5.176432728767395020e-01 -1.021271198987960815e-01 -1.397223353385925293e+00 -1.397223353385925293e+00 4.778793334960937500e+00
1.006633043289184570e+00 -1.580014824867248535e+00 5.606347918510437012e-01 2.406808584928512573e-01 -7.232250571250915527e-01 1.857159256935119629e+00 -1.233714103698730469e+00 -9.545798301696777344e-01 -9.545798301696777344e-01 2.406808584928512573e-01 -1.233714103698730469e+00 -1.580014824867248535e+00 3.718200325965881348e-02 5.606347918510437012e-01 5.606347918510437012e-01 6.277486681938171387e-01 2.406808584928512573e-01 -3.586265444755554199e-01 -7.232250571250915527e-01 -9.545798301696777344e-01 4.363741874694824219e+00
3.685203194618225098e-01 -2.122254133224487305e+00 4.054114520549774170e-01 -9.667193889617919922e-02 -6.121566891670227051e-01 2.044371843338012695e+00 -1.071627616882324219e+00 -7.106872797012329102e-01 -1.394816040992736816e+00 1.093240618705749512e+00 -1.394816040992736816e+00 -9.382964968681335449e-01 6.027795672416687012e-01 3.302718400955200195e-01 6.027795672416687012e-01 9.753786325454711914e-01 6.322955489158630371e-01 2.905666232109069824e-01 -1.071627616882324219e+00 -7.106872797012329102e-01 2.777974843978881836e+00
6.880737543106079102e-01 -1.968939781188964844e+00 9.512280821800231934e-01 -1.192848198115825653e-02 -1.375097870826721191e+00 1.980088353157043457e+00 -1.227964282035827637e+00 -3.904559612274169922e-01 -7.768767476081848145e-01 4.558675885200500488e-01 -1.543270111083984375e+00 -1.227964282035827637e+00 4.265044927597045898e-01 5.655965209007263184e-01 1.036740779876708984e+00 9.332275390625000000e-01 7.974553704261779785e-01 -2.677564322948455811e-01 -1.069054231047630310e-01 -9.801199436187744141e-01 2.042615175247192383e+00
1.093894720077514648e+00 -1.925595402717590332e+00 3.217672705650329590e-01 4.828898906707763672e-01 -1.177953600883483887e+00 2.374658107757568359e+00 -1.326137304306030273e+00 -5.520887970924377441e-01 -6.347306370735168457e-01 7.214610576629638672e-01 -1.925595402717590332e+00 -1.046521425247192383e+00 4.526154398918151855e-01 4.828898906707763672e-01 1.043407559394836426e+00 1.484295725822448730e+00 1.141994714736938477e+00 8.333741426467895508e-01 -1.046521425247192383e+00 -1.495671153068542480e+00 6.975313425064086914e-01
9.401583671569824219e-01 -2.303549289703369141e+00 -4.531761258840560913e-02 -1.358896493911743164e-01 -3.444808423519134521e-01 2.070716857910156250e+00 -1.168784379959106445e+00 -8.962903916835784912e-02 -6.804751753807067871e-01 7.973980307579040527e-01 -7.623022198677062988e-01 7.738059759140014648e-02 7.973980307579040527e-01 -1.842821091413497925e-01 6.313430666923522949e-01 1.312319040298461914e+00 1.265090465545654297e+00 8.533053398132324219e-01 -1.443792104721069336e+00 -2.883238196372985840e-01 -1.298150420188903809e+00
9.537537097930908203e-01 -2.219663143157958984e+00 3.038821220397949219e-01 -3.534572422504425049e-01 -2.304612100124359131e-01 2.094016075134277344e+00 -8.383315801620483398e-01 -5.690749883651733398e-01 -8.383315801620483398e-01 1.936759948730468750e-01 -1.510789155960083008e+00 1.796428322792053223e+00 9.537537097930908203e-01 2.684314548969268799e-01 2.684314548969268799e-01 1.042301058769226074e+00 1.530866384506225586e+00 1.131421327590942383e-01 -1.510789155960083008e+00 7.719452977180480957e-01 -2.219663143157958984e+00
-4.387961030006408691e-01 -1.837026715278625488e+00 1.973641753196716309e+00 2.053700208663940430e+00 -1.520970940589904785e+00 2.433994293212890625e+00 -3.259903192520141602e-01 -1.520970940589904785e+00 -1.263099670410156250e+00 -1.047380924224853516e+00 -1.837026715278625488e+00 2.644276380538940430e+00 -8.635209798812866211e-01 1.237404108047485352e+00 -8.635209798812866211e-01 7.431383132934570312e-01 1.912316679954528809e+00 -5.639504194259643555e-01 -1.520970940589904785e+00 2.441507101058959961e+00 -1.837026715278625488e+00
-8.790606856346130371e-01 -1.518492102622985840e+00 -4.444484114646911621e-01 4.050024032592773438e+00 -8.790606856346130371e-01 2.464737176895141602e+00 -1.518492102622985840e+00 5.828447341918945312e-01 1.543606162071228027e+00 -8.790606856346130371e-01 -8.790606856346130371e-01 -1.518492102622985840e+00 2.014669656753540039e+00 -2.734845876693725586e-01 -6.434307694435119629e-01 -8.790606856346130371e-01 3.209974288940429688e+00 8.315325714647769928e-03 -8.790606856346130371e-01 -1.164090991020202637e+00 -1.518492102622985840e+00
3.074484348297119141e+00 -1.210790395736694336e+00 -1.210790395736694336e+00 -1.210790395736694336e+00 -1.210790395736694336e+00 -8.089686036109924316e-01 -8.089686036109924316e-01 2.350989818572998047e+00 -1.210790395736694336e+00 3.461976528167724609e+00 -1.210790395736694336e+00 -1.210790395736694336e+00 -8.089686036109924316e-01 4.655590534210205078e+00 -8.089686036109924316e-01 -8.089686036109924316e-01 -1.210790395736694336e+00 -8.089686036109924316e-01 -8.089686036109924316e-01 3.016636371612548828e+00 -1.210790395736694336e+00
-1.049908757209777832e+00 -1.049908757209777832e+00 -1.049908757209777832e+00 -1.049908757209777832e+00 4.658147335052490234e+00 -1.049908757209777832e+00 2.873991727828979492e+00 -1.049908757209777832e+00 -1.049908757209777832e+00 -3.406845498830080032e-04 -1.049908757209777832e+00 -6.173039078712463379e-01 -1.049908757209777832e+00 -1.049908757209777832e+00 -1.049908757209777832e+00 -2.764705419540405273e-01 3.418542861938476562e+00 -1.049908757209777832e+00 -1.049908757209777832e+00 4.642264366149902344e+00 -1.049908757209777832e+00
-3.654605746269226074e-01 -3.654605746269226074e-01 -3.654605746269226074e-01 -3.654605746269226074e-01 7.309014320373535156e+00 -3.654605746269226074e-01 -3.654605746269226074e-01 -3.654605746269226074e-01 -3.654605746269226074e-01 -3.654605746269226074e-01 -3.654605746269226074e-01 -3.654605746269226074e-01 -3.654605746269226074e-01 -3.654605746269226074e-01 -3.654605746269226074e-01 -3.654605746269226074e-01 -3.654605746269226074e-01 -3.654605746269226074e-01 -3.654605746269226074e-01 -3.654605746269226074e-01 -3.654605746269226074e-01
