-3.654459714889526367e-01 7.308624744415283203e+00 -3.654459714889526367e-01 -3.654459714889526367e-01 -3.654459714889526367e-01 -3.654459714889526367e-01 -3.654459714889526367e-01 -3.654459714889526367e-01 -3.654459714889526367e-01 -3.654459714889526367e-01 -3.654459714889526367e-01 -3.654459714889526367e-01 -3.654459714889526367e-01 -3.654459714889526367e-01 -3.654459714889526367e-01 -3.654459714889526367e-01 -3.654459714889526367e-01 -3.654459714889526367e-01 -3.654459714889526367e-01 -3.654459714889526367e-01 -3.654459714889526367e-01
6.157953262329101562e+00 -6.611998677253723145e-01 -6.611998677253723145e-01 -6.611998677253723145e-01 -6.611998677253723145e-01 2.918537259101867676e-01 -6.611998677253723145e-01 -6.611998677253723145e-01 -6.611998677253723145e-01 -6.611998677253723145e-01 -6.611998677253723145e-01 -6.611998677253723145e-01 -6.611998677253723145e-01 -6.611998677253723145e-01 -1.279170066118240356e-01 4.918241024017333984e+00 -6.611998677253723145e-01 -6.611998677253723145e-01 -6.611998677253723145e-01 -6.611998677253723145e-01 -6.611998677253723145e-01
3.298616886138916016e+00 -7.999766469001770020e-01 -7.999766469001770020e-01 -7.999766469001770020e-01 -1.204276919364929199e+00 4.837146401405334473e-01 -1.204276919364929199e+00 4.837146401405334473e-01 -1.204276919364929199e+00 -1.204276919364929199e+00 -1.204276919364929199e+00 -7.999766469001770020e-01 -7.999766469001770020e-01 -1.204276919364929199e+00 -7.999766469001770020e-01 4.945188999176025391e+00 1.297823429107666016e+00 2.692707300186157227e+00 1.232139945030212402e+00 -1.204276919364929199e+00 -1.204276919364929199e+00
-3.096795082092285156e-01 -1.193137764930725098e+00 2.934751808643341064e-01 1.106860637664794922e+00 -1.193137764930725098e+00 1.614901900291442871e+00 -1.193137764930725098e+00 -4.797918498516082764e-01 -6.771132946014404297e-01 -1.193137764930725098e+00 -4.797918498516082764e-01 -6.771132946014404297e-01 6.149462461471557617e-01 -6.771132946014404297e-01 2.629635095596313477e+00 4.319135189056396484e+00 1.106860637664794922e+00 -4.797918498516082764e-01 -6.771132946014404297e-01 -9.103344082832336426e-01 -1.545467615127563477e+00
-7.290584594011306763e-02 -1.797156572341918945e+00 3.666618168354034424e-01 8.034225702285766602e-01 6.311506628990173340e-01 -1.215133786201477051e+00 -1.475730299949645996e+00 -1.215133786201477051e+00 -1.215133786201477051e+00 2.305749177932739258e+00 -1.475730299949645996e+00 -9.977338314056396484e-01 1.273723840713500977e+00 1.948618292808532715e+00 1.692274063825607300e-01 7.208343744277954102e-01 -1.475730299949645996e+00 -2.700787186622619629e-01 -1.475730299949645996e+00 8.423789739608764648e-01 3.624486446380615234e+00
-1.953258216381072998e-01 -7.110899090766906738e-01 7.927311658859252930e-01 2.117606997489929199e-01 -7.110899090766906738e-01 -1.953258216381072998e-01 -7.110899090766906738e-01 -7.110899090766906738e-01 -7.110899090766906738e-01 7.927311658859252930e-01 -7.110899090766906738e-01 2.117606997489929199e-01 -1.953258216381072998e-01 -7.110899090766906738e-01 -7.110899090766906738e-01 -1.953258216381072998e-01 -7.110899090766906738e-01 -1.953258216381072998e-01 -1.953258216381072998e-01 -7.110899090766906738e-01 6.274095058441162109e+00
1.408785879611968994e-01 -4.631654322147369385e-01 -4.631654322147369385e-01 -4.631654322147369385e-01 -4.631654322147369385e-01 -4.631654322147369385e-01 -4.631654322147369385e-01 -4.631654322147369385e-01 -4.631654322147369385e-01 6.243716478347778320e-01 -4.631654322147369385e-01 -4.631654322147369385e-01 -4.631654322147369385e-01 -4.631654322147369385e-01 -4.631654322147369385e-01 1.408785879611968994e-01 -4.631654322147369385e-01 -4.631654322147369385e-01 -4.631654322147369385e-01 -4.631654322147369385e-01 6.967741012573242188e+00
-5.561016499996185303e-02 -6.055546402931213379e-01 -6.055546402931213379e-01 -6.055546402931213379e-01 -6.055546402931213379e-01 9.949292540550231934e-01 -6.055546402931213379e-01 -5.561016499996185303e-02 -6.055546402931213379e-01 -5.561016499996185303e-02 -6.055546402931213379e-01 -6.055546402931213379e-01 -6.055546402931213379e-01 -6.055546402931213379e-01 7.211298942565917969e-01 3.799913227558135986e-01 -6.055546402931213379e-01 -6.055546402931213379e-01 -6.055546402931213379e-01 -6.055546402931213379e-01 6.548548698425292969e+00
4.210467338562011719e-01 -1.325134158134460449e+00 -6.341094374656677246e-01 -1.752159148454666138e-01 -9.403628110885620117e-01 1.097212314605712891e+00 -1.325134158134460449e+00 -1.752159148454666138e-01 4.128911066800355911e-03 1.603095382452011108e-01 -6.341094374656677246e-01 -9.403628110885620117e-01 1.032378792762756348e+00 -1.752159148454666138e-01 1.603095382452011108e-01 8.105383515357971191e-01 5.319208502769470215e-01 -1.752159148454666138e-01 -1.325134158134460449e+00 -1.325134158134460449e+00 4.932442665100097656e+00
1.022073030471801758e+00 -1.541392922401428223e+00 6.884688735008239746e-01 2.995640933513641357e-01 -9.053744673728942871e-01 1.770598053932189941e+00 -1.188455700874328613e+00 -9.053744673728942871e-01 -6.720623373985290527e-01 -2.333069220185279846e-02 -1.188455700874328613e+00 -1.541392922401428223e+00 9.492898732423782349e-02 5.492085814476013184e-01 5.492085814476013184e-01 5.492085814476013184e-01 4.721841812133789062e-01 -6.720623373985290527e-01 -9.053744673728942871e-01 -9.053744673728942871e-01 4.453235149383544922e+00
2.776544392108917236e-01 -2.131480693817138672e+00 4.280739724636077881e-01 -5.245521292090415955e-02 -6.244480013847351074e-01 1.899577021598815918e+00 -1.083166003227233887e+00 -9.499357938766479492e-01 -1.405946493148803711e+00 1.134195923805236816e+00 -1.233712434768676758e+00 -8.306766152381896973e-01 6.192284822463989258e-01 3.173558712005615234e-01 5.280673503875732422e-01 8.977699875831604004e-01 7.029853463172912598e-01 5.282539501786231995e-02 -5.340664982795715332e-01 -8.306766152381896973e-01 2.818958520889282227e+00
6.188368797302246094e-01 -1.985155224800109863e+00 9.110998511314392090e-01 1.094968710094690323e-02 -1.117004036903381348e+00 1.924917697906494141e+00 -1.117004036903381348e+00 -6.261225938796997070e-01 -7.974361777305603027e-01 4.046543240547180176e-01 -1.562024235725402832e+00 -1.117004036903381348e+00 4.339933693408966064e-01 5.693278312683105469e-01 9.290924072265625000e-01 9.110998511314392090e-01 7.544397115707397461e-01 -7.990593463182449341e-02 -1.284410059452056885e-01 -1.000096440315246582e+00 2.061773300170898438e+00
1.007866978645324707e+00 -1.911673665046691895e+00 3.733687996864318848e-01 5.296795368194580078e-01 -1.481320500373840332e+00 2.369147777557373047e+00 -1.311190605163574219e+00 -5.353107452392578125e-01 -8.056052327156066895e-01 7.623429894447326660e-01 -1.911673665046691895e+00 -1.162353754043579102e+00 4.387631118297576904e-01 5.002561211585998535e-01 1.220430970191955566e+00 1.456302642822265625e+00 1.220430970191955566e+00 8.719018697738647461e-01 -9.124774932861328125e-01 -1.481320500373840332e+00 7.623429894447326660e-01
8.582209348678588867e-01 -2.324974298477172852e+00 3.171867132186889648e-01 -3.276587277650833130e-02 -4.330223202705383301e-01 2.066429615020751953e+00 -1.325068354606628418e+00 4.733785614371299744e-02 -8.792384266853332520e-01 8.226042389869689941e-01 -7.909061908721923828e-01 1.569573730230331421e-01 8.043179512023925781e-01 -7.525026798248291016e-02 5.064684152603149414e-01 1.049129009246826172e+00 1.184681653976440430e+00 7.076163291931152344e-01 -1.470412611961364746e+00 -2.140853703022003174e-01 -9.752140045166015625e-01
9.368298649787902832e-01 -2.218238830566406250e+00 3.730566501617431641e-01 -4.904641509056091309e-01 -2.884088456630706787e-01 2.154001474380493164e+00 -1.060923576354980469e+00 -7.394551634788513184e-01 -9.432517290115356445e-01 1.953911781311035156e-01 -1.509657979011535645e+00 1.781962513923645020e+00 9.368298649787902832e-01 3.398845195770263672e-01 1.953911781311035156e-01 1.125514864921569824e+00 1.478850126266479492e+00 2.748910337686538696e-02 -1.340402245521545410e+00 7.513373494148254395e-01 -1.705743908882141113e+00
-5.926411151885986328e-01 -1.858789205551147461e+00 1.952900648117065430e+00 2.053546667098999023e+00 -1.288144588470458984e+00 2.339065313339233398e+00 -5.926411151885986328e-01 -1.074186563491821289e+00 -1.544036865234375000e+00 -1.288144588470458984e+00 -1.858789205551147461e+00 2.548370838165283203e+00 -7.324378490447998047e-01 1.155018210411071777e+00 -8.912872076034545898e-01 8.238860368728637695e-01 1.952900648117065430e+00 -7.324378490447998047e-01 -1.288144588470458984e+00 2.459874153137207031e+00 -1.544036865234375000e+00
-4.886831343173980713e-01 -1.551823735237121582e+00 -4.886831343173980713e-01 4.003760814666748047e+00 -9.184527993202209473e-01 2.374501466751098633e+00 -1.551823735237121582e+00 4.561236798763275146e-01 1.520671606063842773e+00 -6.857120990753173828e-01 -1.200479865074157715e+00 -1.551823735237121582e+00 1.942737102508544922e+00 -4.886831343173980713e-01 -6.857120990753173828e-01 -6.857120990753173828e-01 3.132982015609741211e+00 1.861507147550582886e-01 -9.184527993202209473e-01 -1.200479865074157715e+00 -1.200479865074157715e+00
3.163998842239379883e+00 -1.220837354660034180e+00 -1.220837354660034180e+00 -8.199369907379150391e-01 -1.220837354660034180e+00 -8.199369907379150391e-01 -8.199369907379150391e-01 2.132265567779541016e+00 -8.199369907379150391e-01 3.421571016311645508e+00 -1.220837354660034180e+00 -1.220837354660034180e+00 -1.220837354660034180e+00 4.645310401916503906e+00 -8.199369907379150391e-01 -8.199369907379150391e-01 -1.220837354660034180e+00 -8.199369907379150391e-01 -8.199369907379150391e-01 2.963193416595458984e+00 -1.220837354660034180e+00
-1.035940051078796387e+00 -1.035940051078796387e+00 -1.035940051078796387e+00 -1.035940051078796387e+00 4.695064544677734375e+00 -1.035940051078796387e+00 2.901094675064086914e+00 -1.035940051078796387e+00 -1.035940051078796387e+00 1.967453397810459137e-02 -1.035940051078796387e+00 -5.993153452873229980e-01 -1.035940051078796387e+00 -1.035940051078796387e+00 -1.035940051078796387e+00 -5.993153452873229980e-01 3.412940025329589844e+00 -1.035940051078796387e+00 -1.035940051078796387e+00 4.672977447509765625e+00 -1.035940051078796387e+00
-3.654373884201049805e-01 -3.654373884201049805e-01 -3.654373884201049805e-01 -3.654373884201049805e-01 7.308659076690673828e+00 -3.654373884201049805e-01 -3.654373884201049805e-01 -3.654373884201049805e-01 -3.654373884201049805e-01 -3.654373884201049805e-01 -3.654373884201049805e-01 -3.654373884201049805e-01 -3.654373884201049805e-01 -3.654373884201049805e-01 -3.654373884201049805e-01 -3.654373884201049805e-01 -3.654373884201049805e-01 -3.654373884201049805e-01 -3.654373884201049805e-01 -3.654373884201049805e-01 -3.654373884201049805e-01
