-3.654219806194305420e-01 7.308553218841552734e+00 -3.654219806194305420e-01 -3.654219806194305420e-01 -3.654219806194305420e-01 -3.654219806194305420e-01 -3.654219806194305420e-01 -3.654219806194305420e-01 -3.654219806194305420e-01 -3.654219806194305420e-01 -3.654219806194305420e-01 -3.654219806194305420e-01 -3.654219806194305420e-01 -3.654219806194305420e-01 -3.654219806194305420e-01 -3.654219806194305420e-01 -3.654219806194305420e-01 -3.654219806194305420e-01 -3.654219806194305420e-01 -3.654219806194305420e-01 -3.654219806194305420e-01
6.135606765747070312e+00 -6.628387570381164551e-01 -6.628387570381164551e-01 -6.628387570381164551e-01 -6.628387570381164551e-01 2.890984117984771729e-01 -6.628387570381164551e-01 -6.628387570381164551e-01 -6.628387570381164551e-01 -6.628387570381164551e-01 -6.628387570381164551e-01 -6.628387570381164551e-01 -6.628387570381164551e-01 -6.628387570381164551e-01 -1.307529509067535400e-01 4.974842071533203125e+00 -6.628387570381164551e-01 -6.628387570381164551e-01 -6.628387570381164551e-01 -6.628387570381164551e-01 -6.628387570381164551e-01
3.417506217956542969e+00 -7.846646904945373535e-01 -7.846646904945373535e-01 -7.846646904945373535e-01 -1.191341757774353027e+00 2.004666328430175781e-01 -1.191341757774353027e+00 3.622460365295410156e-01 -1.191341757774353027e+00 -1.191341757774353027e+00 -1.191341757774353027e+00 -1.191341757774353027e+00 -7.846646904945373535e-01 -1.191341757774353027e+00 -7.846646904945373535e-01 4.952561855316162109e+00 1.319629192352294922e+00 2.732263803482055664e+00 1.253813028335571289e+00 -7.846646904945373535e-01 -1.191341757774353027e+00
-6.915852427482604980e-01 -1.205666065216064453e+00 -4.535900801420211792e-02 1.044930458068847656e+00 -6.915852427482604980e-01 1.570094347000122070e+00 -1.205666065216064453e+00 -3.251662552356719971e-01 -9.239236712455749512e-01 -1.205666065216064453e+00 -3.251662552356719971e-01 -4.948690831661224365e-01 8.448039293289184570e-01 -6.915852427482604980e-01 2.678356409072875977e+00 4.280519485473632812e+00 1.250941514968872070e+00 -6.915852427482604980e-01 -6.915852427482604980e-01 -9.239236712455749512e-01 -1.556638121604919434e+00
-1.612014696002006531e-02 -1.818089723587036133e+00 2.741832733154296875e-01 6.896523833274841309e-01 6.458337306976318359e-01 -1.023935794830322266e+00 -1.239989995956420898e+00 -1.023935794830322266e+00 -1.239989995956420898e+00 2.282477617263793945e+00 -1.498816967010498047e+00 -1.239989995956420898e+00 1.291020274162292480e+00 1.863124728202819824e+00 6.412418186664581299e-02 8.110106587409973145e-01 -1.498816967010498047e+00 -1.026865020394325256e-01 -1.498816967010498047e+00 6.896523833274841309e-01 3.589472055435180664e+00
-3.432384133338928223e-01 -8.270965218544006348e-01 5.890288949012756348e-01 3.418476879596710205e-01 -8.270965218544006348e-01 3.890096768736839294e-02 -8.270965218544006348e-01 -8.270965218544006348e-01 -8.270965218544006348e-01 7.971639037132263184e-01 -8.270965218544006348e-01 3.890096768736839294e-02 -3.432384133338928223e-01 -8.270965218544006348e-01 -3.432384133338928223e-01 3.890096768736839294e-02 -8.270965218544006348e-01 9.760943651199340820e-01 -3.432384133338928223e-01 -8.270965218544006348e-01 5.996129512786865234e+00
7.273179292678833008e-02 -5.098527669906616211e-01 -5.098527669906616211e-01 7.273179292678833008e-02 -5.098527669906616211e-01 -5.098527669906616211e-01 -5.098527669906616211e-01 -5.098527669906616211e-01 -5.098527669906616211e-01 5.386980772018432617e-01 -5.098527669906616211e-01 -5.098527669906616211e-01 7.273179292678833008e-02 -5.098527669906616211e-01 -5.098527669906616211e-01 7.273179292678833008e-02 -5.098527669906616211e-01 -5.098527669906616211e-01 -5.098527669906616211e-01 -5.098527669906616211e-01 6.819167137145996094e+00
-1.430044323205947876e-01 -6.707746386528015137e-01 -1.430044323205947876e-01 -6.707746386528015137e-01 -6.707746386528015137e-01 6.042293906211853027e-01 -6.707746386528015137e-01 2.753559648990631104e-01 -6.707746386528015137e-01 2.753559648990631104e-01 -6.707746386528015137e-01 -6.707746386528015137e-01 -6.707746386528015137e-01 -6.707746386528015137e-01 6.042293906211853027e-01 8.692376613616943359e-01 -6.707746386528015137e-01 -6.707746386528015137e-01 -6.707746386528015137e-01 -6.707746386528015137e-01 6.377255916595458984e+00
5.515682697296142578e-01 -1.376592516899108887e+00 -4.540168046951293945e-01 -2.479375302791595459e-01 -9.997446537017822266e-01 1.185807466506958008e+00 -1.376592516899108887e+00 -2.479375302791595459e-01 -7.089921087026596069e-02 3.416488170623779297e-01 -6.992977857589721680e-01 -9.997446537017822266e-01 1.073789477348327637e+00 -2.479375302791595459e-01 5.515682697296142578e-01 6.433458328247070312e-01 5.515682697296142578e-01 -2.479375302791595459e-01 -1.376592516899108887e+00 -1.376592516899108887e+00 4.822249889373779297e+00
9.958937168121337891e-01 -1.557726383209228516e+00 6.627699136734008789e-01 3.640456497669219971e-01 -6.937710046768188477e-01 1.873858571052551270e+00 -1.206875801086425781e+00 -1.206875801086425781e+00 -9.255737066268920898e-01 7.050311565399169922e-02 -1.206875801086425781e+00 -1.557726383209228516e+00 2.745449542999267578e-01 5.237082839012145996e-01 5.237082839012145996e-01 5.237082839012145996e-01 4.468034505844116211e-01 -1.790631562471389771e-01 -9.255737066268920898e-01 -1.206875801086425781e+00 4.407851696014404297e+00
2.555068731307983398e-01 -2.117777347564697266e+00 4.116666913032531738e-01 -9.064717590808868408e-02 -5.161851048469543457e-01 1.983331441879272461e+00 -1.389808654785156250e+00 -7.050696015357971191e-01 -1.389808654785156250e+00 1.135990977287292480e+00 -1.217047095298767090e+00 -1.066032171249389648e+00 5.473302006721496582e-01 3.747773170471191406e-01 5.786371231079101562e-01 9.172229766845703125e-01 7.488183975219726562e-01 1.207857206463813782e-01 -7.050696015357971191e-01 -7.050696015357971191e-01 2.828816890716552734e+00
5.545817017555236816e-01 -1.976467967033386230e+00 1.009078145027160645e+00 -1.177529245615005493e-01 -1.237565159797668457e+00 1.949292778968811035e+00 -1.237565159797668457e+00 -5.395125746726989746e-01 -6.984644532203674316e-01 6.053271293640136719e-01 -1.552818179130554199e+00 -1.237565159797668457e+00 4.734357595443725586e-01 5.012016296386718750e-01 9.038052558898925781e-01 1.025611042976379395e+00 7.654300332069396973e-01 -1.686949431896209717e-01 -1.686949431896209717e-01 -8.841712474822998047e-01 2.031367778778076172e+00
1.155527591705322266e+00 -2.174914121627807617e+00 3.307641744613647461e-01 5.570577383041381836e-01 -1.458418369293212891e+00 2.387689113616943359e+00 -1.287578582763671875e+00 -7.806065678596496582e-01 -6.829719543457031250e-01 7.425100803375244141e-01 -1.890414595603942871e+00 -1.005898118019104004e+00 4.973000586032867432e-01 5.276120901107788086e-01 1.218226552009582520e+00 1.615551829338073730e+00 1.277281641960144043e+00 7.425100803375244141e-01 -1.005898118019104004e+00 -1.458418369293212891e+00 6.928463578224182129e-01
8.848549723625183105e-01 -2.305743217468261719e+00 7.342946529388427734e-02 3.412184491753578186e-02 -3.484664559364318848e-01 2.050101518630981445e+00 -1.301548480987548828e+00 -4.925816878676414490e-02 -7.664088010787963867e-01 9.022157192230224609e-01 -1.056044459342956543e+00 1.478354632854461670e-01 8.309261202812194824e-01 7.342946529388427734e-02 7.136633396148681641e-01 1.159363389015197754e+00 1.224064350128173828e+00 8.309261202812194824e-01 -1.447436332702636719e+00 -3.484664559364318848e-01 -1.301548480987548828e+00
8.506368994712829590e-01 -2.208871603012084961e+00 3.524095416069030762e-01 -4.787297248840332031e-01 -1.601950079202651978e-01 2.227205753326416016e+00 -1.049543976783752441e+00 -6.384494304656982422e-01 -7.279046177864074707e-01 2.826693654060363770e-01 -1.695572972297668457e+00 1.718329429626464844e+00 8.711981773376464844e-01 3.855921328067779541e-01 2.078845798969268799e-01 1.106436491012573242e+00 1.502640366554260254e+00 -6.676041521131992340e-03 -1.181115865707397461e+00 8.506368994712829590e-01 -2.208871603012084961e+00
-2.205695807933807373e-01 -1.834345340728759766e+00 1.941752314567565918e+00 2.111698150634765625e+00 -1.259263634681701660e+00 2.392153978347778320e+00 -1.044025063514709473e+00 -1.044025063514709473e+00 -1.516893625259399414e+00 -1.044025063514709473e+00 -1.834345340728759766e+00 2.708191871643066406e+00 -1.044025063514709473e+00 1.191525101661682129e+00 -8.599944710731506348e-01 6.651911139488220215e-01 1.891163349151611328e+00 -5.597985982894897461e-01 -1.259263634681701660e+00 2.453434467315673828e+00 -1.834345340728759766e+00
-6.719457507133483887e-01 -1.541136980056762695e+00 -4.743502438068389893e-01 4.011399269104003906e+00 -9.052715897560119629e-01 2.440991401672363281e+00 -1.541136980056762695e+00 6.209648251533508301e-01 1.537914752960205078e+00 -9.052715897560119629e-01 -9.052715897560119629e-01 -1.541136980056762695e+00 1.900760293006896973e+00 -4.743502438068389893e-01 -9.052715897560119629e-01 -4.743502438068389893e-01 3.162336826324462891e+00 2.991724014282226562e-01 -9.052715897560119629e-01 -1.188260674476623535e+00 -1.541136980056762695e+00
3.104470252990722656e+00 -1.213018774986267090e+00 -1.213018774986267090e+00 -8.107652664184570312e-01 -1.213018774986267090e+00 -8.107652664184570312e-01 -1.213018774986267090e+00 2.347825050354003906e+00 -8.107652664184570312e-01 3.451074838638305664e+00 -1.213018774986267090e+00 -1.213018774986267090e+00 -1.213018774986267090e+00 4.640613079071044922e+00 -8.107652664184570312e-01 -8.107652664184570312e-01 -1.213018774986267090e+00 -8.107652664184570312e-01 -8.107652664184570312e-01 3.048545122146606445e+00 -1.213018774986267090e+00
-1.048436760902404785e+00 -1.048436760902404785e+00 -1.048436760902404785e+00 -1.048436760902404785e+00 4.670667171478271484e+00 -1.048436760902404785e+00 2.800318241119384766e+00 -1.048436760902404785e+00 -1.048436760902404785e+00 1.580647891387343407e-03 -1.048436760902404785e+00 -6.142812967300415039e-01 -1.048436760902404785e+00 -1.048436760902404785e+00 -1.048436760902404785e+00 -2.726539373397827148e-01 3.453560590744018555e+00 -1.048436760902404785e+00 -1.048436760902404785e+00 4.638945579528808594e+00 -1.048436760902404785e+00
-3.654223382472991943e-01 -3.654223382472991943e-01 -3.654223382472991943e-01 -3.654223382472991943e-01 7.308562755584716797e+00 -3.654223382472991943e-01 -3.654223382472991943e-01 -3.654223382472991943e-01 -3.654223382472991943e-01 -3.654223382472991943e-01 -3.654223382472991943e-01 -3.654223382472991943e-01 -3.654223382472991943e-01 -3.654223382472991943e-01 -3.654223382472991943e-01 -3.654223382472991943e-01 -3.654223382472991943e-01 -3.654223382472991943e-01 -3.654223382472991943e-01 -3.654223382472991943e-01 -3.654223382472991943e-01
