-3.654578626155853271e-01 7.309012413024902344e+00 -3.654578626155853271e-01 -3.654578626155853271e-01 -3.654578626155853271e-01 -3.654578626155853271e-01 -3.654578626155853271e-01 -3.654578626155853271e-01 -3.654578626155853271e-01 -3.654578626155853271e-01 -3.654578626155853271e-01 -3.654578626155853271e-01 -3.654578626155853271e-01 -3.654578626155853271e-01 -3.654578626155853271e-01 -3.654578626155853271e-01 -3.654578626155853271e-01 -3.654578626155853271e-01 -3.654578626155853271e-01 -3.654578626155853271e-01 -3.654578626155853271e-01
6.177213191986083984e+00 -6.461191773414611816e-01 -6.461191773414611816e-01 -6.461191773414611816e-01 -6.461191773414611816e-01 -1.072696372866630554e-01 -6.461191773414611816e-01 -6.461191773414611816e-01 -6.461191773414611816e-01 -6.461191773414611816e-01 -6.461191773414611816e-01 -6.461191773414611816e-01 -6.461191773414611816e-01 -6.461191773414611816e-01 -1.072696372866630554e-01 5.021611213684082031e+00 -6.461191773414611816e-01 -6.461191773414611816e-01 -6.461191773414611816e-01 -6.461191773414611816e-01 -6.461191773414611816e-01
3.296005964279174805e+00 -7.972198724746704102e-01 -1.200778722763061523e+00 -7.972198724746704102e-01 -1.200778722763061523e+00 4.899240434169769287e-01 -1.200778722763061523e+00 4.899240434169769287e-01 -1.200778722763061523e+00 -1.200778722763061523e+00 -1.200778722763061523e+00 -7.972198724746704102e-01 -1.200778722763061523e+00 -1.200778722763061523e+00 -7.972198724746704102e-01 4.932081699371337891e+00 1.366092443466186523e+00 2.852854967117309570e+00 1.366092443466186523e+00 -7.972198724746704102e-01 -1.200778722763061523e+00
-1.547507494688034058e-01 -1.188420891761779785e+00 -2.277088351547718048e-02 1.275436401367187500e+00 -6.714631319046020508e-01 1.648375868797302246e+00 -1.540056109428405762e+00 -3.035434484481811523e-01 -9.054635763168334961e-01 -1.188420891761779785e+00 -3.035434484481811523e-01 -6.714631319046020508e-01 6.891741752624511719e-01 -4.736907482147216797e-01 2.694345235824584961e+00 4.307836532592773438e+00 1.113785147666931152e+00 -6.714631319046020508e-01 -1.188420891761779785e+00 -9.054635763168334961e-01 -1.540056109428405762e+00
7.938130944967269897e-02 -1.806784152984619141e+00 3.517031669616699219e-01 8.268790841102600098e-01 5.680274367332458496e-01 -1.227223157882690430e+00 -1.227223157882690430e+00 -1.227223157882690430e+00 -1.009836196899414062e+00 2.271445274353027344e+00 -1.487401485443115234e+00 -1.009836196899414062e+00 1.330878376960754395e+00 1.837610125541687012e+00 7.938130944967269897e-02 7.879298925399780273e-01 -1.806784152984619141e+00 7.938130944967269897e-02 -1.806784152984619141e+00 7.879298925399780273e-01 3.608472347259521484e+00
1.898116469383239746e-01 -7.253465652465820312e-01 1.898116469383239746e-01 -2.121599465608596802e-01 -7.253465652465820312e-01 1.898116469383239746e-01 -7.253465652465820312e-01 -7.253465652465820312e-01 -7.253465652465820312e-01 1.898116469383239746e-01 -7.253465652465820312e-01 1.898116469383239746e-01 -2.121599465608596802e-01 -7.253465652465820312e-01 -2.121599465608596802e-01 1.898116469383239746e-01 -7.253465652465820312e-01 5.085424780845642090e-01 -7.253465652465820312e-01 -7.253465652465820312e-01 6.242021083831787109e+00
8.944162726402282715e-02 -5.021288990974426270e-01 -5.021288990974426270e-01 8.944162726402282715e-02 -5.021288990974426270e-01 -5.021288990974426270e-01 -5.021288990974426270e-01 -5.021288990974426270e-01 -5.021288990974426270e-01 9.186289906501770020e-01 -5.021288990974426270e-01 -5.021288990974426270e-01 8.944162726402282715e-02 -5.021288990974426270e-01 -5.021288990974426270e-01 -5.021288990974426270e-01 -5.021288990974426270e-01 -5.021288990974426270e-01 -5.021288990974426270e-01 -5.021288990974426270e-01 6.846755981445312500e+00
3.068990111351013184e-01 -6.509301662445068359e-01 -6.509301662445068359e-01 -6.509301662445068359e-01 -6.509301662445068359e-01 6.384359002113342285e-01 -6.509301662445068359e-01 3.068990111351013184e-01 -6.509301662445068359e-01 -1.137306094169616699e-01 -6.509301662445068359e-01 -6.509301662445068359e-01 -6.509301662445068359e-01 -6.509301662445068359e-01 6.384359002113342285e-01 9.076792001724243164e-01 -6.509301662445068359e-01 -6.509301662445068359e-01 -6.509301662445068359e-01 -6.509301662445068359e-01 6.428442478179931641e+00
3.428196012973785400e-01 -1.374598503112792969e+00 -4.535926878452301025e-01 8.473150432109832764e-02 -9.992415308952331543e-01 1.075110912322998047e+00 -1.374598503112792969e+00 -2.467177212238311768e-01 8.473150432109832764e-02 8.473150432109832764e-02 -4.535926878452301025e-01 -9.992415308952331543e-01 1.075110912322998047e+00 -2.467177212238311768e-01 5.529527068138122559e-01 8.812739253044128418e-01 3.428196012973785400e-01 -4.535926878452301025e-01 -1.374598503112792969e+00 -1.374598503112792969e+00 4.826640129089355469e+00
1.106546163558959961e+00 -1.571898221969604492e+00 5.729720592498779297e-01 5.013168454170227051e-01 -7.127284407615661621e-01 1.909243106842041016e+00 -1.224481105804443359e+00 -1.224481105804443359e+00 -9.445688724517822266e-01 4.894198104739189148e-02 -1.224481105804443359e+00 -1.571898221969604492e+00 4.894198104739189148e-02 5.013168454170227051e-01 5.729720592498779297e-01 5.013168454170227051e-01 3.420116305351257324e-01 -3.475630283355712891e-01 -7.127284407615661621e-01 -9.445688724517822266e-01 4.373645305633544922e+00
4.509245455265045166e-01 -2.115316867828369141e+00 4.152812063694000244e-01 -2.109735012054443359e-01 -7.014997005462646484e-01 1.955542802810668945e+00 -1.213637351989746094e+00 -9.293698072433471680e-01 -1.587609529495239258e+00 1.121636986732482910e+00 -1.386406540870666504e+00 -1.062879085540771484e+00 6.126748323440551758e-01 4.509245455265045166e-01 7.260282039642333984e-01 1.026180982589721680e+00 7.260282039642333984e-01 3.400668799877166748e-01 -6.029168367385864258e-01 -8.097147941589355469e-01 2.795096397399902344e+00
6.458424925804138184e-01 -1.983358740806579590e+00 9.322027564048767090e-01 -7.695604115724563599e-02 -1.244691252708435059e+00 1.928066253662109375e+00 -9.973302483558654785e-01 -5.470188260078430176e-01 -6.234548687934875488e-01 4.077539741992950439e-01 -1.559098362922668457e+00 -1.391447067260742188e+00 4.370956718921661377e-01 6.920002698898315430e-01 8.772390484809875488e-01 9.142083525657653809e-01 8.582422137260437012e-01 -1.254096031188964844e-01 -1.762033998966217041e-01 -9.973302483558654785e-01 2.029406070709228516e+00
1.205963611602783203e+00 -1.853129863739013672e+00 5.469542145729064941e-01 6.067921519279479980e-01 -1.853129863739013672e+00 2.507892847061157227e+00 -1.616073727607727051e+00 -6.359008550643920898e-01 -8.420276045799255371e-01 8.165253400802612305e-01 -2.140218734741210938e+00 -1.094171762466430664e+00 4.834372699260711670e-01 5.469542145729064941e-01 1.237828969955444336e+00 1.557952761650085449e+00 1.268714666366577148e+00 8.165253400802612305e-01 -9.612515568733215332e-01 -1.415985345840454102e+00 8.165253400802612305e-01
8.647424578666687012e-01 -2.320713281631469727e+00 1.974694877862930298e-01 1.438789162784814835e-02 -3.674777746200561523e-01 2.067738056182861328e+00 -1.190309882164001465e+00 -6.893794238567352295e-02 -8.730906844139099121e-01 8.820945620536804199e-01 -8.730906844139099121e-01 1.633739322423934937e-01 7.732378840446472168e-01 1.438789162784814835e-02 5.612142682075500488e-01 1.165546655654907227e+00 1.152446866035461426e+00 7.141190767288208008e-01 -1.319360017776489258e+00 -3.674777746200561523e-01 -1.190309882164001465e+00
8.759089708328247070e-01 -2.234236001968383789e+00 2.834605872631072998e-01 -5.119498968124389648e-01 -3.730670809745788574e-01 2.048708915710449219e+00 -8.573358058929443359e-01 -6.710591316223144531e-01 -7.602385878562927246e-01 3.177043795585632324e-01 -1.528056740760803223e+00 1.759225964546203613e+00 7.945172786712646484e-01 4.736965894699096680e-01 2.480251491069793701e-01 1.087144017219543457e+00 1.520331859588623047e+00 5.617023911327123642e-03 -1.359502553939819336e+00 8.360232114791870117e-01 -1.955094456672668457e+00
-4.491345584392547607e-01 -1.844650149345397949e+00 1.961952090263366699e+00 2.136406898498535156e+00 -1.529351949691772461e+00 2.343870639801025391e+00 -5.741773247718811035e-01 -8.733876347541809082e-01 -1.272072434425354004e+00 -1.529351949691772461e+00 -1.844650149345397949e+00 2.613943815231323242e+00 -7.143090963363647461e-01 1.175626397132873535e+00 -7.143090963363647461e-01 8.443087339401245117e-01 1.913200616836547852e+00 -7.143090963363647461e-01 -1.529351949691772461e+00 2.444651365280151367e+00 -1.844650149345397949e+00
-6.006618738174438477e-01 -1.485739469528198242e+00 -6.006618738174438477e-01 4.116712093353271484e+00 -8.385614156723022461e-01 2.493922233581542969e+00 -1.485739469528198242e+00 7.056673765182495117e-01 1.682396411895751953e+00 -8.385614156723022461e-01 -1.126802802085876465e+00 -1.485739469528198242e+00 2.009628295898437500e+00 -8.385614156723022461e-01 -8.385614156723022461e-01 -6.006618738174438477e-01 3.258259296417236328e+00 2.834196686744689941e-01 -8.385614156723022461e-01 -1.485739469528198242e+00 -1.485739469528198242e+00
3.189073324203491211e+00 -1.171949744224548340e+00 -1.171949744224548340e+00 -7.631645798683166504e-01 -1.171949744224548340e+00 -7.631645798683166504e-01 -7.631645798683166504e-01 2.190118789672851562e+00 -7.631645798683166504e-01 3.525084495544433594e+00 -1.171949744224548340e+00 -1.171949744224548340e+00 -1.171949744224548340e+00 4.752168655395507812e+00 -7.631645798683166504e-01 -1.171949744224548340e+00 -1.171949744224548340e+00 -1.171949744224548340e+00 -1.171949744224548340e+00 3.050740003585815430e+00 -1.171949744224548340e+00
-1.036530852317810059e+00 -1.036530852317810059e+00 -1.036530852317810059e+00 -1.036530852317810059e+00 4.690550804138183594e+00 -1.036530852317810059e+00 2.842695951461791992e+00 -1.036530852317810059e+00 -1.036530852317810059e+00 -2.581498622894287109e-01 -1.036530852317810059e+00 -6.010735034942626953e-01 -1.036530852317810059e+00 -1.036530852317810059e+00 -1.036530852317810059e+00 -2.581498622894287109e-01 3.411540031433105469e+00 -1.036530852317810059e+00 -1.036530852317810059e+00 4.684283256530761719e+00 -1.036530852317810059e+00
-3.654330670833587646e-01 -3.654330670833587646e-01 -3.654330670833587646e-01 -3.654330670833587646e-01 7.309025764465332031e+00 -3.654330670833587646e-01 -3.654330670833587646e-01 -3.654330670833587646e-01 -3.654330670833587646e-01 -3.654330670833587646e-01 -3.654330670833587646e-01 -3.654330670833587646e-01 -3.654330670833587646e-01 -3.654330670833587646e-01 -3.654330670833587646e-01 -3.654330670833587646e-01 -3.654330670833587646e-01 -3.654330670833587646e-01 -3.654330670833587646e-01 -3.654330670833587646e-01 -3.654330670833587646e-01
