-3.654501140117645264e-01 7.308963298797607422e+00 -3.654501140117645264e-01 -3.654501140117645264e-01 -3.654501140117645264e-01 -3.654501140117645264e-01 -3.654501140117645264e-01 -3.654501140117645264e-01 -3.654501140117645264e-01 -3.654501140117645264e-01 -3.654501140117645264e-01 -3.654501140117645264e-01 -3.654501140117645264e-01 -3.654501140117645264e-01 -3.654501140117645264e-01 -3.654501140117645264e-01 -3.654501140117645264e-01 -3.654501140117645264e-01 -3.654501140117645264e-01 -3.654501140117645264e-01 -3.654501140117645264e-01
6.137303829193115234e+00 -6.626699566841125488e-01 -6.626699566841125488e-01 -6.626699566841125488e-01 -6.626699566841125488e-01 2.874996364116668701e-01 -6.626699566841125488e-01 -6.626699566841125488e-01 -6.626699566841125488e-01 -6.626699566841125488e-01 -6.626699566841125488e-01 -6.626699566841125488e-01 -6.626699566841125488e-01 -6.626699566841125488e-01 -1.290617287158966064e-01 4.969497680664062500e+00 -6.626699566841125488e-01 -6.626699566841125488e-01 -6.626699566841125488e-01 -6.626699566841125488e-01 -6.626699566841125488e-01
3.400995254516601562e+00 -7.808429002761840820e-01 -7.808429002761840820e-01 -1.186832427978515625e+00 -1.186832427978515625e+00 6.385735273361206055e-01 -1.186832427978515625e+00 5.122784972190856934e-01 -1.186832427978515625e+00 -1.186832427978515625e+00 -1.186832427978515625e+00 -7.808429002761840820e-01 -1.186832427978515625e+00 -1.186832427978515625e+00 -7.808429002761840820e-01 4.966676235198974609e+00 1.117414116859436035e+00 2.757119178771972656e+00 1.192366480827331543e+00 -7.808429002761840820e-01 -1.186832427978515625e+00
-1.509011238813400269e-01 -1.185386300086975098e+00 2.066276222467422485e-01 1.161020636558532715e+00 -6.679317355155944824e-01 1.599291443824768066e+00 -1.537307262420654297e+00 -2.997686564922332764e-01 -9.021475315093994141e-01 -1.185386300086975098e+00 -4.700234234333038330e-01 -6.679317355155944824e-01 6.258876323699951172e-01 -6.679317355155944824e-01 2.770765542984008789e+00 4.304855346679687500e+00 1.161020636558532715e+00 -4.700234234333038330e-01 -9.021475315093994141e-01 -1.185386300086975098e+00 -1.537307262420654297e+00
-2.075260877609252930e-01 -1.825400114059448242e+00 3.245456516742706299e-01 7.200212478637695312e-01 4.907075166702270508e-01 -8.487251996994018555e-01 -1.249264001846313477e+00 -1.033000707626342773e+00 -1.033000707626342773e+00 2.233655214309692383e+00 -1.508006811141967773e+00 -1.033000707626342773e+00 1.124227523803710938e+00 1.864743590354919434e+00 -4.230791628360748291e-01 7.604151368141174316e-01 -1.508006811141967773e+00 1.275150924921035767e-01 -1.508006811141967773e+00 9.417406916618347168e-01 3.589580297470092773e+00
4.892783239483833313e-02 -8.195546269416809082e-01 6.028556823730468750e-01 3.531796932220458984e-01 -8.195546269416809082e-01 4.892783239483833313e-02 -8.195546269416809082e-01 -8.195546269416809082e-01 -8.195546269416809082e-01 6.028556823730468750e-01 -8.195546269416809082e-01 4.892783239483833313e-02 -3.325230777263641357e-01 -8.195546269416809082e-01 -3.325230777263641357e-01 4.892783239483833313e-02 -8.195546269416809082e-01 6.028556823730468750e-01 -3.325230777263641357e-01 -8.195546269416809082e-01 6.015919208526611328e+00
7.689598202705383301e-02 -5.111013054847717285e-01 -5.111013054847717285e-01 7.689598202705383301e-02 -5.111013054847717285e-01 -5.111013054847717285e-01 -5.111013054847717285e-01 -5.111013054847717285e-01 -5.111013054847717285e-01 5.388929843902587891e-01 -5.111013054847717285e-01 -5.111013054847717285e-01 7.689598202705383301e-02 -5.111013054847717285e-01 -5.111013054847717285e-01 7.689598202705383301e-02 -5.111013054847717285e-01 -5.111013054847717285e-01 -5.111013054847717285e-01 -5.111013054847717285e-01 6.820010185241699219e+00
-1.401997059583663940e-01 -6.709149479866027832e-01 -1.401997059583663940e-01 -6.709149479866027832e-01 -6.709149479866027832e-01 6.028217673301696777e-01 -6.709149479866027832e-01 2.748952507972717285e-01 -6.709149479866027832e-01 2.748952507972717285e-01 -6.709149479866027832e-01 -6.709149479866027832e-01 -6.709149479866027832e-01 -6.709149479866027832e-01 6.028217673301696777e-01 8.696008920669555664e-01 -6.709149479866027832e-01 -6.709149479866027832e-01 -6.709149479866027832e-01 -6.709149479866027832e-01 6.377035617828369141e+00
5.813881158828735352e-01 -1.356361031532287598e+00 -6.767196059226989746e-01 -2.212350070476531982e-01 -1.356361031532287598e+00 1.318387031555175781e+00 -1.356361031532287598e+00 -2.212350070476531982e-01 -4.321696236729621887e-02 1.116696074604988098e-01 -4.292117953300476074e-01 -9.783389568328857422e-01 1.043818354606628418e+00 -4.292117953300476074e-01 8.370887041091918945e-01 6.734276413917541504e-01 5.813881158828735352e-01 -2.212350070476531982e-01 -1.356361031532287598e+00 -1.356361031532287598e+00 4.855112552642822266e+00
9.048619866371154785e-01 -1.584253191947937012e+00 5.541163086891174316e-01 3.235060274600982666e-01 -7.286377549171447754e-01 1.809629201889038086e+00 -1.238497734069824219e+00 -9.596686959266662598e-01 -7.286377549171447754e-01 -2.172386795282363892e-01 -1.238497734069824219e+00 -1.584253191947937012e+00 3.097754158079624176e-02 6.211982965469360352e-01 5.541163086891174316e-01 6.211982965469360352e-01 4.059436023235321045e-01 -2.172386795282363892e-01 -7.286377549171447754e-01 -9.596686959266662598e-01 4.360089778900146484e+00
4.647249877452850342e-01 -2.129880428314208984e+00 5.303193330764770508e-01 5.512313172221183777e-02 -5.319926738739013672e-01 1.958095312118530273e+00 -1.231614232063293457e+00 -9.480183720588684082e-01 -1.604385852813720703e+00 1.025100469589233398e+00 -1.231614232063293457e+00 -8.286576271057128906e-01 5.919915437698364258e-01 3.946904838085174561e-01 4.647249877452850342e-01 9.850881099700927734e-01 5.919915437698364258e-01 1.040972694754600525e-01 -6.223024129867553711e-01 -8.286576271057128906e-01 2.791056156158447266e+00
7.157531976699829102e-01 -2.259365320205688477e+00 9.513413906097412109e-01 1.545925997197628021e-02 -1.113001346588134766e+00 1.942801713943481445e+00 -1.113001346588134766e+00 -4.071345329284667969e-01 -7.041916847229003906e-01 4.091642796993255615e-01 -1.390229821205139160e+00 -1.243372321128845215e+00 5.738672018051147461e-01 5.738672018051147461e-01 8.973502516746520996e-01 9.513413906097412109e-01 7.799431085586547852e-01 -1.239272952079772949e-01 -3.441148102283477783e-01 -1.113001346588134766e+00 2.000380277633666992e+00
1.103622555732727051e+00 -2.176832437515258789e+00 4.638825058937072754e-01 6.113631725311279297e-01 -1.892906904220581055e+00 2.427478313446044922e+00 -1.459798932075500488e+00 -3.625966906547546387e-01 -6.844593286514282227e-01 7.403177022933959961e-01 -1.892906904220581055e+00 -1.008047580718994141e+00 5.835078954696655273e-01 4.316741526126861572e-01 1.069087266921997070e+00 1.527664303779602051e+00 1.303376674652099609e+00 8.105613589286804199e-01 -8.895382881164550781e-01 -1.289234280586242676e+00 5.835078954696655273e-01
8.212420940399169922e-01 -2.313354969024658203e+00 2.407367974519729614e-01 -1.621921733021736145e-02 -5.463092923164367676e-01 2.072943449020385742e+00 -1.310258507728576660e+00 -5.871097370982170105e-02 -5.463092923164367676e-01 9.428783059120178223e-01 -8.635408282279968262e-01 2.461015246808528900e-02 7.245069742202758789e-01 -1.030018702149391174e-01 4.726610481739044189e-01 1.263247132301330566e+00 1.239083290100097656e+00 7.245069742202758789e-01 -1.455679893493652344e+00 -2.483284771442413330e-01 -1.064937114715576172e+00
8.418989181518554688e-01 -2.200922250747680664e+00 3.301741778850555420e-01 -6.267784237861633301e-01 -1.482582241296768188e-01 2.196177005767822266e+00 -9.207105040550231934e-01 -8.138271570205688477e-01 -8.138271570205688477e-01 2.946908771991729736e-01 -1.685775995254516602e+00 1.782365798950195312e+00 8.628879785537719727e-01 5.493654608726501465e-01 9.647056460380554199e-02 1.069074273109436035e+00 1.647945523262023926e+00 -4.344375059008598328e-02 -1.318782687187194824e+00 8.204717636108398438e-01 -1.919036030769348145e+00
-4.482144713401794434e-01 -1.843997120857238770e+00 1.986515283584594727e+00 2.186302900314331055e+00 -1.271188378334045410e+00 2.303294658660888672e+00 -1.271188378334045410e+00 -1.055970549583435059e+00 -1.528577446937561035e+00 -1.271188378334045410e+00 -1.843997120857238770e+00 2.651844024658203125e+00 -7.134059071540832520e-01 1.176655292510986328e+00 -7.134059071540832520e-01 7.328260540962219238e-01 1.836411476135253906e+00 -5.732538104057312012e-01 -1.271188378334045410e+00 2.460344314575195312e+00 -1.528577446937561035e+00
-6.937583684921264648e-01 -1.557248473167419434e+00 -4.969065487384796143e-01 3.932104825973510742e+00 -9.266386628150939941e-01 2.482856988906860352e+00 -1.557248473167419434e+00 4.467074871063232422e-01 1.567302942276000977e+00 -6.937583684921264648e-01 -1.208029866218566895e+00 -1.557248473167419434e+00 1.831952810287475586e+00 -3.275003135204315186e-01 -6.937583684921264648e-01 -6.937583684921264648e-01 3.213444471359252930e+00 2.745219469070434570e-01 -9.266386628150939941e-01 -1.208029866218566895e+00 -1.208029866218566895e+00
3.121633291244506836e+00 -1.178585171699523926e+00 -1.178585171699523926e+00 -7.710610628128051758e-01 -1.178585171699523926e+00 -7.710610628128051758e-01 -1.178585171699523926e+00 2.337522029876708984e+00 -1.178585171699523926e+00 3.457381963729858398e+00 -1.178585171699523926e+00 -1.178585171699523926e+00 -7.710610628128051758e-01 4.726183891296386719e+00 -1.178585171699523926e+00 -1.178585171699523926e+00 -1.178585171699523926e+00 -7.710610628128051758e-01 -7.710610628128051758e-01 3.176984071731567383e+00 -1.178585171699523926e+00
-1.038630843162536621e+00 -1.038630843162536621e+00 -1.038630843162536621e+00 -1.038630843162536621e+00 4.648161888122558594e+00 -1.038630843162536621e+00 2.798849105834960938e+00 -1.038630843162536621e+00 -1.038630843162536621e+00 -2.610299587249755859e-01 -1.038630843162536621e+00 -6.036936640739440918e-01 -1.038630843162536621e+00 -1.038630843162536621e+00 -1.038630843162536621e+00 -2.610299587249755859e-01 3.533311843872070312e+00 -1.038630843162536621e+00 -1.038630843162536621e+00 4.686481475830078125e+00 -1.038630843162536621e+00
-3.654315471649169922e-01 -3.654315471649169922e-01 -3.654315471649169922e-01 -3.654315471649169922e-01 7.309024333953857422e+00 -3.654315471649169922e-01 -3.654315471649169922e-01 -3.654315471649169922e-01 -3.654315471649169922e-01 -3.654315471649169922e-01 -3.654315471649169922e-01 -3.654315471649169922e-01 -3.654315471649169922e-01 -3.654315471649169922e-01 -3.654315471649169922e-01 -3.654315471649169922e-01 -3.654315471649169922e-01 -3.654315471649169922e-01 -3.654315471649169922e-01 -3.654315471649169922e-01 -3.654315471649169922e-01
