-3.654391467571258545e-01 7.308516979217529297e+00 -3.654391467571258545e-01 -3.654391467571258545e-01 -3.654391467571258545e-01 -3.654391467571258545e-01 -3.654391467571258545e-01 -3.654391467571258545e-01 -3.654391467571258545e-01 -3.654391467571258545e-01 -3.654391467571258545e-01 -3.654391467571258545e-01 -3.654391467571258545e-01 -3.654391467571258545e-01 -3.654391467571258545e-01 -3.654391467571258545e-01 -3.654391467571258545e-01 -3.654391467571258545e-01 -3.654391467571258545e-01 -3.654391467571258545e-01 -3.654391467571258545e-01
6.248240947723388672e+00 -6.233069300651550293e-01 -6.233069300651550293e-01 -6.233069300651550293e-01 -6.233069300651550293e-01 -7.733263820409774780e-02 -6.233069300651550293e-01 -6.233069300651550293e-01 -6.233069300651550293e-01 -6.233069300651550293e-01 -6.233069300651550293e-01 -6.233069300651550293e-01 -6.233069300651550293e-01 -6.233069300651550293e-01 -6.233069300651550293e-01 5.048296451568603516e+00 -6.233069300651550293e-01 -6.233069300651550293e-01 -6.233069300651550293e-01 -6.233069300651550293e-01 -6.233069300651550293e-01
3.270641803741455078e+00 -8.185328245162963867e-01 -8.185328245162963867e-01 -8.185328245162963867e-01 -1.219720005989074707e+00 5.848349332809448242e-01 -1.219720005989074707e+00 4.593935310840606689e-01 -1.219720005989074707e+00 -1.219720005989074707e+00 -1.219720005989074707e+00 -8.185328245162963867e-01 -8.185328245162963867e-01 -1.219720005989074707e+00 -8.185328245162963867e-01 4.913449287414550781e+00 1.135928869247436523e+00 2.697621822357177734e+00 1.205764770507812500e+00 -8.185328245162963867e-01 -1.219720005989074707e+00
-3.093062639236450195e-01 -1.192549705505371094e+00 2.935191690921783447e-01 9.672019481658935547e-01 -6.770139336585998535e-01 1.588153004646301270e+00 -1.544722318649291992e+00 -3.093062639236450195e-01 -9.101247191429138184e-01 -1.192549705505371094e+00 -1.605786979198455811e-01 -6.770139336585998535e-01 7.457964420318603516e-01 -6.770139336585998535e-01 2.678077936172485352e+00 4.312073230743408203e+00 1.107294082641601562e+00 -6.770139336585998535e-01 -9.101247191429138184e-01 -9.101247191429138184e-01 -1.544722318649291992e+00
-1.903895139694213867e-01 -1.812781214714050293e+00 4.006968438625335693e-01 5.588616728782653809e-01 5.087020993232727051e-01 -8.329141139984130859e-01 -1.234391212463378906e+00 -1.017959713935852051e+00 -1.017959713935852051e+00 2.350710868835449219e+00 -1.812781214714050293e+00 -1.017959713935852051e+00 1.321527838706970215e+00 1.870015621185302734e+00 -9.657505899667739868e-03 8.177106976509094238e-01 -1.812781214714050293e+00 -9.657505899667739868e-03 -1.493402957916259766e+00 8.551975488662719727e-01 3.579044818878173828e+00
5.168275907635688782e-02 -8.182039260864257812e-01 3.553917109966278076e-01 5.168275907635688782e-02 -8.182039260864257812e-01 3.553917109966278076e-01 -8.182039260864257812e-01 -8.182039260864257812e-01 -8.182039260864257812e-01 8.131340146064758301e-01 -8.182039260864257812e-01 5.168275907635688782e-02 -3.314367532730102539e-01 -8.182039260864257812e-01 -3.314367532730102539e-01 -3.314367532730102539e-01 -8.182039260864257812e-01 9.928423166275024414e-01 -3.314367532730102539e-01 -8.182039260864257812e-01 6.017275810241699219e+00
8.685095608234405518e-02 -5.016736388206481934e-01 -5.016736388206481934e-01 8.685095608234405518e-02 -5.016736388206481934e-01 -5.016736388206481934e-01 -5.016736388206481934e-01 -5.016736388206481934e-01 -5.016736388206481934e-01 9.199253916740417480e-01 -5.016736388206481934e-01 -5.016736388206481934e-01 -5.016736388206481934e-01 -5.016736388206481934e-01 -5.016736388206481934e-01 8.685095608234405518e-02 -5.016736388206481934e-01 -5.016736388206481934e-01 -5.016736388206481934e-01 -5.016736388206481934e-01 6.846141338348388672e+00
3.106637597084045410e-01 -6.483433246612548828e-01 -1.125224828720092773e-01 -6.483433246612548828e-01 -6.483433246612548828e-01 6.427371501922607422e-01 -6.483433246612548828e-01 3.106637597084045410e-01 -6.483433246612548828e-01 3.106637597084045410e-01 -6.483433246612548828e-01 -6.483433246612548828e-01 -6.483433246612548828e-01 -6.483433246612548828e-01 -1.125224828720092773e-01 6.427371501922607422e-01 -6.483433246612548828e-01 -6.483433246612548828e-01 -6.483433246612548828e-01 -6.483433246612548828e-01 6.435784339904785156e+00
2.735105454921722412e-01 -1.340628027915954590e+00 -4.063613712787628174e-01 1.362784206867218018e-01 -1.340628027915954590e+00 1.189319849014282227e+00 -1.340628027915954590e+00 -4.063613712787628174e-01 -1.935608312487602234e-02 1.362784206867218018e-01 -4.063613712787628174e-01 -9.583109617233276367e-01 8.635380864143371582e-01 -1.980758607387542725e-01 7.845617532730102539e-01 6.994001269340515137e-01 1.362784206867218018e-01 -1.935608312487602234e-02 -1.340628027915954590e+00 -1.340628027915954590e+00 4.898423194885253906e+00
9.952638745307922363e-01 -1.526767253875732422e+00 5.705940127372741699e-01 2.226292639970779419e-01 -8.880257010459899902e-01 1.943567872047424316e+00 -1.172078132629394531e+00 -8.880257010459899902e-01 -6.539129614830017090e-01 -2.846942245960235596e-01 -1.172078132629394531e+00 -1.526767253875732422e+00 -2.948957262560725212e-03 4.934265911579132080e-01 7.100672721862792969e-01 3.204497694969177246e-01 4.934265911579132080e-01 -2.846942245960235596e-01 -6.539129614830017090e-01 -1.172078132629394531e+00 4.476362228393554688e+00
4.540083706378936768e-01 -2.087585210800170898e+00 5.575436353683471680e-01 7.604590151458978653e-03 -4.760423898696899414e-01 2.026889801025390625e+00 -1.556081295013427734e+00 -1.028210043907165527e+00 -1.180000543594360352e+00 1.003657221794128418e+00 -1.353961229324340820e+00 -8.941491246223449707e-01 6.212382912635803223e-01 4.540083706378936768e-01 7.099669575691223145e-01 1.024716138839721680e+00 6.812305450439453125e-01 6.176547333598136902e-02 -8.941491246223449707e-01 -1.028210043907165527e+00 2.895732641220092773e+00
6.153360009193420410e-01 -1.949719905853271484e+00 9.931482076644897461e-01 5.620375648140907288e-02 -1.075615406036376953e+00 1.951586604118347168e+00 -1.206490635871887207e+00 -4.344664216041564941e-01 -9.583379626274108887e-01 5.083945393562316895e-01 -1.523282408714294434e+00 -1.523282408714294434e+00 4.504398107528686523e-01 6.153360009193420410e-01 1.044457197189331055e+00 9.574441909790039062e-01 7.121693491935729980e-01 -2.448139488697052002e-01 -8.369920402765274048e-02 -1.075615406036376953e+00 2.170751333236694336e+00
1.062781810760498047e+00 -1.935796499252319336e+00 3.417114317417144775e-01 4.684858620166778564e-01 -1.338442683219909668e+00 2.278188705444335938e+00 -1.338442683219909668e+00 -4.886762797832489014e-01 -5.655485391616821289e-01 4.382187128067016602e-01 -1.935796499252319336e+00 -1.190256714820861816e+00 5.264781713485717773e-01 5.264781713485717773e-01 1.045960068702697754e+00 1.534560680389404297e+00 1.259373545646667480e+00 7.303572893142700195e-01 -9.416607618331909180e-01 -1.338442683219909668e+00 8.603969216346740723e-01
9.800234436988830566e-01 -2.308914184570312500e+00 2.455298751592636108e-01 1.065904498100280762e-01 -2.438396364450454712e-01 2.028552532196044922e+00 -1.451371550559997559e+00 -1.930672824382781982e-01 -7.707395553588867188e-01 8.075075149536132812e-01 -1.451371550559997559e+00 1.065904498100280762e-01 8.974192738533020020e-01 6.873719394207000732e-02 5.997309088706970215e-01 1.206628799438476562e+00 1.180920243263244629e+00 7.494845390319824219e-01 -1.305623650550842285e+00 -2.971349954605102539e-01 -9.554350972175598145e-01
8.277311325073242188e-01 -2.210047483444213867e+00 1.664513051509857178e-01 -5.571430921554565430e-01 -6.399224996566772461e-01 2.187298059463500977e+00 -6.399224996566772461e-01 -6.399224996566772461e-01 -7.294623851776123047e-01 -8.683742024004459381e-03 -1.697250843048095703e+00 1.768009424209594727e+00 1.020350337028503418e+00 4.157872796058654785e-01 2.059579789638519287e-01 1.211747169494628906e+00 1.478603243827819824e+00 8.257899433374404907e-02 -1.182526350021362305e+00 8.692713975906372070e-01 -1.929052829742431641e+00
-5.460842847824096680e-01 -1.823129653930664062e+00 2.052268981933593750e+00 2.106974601745605469e+00 -1.505061745643615723e+00 2.408554077148437500e+00 -5.460842847824096680e-01 -8.466154336929321289e-01 -1.246902108192443848e+00 -1.246902108192443848e+00 -1.823129653930664062e+00 2.707180500030517578e+00 -6.866233944892883301e-01 1.257961034774780273e+00 -8.466154336929321289e-01 5.914266705513000488e-01 1.826498031616210938e+00 -6.866233944892883301e-01 -1.823129653930664062e+00 2.499142408370971680e+00 -1.823129653930664062e+00
-9.038777351379394531e-01 -1.539339661598205566e+00 -4.724971950054168701e-01 3.990658521652221680e+00 -9.038777351379394531e-01 2.381444692611694336e+00 -1.539339661598205566e+00 6.228852868080139160e-01 1.596487402915954590e+00 -6.703652739524841309e-01 -9.038777351379394531e-01 -1.539339661598205566e+00 1.962233543395996094e+00 -3.019678592681884766e-01 -9.038777351379394531e-01 -6.703652739524841309e-01 3.221367835998535156e+00 2.033808678388595581e-01 -9.038777351379394531e-01 -1.186659336090087891e+00 -1.539339661598205566e+00
2.992933273315429688e+00 -1.224132776260375977e+00 -1.224132776260375977e+00 -8.240042328834533691e-01 -1.224132776260375977e+00 -8.240042328834533691e-01 -1.224132776260375977e+00 2.394018650054931641e+00 -8.240042328834533691e-01 3.399141550064086914e+00 -1.224132776260375977e+00 -1.224132776260375977e+00 -8.240042328834533691e-01 4.654756546020507812e+00 -8.240042328834533691e-01 -8.240042328834533691e-01 -1.224132776260375977e+00 -8.240042328834533691e-01 -8.240042328834533691e-01 2.944162130355834961e+00 -1.224132776260375977e+00
-1.048321366310119629e+00 -1.048321366310119629e+00 -1.048321366310119629e+00 -1.048321366310119629e+00 4.638545036315917969e+00 -1.048321366310119629e+00 2.876597166061401367e+00 -1.048321366310119629e+00 -1.048321366310119629e+00 1.155529171228408813e-03 -1.048321366310119629e+00 -6.143290996551513672e-01 -1.048321366310119629e+00 -1.048321366310119629e+00 -1.048321366310119629e+00 -2.733418047428131104e-01 3.365689754486083984e+00 -1.048321366310119629e+00 -1.048321366310119629e+00 4.682663917541503906e+00 -1.048321366310119629e+00
-3.654409050941467285e-01 -3.654409050941467285e-01 -3.654409050941467285e-01 -3.654409050941467285e-01 7.308806896209716797e+00 -3.654409050941467285e-01 -3.654409050941467285e-01 -3.654409050941467285e-01 -3.654409050941467285e-01 -3.654409050941467285e-01 -3.654409050941467285e-01 -3.654409050941467285e-01 -3.654409050941467285e-01 -3.654409050941467285e-01 -3.654409050941467285e-01 -3.654409050941467285e-01 -3.654409050941467285e-01 -3.654409050941467285e-01 -3.654409050941467285e-01 -3.654409050941467285e-01 -3.654409050941467285e-01
