-3.654970228672027588e-01 7.309206485748291016e+00 -3.654970228672027588e-01 -3.654970228672027588e-01 -3.654970228672027588e-01 -3.654970228672027588e-01 -3.654970228672027588e-01 -3.654970228672027588e-01 -3.654970228672027588e-01 -3.654970228672027588e-01 -3.654970228672027588e-01 -3.654970228672027588e-01 -3.654970228672027588e-01 -3.654970228672027588e-01 -3.654970228672027588e-01 -3.654970228672027588e-01 -3.654970228672027588e-01 -3.654970228672027588e-01 -3.654970228672027588e-01 -3.654970228672027588e-01 -3.654970228672027588e-01
6.253891944885253906e+00 -6.228004097938537598e-01 -6.228004097938537598e-01 -6.228004097938537598e-01 -6.228004097938537598e-01 -7.588947564363479614e-02 -6.228004097938537598e-01 -6.228004097938537598e-01 -6.228004097938537598e-01 -6.228004097938537598e-01 -6.228004097938537598e-01 -6.228004097938537598e-01 -6.228004097938537598e-01 -6.228004097938537598e-01 -6.228004097938537598e-01 5.032342433929443359e+00 -6.228004097938537598e-01 -6.228004097938537598e-01 -6.228004097938537598e-01 -6.228004097938537598e-01 -6.228004097938537598e-01
3.347658872604370117e+00 -7.639110684394836426e-01 -7.639110684394836426e-01 -1.172584176063537598e+00 -1.172584176063537598e+00 5.352089405059814453e-01 -1.172584176063537598e+00 6.617755889892578125e-01 -1.172584176063537598e+00 -1.172584176063537598e+00 -1.172584176063537598e+00 -1.172584176063537598e+00 -7.639110684394836426e-01 -1.172584176063537598e+00 -7.639110684394836426e-01 5.007359027862548828e+00 1.287223100662231445e+00 2.799117565155029297e+00 1.141939520835876465e+00 -1.172584176063537598e+00 -1.172584176063537598e+00
-3.363727033138275146e-01 -1.215280652046203613e+00 -5.697577074170112610e-02 1.199847936630249023e+00 -9.346000552177429199e-01 1.529152274131774902e+00 -1.215280652046203613e+00 -3.363727033138275146e-01 -7.022241353988647461e-01 -1.215280652046203613e+00 -5.056076645851135254e-01 -5.056076645851135254e-01 7.755580544471740723e-01 -5.056076645851135254e-01 2.608032226562500000e+00 4.278233528137207031e+00 1.076512336730957031e+00 -5.056076645851135254e-01 -9.346000552177429199e-01 -9.346000552177429199e-01 -1.563883543014526367e+00
3.117460198700428009e-02 -1.784396529197692871e+00 4.430017173290252686e-01 9.343571066856384277e-01 8.215094804763793945e-01 -1.200733065605163574e+00 -1.784396529197692871e+00 -1.200733065605163574e+00 -9.818640947341918945e-01 2.342556476593017578e+00 -1.784396529197692871e+00 -1.200733065605163574e+00 1.266617774963378906e+00 1.940961122512817383e+00 3.117460198700428009e-02 8.215094804763793945e-01 -1.784396529197692871e+00 3.117460198700428009e-02 -1.462639212608337402e+00 8.980879187583923340e-01 3.620976686477661133e+00
1.192359104752540588e-01 -7.721439003944396973e-01 -2.722431421279907227e-01 4.302157461643218994e-01 -7.721439003944396973e-01 4.302157461643218994e-01 -7.721439003944396973e-01 -7.721439003944396973e-01 -7.721439003944396973e-01 8.984620571136474609e-01 -7.721439003944396973e-01 1.192359104752540588e-01 -2.722431421279907227e-01 -7.721439003944396973e-01 -2.722431421279907227e-01 -2.722431421279907227e-01 -7.721439003944396973e-01 6.848821640014648438e-01 -7.721439003944396973e-01 -7.721439003944396973e-01 6.126465320587158203e+00
8.925547450780868530e-02 -5.020294189453125000e-01 -5.020294189453125000e-01 8.925547450780868530e-02 -5.020294189453125000e-01 -5.020294189453125000e-01 -5.020294189453125000e-01 -5.020294189453125000e-01 -5.020294189453125000e-01 9.186423420906066895e-01 -5.020294189453125000e-01 -5.020294189453125000e-01 -5.020294189453125000e-01 -5.020294189453125000e-01 -5.020294189453125000e-01 8.925547450780868530e-02 -5.020294189453125000e-01 -5.020294189453125000e-01 -5.020294189453125000e-01 -5.020294189453125000e-01 6.846680641174316406e+00
2.855658233165740967e-01 -6.641910672187805176e-01 -1.316994875669479370e-01 -6.641910672187805176e-01 -6.641910672187805176e-01 6.147671341896057129e-01 -6.641910672187805176e-01 2.855658233165740967e-01 -6.641910672187805176e-01 2.855658233165740967e-01 -6.641910672187805176e-01 -6.641910672187805176e-01 -6.641910672187805176e-01 -6.641910672187805176e-01 2.855658233165740967e-01 6.147671341896057129e-01 -6.641910672187805176e-01 -6.641910672187805176e-01 -6.641910672187805176e-01 -6.641910672187805176e-01 6.395132541656494141e+00
2.669190466403961182e-01 -1.344341754913330078e+00 -6.611351966857910156e-01 -2.547514066100120544e-02 -9.640786051750183105e-01 1.289191961288452148e+00 -1.344341754913330078e+00 -2.041302472352981567e-01 -2.547514066100120544e-02 -2.547514066100120544e-02 -4.128287434577941895e-01 -9.640786051750183105e-01 9.991750121116638184e-01 -2.041302472352981567e-01 7.779693603515625000e-01 6.928972005844116211e-01 -2.547514066100120544e-02 -2.547514066100120544e-02 -1.344341754913330078e+00 -1.344341754913330078e+00 4.888176918029785156e+00
9.351454377174377441e-01 -1.564870476722717285e+00 7.739284634590148926e-01 3.526185750961303711e-01 -7.037032842636108398e-01 1.840845227241516113e+00 -1.216445088386535645e+00 -9.359844326972961426e-01 -7.037032842636108398e-01 -1.897179931402206421e-01 -1.216445088386535645e+00 -1.564870476722717285e+00 2.632108926773071289e-01 5.120454430580139160e-01 5.120454430580139160e-01 2.632108926773071289e-01 3.526185750961303711e-01 -1.897179931402206421e-01 -7.037032842636108398e-01 -1.216445088386535645e+00 4.400089740753173828e+00
4.358041584491729736e-01 -2.125867605209350586e+00 5.671674609184265137e-01 -4.477168247103691101e-02 -7.153951525688171387e-01 1.955974936485290527e+00 -1.076246976852416992e+00 -9.429952502250671387e-01 -1.226734638214111328e+00 1.050141096115112305e+00 -1.226734638214111328e+00 -1.076246976852416992e+00 5.975455641746520996e-01 2.440077364444732666e-01 7.108238339424133301e-01 1.010891675949096680e+00 6.557396054267883301e-01 6.061674654483795166e-02 -8.235234022140502930e-01 -8.235234022140502930e-01 2.793375730514526367e+00
6.085537075996398926e-01 -1.993704438209533691e+00 7.650638222694396973e-01 1.237561255693435669e-01 -1.126315712928771973e+00 1.940768003463745117e+00 -1.009460091590881348e+00 -5.596207380294799805e-01 -9.035139083862304688e-01 2.337571531534194946e-01 -1.570328116416931152e+00 -1.126315712928771973e+00 5.333880782127380371e-01 5.590600967407226562e-01 9.876801371574401855e-01 8.637967109680175781e-01 7.227345705032348633e-01 -8.984670788049697876e-02 -8.984670788049697876e-02 -9.035139083862304688e-01 2.033674478530883789e+00
9.803696274757385254e-01 -1.904973030090332031e+00 5.391177535057067871e-01 4.793870449066162109e-01 -1.472990393638610840e+00 2.369250059127807617e+00 -1.472990393638610840e+00 -4.496240019798278809e-01 -6.990706920623779297e-01 7.244837880134582520e-01 -2.187882900238037109e+00 -1.154199838638305664e+00 4.793870449066162109e-01 5.391177535057067871e-01 1.104514241218566895e+00 1.511624574661254883e+00 1.328371644020080566e+00 8.170732259750366211e-01 -1.022445559501647949e+00 -1.302808046340942383e+00 7.947003841400146484e-01
9.084047675132751465e-01 -2.314130783081054688e+00 1.006337404251098633e-01 2.344507537782192230e-02 -6.184560060501098633e-01 2.044617652893066406e+00 -1.311215043067932129e+00 -1.738790981471538544e-02 -9.606887698173522949e-01 7.824587225914001465e-01 -8.644917607307434082e-01 6.275034695863723755e-02 8.563238978385925293e-01 6.275034695863723755e-02 6.605476737022399902e-01 1.285676360130310059e+00 1.161712765693664551e+00 7.434157133102416992e-01 -1.182091355323791504e+00 -3.587639629840850830e-01 -1.066006422042846680e+00
7.792653441429138184e-01 -2.244969129562377930e+00 3.679158985614776611e-01 -6.029165983200073242e-01 -5.263970494270324707e-01 2.051520586013793945e+00 -7.743782401084899902e-01 -5.263970494270324707e-01 -6.852583885192871094e-01 2.684184610843658447e-01 -1.540833473205566406e+00 1.759982109069824219e+00 8.990313410758972168e-01 3.679158985614776611e-01 1.582981944084167480e-01 1.205624103546142578e+00 1.440744876861572266e+00 -5.555662140250205994e-02 -1.225420832633972168e+00 6.191253066062927246e-01 -1.736227631568908691e+00
-6.067638993263244629e-01 -1.869111657142639160e+00 1.971197724342346191e+00 1.993667483329772949e+00 -1.300945043563842773e+00 2.346400976181030273e+00 -7.462499141693115234e-01 -9.045362472534179688e-01 -1.300945043563842773e+00 -1.300945043563842773e+00 -1.869111657142639160e+00 2.485239028930664062e+00 -6.067638993263244629e-01 1.260086178779602051e+00 -9.045362472534179688e-01 6.954264044761657715e-01 1.912742137908935547e+00 -6.067638993263244629e-01 -1.556346178054809570e+00 2.464574575424194336e+00 -1.556346178054809570e+00
-9.164105057716369629e-01 -1.548940420150756836e+00 -3.157234191894531250e-01 3.977113246917724609e+00 -9.164105057716369629e-01 2.390566587448120117e+00 -1.548940420150756836e+00 6.082200407981872559e-01 1.552844643592834473e+00 -6.828979849815368652e-01 -9.164105057716369629e-01 -1.548940420150756836e+00 2.020401716232299805e+00 -3.157234191894531250e-01 -6.828979849815368652e-01 -9.164105057716369629e-01 3.165806531906127930e+00 1.896086186170578003e-01 -1.198512673377990723e+00 -1.198512673377990723e+00 -1.198512673377990723e+00
3.138072967529296875e+00 -1.223324537277221680e+00 -1.223324537277221680e+00 -8.235919475555419922e-01 -1.223324537277221680e+00 -8.235919475555419922e-01 -1.223324537277221680e+00 2.232725620269775391e+00 -8.235919475555419922e-01 3.367932319641113281e+00 -1.223324537277221680e+00 -1.223324537277221680e+00 -8.235919475555419922e-01 4.642133235931396484e+00 -8.235919475555419922e-01 -8.235919475555419922e-01 -1.223324537277221680e+00 -8.235919475555419922e-01 -8.235919475555419922e-01 2.994074583053588867e+00 -1.223324537277221680e+00
-1.050752282142639160e+00 -1.050752282142639160e+00 -1.050752282142639160e+00 -1.050752282142639160e+00 4.634078979492187500e+00 -1.050752282142639160e+00 2.908545255661010742e+00 -1.050752282142639160e+00 -1.050752282142639160e+00 -1.633836189284920692e-03 -1.050752282142639160e+00 -6.181773543357849121e-01 -1.050752282142639160e+00 -1.050752282142639160e+00 -1.050752282142639160e+00 -2.775371968746185303e-01 3.405951738357543945e+00 -1.050752282142639160e+00 -1.050752282142639160e+00 4.659557342529296875e+00 -1.050752282142639160e+00
-3.653836250305175781e-01 -3.653836250305175781e-01 -3.653836250305175781e-01 -3.653836250305175781e-01 7.308820724487304688e+00 -3.653836250305175781e-01 -3.653836250305175781e-01 -3.653836250305175781e-01 -3.653836250305175781e-01 -3.653836250305175781e-01 -3.653836250305175781e-01 -3.653836250305175781e-01 -3.653836250305175781e-01 -3.653836250305175781e-01 -3.653836250305175781e-01 -3.653836250305175781e-01 -3.653836250305175781e-01 -3.653836250305175781e-01 -3.653836250305175781e-01 -3.653836250305175781e-01 -3.653836250305175781e-01
