-3.654204905033111572e-01 7.309350013732910156e+00 -3.654204905033111572e-01 -3.654204905033111572e-01 -3.654204905033111572e-01 -3.654204905033111572e-01 -3.654204905033111572e-01 -3.654204905033111572e-01 -3.654204905033111572e-01 -3.654204905033111572e-01 -3.654204905033111572e-01 -3.654204905033111572e-01 -3.654204905033111572e-01 -3.654204905033111572e-01 -3.654204905033111572e-01 -3.654204905033111572e-01 -3.654204905033111572e-01 -3.654204905033111572e-01 -3.654204905033111572e-01 -3.654204905033111572e-01 -3.654204905033111572e-01
6.204041957855224609e+00 -6.403418183326721191e-01 -6.403418183326721191e-01 -6.403418183326721191e-01 -6.403418183326721191e-01 3.233360350131988525e-01 -6.403418183326721191e-01 -6.403418183326721191e-01 -6.403418183326721191e-01 -6.403418183326721191e-01 -6.403418183326721191e-01 -6.403418183326721191e-01 -6.403418183326721191e-01 -6.403418183326721191e-01 -6.403418183326721191e-01 4.998736381530761719e+00 -6.403418183326721191e-01 -6.403418183326721191e-01 -6.403418183326721191e-01 -6.403418183326721191e-01 -6.403418183326721191e-01
3.320702075958251953e+00 -7.988921999931335449e-01 -7.988921999931335449e-01 -7.988921999931335449e-01 -1.202229142189025879e+00 6.136108636856079102e-01 -1.202229142189025879e+00 1.858380734920501709e-01 -1.202229142189025879e+00 -1.202229142189025879e+00 -1.202229142189025879e+00 -1.202229142189025879e+00 -7.988921999931335449e-01 -1.202229142189025879e+00 -7.988921999931335449e-01 4.945659637451171875e+00 1.363669753074645996e+00 2.680012702941894531e+00 1.301812171936035156e+00 -7.988921999931335449e-01 -1.202229142189025879e+00
-2.735356390476226807e-01 -1.164103627204895020e+00 4.225451648235321045e-01 1.147970318794250488e+00 -6.436133980751037598e-01 1.573064446449279785e+00 -1.518556356430053711e+00 -1.241192370653152466e-01 -1.164103627204895020e+00 -1.164103627204895020e+00 -1.241192370653152466e-01 -6.436133980751037598e-01 8.459022641181945801e-01 -8.791581988334655762e-01 2.691657781600952148e+00 4.360166549682617188e+00 1.147970318794250488e+00 -6.436133980751037598e-01 -1.164103627204895020e+00 -1.164103627204895020e+00 -1.518556356430053711e+00
-1.952344477176666260e-01 -1.816503882408142090e+00 2.100201994180679321e-01 8.499520421028137207e-01 5.537469983100891113e-01 -1.021992444992065430e+00 -1.238809227943420410e+00 -1.021992444992065430e+00 -1.021992444992065430e+00 2.301942348480224609e+00 -1.816503882408142090e+00 -1.021992444992065430e+00 1.405926704406738281e+00 1.917963504791259766e+00 -1.467058807611465454e-02 6.472349166870117188e-01 -1.498173713684082031e+00 -1.012275367975234985e-01 -1.498173713684082031e+00 8.124433755874633789e-01 3.568634271621704102e+00
6.727462261915206909e-02 -8.070291876792907715e-01 6.242302060127258301e-01 6.727462261915206909e-02 -8.070291876792907715e-01 6.727462261915206909e-02 -8.070291876792907715e-01 -8.070291876792907715e-01 -8.070291876792907715e-01 3.732287287712097168e-01 -8.070291876792907715e-01 6.727462261915206909e-02 -3.167957961559295654e-01 -8.070291876792907715e-01 -3.167957961559295654e-01 6.727462261915206909e-02 -8.070291876792907715e-01 8.349325656890869141e-01 -3.167957961559295654e-01 -8.070291876792907715e-01 6.045029163360595703e+00
7.649277895689010620e-02 -5.110042095184326172e-01 -5.110042095184326172e-01 7.649277895689010620e-02 -5.110042095184326172e-01 -5.110042095184326172e-01 -5.110042095184326172e-01 -5.110042095184326172e-01 -5.110042095184326172e-01 5.387830138206481934e-01 -5.110042095184326172e-01 -5.110042095184326172e-01 7.649277895689010620e-02 -5.110042095184326172e-01 -5.110042095184326172e-01 7.649277895689010620e-02 -5.110042095184326172e-01 -5.110042095184326172e-01 -5.110042095184326172e-01 -5.110042095184326172e-01 6.820084095001220703e+00
-1.137822419404983521e-01 -6.509277224540710449e-01 -6.509277224540710449e-01 -6.509277224540710449e-01 -6.509277224540710449e-01 9.076119065284729004e-01 -6.509277224540710449e-01 3.068412244319915771e-01 -6.509277224540710449e-01 3.068412244319915771e-01 -6.509277224540710449e-01 -6.509277224540710449e-01 -6.509277224540710449e-01 -6.509277224540710449e-01 6.383553743362426758e-01 6.383553743362426758e-01 -6.509277224540710449e-01 -6.509277224540710449e-01 -6.509277224540710449e-01 -6.509277224540710449e-01 6.428708076477050781e+00
4.946866929531097412e-01 -1.347577691078186035e+00 -9.680697321891784668e-01 -3.050054237246513367e-02 -9.680697321891784668e-01 1.176782965660095215e+00 -1.347577691078186035e+00 -2.090073972940444946e-01 -3.050054237246513367e-02 2.617520391941070557e-01 -4.175185561180114746e-01 -1.347577691078186035e+00 1.176782965660095215e+00 -4.175185561180114746e-01 7.724373340606689453e-01 7.724373340606689453e-01 1.247497200965881348e-01 1.247497200965881348e-01 -1.347577691078186035e+00 -1.347577691078186035e+00 4.874837398529052734e+00
1.073521256446838379e+00 -1.593008756637573242e+00 7.305169105529785156e-01 4.694146811962127686e-01 -7.399349212646484375e-01 1.639083981513977051e+00 -1.248311042785644531e+00 -9.703723788261413574e-01 -9.703723788261413574e-01 1.245172619819641113e-01 -1.248311042785644531e+00 -1.593008756637573242e+00 1.245172619819641113e-01 3.928676843643188477e-01 5.408928394317626953e-01 5.408928394317626953e-01 4.694146811962127686e-01 -3.765353858470916748e-01 -7.399349212646484375e-01 -9.703723788261413574e-01 4.344211578369140625e+00
4.414994716644287109e-01 -2.121905326843261719e+00 3.307070732116699219e-01 -1.564126908779144287e-01 -6.117476224899291992e-01 1.977364659309387207e+00 -1.221865415573120117e+00 -9.378948807716369629e-01 -1.394469261169433594e+00 1.182433247566223145e+00 -1.221865415573120117e+00 -9.378948807716369629e-01 6.326994895935058594e-01 3.307070732116699219e-01 6.613965034484863281e-01 7.688003778457641602e-01 6.893157958984375000e-01 2.067270725965499878e-01 -6.117476224899291992e-01 -8.183999657630920410e-01 2.812769174575805664e+00
6.141189932823181152e-01 -1.970625042915344238e+00 9.309477806091308594e-01 3.026390075683593750e-02 -1.229965925216674805e+00 1.971317410469055176e+00 -1.377059459686279297e+00 -3.925917148590087891e-01 -6.899015903472900391e-01 5.890576839447021484e-01 -1.545169115066528320e+00 -1.099422097206115723e+00 5.370061993598937988e-01 5.370061993598937988e-01 9.126209020614624023e-01 9.666371345520019531e-01 6.385897397994995117e-01 -1.091433912515640259e-01 -1.600528806447982788e-01 -1.229965925216674805e+00 2.076059818267822266e+00
1.021898865699768066e+00 -1.901553750038146973e+00 4.526241719722747803e-01 5.721740722656250000e-01 -1.150145411491394043e+00 2.364296913146972656e+00 -1.901553750038146973e+00 -5.223425626754760742e-01 -6.949257254600524902e-01 7.763381004333496094e-01 -1.901553750038146973e+00 -1.018244981765747070e+00 4.204394519329071045e-01 4.526241719722747803e-01 1.189253687858581543e+00 1.504911899566650391e+00 1.319417595863342285e+00 7.289814352989196777e-01 -1.150145411491394043e+00 -1.469256281852722168e+00 9.064722061157226562e-01
8.900278806686401367e-01 -2.302702903747558594e+00 2.554005682468414307e-01 -4.425033181905746460e-02 -4.027102291584014893e-01 2.087975263595581055e+00 -1.609083890914916992e+00 -1.348385810852050781e-01 -8.497673273086547852e-01 8.543902039527893066e-01 -6.794161200523376465e-01 -4.425033181905746460e-02 8.360929489135742188e-01 -1.348385810852050781e-01 7.791412472724914551e-01 1.278210043907165527e+00 1.177842617034912109e+00 7.188318967819213867e-01 -1.442764401435852051e+00 -2.872614264488220215e-01 -9.460549950599670410e-01
8.488128781318664551e-01 -2.225214004516601562e+00 3.634462952613830566e-01 -3.609921038150787354e-01 -4.281785488128662109e-01 2.132770776748657227e+00 -1.069779396057128906e+00 -5.765272974967956543e-01 -5.765272974967956543e-01 2.606045007705688477e-01 -1.517419576644897461e+00 1.755634784698486328e+00 8.689565658569335938e-01 3.302973210811614990e-01 1.858542114496231079e-01 1.099980473518371582e+00 1.480038762092590332e+00 6.261884421110153198e-02 -1.517419576644897461e+00 8.282639384269714355e-01 -1.945414662361145020e+00
-3.777155280113220215e-01 -1.874609827995300293e+00 1.904468297958374023e+00 1.962920546531677246e+00 -1.562447905540466309e+00 2.273378133773803711e+00 -3.777155280113220215e-01 -9.116092324256896973e-01 -1.307440400123596191e+00 -1.307440400123596191e+00 -1.874609827995300293e+00 2.616810083389282227e+00 -9.116092324256896973e-01 1.077900290489196777e+00 -7.535093426704406738e-01 8.684172630310058594e-01 1.880108356475830078e+00 -6.142095327377319336e-01 -1.562447905540466309e+00 2.413537979125976562e+00 -1.562447905540466309e+00
-6.472923159599304199e-01 -1.521471261978149414e+00 -2.776489555835723877e-01 4.069894313812255859e+00 -1.167438030242919922e+00 2.483809947967529297e+00 -1.521471261978149414e+00 5.011163353919982910e-01 1.477202892303466797e+00 -8.826974034309387207e-01 -8.826974034309387207e-01 -1.521471261978149414e+00 1.910831212997436523e+00 -6.472923159599304199e-01 -8.826974034309387207e-01 -6.472923159599304199e-01 3.157707214355468750e+00 5.011163353919982910e-01 -1.167438030242919922e+00 -1.167438030242919922e+00 -1.167438030242919922e+00
3.102902412414550781e+00 -1.219486236572265625e+00 -1.219486236572265625e+00 -8.191521763801574707e-01 -1.219486236572265625e+00 -8.191521763801574707e-01 -8.191521763801574707e-01 2.161253690719604492e+00 -1.219486236572265625e+00 3.341467618942260742e+00 -1.219486236572265625e+00 -1.219486236572265625e+00 -8.191521763801574707e-01 4.667489528656005859e+00 -8.191521763801574707e-01 -8.191521763801574707e-01 -1.219486236572265625e+00 -8.191521763801574707e-01 -8.191521763801574707e-01 3.036147594451904297e+00 -1.219486236572265625e+00
-1.037862896919250488e+00 -1.037862896919250488e+00 -1.037862896919250488e+00 -1.037862896919250488e+00 4.681753158569335938e+00 -1.037862896919250488e+00 2.800320863723754883e+00 -1.037862896919250488e+00 -1.037862896919250488e+00 -2.599929571151733398e-01 -1.037862896919250488e+00 -6.026869416236877441e-01 -1.037862896919250488e+00 -1.037862896919250488e+00 -1.037862896919250488e+00 -2.599929571151733398e-01 3.504740715026855469e+00 -1.037862896919250488e+00 -1.037862896919250488e+00 4.665877342224121094e+00 -1.037862896919250488e+00
-3.654519915580749512e-01 -3.654519915580749512e-01 -3.654519915580749512e-01 -3.654519915580749512e-01 7.309132575988769531e+00 -3.654519915580749512e-01 -3.654519915580749512e-01 -3.654519915580749512e-01 -3.654519915580749512e-01 -3.654519915580749512e-01 -3.654519915580749512e-01 -3.654519915580749512e-01 -3.654519915580749512e-01 -3.654519915580749512e-01 -3.654519915580749512e-01 -3.654519915580749512e-01 -3.654519915580749512e-01 -3.654519915580749512e-01 -3.654519915580749512e-01 -3.654519915580749512e-01 -3.654519915580749512e-01
