1.188457757234573364e+00
-3.892918527126312256e-01
-9.468686878681182861e-01
-7.270881235599517822e-01
1.747713416814804077e+00
9.231940805912017822e-01
-3.652503788471221924e-01
9.605983793735504150e-01
1.288961023092269897e+00
1.877405971288681030e+00
8.357351124286651611e-01
-1.234405428171157837e+00
2.092318087816238403e-01
9.105542004108428955e-01
1.286528259515762329e+00
8.010990023612976074e-01
1.348763614892959595e+00
-1.320840418338775635e-01
1.403831332921981812e+00
-3.444229006767272949e+00
-5.235063850879669189e+00
-5.624526262283325195e+00
-4.909488737583160400e+00
-4.233735490590333939e+00
-4.956029951572418213e+00
-5.267610073089599609e+00
-2.014114856719970703e+00
-5.769629716873168945e+00
-1.596539735794067383e+00
-5.187533557415008545e+00
-4.568533658981323242e+00
-3.012066841125488281e+00
-4.295042086392641068e+00
-2.783071637153625488e+00
-2.455143332481384277e+00
-5.835530638694763184e+00
-4.985191226005554199e+00
6.182405650615692139e-01
-1.285707682371139526e+00
3.400314152240753174e-01
1.126489549875259399e+00
1.588365435600280762e-01
-5.235877633094787598e-02
-8.711192011833190918e-02
-3.496201783418655396e-01
-7.249321043491363525e-01
6.635579764842987061e-01
4.795858263969421387e-02
5.752659738063812256e-01
-6.344858109951019287e-01
7.694790065288543701e-01
2.884040772914886475e-01
-5.283534079790115356e-01
5.350492298603057861e-01
-8.986226618289947510e-01
-1.234819889068603516e-01
-6.605130434036254883e-02
2.890820801258087158e-01
-1.065406471490859985e+00
-1.465099304914474487e-01
-6.152541637420654297e-01
3.733140528202056885e-01
1.393703520298004150e-01
-3.559745773673057556e-01
-9.815451800823211670e-01
-5.582500696182250977e-01
1.062008455395698547e+00
1.870375454425811768e+00
-8.975825756788253784e-01
-1.443351775407791138e+00
2.567589282989501953e-02
6.068505048751831055e-01
-1.101799268275499344e+00
-7.506928145885467529e-01
-8.627805113792419434e-01
-1.426470667123794556e+00
-2.501356005668640137e-01
-8.141006529331207275e-01
-4.400587081909179688e-02
-2.075612545013427734e-03
-1.713758707046508789e-02
-1.604419171810150146e+00
-8.090802729129791260e-01
-9.404667317867279053e-01
-4.185008555650711060e-01
-1.147350609302520752e+00
-4.324710518121719360e-01
3.671910762786865234e-01
-6.923892274498939514e-01
-1.606126129627227783e+00
-1.397183179855346680e+00
-4.442540764808654785e+00
-3.701509315520524979e+00
-9.683990478515625000e-01
-2.391757965087890625e-01
-3.068447709083557129e+00
-5.223443865776062012e+00
-4.782628893852233887e+00
-4.646381020545959473e+00
-3.496776431798934937e+00
-2.356112003326416016e+00
-5.107722997665405273e+00
-4.344080626964569092e+00
