7.137301790652260391e-02
1.741133025277910029e-01
4.972513505064200423e+00
1.433646144240569908e+00
3.176774829355349938e-01
5.738570836960890046e-04
1.421049671083549903e-01
7.715868358170270558e-02
2.357188220356780106e-01
8.659550342928379330e-02
2.412854702373090077e-01
1.294632821711579895e+00
2.540773926438930075e-01
9.349690971405699713e-02
1.834106397442979985e-01
7.161187635710490607e-02
1.176449818656109952e-01
2.510705079732660217e-01
4.004795466128959758e-01
2.316427793000209956e+00
1.259033827671300010e+00
7.546218666317689561e+00
4.852709781543720347e+00
5.313535199661689745e+00
5.121383354804759591e+00
5.005132019664779719e+00
2.131818824074890040e-01
5.809709357699540000e+00
1.131838941400700044e-01
4.945355806647600438e+00
6.415137990605200180e+00
1.385372605185650086e+00
4.277527450183409741e+00
2.572085889847190110e+00
1.218751193256810028e+00
6.988544712545359694e+00
4.500869027923020127e+00
5.424843588635229752e-01
1.659042405637390027e+00
1.510064763796070020e+00
1.680253820728639935e+00
2.930067583450270075e+00
8.052435482063350136e+00
1.539607069786539939e-01
7.033175967708620302e-01
1.988773166175300089e+00
4.431793358870179667e+00
3.616166847914790150e+00
2.945687912387020102e+00
3.071242887329579891e-04
5.872381899362929536e-01
5.539259729389510056e+00
2.173049780750960114e+00
3.043598985172720206e-01
1.020669476349089955e+01
9.219646938893289345e+00
9.288050805168680313e+00
1.706845739472039991e+00
1.091814377876140085e+01
1.154871759746770010e+01
4.105672429126340006e+00
1.157163454322810026e+01
1.308537691869740005e+00
1.078307043843060065e+01
1.561377259088849945e+00
2.071076447919439900e+00
2.365798992126880052e+00
6.001315096664810333e+00
9.405432791124499481e-01
1.832918595074090051e+00
1.326948919544769900e+00
1.073776039368689972e+01
8.689819744382789590e-01
1.565505191682019959e+00
7.134084421244479834e-01
4.839477050628960164e+00
8.296862318715300111e-01
1.119761994408480010e+00
7.925624559521740053e+00
7.816885986741960224e+00
5.498425252650320338e+00
5.886132737744089738e-01
3.330469755250580199e+00
4.403300142610840240e+00
7.510301945546969726e+00
5.265679859462640167e+00
3.136165611503090034e+00
5.508603757319900041e+00
1.150019327406809921e+01
