1.188457757234573364e+00
-3.892918527126312256e-01
-9.468686878681182861e-01
-7.270881235599517822e-01
1.747713416814804077e+00
9.231940805912017822e-01
-3.652503788471221924e-01
9.605983793735504150e-01
1.288961023092269897e+00
1.877405971288681030e+00
8.357351124286651611e-01
-1.234405428171157837e+00
2.092318087816238403e-01
9.105542004108428955e-01
1.286528259515762329e+00
8.010990023612976074e-01
1.348763614892959595e+00
-1.320840418338775635e-01
1.403831332921981812e+00
-3.444229006767272949e+00
-5.235063850879669189e+00
-5.624526262283325195e+00
-4.909488737583160400e+00
-4.233735490590333939e+00
-4.956029951572418213e+00
-5.267610073089599609e+00
-2.014114856719970703e+00
-5.769629716873168945e+00
-1.596539735794067383e+00
-5.187533557415008545e+00
-4.568533658981323242e+00
-3.012066841125488281e+00
-4.295042086392641068e+00
-2.783071637153625488e+00
-2.455143332481384277e+00
-5.835530638694763184e+00
-4.985191226005554199e+00
6.182405650615692139e-01
-1.285707682371139526e+00
4.659501612186431885e-01
-5.505895018577575684e-01
2.584887742996215820e-01
-5.515781044960021973e-01
3.400314152240753174e-01
1.126489549875259399e+00
-5.235877633094787598e-02
-8.711192011833190918e-02
-3.496201783418655396e-01
-7.249321043491363525e-01
6.635579764842987061e-01
4.795858263969421387e-02
5.752659738063812256e-01
7.694790065288543701e-01
5.350492298603057861e-01
-9.815451800823211670e-01
3.974667489528656006e-01
8.484938498586416245e-01
1.870375454425811768e+00
4.884332716464996338e-01
7.094496786594390869e-01
1.417113244533538818e+00
1.763162016868591309e-01
-1.443351775407791138e+00
-8.794900625944137573e-01
2.567589282989501953e-02
6.068505048751831055e-01
-1.101799268275499344e+00
-1.426470667123794556e+00
-2.501356005668640137e-01
-8.834585845470428467e-01
-8.141006529331207275e-01
-7.011021450161933899e-01
-2.075612545013427734e-03
-1.604419171810150146e+00
3.671910762786865234e-01
-1.606126129627227783e+00
-1.397183179855346680e+00
-4.442540764808654785e+00
-4.728380620479583740e+00
-3.647667780518531799e+00
-3.701509315520524979e+00
-9.683990478515625000e-01
-2.391757965087890625e-01
-3.068447709083557129e+00
-4.782628893852233887e+00
-3.496776431798934937e+00
-2.356112003326416016e+00
-5.107722997665405273e+00
-4.344080626964569092e+00
