-2.839735448360443115e-01
8.524376153945922852e-01
4.667754024267196655e-01
1.010908782482147217e+00
2.139400839805603027e-01
-5.641561746597290039e-02
-5.346253514289855957e-02
6.100347042083740234e-01
-2.041406035423278809e-01
4.762274324893951416e-01
-1.153544485569000244e-01
7.329069152474403381e-01
5.333274155855178833e-01
4.073953628540039062e-02
3.609928488731384277e-01
-3.722048401832580566e-01
2.948430776596069336e-01
-9.517031908035278320e-02
-2.846682965755462646e-01
-1.244026646018028259e-01
2.348771691322326660e-01
1.814568698406219482e+00
9.794378876686096191e-01
1.246275734156370163e-01
4.914507567882537842e-01
1.061582803726196289e+00
-3.318851590156555176e-01
1.577775673649739474e-01
3.070867061614990234e-01
-2.540449338266626000e-01
-1.107587367296218872e-01
-4.739964157342910767e-01
-4.078527688980102539e-01
-3.319660574197769165e-01
4.276285171508789062e-01
5.394087210297584534e-01
-4.100242257118225098e-02
2.894666492938995361e-01
-2.274606674909591675e-01
7.717365026473999023e-01
5.267068445682525635e-01
4.248322844505310059e-01
-3.084606230258941650e-01
5.135530233383178711e-01
4.389681518077850342e-01
1.008391737937927246e+00
8.832147717475891113e-02
-2.550417929887771606e-01
1.856492161750793457e-01
2.553915679454803467e-01
2.668786942958831787e-01
-2.770962147042155266e-01
2.999118566513061523e-01
4.470336139202117920e-01
4.389546513557434082e-01
8.961477875709533691e-02
-6.411045789718627930e-02
3.777203559875488281e-01
7.571170032024383545e-01
4.127767570316791534e-01
6.627535820007324219e-01
7.178821861743927002e-01
1.471034169197082520e+00
-5.286492854356765747e-01
1.207838058471679688e+00
2.011710554361343384e-01
3.806379511952400208e-01
-1.965438276529312134e-01
-5.864028632640838623e-02
-1.280576309654861689e-01
-2.121114432811737061e-01
1.472383141517639160e-01
-4.273026883602142334e-01
7.347778677940368652e-01
2.182748317718505859e-01
1.645667031407356262e-01
-6.913904696702957153e-01
6.418372392654418945e-01
2.419704331405228004e-01
-6.143538653850555420e-02
5.777827873826026917e-01
-9.780287742614746094e-02
1.349972486495971680e-01
-4.289860799908638000e-01
3.899679109454154968e-01
-2.396625876426696777e-01
1.519154310226440430e-01
5.365209078881889582e-01
4.319242388010025024e-02
