8.104382578719750541e+00
6.112427346311769760e+00
9.602879900438589189e+00
8.384301237049019306e+00
8.723756814680109883e+00
9.088468972463019213e+00
1.054435535617460040e+01
7.628301534665860029e-01
8.765083748763270677e+00
1.610427943512859894e-01
9.738506820785579166e+00
8.682281383962170196e+00
2.127097013072289933e+00
1.128910071173429941e+01
8.357650615964089980e+00
5.841989049276260282e+00
1.276626674496190050e+00
9.775021829351070224e+00
1.061584299794199993e+01
2.702661898137659890e-01
9.506667899512319386e-02
1.011985582641439940e+01
1.017233389557599921e+01
8.053814608328199398e+00
8.604232578821109811e+00
1.121706070737729988e+01
6.555460705388850284e-01
1.070357406061510019e+01
1.955284998201900146e-02
7.074839293085400271e+00
8.846015769623980063e+00
9.429596787331199437e+00
9.536630399280999981e+00
9.639730367772919806e+00
1.127469225328489921e+00
8.185291485994319771e+00
8.314237076221960621e+00
8.626801209164849382e+00
