-1.244026646018028259e-01
2.348771691322326660e-01
1.814568698406219482e+00
9.794378876686096191e-01
1.246275734156370163e-01
4.914507567882537842e-01
1.061582803726196289e+00
-3.318851590156555176e-01
1.577775673649739474e-01
3.070867061614990234e-01
-2.540449338266626000e-01
-1.107587367296218872e-01
-4.739964157342910767e-01
-2.208352049856330268e-01
-4.078527688980102539e-01
-3.319660574197769165e-01
4.276285171508789062e-01
5.394087210297584534e-01
-4.100242257118225098e-02
-6.913904696702957153e-01
6.418372392654418945e-01
8.530942983925342560e-01
2.419704331405228004e-01
-6.143538653850555420e-02
5.777827873826026917e-01
-2.284121392767701764e-02
-9.780287742614746094e-02
-1.068739396287128329e-01
1.349972486495971680e-01
-4.289860799908638000e-01
8.714983761310577393e-01
3.899679109454154968e-01
2.592769865877926350e-01
-4.319130219519138336e-01
-2.396625876426696777e-01
1.519154310226440430e-01
5.365209078881889582e-01
4.319242388010025024e-02
