7.921328310938700046e-01
7.919954023850127589e-01
7.870084060560250672e-01
7.814071450435087218e-01
7.908022713217518485e-01
7.937611530685124706e-01
8.204493918779632855e-01
7.876684803091730247e-01
7.846742002586158948e-01
7.948126909165871279e-01
7.922994113470304134e-01
8.130074190680252055e-01
7.939964476761014467e-01
7.833353114738395018e-01
7.866169424610982563e-01
8.099506714225328530e-01
8.002203023848045715e-01
7.727595476513224870e-01
7.903004483091063959e-01
8.049386880555711166e-01
7.938735947393955605e-01
7.850719106130360503e-01
7.761244687651613905e-01
7.955914536001116311e-01
7.946127946127947705e-01
7.887741567395247788e-01
7.963722985368008045e-01
8.084826829415574512e-01
7.842848189168536432e-01
7.973551220304466725e-01
7.961390861823762766e-01
7.934050877773821675e-01
7.845763343598841644e-01
8.002348781569561531e-01
7.766554433221100062e-01
7.898985734483570109e-01
7.838100651953465725e-01
7.774237947398120463e-01
7.906502668407431322e-01
7.934675553723171681e-01
8.120912276756432346e-01
8.058153166378274612e-01
8.069605558783047305e-01
7.805284342080878179e-01
7.859193876509894539e-01
7.963493937519910970e-01
7.851093911699973393e-01
7.829605059042288318e-01
7.773196820815868602e-01
7.956268519039082499e-01
