4.456846714019775391e-01
-2.419452667236328125e+00
-1.309691905975341797e+00
-1.374484300613403320e+00
-1.253383159637451172e-01
-1.601513981819152832e+00
-1.815980553627014160e+00
-7.568600177764892578e-01
1.895084083080291748e-01
-8.573403954505920410e-01
-1.039712071418762207e+00
-1.970372080802917480e+00
1.339985728263854980e-01
-1.172137379646301270e+00
-1.820567250251770020e+00
-1.540881156921386719e+00
-4.135708808898925781e-01
-1.099769830703735352e+00
-8.434516191482543945e-01
-1.873725295066833496e+00
-1.364003658294677734e+00
9.347398281097412109e-01
-1.528998494148254395e+00
-1.081919908523559570e+00
-1.223736763000488281e+00
-3.302376747131347656e+00
-4.529731571674346924e-01
1.002830266952514648e+00
-3.472468852996826172e+00
6.186854243278503418e-01
-2.624945640563964844e-01
1.129971146583557129e+00
-1.224004149436950684e+00
-1.533041238784790039e+00
-9.672383069992065430e-01
-4.645308971405029297e+00
-2.866589128971099854e-01
-1.489636540412902832e+00
5.051152706146240234e-01
-1.907122850418090820e+00
-5.716065764427185059e-01
-6.125009655952453613e-01
-1.870918154716491699e+00
-1.695303559303283691e+00
-1.891695499420166016e+00
-3.545793533325195312e+00
7.571607828140258789e-02
-3.366925477981567383e+00
9.378594160079956055e-02
-3.738467454910278320e+00
1.379392623901367188e+00
-7.365913391113281250e-01
6.876887083053588867e-01
-1.170497298240661621e+00
-2.839436829090118408e-01
-1.976987481117248535e+00
-2.847531318664550781e+00
-2.045953273773193359e+00
-4.750999212265014648e-01
-5.234031081199645996e-01
-1.558408975601196289e+00
-2.255928993225097656e+00
-7.809485197067260742e-01
4.033769369125366211e-01
-6.777902841567993164e-01
2.019758462905883789e+00
-2.147910356521606445e+00
-2.830331802368164062e+00
2.119638025760650635e-01
4.037758111953735352e-01
2.443516254425048828e+00
-1.426636695861816406e+00
4.029714465141296387e-01
9.007891416549682617e-01
-1.159969568252563477e+00
-1.976662397384643555e+00
4.725532531738281250e-01
7.661694288253784180e-01
1.084979891777038574e+00
-2.197170019149780273e+00
-1.641100406646728516e+00
-2.998030424118041992e+00
5.799089670181274414e-01
-2.329092025756835938e+00
1.638490676879882812e+00
-1.817296385765075684e+00
3.782868981361389160e-01
-1.610705852508544922e+00
-6.583458781242370605e-01
-2.478912472724914551e-03
-1.592689037322998047e+00
-5.840643048286437988e-01
1.474631428718566895e-01
-1.143622517585754395e+00
-2.097552418708801270e-01
-1.047810077667236328e+00
-8.549620509147644043e-01
-1.647148251533508301e+00
-2.184648990631103516e+00
-1.711328268051147461e+00
-4.111263155937194824e-01
-7.757836580276489258e-01
1.179837584495544434e-01
-1.378946900367736816e+00
-1.413534522056579590e+00
-4.315413832664489746e-01
-5.309591293334960938e-01
-1.670924186706542969e+00
3.082410693168640137e-01
-1.830651998519897461e+00
2.478137612342834473e-01
-6.578934192657470703e-01
-1.081510186195373535e+00
-6.765205860137939453e-01
-1.376971840858459473e+00
-6.743572354316711426e-01
-2.742286443710327148e+00
-6.562572717666625977e-01
-2.451033592224121094e-01
-8.451812267303466797e-01
4.587497711181640625e-01
1.040309786796569824e+00
1.497039198875427246e-01
6.779253482818603516e-02
-8.591358065605163574e-01
-1.170792222023010254e+00
-2.559186935424804688e+00
5.139513015747070312e-01
7.194820642471313477e-01
-1.222799539566040039e+00
-9.127566814422607422e-01
-3.096304833889007568e-01
-1.136192083358764648e+00
8.267177939414978027e-01
-1.443439960479736328e+00
-5.727936625480651855e-01
-1.162360191345214844e+00
-3.473670959472656250e+00
-1.370689630508422852e+00
-2.395206689834594727e-02
-1.985160827636718750e+00
-1.230279684066772461e+00
-1.204082012176513672e+00
-8.343958854675292969e-01
-3.157261013984680176e-02
-6.976916790008544922e-01
-1.444701790809631348e+00
-1.146327972412109375e+00
-1.813382387161254883e+00
-1.401023864746093750e-01
1.592761874198913574e-01
-7.491755485534667969e-01
-1.585825800895690918e+00
6.119208931922912598e-01
-8.871079087257385254e-01
-1.417864680290222168e+00
-5.132687091827392578e-02
-1.695883750915527344e+00
-2.520758152008056641e+00
-1.296476364135742188e+00
-8.295459151268005371e-01
-6.484115123748779297e-01
-7.897777557373046875e-01
1.305699348449707031e-03
-1.988081216812133789e+00
-5.440118312835693359e-01
-1.345588445663452148e+00
-1.299128293991088867e+00
-8.149293065071105957e-02
-1.404739856719970703e+00
5.746859908103942871e-01
-1.561189770698547363e+00
-2.025729179382324219e+00
-2.397280931472778320e+00
-1.899967193603515625e+00
-1.380264520645141602e+00
-2.909232974052429199e-01
-2.987674176692962646e-01
-1.514439344406127930e+00
-1.454353332519531250e+00
-9.787099361419677734e-01
7.001225352287292480e-01
7.882581949234008789e-01
-5.960808992385864258e-01
-9.454877972602844238e-01
-4.178688526153564453e-01
-2.021191596984863281e+00
-4.320192933082580566e-01
3.142555952072143555e-01
-6.332490444183349609e-01
-9.660310745239257812e-01
-2.028907299041748047e+00
5.525548458099365234e-01
-1.578934192657470703e-01
6.979739069938659668e-01
-3.762495517730712891e-02
-3.856235742568969727e-01
-3.970234394073486328e-01
-2.768679618835449219e+00
-1.142299175262451172e+00
-1.654008626937866211e-01
1.344402134418487549e-01
-4.471292793750762939e-01
4.097065925598144531e-01
-2.006480395793914795e-01
5.585247278213500977e-02
-1.191055059432983398e+00
1.063987910747528076e-01
-1.930762052536010742e+00
4.549623131752014160e-01
4.786609113216400146e-01
-2.596405029296875000e+00
1.631458759307861328e+00
-1.864767074584960938e+00
-7.928252220153808594e-01
1.601117849349975586e-02
2.783908843994140625e-01
-9.680311679840087891e-01
-1.225085973739624023e+00
7.726249694824218750e-01
1.285880088806152344e+00
-3.979952931404113770e-01
-5.342938899993896484e-01
-2.066459655761718750e+00
-1.179090261459350586e+00
-6.832599639892578125e-01
-9.994353652000427246e-01
7.026444673538208008e-01
6.412427425384521484e-01
-9.934523105621337891e-01
-1.875794649124145508e+00
-1.109624147415161133e+00
-3.742211461067199707e-01
-1.574500083923339844e+00
-5.445240736007690430e-01
-2.394203186035156250e+00
-8.398643136024475098e-01
-1.358522176742553711e-01
-1.102736949920654297e+00
-2.322917938232421875e+00
-3.110734939575195312e+00
-8.307516574859619141e-02
-2.634397745132446289e-01
-8.805925846099853516e-01
-8.557951450347900391e-02
-6.207698583602905273e-01
-1.241392612457275391e+00
-9.388366341590881348e-01
-1.224272012710571289e+00
-1.174409389495849609e+00
1.134646415710449219e+00
-9.197017550468444824e-01
-1.089204430580139160e+00
-2.011543750762939453e+00
-3.481101751327514648e+00
-3.613995313644409180e-01
-1.184038519859313965e+00
1.944986820220947266e+00
7.583135366439819336e-02
-4.672533273696899414e-01
-7.120090126991271973e-01
-9.047373533248901367e-01
-4.509544372558593750e-02
7.319478988647460938e-01
-6.437425613403320312e-01
-2.092945814132690430e+00
-9.875777363777160645e-02
-2.670153975486755371e-01
-7.497616410255432129e-01
5.385022759437561035e-01
-2.259259521961212158e-01
-1.133039474487304688e+00
-1.991023421287536621e+00
4.933125972747802734e-01
-1.407726407051086426e+00
-7.720608711242675781e-01
3.113716363906860352e+00
-6.635975837707519531e-02
-2.153857469558715820e+00
-7.942355275154113770e-01
-2.964679718017578125e+00
-1.197786211967468262e+00
-1.595743298530578613e-01
-9.729363918304443359e-01
3.329277932643890381e-01
-1.213003039360046387e+00
-1.429394483566284180e+00
3.922010064125061035e-01
-9.663553237915039062e-01
-4.286425113677978516e-01
-1.232978463172912598e+00
-1.941845893859863281e+00
-2.378637641668319702e-01
-2.463788509368896484e+00
-1.948117017745971680e+00
-6.954625844955444336e-01
1.247730255126953125e-01
-1.001681923866271973e+00
-9.475308060646057129e-01
7.663689851760864258e-01
1.805670738220214844e+00
8.654619455337524414e-01
-1.113050341606140137e+00
1.769466400146484375e+00
2.311686515808105469e+00
-1.716635942459106445e+00
-3.345184624195098877e-01
8.516311645507812500e-02
-1.832720756530761719e+00
6.339383125305175781e-01
-1.713289499282836914e+00
-3.385592103004455566e-01
-1.769112944602966309e-01
-1.120499372482299805e+00
-2.432780265808105469e+00
-5.355191230773925781e-01
-7.295905947685241699e-01
-2.076450884342193604e-01
-3.876535892486572266e-01
-3.545089364051818848e-01
4.392504692077636719e-01
6.181532144546508789e-02
-1.142391681671142578e+00
-1.144729971885681152e+00
-8.891068696975708008e-01
6.060907840728759766e-01
-9.724103808403015137e-01
-1.774419307708740234e+00
1.789825558662414551e+00
1.417790949344635010e-01
-9.615722894668579102e-01
-7.762751579284667969e-01
1.201423883438110352e+00
-1.878610253334045410e+00
-1.608725547790527344e+00
7.523351907730102539e-02
-1.021357655525207520e+00
-1.226392269134521484e+00
1.085692286491394043e+00
-4.360466599464416504e-01
1.443886011838912964e-01
1.287076234817504883e+00
-8.210272192955017090e-01
-4.119268953800201416e-01
-9.408748745918273926e-01
-1.183710575103759766e+00
9.366225600242614746e-01
-1.874839544296264648e+00
-1.773920655250549316e+00
-3.730097413063049316e-01
-5.264928340911865234e-01
5.850430727005004883e-01
-1.357018589973449707e+00
5.843335986137390137e-01
-4.572761058807373047e-01
1.334296345710754395e+00
-2.489289641380310059e-02
-9.297795891761779785e-01
-1.649010658264160156e+00
6.220717430114746094e-01
-9.189506769180297852e-01
-3.626555502414703369e-01
-9.210420250892639160e-01
-2.235477209091186523e+00
-1.643636584281921387e+00
-1.402964591979980469e+00
-1.156101226806640625e-01
-2.684314489364624023e+00
-1.314264059066772461e+00
-1.890391826629638672e+00
1.901171505451202393e-01
-3.611636161804199219e-02
-1.353125691413879395e+00
-5.163934230804443359e-01
-1.881309747695922852e+00
-1.690166234970092773e+00
1.819333434104919434e-01
-2.510581612586975098e-01
-7.526151537895202637e-01
-6.392626464366912842e-02
2.790561318397521973e-01
-4.547117948532104492e-01
-2.990309715270996094e+00
-1.185948252677917480e-01
-1.505189061164855957e+00
6.666504740715026855e-01
-1.037279486656188965e+00
-5.122817754745483398e-01
-2.475098371505737305e+00
-1.398049354553222656e+00
-2.586942672729492188e+00
-8.837413787841796875e-01
-1.301106452941894531e+00
-1.433867216110229492e+00
-2.888759613037109375e+00
-2.633715629577636719e+00
-8.343253135681152344e-01
-1.619754791259765625e+00
-1.299096107482910156e+00
1.307894706726074219e+00
-1.238608121871948242e+00
-4.518066048622131348e-01
-1.156654000282287598e+00
-8.840408921241760254e-02
-8.399442434310913086e-01
-2.367215394973754883e+00
3.269184827804565430e-01
-6.390451192855834961e-01
-1.145356655120849609e+00
-1.352009296417236328e+00
1.145375728607177734e+00
-2.614530086517333984e+00
-6.113744378089904785e-01
1.558976173400878906e+00
1.650088667869567871e+00
-1.053317308425903320e+00
-1.582181334495544434e+00
-4.388461709022521973e-01
-1.328196287155151367e+00
-3.554544448852539062e-01
-1.409556388854980469e+00
2.352996766567230225e-01
9.320728778839111328e-01
-9.695073366165161133e-01
5.406903624534606934e-01
-3.490445017814636230e-01
-1.471800684928894043e+00
-3.165078163146972656e-01
1.154700398445129395e+00
-5.344755649566650391e-01
-7.184001207351684570e-01
-5.889156460762023926e-01
1.219325780868530273e+00
-1.293395638465881348e+00
-1.573021411895751953e-01
-3.481904268264770508e-01
-4.450765609741210938e+00
5.358572006225585938e-01
-1.416405797004699707e+00
-1.053076505661010742e+00
-3.020493984222412109e-01
5.043229460716247559e-02
-2.595632076263427734e+00
-1.682090759277343750e-01
-6.731134057044982910e-01
-3.149444162845611572e-01
-1.662722826004028320e+00
-1.875587344169616699e+00
1.489078998565673828e-01
-4.210908412933349609e-01
-8.101294636726379395e-01
-8.532522916793823242e-01
-2.196252822875976562e+00
-2.594235420227050781e+00
1.621639370918273926e+00
-1.094045519828796387e+00
-9.668073058128356934e-01
-8.375037908554077148e-01
-9.374009370803833008e-01
5.880254507064819336e-02
4.282176494598388672e-01
-7.385373115539550781e-01
-3.263533115386962891e-02
2.164168834686279297e+00
-1.569772958755493164e-01
1.848904609680175781e+00
-7.926675081253051758e-01
-1.203632950782775879e-01
-9.858673214912414551e-01
5.337712764739990234e-01
-1.816944837570190430e+00
-3.255528509616851807e-01
-9.118344187736511230e-01
-3.520834922790527344e+00
2.497356414794921875e+00
6.889259815216064453e-02
-3.893082141876220703e+00
1.913007795810699463e-01
-3.897632062435150146e-01
1.730123162269592285e-01
-1.678723990917205811e-01
1.171777248382568359e+00
6.637945175170898438e-01
1.639727354049682617e-01
-4.681172370910644531e-01
-2.343486785888671875e+00
-1.865635037422180176e+00
-1.547120809555053711e+00
-6.803573966026306152e-01
-1.142163872718811035e+00
-1.142791390419006348e+00
-1.835650444030761719e+00
-1.449821233749389648e+00
-1.403955817222595215e+00
-5.163698792457580566e-01
7.604360580444335938e-01
-1.332228660583496094e+00
5.475985407829284668e-01
1.358302831649780273e-01
-1.176847815513610840e+00
1.999131202697753906e+00
3.718349933624267578e-01
-1.711319446563720703e+00
4.777225852012634277e-01
-1.077221274375915527e+00
9.187471866607666016e-01
-2.382674694061279297e+00
2.152449488639831543e-01
1.488109350204467773e+00
-6.833838224411010742e-01
-6.088483333587646484e-01
-2.839139938354492188e+00
-4.654034376144409180e-01
-9.497737884521484375e-01
-3.688440561294555664e+00
-7.759729027748107910e-01
-2.415665149688720703e+00
-7.197858095169067383e-01
8.817771077156066895e-02
-3.441784083843231201e-01
-6.503412723541259766e-01
-3.153370618820190430e-01
-6.135226488113403320e-01
-3.228950500488281250e+00
-9.603433609008789062e-01
-3.945006132125854492e+00
6.670674681663513184e-01
-1.649342060089111328e+00
-6.327340006828308105e-01
8.285474777221679688e-01
-3.436969518661499023e-01
-6.746793985366821289e-01
6.939861774444580078e-01
-1.452241301536560059e+00
-5.682560801506042480e-01
-6.696595549583435059e-01
-8.270413279533386230e-01
1.885577917098999023e+00
-1.413533926010131836e+00
-1.659706473350524902e+00
-1.766541838645935059e+00
-1.246882915496826172e+00
2.431367337703704834e-02
-9.831099510192871094e-01
-1.673793077468872070e+00
6.348259449005126953e-01
-1.314853429794311523e-01
-6.149995326995849609e-02
-4.063458442687988281e-01
-2.912669658660888672e+00
6.882077455520629883e-02
-6.980789899826049805e-01
-1.273666143417358398e+00
-9.322240352630615234e-01
-6.203420162200927734e-01
-1.099312424659729004e+00
-2.291326045989990234e+00
-2.042146921157836914e-01
-1.393093347549438477e+00
2.723939418792724609e-01
1.981003880500793457e-01
-5.819398164749145508e-01
-5.904368162155151367e-01
2.234691143035888672e+00
-2.442806005477905273e+00
1.049053668975830078e-01
5.681214332580566406e-01
2.146116495132446289e+00
-3.288270235061645508e-01
-2.097223758697509766e+00
-2.937994241714477539e+00
-2.356721878051757812e+00
1.400548577308654785e+00
-9.214714169502258301e-01
-5.140920281410217285e-01
-5.580902099609375000e-03
-1.089342236518859863e+00
3.448135256767272949e-01
-1.756508588790893555e+00
-1.133439779281616211e+00
-2.354562044143676758e+00
7.273060679435729980e-01
-2.033958196640014648e+00
-5.813732147216796875e-01
-1.074778079986572266e+00
-1.566306829452514648e+00
-2.315854132175445557e-01
-2.646799087524414062e-01
-9.085913896560668945e-01
-1.183362007141113281e+00
-1.847839713096618652e+00
-1.242719173431396484e+00
2.255062460899353027e-01
8.508554100990295410e-01
4.117061495780944824e-01
-6.923938393592834473e-01
-2.671066284179687500e+00
8.660405874252319336e-03
-1.053566634654998779e-01
-2.512782096862792969e+00
1.032697677612304688e+00
1.868031620979309082e-01
5.232114195823669434e-01
-2.673730850219726562e-01
-1.465774029493331909e-01
2.367140531539916992e+00
-4.644746184349060059e-01
-1.099934101104736328e+00
-8.789888620376586914e-01
1.276565194129943848e-01
-7.877322435379028320e-01
5.157775878906250000e-01
-1.106375575065612793e+00
-3.100517272949218750e+00
-7.671386003494262695e-02
7.099807262420654297e-03
-3.488353490829467773e-01
-2.350511074066162109e+00
-1.909249067306518555e+00
-3.890061378479003906e-02
1.034165143966674805e+00
-1.512949228286743164e+00
4.891814887523651123e-01
-1.323740482330322266e+00
-1.677122116088867188e+00
-1.374405264854431152e+00
1.861362159252166748e-01
-6.533001661300659180e-01
-1.341054439544677734e+00
-1.268748283386230469e+00
-1.704975485801696777e+00
-9.057165384292602539e-01
-3.232944607734680176e-01
-6.435594558715820312e-01
-1.646209955215454102e+00
1.460767984390258789e-01
-1.994917154312133789e+00
-1.107279181480407715e+00
8.065868020057678223e-01
-2.076575517654418945e+00
-2.781880617141723633e+00
-1.696054339408874512e+00
-1.504298925399780273e+00
-1.618907928466796875e+00
-1.701378941535949707e+00
-1.614767432212829590e+00
-1.306200027465820312e+00
-2.640501260757446289e+00
-7.165425419807434082e-01
-1.229271888732910156e+00
5.284410715103149414e-01
-1.502803564071655273e+00
-1.179437875747680664e+00
-3.316617965698242188e+00
5.421259999275207520e-01
-5.558137297630310059e-01
-1.560397148132324219e+00
-5.050516724586486816e-01
-7.912088632583618164e-01
-8.400779366493225098e-01
-4.354957044124603271e-01
-2.051235437393188477e+00
-3.332333564758300781e-01
-1.181744575500488281e+00
-5.551705360412597656e-01
1.143474698066711426e+00
-1.171386718750000000e+00
-1.239926576614379883e+00
-7.425916194915771484e-02
-2.352805614471435547e+00
-5.635187625885009766e-01
7.504582405090332031e-03
-9.332402944564819336e-01
-9.226830601692199707e-01
-2.796339273452758789e+00
-1.880239367485046387e+00
-4.646981954574584961e-01
-8.008419871330261230e-01
3.788876533508300781e-01
-6.262655258178710938e-01
-2.054323196411132812e+00
-4.819079637527465820e-01
-7.225900292396545410e-01
-4.160957813262939453e+00
-7.625319361686706543e-01
-1.286236524581909180e+00
-1.811749815940856934e+00
-9.883407354354858398e-01
-1.639453887939453125e+00
-1.448703289031982422e+00
4.250917434692382812e-01
7.677385807037353516e-01
-1.497290968894958496e+00
