-1.392840981483459473e+00
-1.073289394378662109e+00
-2.420068502426147461e+00
-4.039430022239685059e-01
-1.988814830780029297e+00
-9.382295608520507812e-01
-1.711889743804931641e+00
-8.509552478790283203e-01
-1.054901123046875000e+00
-1.073957681655883789e+00
-2.700687170028686523e+00
-3.821208477020263672e-01
5.551832914352416992e-02
-6.708920001983642578e-01
-1.003952980041503906e+00
1.431658983230590820e+00
-9.247449636459350586e-01
-3.136904001235961914e+00
-2.004675388336181641e+00
-1.931785345077514648e+00
1.296057224273681641e+00
-1.092344164848327637e+00
-1.085771322250366211e+00
2.714368700981140137e-01
6.627188920974731445e-01
-3.862178921699523926e-01
-8.971214294433593750e-03
-8.028101325035095215e-01
-2.125403881072998047e+00
2.671496868133544922e-01
-9.947392940521240234e-01
-8.423702716827392578e-01
1.188940405845642090e-01
2.845825552940368652e-01
-2.213206529617309570e+00
-3.970439434051513672e+00
-1.616360545158386230e-01
1.258929848670959473e+00
-7.064878940582275391e-01
-7.864596843719482422e-01
8.897137641906738281e-02
-2.791231870651245117e-02
-2.394533157348632812e+00
-1.383325219154357910e+00
-2.665045738220214844e+00
-2.122404575347900391e+00
-1.576451301574707031e+00
-1.646718382835388184e+00
-1.006710529327392578e+00
-6.315310597419738770e-01
-3.378674387931823730e-02
-9.745195508003234863e-01
-1.121243596076965332e+00
-5.278556942939758301e-01
-4.230144500732421875e+00
7.050676345825195312e-01
1.637508988380432129e+00
-3.688969612121582031e+00
6.231553554534912109e-01
-2.802695751190185547e+00
-3.116007804870605469e+00
-1.246028423309326172e+00
1.126879453659057617e-02
-1.050705313682556152e+00
-6.084582209587097168e-01
-7.570499181747436523e-01
-8.741568326950073242e-01
-2.395020425319671631e-02
-1.426522493362426758e+00
1.082398295402526855e+00
-1.487504124641418457e+00
-3.528964519500732422e-01
1.053692221641540527e+00
-1.748292684555053711e+00
-1.455534100532531738e-01
-1.820509195327758789e+00
-2.022183656692504883e+00
-9.310432672500610352e-01
-9.912217259407043457e-01
-5.706387758255004883e-01
-8.819823265075683594e-01
4.666629433631896973e-01
-8.525858521461486816e-01
-1.412333011627197266e+00
2.770433425903320312e-01
3.733752250671386719e+00
-1.441346168518066406e+00
1.390937805175781250e+00
-2.242818832397460938e+00
-8.350090384483337402e-01
-1.395998120307922363e+00
-7.792580127716064453e-01
-1.441875576972961426e+00
-1.365004062652587891e+00
1.164120078086853027e+00
-3.468508958816528320e+00
9.753587841987609863e-02
-7.376627922058105469e-01
-4.194455146789550781e-01
-1.355279803276062012e+00
-1.708344697952270508e+00
-1.739885210990905762e+00
-1.815400838851928711e+00
5.858770608901977539e-01
2.221810340881347656e+00
-2.453870296478271484e+00
-4.912574589252471924e-02
-1.906587719917297363e+00
-7.932554483413696289e-01
-2.234223365783691406e+00
4.391944408416748047e-02
-4.267050027847290039e-01
1.394527673721313477e+00
-5.345538854598999023e-01
-7.589843273162841797e-01
9.092910885810852051e-01
-1.485988616943359375e+00
-7.371068596839904785e-01
-9.391384720802307129e-01
8.161327242851257324e-01
-1.125811934471130371e+00
-8.834078907966613770e-01
-1.213626623153686523e+00
-1.105659008026123047e-01
-1.623866319656372070e+00
-5.320168137550354004e-01
-5.078037381172180176e-01
8.240211009979248047e-02
-2.366621196269989014e-01
4.092640280723571777e-01
-7.638978362083435059e-01
1.070951461791992188e+00
-1.406791687011718750e+00
-1.100283384323120117e+00
-8.658629059791564941e-01
-1.049735188484191895e+00
-2.210996866226196289e+00
-3.065717697143554688e+00
1.681026220321655273e-01
-3.017095923423767090e-01
8.324779868125915527e-01
2.544275760650634766e+00
-1.551304340362548828e+00
-4.310139417648315430e-01
-1.339610338211059570e+00
9.538325667381286621e-01
4.162953197956085205e-01
-1.808821439743041992e+00
-3.199666500091552734e+00
-6.914571523666381836e-01
7.222521305084228516e-02
-3.915386795997619629e-01
-1.928926229476928711e+00
-2.075091361999511719e+00
-2.178307056427001953e+00
1.229211568832397461e+00
-1.028081536293029785e+00
-7.656084299087524414e-01
-5.976634025573730469e-01
-7.888933420181274414e-01
1.297000288963317871e+00
7.221893668174743652e-01
-1.893849372863769531e-01
-8.578397035598754883e-01
-1.149995207786560059e+00
-1.064472436904907227e+00
-1.004431962966918945e+00
-9.092106819152832031e-01
7.089322805404663086e-01
-3.002254009246826172e+00
-1.218909263610839844e+00
5.578969120979309082e-01
-1.260361790657043457e+00
-4.381420910358428955e-01
-1.587503790855407715e+00
-8.037539124488830566e-01
4.720142483711242676e-01
-1.663748860359191895e+00
9.699364900588989258e-01
-2.511100292205810547e+00
-7.151734828948974609e-02
-1.570073008537292480e+00
1.400110483169555664e+00
-1.374016284942626953e+00
-8.219013810157775879e-01
-6.222669482231140137e-01
-1.083747506141662598e+00
-4.996426701545715332e-01
1.170186996459960938e-01
-4.834336638450622559e-01
1.482394933700561523e-01
-1.700759410858154297e+00
-5.762839317321777344e-01
1.391293287277221680e+00
2.564468085765838623e-01
-9.813587069511413574e-01
4.409867525100708008e-02
-1.433270573616027832e+00
-1.118317365646362305e+00
6.609585285186767578e-01
-5.396583080291748047e-01
-2.013597726821899414e+00
-1.559203505516052246e+00
-1.395516395568847656e+00
3.181266784667968750e-02
1.777306497097015381e-01
-2.442808747291564941e-01
1.395648241043090820e+00
-1.356655597686767578e+00
1.524973511695861816e+00
-1.286029934883117676e+00
-5.030516386032104492e-01
-1.751856446266174316e+00
5.294696092605590820e-01
2.833254337310791016e-01
-6.250783205032348633e-01
-1.424359381198883057e-01
-2.245863676071166992e-01
1.435608267784118652e+00
3.518019914627075195e-01
-8.364491462707519531e-01
-2.039809703826904297e+00
9.244169592857360840e-01
-2.957192897796630859e+00
-2.634051322937011719e+00
-8.919395208358764648e-01
-9.840208292007446289e-01
1.591127276420593262e+00
5.150440931320190430e-01
-6.519172787666320801e-01
2.755955159664154053e-01
1.886567771434783936e-01
1.204897880554199219e+00
7.527480721473693848e-01
-1.030109822750091553e-01
-2.432168006896972656e+00
-2.110938072204589844e+00
4.364819526672363281e-01
-2.051459550857543945e+00
-4.407260417938232422e-01
-9.682661294937133789e-01
-2.795483171939849854e-01
-1.764374852180480957e+00
1.659607410430908203e+00
-7.605954408645629883e-01
4.243175983428955078e-01
7.707914113998413086e-01
-1.684218764305114746e+00
-1.891161799430847168e-01
2.215705215930938721e-01
-1.716785669326782227e+00
4.205414652824401855e-02
-2.014203071594238281e+00
1.368927359580993652e+00
5.275580883026123047e-01
-9.765192270278930664e-01
-1.986663341522216797e+00
5.170113444328308105e-01
-1.043758392333984375e-01
4.769402742385864258e-02
-3.657253980636596680e-01
-1.376094818115234375e+00
-1.196389079093933105e+00
-9.529564380645751953e-01
-1.811432957649230957e+00
9.429054260253906250e-01
-2.296645164489746094e+00
-1.092831850051879883e+00
-1.077061414718627930e+00
-1.259548783302307129e+00
-6.039352715015411377e-02
-1.431912899017333984e+00
-3.016484498977661133e+00
3.391801118850708008e-01
-1.550348043441772461e+00
-2.971070289611816406e+00
-1.897832155227661133e+00
-5.212356448173522949e-01
-8.215848207473754883e-01
9.803603291511535645e-01
-2.493619918823242188e-02
6.870820522308349609e-01
-1.995431184768676758e+00
-3.290888667106628418e-02
-4.741721153259277344e-01
-1.367000818252563477e+00
1.528427004814147949e-02
-4.713343381881713867e-01
1.028293013572692871e+00
-3.306080102920532227e-01
1.033714532852172852e+00
-1.446059942245483398e+00
6.781105399131774902e-01
-1.389964938163757324e+00
-1.021010756492614746e+00
-1.476087570190429688e-01
-3.540099143981933594e+00
9.378781914710998535e-01
-1.587991952896118164e+00
8.034609556198120117e-01
-1.090701341629028320e+00
-6.078335046768188477e-01
-9.330327510833740234e-01
-1.751637935638427734e+00
-1.213741660118103027e+00
-4.848644137382507324e-01
-1.170431137084960938e+00
-1.190973281860351562e+00
-1.571039557456970215e-01
-1.717707514762878418e-02
-2.481959462165832520e-01
-1.377896547317504883e+00
-2.370498657226562500e+00
-1.040344476699829102e+00
1.805800557136535645e+00
-1.286156654357910156e+00
-5.674897432327270508e-01
-6.686766147613525391e-01
-3.550651967525482178e-01
-1.648498535156250000e+00
-1.375952363014221191e-01
-1.281322002410888672e+00
-5.269076228141784668e-01
-2.586241245269775391e+00
-1.651878952980041504e+00
-9.190725088119506836e-01
2.027729988098144531e+00
7.745766043663024902e-01
1.085139274597167969e+00
-1.115184664726257324e+00
-1.114629507064819336e+00
6.423950195312500000e-02
-2.476910829544067383e+00
8.214290738105773926e-01
-8.471303582191467285e-01
-1.463321685791015625e+00
-7.142282724380493164e-01
3.104260563850402832e-01
-3.483834743499755859e+00
-1.186933279037475586e+00
-1.070008277893066406e+00
1.618826389312744141e+00
-1.473957419395446777e+00
1.994711875915527344e+00
-1.164957642555236816e+00
5.706477165222167969e-02
-1.899856209754943848e+00
-1.358627080917358398e+00
-1.572074055671691895e+00
-7.865990400314331055e-01
2.875277996063232422e+00
-9.952996671199798584e-02
-1.532052993774414062e+00
-5.661727190017700195e-01
-1.046509027481079102e+00
-1.433755755424499512e+00
-2.067319750785827637e-01
1.191371083259582520e-01
-2.018273591995239258e+00
-4.998314380645751953e-01
-7.828299999237060547e-01
-2.173135280609130859e+00
3.187055587768554688e-01
-1.713512301445007324e+00
6.790497899055480957e-01
3.790803253650665283e-01
-2.710142731666564941e-01
-1.898978233337402344e+00
8.182210922241210938e-01
-7.205969691276550293e-01
-1.193624019622802734e+00
2.783094644546508789e-01
-7.258750796318054199e-01
6.222680807113647461e-01
-1.069370508193969727e+00
-1.410268664360046387e+00
-7.763926386833190918e-01
2.640786170959472656e-01
-1.823762893676757812e+00
-2.008962631225585938e-02
4.099819362163543701e-01
-2.074196815490722656e+00
-1.837455034255981445e+00
-7.843418121337890625e-01
1.192551255226135254e-01
-1.509311795234680176e-01
-1.460099220275878906e+00
-1.271110415458679199e+00
-1.223657250404357910e+00
2.783381938934326172e-02
8.575804531574249268e-02
-1.316732883453369141e+00
-1.025234341621398926e+00
-5.327237844467163086e-01
-1.530855894088745117e-01
5.278968811035156250e-01
-2.696631550788879395e-01
1.127981185913085938e+00
-3.113941669464111328e+00
1.912228941917419434e+00
-1.843503475189208984e+00
5.423700809478759766e-01
-1.310350775718688965e+00
-1.628354549407958984e+00
-2.081023931503295898e+00
-3.119199872016906738e-01
-1.008957743644714355e+00
-5.701439976692199707e-01
-1.347456932067871094e+00
1.080823183059692383e+00
4.764125347137451172e-01
-1.212221145629882812e+00
-1.802247762680053711e+00
-1.226840376853942871e+00
-1.867376267910003662e-01
-5.223674774169921875e-01
-3.370264172554016113e-01
1.347606897354125977e+00
-2.165218830108642578e+00
4.364858269691467285e-01
-1.964695692062377930e+00
-9.784225821495056152e-01
-6.232681274414062500e-01
2.111445426940917969e+00
-1.285413503646850586e+00
-7.426624894142150879e-01
-7.820830941200256348e-01
-1.757636427879333496e+00
2.206507623195648193e-01
-8.676888346672058105e-01
-1.523611068725585938e+00
-8.983551263809204102e-01
-3.879904031753540039e+00
-1.109757184982299805e+00
-2.389445304870605469e+00
-5.662956237792968750e-01
-2.040552139282226562e+00
-1.281329989433288574e+00
2.328411042690277100e-01
-5.438624620437622070e-01
4.785376787185668945e-01
-1.128882408142089844e+00
-8.820271492004394531e-02
-9.645040035247802734e-01
-3.083791255950927734e+00
7.563444375991821289e-01
-1.443805932998657227e+00
-1.653629899024963379e+00
3.482306003570556641e-01
-7.760317325592041016e-01
-6.600484848022460938e-01
1.257873773574829102e-01
-2.693466424942016602e+00
-6.785190701484680176e-01
-1.964780330657958984e+00
1.227863073348999023e+00
-2.644827842712402344e+00
-2.815925598144531250e+00
-2.481106758117675781e+00
-1.628590106964111328e+00
-1.363848328590393066e+00
3.189770698547363281e+00
-6.963921189308166504e-01
-1.609661579132080078e+00
1.850672006607055664e+00
-1.134540081024169922e+00
1.025783538818359375e+00
8.186188936233520508e-01
-3.650254011154174805e-01
-3.691927790641784668e-01
-2.353011846542358398e+00
-5.312985181808471680e-02
-1.081797719001770020e+00
-1.760459899902343750e+00
-1.129865050315856934e-01
1.411336421966552734e+00
-1.724463820457458496e+00
-7.872521877288818359e-01
9.947699308395385742e-01
-2.087837219238281250e+00
-1.987887144088745117e+00
-8.707150220870971680e-01
-7.371217012405395508e-01
2.918590903282165527e-01
6.202346086502075195e-02
7.610782980918884277e-01
-1.229592800140380859e+00
-2.344922304153442383e+00
-1.942330360412597656e+00
-1.399196386337280273e+00
-1.133630990982055664e+00
-1.294472575187683105e+00
1.689943671226501465e+00
-1.787600755691528320e+00
-6.474643945693969727e-01
-3.381275832653045654e-01
-5.198866128921508789e-01
4.553222656250000000e-02
-1.654653310775756836e+00
-1.590305328369140625e+00
-1.961538791656494141e-01
2.536928176879882812e+00
7.533336877822875977e-01
-9.157838821411132812e-01
-1.399039030075073242e+00
6.063632369041442871e-01
4.122821092605590820e-01
2.049045562744140625e-01
-1.180098772048950195e+00
-1.417463541030883789e+00
-1.475821256637573242e+00
-3.949016332626342773e-01
1.011121988296508789e+00
1.873526096343994141e+00
-8.031139373779296875e-01
6.041449308395385742e-01
-1.191344261169433594e+00
1.514090538024902344e+00
-1.696846604347229004e+00
-5.283997058868408203e-01
7.414788007736206055e-01
-6.152617335319519043e-01
-1.034286856651306152e+00
-7.835275530815124512e-01
-1.385979771614074707e+00
-5.689299702644348145e-01
1.252654790878295898e+00
-1.507326602935791016e+00
-1.733158349990844727e+00
2.060651779174804688e-03
-1.395779848098754883e+00
-9.637238979339599609e-01
9.941273927688598633e-02
-6.248535513877868652e-01
-2.956823348999023438e+00
8.325336873531341553e-02
-3.932202458381652832e-01
-1.847502946853637695e+00
1.720241904258728027e-01
-2.305604934692382812e+00
1.893436670303344727e+00
1.097160935401916504e+00
-8.274825811386108398e-01
-1.912597298622131348e+00
7.421135902404785156e-01
-1.683514237403869629e+00
5.553088188171386719e-01
-7.693082690238952637e-01
-1.071687936782836914e-01
-1.143957972526550293e-01
7.807489633560180664e-01
-1.034208536148071289e+00
1.376547455787658691e+00
-7.505854368209838867e-01
-7.783336043357849121e-01
9.563593268394470215e-01
-1.442205905914306641e+00
-8.598333001136779785e-01
-3.843871951103210449e-01
-9.105257391929626465e-01
2.552464485168457031e+00
-8.055903911590576172e-01
-1.472805500030517578e+00
-8.394600749015808105e-01
-1.050121903419494629e+00
-5.231067538261413574e-02
-1.427687764167785645e+00
-7.111883163452148438e-02
2.259753942489624023e+00
-1.674620628356933594e+00
-2.165705263614654541e-01
9.657616615295410156e-01
-8.676894903182983398e-01
4.498322010040283203e-01
1.513289690017700195e+00
-1.443493127822875977e+00
-2.212455034255981445e+00
2.325053215026855469e-01
-1.505684256553649902e+00
-1.554265975952148438e+00
-1.633460044860839844e+00
-2.504988908767700195e+00
-8.822664022445678711e-01
-9.616438746452331543e-01
-1.477326512336730957e+00
-1.455902218818664551e+00
-3.630248308181762695e-01
5.667694807052612305e-01
-1.456287056207656860e-01
-6.587210893630981445e-01
-6.738277673721313477e-01
9.379867315292358398e-01
-1.691792011260986328e+00
-2.130383253097534180e-01
-2.198472499847412109e+00
-3.337411403656005859e+00
-2.777192115783691406e+00
-2.065011024475097656e+00
-6.837283372879028320e-01
1.169623136520385742e-01
3.433758020401000977e-01
1.823253035545349121e+00
4.766151905059814453e-01
-3.229636698961257935e-02
-1.694813013076782227e+00
-1.072320699691772461e+00
-2.330565452575683594e-02
-2.040623903274536133e+00
-8.491374254226684570e-01
-4.523178339004516602e-01
-1.121072769165039062e+00
1.348624348640441895e+00
-9.219756722450256348e-01
-8.645780086517333984e-01
-1.100667417049407959e-01
-2.657513022422790527e-01
-9.099788069725036621e-01
-1.689909458160400391e+00
-1.908711552619934082e+00
-2.782937526702880859e+00
-1.136369705200195312e+00
-1.325103759765625000e+00
-6.230695843696594238e-01
1.944825649261474609e-01
-3.163812160491943359e+00
-1.397562503814697266e+00
-1.272416472434997559e+00
-1.878703117370605469e+00
1.502658724784851074e-01
-1.944955348968505859e+00
-2.835011005401611328e+00
4.384438991546630859e-01
-2.195450782775878906e+00
-4.936019480228424072e-01
-7.606610059738159180e-01
-1.460206508636474609e+00
-8.643786311149597168e-01
-1.489625453948974609e+00
-5.326113700866699219e-01
-8.385326266288757324e-01
-3.501582741737365723e-01
-2.943167448043823242e+00
5.108609795570373535e-01
-1.148047208786010742e+00
-9.250008463859558105e-01
-2.608426809310913086e-01
-1.376140117645263672e+00
-1.439755797386169434e+00
8.685015439987182617e-01
1.239226818084716797e+00
-1.147786974906921387e-01
-8.243453502655029297e-02
-5.575836896896362305e-01
-8.634382486343383789e-02
-8.950230479240417480e-01
-1.209635972976684570e+00
8.509840369224548340e-01
1.506908893585205078e+00
-2.680182456970214844e-02
-1.125269770622253418e+00
-1.598643064498901367e-01
3.441469669342041016e+00
-5.275337696075439453e-01
-4.341728091239929199e-01
-1.225208640098571777e-01
-3.301680386066436768e-01
5.280826091766357422e-01
-2.958132266998291016e+00
-1.722440123558044434e-01
1.537339687347412109e-01
-1.180209636688232422e+00
-1.460777044296264648e+00
-2.778231620788574219e+00
-1.530797481536865234e+00
-1.127663373947143555e+00
1.453614950180053711e+00
-2.497637271881103516e+00
-1.459218144416809082e+00
1.221099495887756348e-02
1.727244615554809570e+00
-1.264472961425781250e+00
1.577637672424316406e+00
-4.893574416637420654e-01
-1.557572364807128906e+00
-1.560912847518920898e+00
-1.528338313102722168e+00
-4.058303683996200562e-02
-7.767515778541564941e-01
-1.390226721763610840e+00
-2.002245664596557617e+00
-1.780210137367248535e-01
-2.252739906311035156e+00
-1.350358963012695312e+00
