3.716789007186889648e+00
-6.627827882766723633e-02
2.287915706634521484e+00
-5.648583173751831055e-03
-9.774851799011230469e-02
-1.294432640075683594e+00
1.566599130630493164e+00
1.085322141647338867e+00
2.614432334899902344e+00
1.561354875564575195e+00
5.778568983078002930e-02
1.458748936653137207e+00
2.903894901275634766e+00
3.393089294433593750e+00
4.190030574798583984e+00
4.932133555412292480e-01
3.913869380950927734e+00
2.047243118286132812e+00
-1.994183421134948730e+00
-5.028326511383056641e-01
-4.985126256942749023e-01
5.000000000000000000e+00
-4.769638180732727051e-01
-1.363405466079711914e+00
-1.169837117195129395e+00
4.507730484008789062e+00
5.000000000000000000e+00
1.085273504257202148e+00
2.742171883583068848e-01
1.350955128669738770e+00
5.615622401237487793e-01
1.719331264495849609e+00
-1.845272779464721680e+00
3.815557479858398438e+00
1.868831276893615723e+00
9.458146095275878906e-01
-1.875320553779602051e+00
3.391978740692138672e-01
4.170606613159179688e+00
4.077545642852783203e+00
-1.047064065933227539e+00
3.227517604827880859e+00
4.128618836402893066e-01
4.131481647491455078e+00
-2.225512504577636719e+00
1.621105432510375977e+00
5.000000000000000000e+00
-2.215221822261810303e-01
4.426617622375488281e+00
-7.042852640151977539e-01
3.786989688873291016e+00
-1.223638057708740234e-01
1.649771571159362793e+00
-1.643089175224304199e+00
-3.123107850551605225e-01
4.237299919128417969e+00
7.592163681983947754e-01
3.659684658050537109e+00
1.986143589019775391e+00
-1.976422071456909180e+00
5.000000000000000000e+00
4.459247589111328125e-01
-1.264803171157836914e+00
3.452939987182617188e+00
1.326186060905456543e-01
1.384111285209655762e+00
4.745249748229980469e+00
4.389330863952636719e+00
5.115344524383544922e-01
-5.070286989212036133e-01
1.305658221244812012e+00
-5.077778100967407227e-01
-1.047280788421630859e+00
-3.027689754962921143e-01
2.171870231628417969e+00
2.373141765594482422e+00
-3.877396583557128906e-01
4.482138633728027344e+00
-1.550693035125732422e+00
4.883574485778808594e+00
4.378702640533447266e+00
2.489270120859146118e-01
-2.454730749130249023e+00
1.898034453392028809e+00
5.000000000000000000e+00
-8.793735504150390625e-01
-8.781107664108276367e-01
1.531077742576599121e+00
-1.600487709045410156e+00
5.000000000000000000e+00
6.260225772857666016e-01
-1.222456455230712891e+00
5.000000000000000000e+00
2.773953437805175781e+00
-8.160800337791442871e-01
4.235862255096435547e+00
1.861347436904907227e+00
1.230252265930175781e+00
4.060958862304687500e+00
4.645861625671386719e+00
-6.947536468505859375e-01
3.701690196990966797e+00
-1.159643650054931641e+00
-6.170750856399536133e-01
3.497112035751342773e+00
5.000000000000000000e+00
-2.650786042213439941e-01
-3.642941713333129883e-01
-4.915086925029754639e-01
-2.849690616130828857e-01
6.567375659942626953e-01
5.000000000000000000e+00
1.226853013038635254e+00
1.476662635803222656e+00
2.089179009199142456e-01
1.121611475944519043e+00
-5.676484107971191406e-02
-8.961380720138549805e-01
3.471883237361907959e-01
3.598515510559082031e+00
1.041759848594665527e-01
-3.728624582290649414e-01
-5.528509616851806641e-01
4.274219036102294922e+00
3.308882951736450195e+00
-3.055381178855895996e-01
5.000000000000000000e+00
2.523339748382568359e+00
1.131469249725341797e+00
1.352931737899780273e+00
3.214035034179687500e+00
2.685691118240356445e+00
-6.004009246826171875e-01
3.754103183746337891e-01
4.793548583984375000e+00
5.000000000000000000e+00
2.431965470314025879e-01
-1.921961188316345215e+00
-8.477429747581481934e-01
-6.171962618827819824e-01
-9.700643420219421387e-01
3.083631515502929688e+00
3.156422972679138184e-01
4.731042385101318359e+00
9.555125832557678223e-01
3.310483217239379883e+00
3.144519805908203125e+00
-1.113616973161697388e-01
9.898962974548339844e-01
2.266755580902099609e+00
4.317909240722656250e+00
4.455426216125488281e+00
5.000000000000000000e+00
2.432386159896850586e+00
-5.385330319404602051e-01
1.294121742248535156e+00
1.568624138832092285e+00
-8.779641389846801758e-01
8.031902313232421875e-01
2.831707477569580078e+00
2.264280796051025391e+00
-2.446126937866210938e+00
-1.909141421318054199e+00
5.000000000000000000e+00
5.000000000000000000e+00
-1.094365477561950684e+00
2.755392074584960938e+00
3.605029582977294922e+00
5.000000000000000000e+00
-7.437360286712646484e-02
2.689593315124511719e+00
-1.550608634948730469e+00
1.580389261245727539e+00
3.951362609863281250e+00
2.519378662109375000e+00
4.513727664947509766e+00
3.240901470184326172e+00
5.000000000000000000e+00
-6.812049150466918945e-01
3.463016271591186523e+00
2.740070819854736328e+00
-8.159474134445190430e-01
5.000000000000000000e+00
5.000000000000000000e+00
-6.880253553390502930e-01
-1.843032836914062500e-01
4.709916114807128906e+00
-9.436428546905517578e-03
4.901721477508544922e+00
3.243138194084167480e-01
3.568935871124267578e+00
4.746892452239990234e+00
-5.364753007888793945e-01
4.373886585235595703e+00
1.096660971641540527e+00
2.592699527740478516e-01
-6.752331852912902832e-01
7.141364216804504395e-01
-2.311083316802978516e+00
-1.478870630264282227e+00
3.969902515411376953e+00
4.077846050262451172e+00
-2.066279649734497070e+00
6.022896766662597656e-01
1.905661582946777344e+00
-1.654111027717590332e+00
-1.257997632026672363e+00
1.292669177055358887e+00
-1.380591034889221191e+00
-1.871486902236938477e+00
1.269004344940185547e-01
9.037915468215942383e-01
3.028504610061645508e+00
1.564671993255615234e+00
3.028677701950073242e+00
-8.114387989044189453e-01
-6.329957842826843262e-01
1.519458889961242676e+00
-1.205986499786376953e+00
2.738653182983398438e+00
6.520414352416992188e-02
3.524080276489257812e+00
4.210418701171875000e+00
5.752201676368713379e-01
1.869663238525390625e+00
-1.475836753845214844e+00
5.492314100265502930e-01
4.242178916931152344e+00
2.168800115585327148e+00
7.913725376129150391e-01
4.161573886871337891e+00
-5.034074187278747559e-02
3.130673885345458984e+00
8.719218373298645020e-01
-4.856508731842041016e+00
1.267973423004150391e+00
2.005448102951049805e+00
-2.141041755676269531e+00
3.291849493980407715e-01
-1.017180204391479492e+00
4.538690090179443359e+00
2.748051643371582031e+00
1.984753489494323730e+00
4.522234439849853516e+00
4.821911811828613281e+00
4.575894474983215332e-01
-2.976329326629638672e-01
-1.949440002441406250e+00
2.001430749893188477e+00
1.946206331253051758e+00
4.797251522541046143e-02
4.707323074340820312e+00
-3.533450365066528320e-01
1.190374851226806641e+00
-2.152346074581146240e-01
5.000000000000000000e+00
4.768094062805175781e+00
-5.347704887390136719e-01
1.466243267059326172e+00
8.328236341476440430e-01
1.100379705429077148e+00
5.000000000000000000e+00
4.612203598022460938e+00
4.064250469207763672e+00
2.058510482311248779e-02
-6.249324083328247070e-01
1.598318576812744141e+00
2.112553596496582031e+00
-2.242152690887451172e+00
1.117384672164916992e+00
-6.944431066513061523e-01
-2.318107604980468750e+00
2.399578571319580078e+00
5.000000000000000000e+00
-3.381282687187194824e-01
-4.459616243839263916e-01
1.085170388221740723e+00
2.273510217666625977e+00
-3.038099408149719238e-02
3.366289138793945312e+00
2.246387958526611328e+00
7.118797302246093750e-01
-7.014577388763427734e-01
3.220815896987915039e+00
2.948552608489990234e+00
1.734917163848876953e-01
4.199949264526367188e+00
-2.192432880401611328e-01
3.620335459709167480e-01
1.754648447036743164e+00
5.000000000000000000e+00
4.435797691345214844e+00
1.029774427413940430e+00
2.363377332687377930e+00
-1.635891199111938477e+00
-1.971438527107238770e-01
2.632148981094360352e+00
4.998701810836791992e-01
4.654933929443359375e+00
1.818651914596557617e+00
-4.716144800186157227e-01
4.353932857513427734e+00
-9.987373352050781250e-01
4.432659447193145752e-01
-4.491798281669616699e-01
-4.028145670890808105e-01
4.908285140991210938e+00
-2.119324505329132080e-01
-1.015274643898010254e+00
4.526915550231933594e+00
4.768647670745849609e+00
-6.934993267059326172e-01
5.780925750732421875e-01
-6.193956732749938965e-01
1.839947581291198730e+00
3.132259845733642578e+00
1.124690294265747070e+00
3.142974615097045898e+00
6.385671496391296387e-01
-1.655991077423095703e+00
-9.473321437835693359e-01
5.000000000000000000e+00
-1.089583635330200195e-01
6.947997808456420898e-01
3.316838264465332031e+00
1.241165399551391602e-02
2.478163003921508789e+00
5.000000000000000000e+00
5.000000000000000000e+00
-5.818694829940795898e-01
-2.426213741302490234e+00
1.438746690750122070e+00
-1.260388851165771484e+00
5.000000000000000000e+00
-3.677897453308105469e-01
1.589737653732299805e+00
2.469703674316406250e+00
-1.120116353034973145e+00
2.375995397567749023e+00
-1.439057826995849609e+00
2.959947288036346436e-01
4.427452087402343750e+00
9.840129613876342773e-01
3.149577617645263672e+00
5.000000000000000000e+00
8.774187564849853516e-01
3.952505588531494141e+00
5.000000000000000000e+00
2.941060066223144531e+00
3.787141442298889160e-01
-1.832153677940368652e+00
3.099690914154052734e+00
-3.259406089782714844e+00
7.164322137832641602e-01
8.734719753265380859e-01
2.761849164962768555e+00
1.314677953720092773e+00
3.279489874839782715e-01
2.535949945449829102e+00
2.561414241790771484e+00
4.601162433624267578e+00
4.792008399963378906e+00
-3.371296525001525879e-01
-1.615807175636291504e+00
2.991662979125976562e+00
-3.341326117515563965e-01
-9.606001377105712891e-01
3.292266845703125000e+00
5.000000000000000000e+00
-2.091717243194580078e+00
4.486876487731933594e+00
4.340010643005371094e+00
-6.865044832229614258e-01
-9.822748303413391113e-01
-4.239377975463867188e-01
3.118052005767822266e+00
3.646251678466796875e+00
2.857014179229736328e+00
-4.068809747695922852e-02
6.670055985450744629e-01
-9.637930393218994141e-01
1.337777614593505859e+00
5.000000000000000000e+00
-1.313493251800537109e-01
5.000000000000000000e+00
5.000000000000000000e+00
-6.180393695831298828e-02
-1.016189098358154297e+00
1.364163160324096680e+00
-3.855668902397155762e-01
1.857620596885681152e+00
5.000000000000000000e+00
5.000000000000000000e+00
2.284477710723876953e+00
2.423827886581420898e+00
3.415690898895263672e+00
-1.150195837020874023e+00
-1.530180931091308594e+00
1.545929312705993652e-01
-1.333753108978271484e+00
-1.332043409347534180e-01
-9.267179965972900391e-01
1.900684833526611328e-02
6.613172292709350586e-01
5.000000000000000000e+00
2.683334350585937500e+00
3.817104101181030273e+00
6.006212234497070312e-01
-3.905647099018096924e-01
-1.183890700340270996e+00
2.910478353500366211e+00
-4.787732362747192383e-01
5.000000000000000000e+00
-9.619795083999633789e-01
9.259846210479736328e-01
3.782937288284301758e+00
-1.124705791473388672e+00
-1.761799335479736328e+00
-1.443481564521789551e+00
1.935611248016357422e+00
1.471418857574462891e+00
3.133290767669677734e+00
1.592709660530090332e+00
5.858297348022460938e-01
4.539669036865234375e+00
1.761382818222045898e-02
3.190843820571899414e+00
-8.038129806518554688e-01
3.842840433120727539e+00
4.933855056762695312e+00
-6.609641551971435547e+00
3.757527828216552734e+00
-5.220076441764831543e-02
1.117743730545043945e+00
8.030041456222534180e-01
-1.416184306144714355e+00
8.388693332672119141e-01
1.465755701065063477e+00
3.979102134704589844e+00
2.727182388305664062e+00
1.623505115509033203e+00
-1.049185991287231445e+00
4.612668991088867188e+00
3.374393224716186523e+00
3.944992423057556152e-01
5.000000000000000000e+00
2.458100080490112305e+00
2.414986848831176758e+00
-3.643570244312286377e-01
3.276948451995849609e+00
3.112356185913085938e+00
3.117568254470825195e+00
-3.119728326797485352e+00
5.000000000000000000e+00
4.814611434936523438e+00
-4.692807197570800781e-01
4.378014564514160156e+00
5.000000000000000000e+00
3.885837078094482422e+00
2.792330503463745117e+00
4.048280239105224609e+00
1.479169249534606934e+00
9.315460920333862305e-03
5.000000000000000000e+00
5.000000000000000000e+00
2.656569004058837891e+00
4.413541793823242188e+00
3.453399181365966797e+00
9.015963673591613770e-01
4.754851818084716797e+00
-2.439389705657958984e+00
-5.239510536193847656e-01
5.000000000000000000e+00
-3.319381475448608398e-01
-6.664318442344665527e-01
-3.045605123043060303e-01
-1.843419551849365234e+00
1.895416259765625000e+00
-1.361037254333496094e+00
3.531375646591186523e+00
5.000000000000000000e+00
5.000000000000000000e+00
1.538943767547607422e+00
3.128390789031982422e+00
2.385621547698974609e+00
4.416041374206542969e+00
5.000000000000000000e+00
-4.710012674331665039e-01
6.825027465820312500e-01
-2.847831249237060547e-01
5.000000000000000000e+00
3.701136827468872070e+00
5.000000000000000000e+00
4.882304191589355469e+00
-1.553754568099975586e+00
2.835570573806762695e+00
5.000000000000000000e+00
1.845406293869018555e+00
3.118479728698730469e+00
4.345598220825195312e+00
4.856301784515380859e+00
1.079167366027832031e+00
2.958985567092895508e+00
4.548516571521759033e-01
-1.490965604782104492e+00
4.515434265136718750e+00
6.042063236236572266e-01
3.627348661422729492e+00
9.651324748992919922e-01
5.851677656173706055e-01
8.973759412765502930e-01
1.474128723144531250e+00
2.358466863632202148e+00
-3.062103986740112305e+00
1.458029747009277344e+00
-3.862887322902679443e-01
2.917062044143676758e+00
3.709175586700439453e+00
4.758876323699951172e+00
5.000000000000000000e+00
-3.807520866394042969e-01
4.035711765289306641e+00
3.936682343482971191e-01
1.297470092773437500e+00
-1.249696016311645508e+00
2.949655532836914062e+00
-1.086791634559631348e+00
-2.649167776107788086e+00
5.000000000000000000e+00
-9.643164873123168945e-01
-1.760160803794860840e+00
5.000000000000000000e+00
3.401712179183959961e+00
4.874722003936767578e+00
2.213482379913330078e+00
1.410781145095825195e+00
4.619807243347167969e+00
7.013086080551147461e-01
9.947836399078369141e-02
5.841820240020751953e-01
3.814776182174682617e+00
5.000000000000000000e+00
1.698164582252502441e+00
-2.018962860107421875e+00
3.024904727935791016e-01
4.961210489273071289e-01
-1.029423117637634277e+00
4.235640764236450195e-01
-2.347084879875183105e-01
2.599783182144165039e+00
-1.040647149085998535e+00
2.529899597167968750e+00
3.481918275356292725e-01
-1.380353569984436035e+00
-1.585249066352844238e+00
1.301052212715148926e+00
1.073262453079223633e+00
4.706694126129150391e+00
1.595413208007812500e+00
-2.644917488098144531e+00
-1.509566664695739746e+00
5.378666520118713379e-01
1.580655097961425781e+00
-9.748946428298950195e-01
-1.566880345344543457e+00
4.276055812835693359e+00
1.345942020416259766e+00
4.063895225524902344e+00
-4.385444521903991699e-01
-1.757910132408142090e+00
-1.688563227653503418e+00
1.178756713867187500e+00
5.754860639572143555e-01
5.000000000000000000e+00
5.000000000000000000e+00
2.867773175239562988e-01
5.000000000000000000e+00
1.326568126678466797e-01
-8.000737428665161133e-01
-1.056188106536865234e+00
5.000000000000000000e+00
3.836699962615966797e+00
4.265705585479736328e+00
1.022930145263671875e-01
-1.854760289192199707e+00
-1.202059030532836914e+00
2.840550661087036133e+00
-4.151759624481201172e+00
-1.513830542564392090e+00
4.331892490386962891e+00
-2.453599929809570312e+00
-1.265133142471313477e+00
-1.303293108940124512e-01
5.000000000000000000e+00
-9.203686714172363281e-01
3.655097007751464844e+00
-8.198941946029663086e-01
2.904282569885253906e+00
-9.140940904617309570e-01
4.877689778804779053e-01
-6.185173392295837402e-01
-3.276451230049133301e-01
3.389495372772216797e+00
8.399096131324768066e-02
1.254906773567199707e+00
3.705487966537475586e+00
-1.404857635498046875e+00
-2.373544573783874512e-01
-1.087490797042846680e+00
1.930103421211242676e+00
1.759989261627197266e+00
3.839092850685119629e-01
-2.263245582580566406e+00
1.591347813606262207e+00
3.854638099670410156e+00
5.000000000000000000e+00
7.081584930419921875e-01
-1.009071826934814453e+00
4.689567565917968750e+00
5.000000000000000000e+00
-1.654854893684387207e+00
3.137794971466064453e+00
7.595117390155792236e-02
-6.193673610687255859e-02
-7.226772308349609375e-01
4.556996345520019531e+00
2.157551944255828857e-01
5.000000000000000000e+00
1.595636010169982910e-01
5.000000000000000000e+00
4.392353057861328125e+00
-2.850492000579833984e-01
3.310342431068420410e-01
5.000000000000000000e+00
3.124250650405883789e+00
3.792177677154541016e+00
-4.949239790439605713e-01
-1.517060399055480957e+00
4.366731643676757812e+00
-1.386991024017333984e+00
-5.519148111343383789e-01
4.303824901580810547e+00
-3.018934130668640137e-01
7.917140126228332520e-01
3.433933258056640625e+00
2.465210437774658203e+00
4.382407665252685547e+00
9.897713065147399902e-01
4.997885704040527344e+00
-1.165719985961914062e+00
4.887489795684814453e+00
4.543208122253417969e+00
-8.498643040657043457e-01
2.285016775131225586e+00
-5.207076072692871094e-01
2.057663679122924805e+00
2.629642248153686523e+00
-1.258837699890136719e+00
5.000000000000000000e+00
3.745526313781738281e+00
-8.905693888664245605e-01
-9.295294284820556641e-01
1.988118648529052734e+00
1.575021028518676758e+00
4.410321712493896484e+00
2.598647117614746094e+00
4.247858047485351562e+00
3.964899778366088867e-01
1.329686880111694336e+00
-3.485703468322753906e-01
2.149168848991394043e-01
2.103171050548553467e-01
1.678919196128845215e-01
-1.301680088043212891e+00
2.040534257888793945e+00
1.896935462951660156e+00
-6.317304372787475586e-01
5.875220894813537598e-01
2.355132102966308594e-01
-8.126549720764160156e-01
-8.053110837936401367e-01
6.560323834419250488e-01
5.200531482696533203e-01
4.035896301269531250e+00
5.174842476844787598e-01
1.442765116691589355e+00
3.799174427986145020e-01
1.474587559700012207e+00
3.744730472564697266e+00
1.587615013122558594e-01
-8.744822740554809570e-01
3.429821968078613281e+00
-2.286775588989257812e+00
