-1.135574579238891602e+00
-1.441664099693298340e+00
-1.867254614830017090e+00
4.627187252044677734e-01
-3.783040940761566162e-01
-5.877015590667724609e-01
-1.617490291595458984e+00
-9.574763178825378418e-01
-1.240795731544494629e+00
-2.783827781677246094e-01
-1.317395091056823730e+00
-2.803074121475219727e-01
-1.072174191474914551e+00
-1.301323533058166504e+00
-2.684011936187744141e+00
-2.826761901378631592e-01
1.445906996726989746e+00
-5.745030045509338379e-01
-1.052404522895812988e+00
-4.780694246292114258e-01
-2.021418333053588867e+00
-9.294641613960266113e-01
-4.441860318183898926e-02
1.693164110183715820e-01
-1.830069065093994141e+00
-1.189734935760498047e-01
-1.878485441207885742e+00
-2.370759963989257812e+00
-1.231383919715881348e+00
-3.109468519687652588e-01
-5.451587438583374023e-01
1.087805390357971191e+00
7.145445346832275391e-01
-3.853419423103332520e-01
-1.782338142395019531e+00
4.213144183158874512e-01
-2.566584587097167969e+00
-1.214118957519531250e+00
-1.429202318191528320e+00
-1.563466787338256836e-01
-2.102413177490234375e+00
2.264955043792724609e-01
-8.104585409164428711e-01
4.407993257045745850e-01
-1.868118286132812500e+00
-6.830266714096069336e-01
-1.184192895889282227e+00
5.665093660354614258e-02
-1.237054467201232910e+00
-1.952458024024963379e+00
1.036700010299682617e-01
-2.433444023132324219e+00
8.835268020629882812e-01
-4.754024744033813477e-01
7.449254989624023438e-01
-7.242941260337829590e-01
-8.473399877548217773e-01
1.091892719268798828e+00
-1.324281334877014160e+00
-8.948292136192321777e-01
7.362656593322753906e-01
-7.794381976127624512e-01
7.568960189819335938e-01
-1.331510543823242188e-01
-4.610539674758911133e-01
7.972934246063232422e-01
-6.800585389137268066e-01
-8.234566450119018555e-01
1.027947306632995605e+00
-5.253875255584716797e-02
-1.177545309066772461e+00
-1.972328901290893555e+00
-2.260786294937133789e+00
-1.280343294143676758e+00
9.797800183296203613e-01
-2.521243095397949219e+00
-1.640833377838134766e+00
-5.458871126174926758e-01
-2.303438663482666016e+00
-2.002994298934936523e+00
-5.358959436416625977e-01
-8.335155248641967773e-01
-8.947104215621948242e-01
-3.823447823524475098e-01
-3.187589168548583984e+00
-3.703333139419555664e-01
3.123061656951904297e-01
-1.556241512298583984e+00
-1.183568358421325684e+00
-1.874411702156066895e+00
2.940710186958312988e-01
-8.243768215179443359e-01
-3.458559513092041016e-04
-1.829961776733398438e+00
7.434058189392089844e-02
-3.514341711997985840e-01
-2.866088867187500000e+00
-3.719064593315124512e-02
-2.899601221084594727e+00
-7.092446684837341309e-01
4.904468059539794922e-01
-1.171537041664123535e+00
-1.557871699333190918e+00
-1.057723879814147949e+00
2.134511947631835938e+00
-6.565513014793395996e-01
-2.416134357452392578e+00
-2.835516035556793213e-01
-7.228045463562011719e-01
3.424922823905944824e-01
-3.274579763412475586e+00
-7.808107137680053711e-01
8.099093437194824219e-01
-3.180481195449829102e-01
2.266139984130859375e+00
2.825245857238769531e-01
-1.321350932121276855e-01
-1.188272237777709961e-01
-1.952471137046813965e+00
-6.313468217849731445e-01
-2.523932695388793945e+00
-1.115051746368408203e+00
-5.801026225090026855e-01
-1.243618726730346680e+00
1.152494072914123535e+00
-9.808324575424194336e-01
-7.369955182075500488e-01
-2.662199139595031738e-01
9.268426895141601562e-02
-1.615751504898071289e+00
-1.965671181678771973e+00
-1.584129810333251953e+00
-1.697863817214965820e+00
-2.030593395233154297e+00
-1.161877751350402832e+00
-8.480812311172485352e-01
-3.556460738182067871e-01
-9.543251991271972656e-02
-1.152800083160400391e+00
1.523306846618652344e+00
-7.833690047264099121e-01
-6.019068956375122070e-01
-1.689060926437377930e+00
-1.904185712337493896e-01
-5.885895490646362305e-01
-1.164398670196533203e+00
-5.710111856460571289e-01
-8.690605163574218750e-01
1.228705525398254395e+00
5.741858482360839844e-01
-2.941400408744812012e-01
-3.082191348075866699e-01
-7.693271636962890625e-01
-2.250712871551513672e+00
-1.691513538360595703e+00
-1.348518729209899902e+00
-1.001412570476531982e-01
-2.106312513351440430e+00
-2.436417102813720703e+00
-2.393877267837524414e+00
-6.588721275329589844e-01
-1.353351473808288574e+00
-7.084574699401855469e-01
-7.217686176300048828e-01
-1.794780015945434570e+00
-3.969210386276245117e-01
-1.752855539321899414e+00
-4.625613689422607422e-01
3.807544708251953125e-03
-2.264647483825683594e-01
-2.884560823440551758e-02
2.511721849441528320e-02
-1.245615363121032715e+00
-3.747850358486175537e-01
-7.062500119209289551e-01
1.269374132156372070e+00
1.228672862052917480e-01
-3.292844295501708984e-01
2.216337203979492188e+00
4.186742603778839111e-01
1.929727315902709961e+00
-1.692448973655700684e+00
-1.386708974838256836e+00
-6.365329027175903320e-02
-1.571567893028259277e+00
-2.197071313858032227e+00
-1.288216352462768555e+00
-2.029175162315368652e-01
-2.322085142135620117e+00
-2.314773797988891602e+00
-6.275741457939147949e-01
6.960126161575317383e-01
2.121026277542114258e+00
-5.205444097518920898e-01
-3.963570296764373779e-01
1.449978947639465332e-01
-1.788747191429138184e+00
-2.287993431091308594e+00
-1.001538753509521484e+00
-2.010574817657470703e+00
-1.461742281913757324e+00
5.411428213119506836e-01
-7.706918716430664062e-01
2.793017923831939697e-01
-3.172350168228149414e+00
8.531891107559204102e-01
-9.388035535812377930e-01
-1.971515178680419922e+00
-1.291872978210449219e+00
-5.279752016067504883e-01
-2.975758910179138184e-02
-6.749582290649414062e-01
-2.481879740953445435e-01
-1.582167863845825195e+00
-1.070732235908508301e+00
4.481917321681976318e-01
-1.489700317382812500e+00
-2.455625534057617188e-01
2.839700877666473389e-01
-1.475272774696350098e+00
6.652382612228393555e-01
1.079444289207458496e-01
2.003175735473632812e+00
-1.517306208610534668e+00
4.016340374946594238e-01
-1.220725178718566895e+00
-2.303058147430419922e+00
-1.026772975921630859e+00
3.522309362888336182e-01
-8.502212762832641602e-01
-2.114234924316406250e+00
-1.285811066627502441e+00
-1.200794339179992676e+00
-8.056794404983520508e-01
-2.098476409912109375e+00
-1.079804897308349609e+00
-1.242689371109008789e+00
1.649391531944274902e+00
-6.082885265350341797e-01
-1.443977713584899902e+00
-3.013977110385894775e-01
-8.935492038726806641e-01
-2.695815086364746094e+00
-2.657588720321655273e-01
1.127241969108581543e+00
1.019220113754272461e+00
-7.689176797866821289e-01
-1.727699995040893555e+00
-7.630149126052856445e-01
-2.710588216781616211e+00
-1.904036164283752441e+00
3.539621531963348389e-01
5.897707939147949219e-01
-2.121231555938720703e+00
1.175614297389984131e-01
-1.537015438079833984e+00
-6.758942604064941406e-01
-1.284909963607788086e+00
-1.955216169357299805e+00
-1.881460070610046387e+00
-1.505963563919067383e+00
-1.309596538543701172e+00
-1.110889911651611328e+00
-8.390923142433166504e-01
-1.165185928344726562e+00
-1.088004708290100098e+00
2.232301473617553711e+00
-7.018462419509887695e-01
-8.717996478080749512e-01
-1.424332976341247559e+00
-2.019525051116943359e+00
-1.530945420265197754e+00
-1.893313407897949219e+00
-1.544198870658874512e+00
1.857957601547241211e+00
-5.213512182235717773e-01
-4.821932315826416016e-01
2.292770147323608398e-02
-1.404964923858642578e+00
-9.079189300537109375e-01
-8.949273824691772461e-01
2.667758762836456299e-01
-2.119279623031616211e+00
-1.059793233871459961e+00
-7.184016704559326172e-01
3.722843825817108154e-01
-6.691621541976928711e-01
-6.168799400329589844e-01
-1.029515981674194336e+00
-9.145723581314086914e-01
-1.893009543418884277e+00
-9.731947779655456543e-01
-1.382763385772705078e+00
-7.926694154739379883e-01
-5.278080701828002930e-01
-2.511371970176696777e-01
-3.642724156379699707e-01
-2.917312145233154297e+00
1.518423557281494141e-01
-1.653303027153015137e+00
-1.878397226333618164e+00
-1.051611304283142090e+00
-4.308144450187683105e-01
-1.256239771842956543e+00
-1.043665051460266113e+00
2.950614094734191895e-01
-2.150623321533203125e+00
-1.063568592071533203e+00
2.894055843353271484e-01
-2.458989381790161133e+00
-7.616100311279296875e-01
-9.058949351310729980e-02
-1.730201363563537598e+00
-1.986082911491394043e+00
1.374644637107849121e-01
-1.791937828063964844e+00
-2.864268302917480469e+00
-7.070443034172058105e-01
1.240347623825073242e+00
5.398852825164794922e-01
-8.957249522209167480e-01
-7.930583357810974121e-01
-1.517878293991088867e+00
1.405453681945800781e-01
-2.114622116088867188e+00
-3.501092195510864258e-01
-2.331814169883728027e-02
-7.490568161010742188e-01
-8.916032314300537109e-01
1.145911216735839844e-01
-7.809279561042785645e-01
4.901961386203765869e-01
5.555391311645507812e-02
-5.803875625133514404e-02
-3.864495754241943359e-01
-3.378802239894866943e-01
-6.121387481689453125e-01
-3.503500699996948242e+00
4.103851318359375000e-02
2.218102812767028809e-01
-8.538656234741210938e-01
-1.753501653671264648e+00
-1.447908878326416016e-01
-6.686681509017944336e-01
-5.068354606628417969e-01
-1.899388134479522705e-01
-3.995027244091033936e-01
-1.918576717376708984e+00
-1.605038046836853027e+00
2.820245921611785889e-03
-5.823799371719360352e-01
-1.302422404289245605e+00
-7.434467077255249023e-01
-1.231721639633178711e+00
-1.166180729866027832e+00
-3.377732753753662109e+00
-1.421080589294433594e+00
-1.257956266403198242e+00
-2.239783763885498047e+00
1.787068843841552734e-01
8.533943891525268555e-01
-7.742099165916442871e-01
-4.329051494598388672e+00
-6.198327541351318359e-01
-1.817612171173095703e+00
-2.419540405273437500e+00
-4.817050099372863770e-01
3.526620388031005859e+00
-1.086548089981079102e+00
7.544660568237304688e-02
-1.389408826828002930e+00
-3.640699386596679688e-02
3.984941244125366211e-01
-1.696324467658996582e+00
-2.294893741607666016e+00
-1.105455160140991211e+00
-2.088952779769897461e+00
-1.586281538009643555e+00
-2.400722742080688477e+00
-1.727001070976257324e-01
2.042554378509521484e+00
-1.811325073242187500e+00
-2.140363156795501709e-01
2.055582523345947266e+00
-2.669901609420776367e+00
-1.649344682693481445e+00
-1.626062273979187012e+00
-2.961837053298950195e+00
-1.724128007888793945e+00
-1.342704296112060547e+00
-1.424199581146240234e+00
-1.236694097518920898e+00
-1.617678046226501465e+00
-2.133907377719879150e-01
-1.921654701232910156e+00
-1.478075146675109863e+00
1.677632629871368408e-01
-4.905788898468017578e-01
-3.946437597274780273e+00
-3.391307592391967773e-01
-7.552295923233032227e-01
-5.749396085739135742e-01
-6.559370756149291992e-01
-1.330392956733703613e+00
-1.389764547348022461e+00
-9.539415240287780762e-01
-1.280494809150695801e+00
-2.465884685516357422e-01
-1.354007720947265625e-01
-2.090841293334960938e+00
-1.228042840957641602e+00
-1.011307239532470703e+00
-1.394227862358093262e+00
1.146373271942138672e+00
-1.085159420967102051e+00
-4.860111474990844727e-01
-9.107472896575927734e-01
4.966266751289367676e-01
-4.959473609924316406e-01
-1.404852390289306641e+00
9.384022951126098633e-01
-1.962461948394775391e+00
-1.447378993034362793e+00
-1.031103014945983887e+00
1.473005771636962891e+00
-2.676764488220214844e+00
-1.355161547660827637e+00
-1.092122912406921387e+00
-1.207708954811096191e+00
-1.616665959358215332e+00
-9.217613935470581055e-01
5.602377653121948242e-01
-1.055602312088012695e+00
2.742897868156433105e-01
-1.829819321632385254e+00
-7.216048240661621094e-02
-1.363103151321411133e+00
-2.370726585388183594e+00
-1.309457540512084961e+00
-2.651836872100830078e-01
-1.260556697845458984e+00
2.922762632369995117e-01
-2.130525350570678711e+00
-5.817397832870483398e-01
-4.882544875144958496e-01
-1.125967741012573242e+00
-2.594159364700317383e+00
-2.365869045257568359e+00
-1.570611119270324707e+00
-1.872732043266296387e-01
1.075989961624145508e+00
-1.361866474151611328e+00
-9.214383363723754883e-02
-1.993523359298706055e+00
-1.332010507583618164e+00
-1.500478386878967285e+00
-1.480370044708251953e+00
-4.664425849914550781e-01
9.739065170288085938e-02
-1.381176948547363281e+00
1.508799552917480469e+00
-4.854069948196411133e-01
-1.044929385185241699e+00
-8.709326982498168945e-01
-2.296725749969482422e+00
1.681387543678283691e+00
1.733073592185974121e+00
-1.500479221343994141e+00
-1.827790141105651855e-01
-5.659539699554443359e-01
8.558734059333801270e-01
-2.197021007537841797e+00
3.254907131195068359e-01
-2.686461806297302246e-01
-1.339949131011962891e+00
6.388169527053833008e-02
-9.016535878181457520e-01
-3.025957345962524414e-01
-9.802663922309875488e-01
-1.580218195915222168e+00
3.771714925765991211e+00
3.505222201347351074e-01
-2.924563586711883545e-01
-3.276837825775146484e+00
-2.597352862358093262e-02
-7.266341447830200195e-01
1.335462927818298340e-01
-1.735621333122253418e+00
1.147779464721679688e+00
6.287478208541870117e-01
-7.020579576492309570e-01
-1.922629833221435547e+00
-1.477626323699951172e+00
-1.513228654861450195e+00
-4.254839420318603516e-01
-3.235661029815673828e+00
-1.284046411514282227e+00
-5.013861656188964844e-01
-8.193985819816589355e-01
-1.845416903495788574e+00
1.297127306461334229e-01
-1.214092254638671875e+00
8.671903610229492188e-02
-8.447755575180053711e-01
-8.202127218246459961e-01
-9.396023750305175781e-01
-2.064352989196777344e+00
-7.706604599952697754e-01
-7.923749685287475586e-01
-8.166602849960327148e-01
-1.602077007293701172e+00
-9.271761775016784668e-01
4.763768315315246582e-01
-1.899928689002990723e+00
-1.104980826377868652e+00
-6.232538819313049316e-02
-1.550006866455078125e-01
-5.066978931427001953e-01
6.243051588535308838e-02
-1.815291166305541992e+00
-2.587860584259033203e+00
-1.770430088043212891e+00
-8.668619990348815918e-01
-6.324893832206726074e-01
-6.272424459457397461e-01
-6.628558039665222168e-01
-1.378988623619079590e+00
3.039618730545043945e-01
-2.185094594955444336e+00
-1.020272970199584961e+00
-4.551667273044586182e-01
-1.380732059478759766e+00
-4.673595726490020752e-01
5.354140996932983398e-01
-5.353049635887145996e-01
1.201416730880737305e+00
-2.937393188476562500e-01
-2.118778228759765625e+00
-5.025976896286010742e-02
1.062070131301879883e-01
-1.856805682182312012e-01
7.592058181762695312e-02
-1.521496772766113281e-01
-1.299513339996337891e+00
-1.912107765674591064e-01
-8.423284292221069336e-01
8.539519309997558594e-01
-1.476279616355895996e+00
-6.117159128189086914e-01
-1.591050744056701660e+00
-1.565902829170227051e+00
-3.143000602722167969e+00
-1.618257999420166016e+00
-1.987571418285369873e-01
1.006191492080688477e+00
-2.907088994979858398e-01
1.147847771644592285e-01
-1.220212101936340332e+00
-9.847397804260253906e-01
-5.944510102272033691e-01
-1.269581556320190430e+00
-7.613351941108703613e-01
-1.312334537506103516e+00
-1.245347023010253906e+00
-1.172182202339172363e+00
-7.682595849037170410e-01
-1.088228464126586914e+00
-2.109411716461181641e+00
-3.188254833221435547e+00
-1.377324938774108887e+00
-4.794032871723175049e-01
-1.439206361770629883e+00
-1.338123083114624023e+00
-1.503417611122131348e+00
-1.406719446182250977e+00
-3.833807110786437988e-01
1.737853527069091797e+00
-1.064750790596008301e+00
-1.538708209991455078e-01
-1.595566034317016602e+00
1.025324702262878418e+00
-1.461889028549194336e+00
-5.452749133110046387e-02
-1.227220058441162109e+00
3.143495619297027588e-01
3.940670192241668701e-01
-1.108970642089843750e+00
-2.056204795837402344e+00
-1.620434999465942383e+00
-1.143459677696228027e-01
-6.981763839721679688e-01
2.524235248565673828e-01
-6.926959753036499023e-02
-1.485612511634826660e+00
-7.653643488883972168e-01
-1.006689786911010742e+00
-1.834152460098266602e+00
-3.577021360397338867e-01
-1.466129422187805176e+00
3.014880418777465820e-02
-4.685028195381164551e-01
3.853243589401245117e-02
-2.107468128204345703e+00
-2.122936248779296875e+00
3.026778697967529297e-01
-2.387616038322448730e-01
-3.132184028625488281e+00
4.306533336639404297e-01
1.492630243301391602e-01
-1.299799680709838867e+00
1.374080896377563477e+00
-1.418771266937255859e+00
-7.043017745018005371e-01
-8.448326587677001953e-02
7.870737314224243164e-01
-6.184369921684265137e-01
-2.360875129699707031e+00
1.151428937911987305e+00
-9.802182018756866455e-02
-3.972482681274414062e-01
-1.871589303016662598e+00
-9.881949424743652344e-01
-1.214669346809387207e+00
-6.511807441711425781e-02
-1.041903018951416016e+00
-1.701438426971435547e+00
-1.462039351463317871e+00
1.450602889060974121e+00
-1.590378522872924805e+00
-1.267240405082702637e+00
1.441758990287780762e+00
-1.563455104827880859e+00
-1.438020944595336914e+00
-4.761657714843750000e-01
-1.158310413360595703e+00
-2.030633211135864258e+00
-8.389071226119995117e-01
-5.026701688766479492e-01
-2.715769052505493164e+00
-4.955029487609863281e-02
4.255763292312622070e-01
-9.677667021751403809e-01
3.198956251144409180e-01
-5.257167220115661621e-01
8.387660980224609375e-01
-3.604370951652526855e-01
-1.061483979225158691e+00
3.731206059455871582e-01
-2.239778935909271240e-01
1.282320022583007812e+00
-1.350757598876953125e+00
-9.899849891662597656e-01
2.460226714611053467e-01
-2.246695518493652344e+00
1.010708808898925781e-01
-8.019096851348876953e-01
-1.261883258819580078e+00
1.127857208251953125e+00
-2.250379562377929688e+00
9.371268749237060547e-02
-9.868119955062866211e-01
3.498655557632446289e-01
-1.975295305252075195e+00
-2.141724109649658203e+00
6.860343813896179199e-01
-4.286169409751892090e-01
-1.383643507957458496e+00
-8.483397364616394043e-01
9.242987632751464844e-02
5.693138837814331055e-01
1.871832311153411865e-01
-1.619764089584350586e+00
-2.402900457382202148e+00
-1.806418418884277344e+00
-1.189482450485229492e+00
1.094964742660522461e+00
-7.160280346870422363e-01
-2.441391229629516602e+00
-2.331048727035522461e+00
-1.221477985382080078e-02
-1.590184330940246582e+00
3.525677323341369629e-02
-7.228640317916870117e-01
1.101781129837036133e+00
-5.553272962570190430e-01
2.612335443496704102e+00
-1.792188882827758789e+00
-8.932773470878601074e-01
-1.052469253540039062e+00
-1.781908512115478516e+00
-1.452665328979492188e-01
9.968090057373046875e-02
-1.037995696067810059e+00
