-1.613764762878417969e+00
-3.464816510677337646e-01
4.832700252532958984e+00
3.526976585388183594e+00
1.334836184978485107e-01
-4.097316265106201172e-01
-5.819329023361206055e-01
4.601442337036132812e+00
-1.041114807128906250e+00
-1.059523582458496094e+00
2.083484649658203125e+00
4.535594940185546875e+00
-7.518072128295898438e-01
-1.923656821250915527e+00
1.396194458007812500e+00
9.270637631416320801e-01
4.249017715454101562e+00
3.750593900680541992e+00
1.639870882034301758e+00
2.750941276550292969e+00
4.530746459960937500e+00
-3.554522991180419922e-02
4.948902130126953125e+00
2.916941642761230469e+00
3.190606117248535156e+00
4.199521541595458984e+00
-1.745851039886474609e+00
5.000000000000000000e+00
-2.742249071598052979e-01
2.086513519287109375e+00
5.963257551193237305e-01
2.378110885620117188e+00
1.751451730728149414e+00
-9.103375673294067383e-01
5.000000000000000000e+00
-1.358291387557983398e+00
4.787558555603027344e+00
6.455908417701721191e-01
-8.053404092788696289e-01
3.783875226974487305e+00
1.902880311012268066e+00
2.143810749053955078e+00
-6.469184756278991699e-01
4.453332424163818359e+00
2.307121038436889648e+00
5.000000000000000000e+00
4.739223480224609375e+00
5.000000000000000000e+00
4.559731006622314453e+00
2.803513526916503906e+00
-2.101476788520812988e-01
-1.996863484382629395e-01
4.833115577697753906e+00
-5.809639692306518555e-01
-6.299654841423034668e-01
2.449098825454711914e+00
4.545028209686279297e+00
-6.898456215858459473e-01
3.998255014419555664e+00
6.853628158569335938e-01
1.121343970298767090e+00
-1.206852436065673828e+00
-8.953982591629028320e-01
4.723868370056152344e+00
-4.285615682601928711e-01
8.607852458953857422e-01
-4.516723453998565674e-01
8.887180685997009277e-01
-7.115482091903686523e-01
5.000000000000000000e+00
5.000000000000000000e+00
5.354657173156738281e-01
3.330327510833740234e+00
-7.020571231842041016e-01
-5.296933650970458984e-01
-8.232063651084899902e-01
2.654329538345336914e-01
7.883746027946472168e-01
2.819460391998291016e+00
1.464987397193908691e+00
4.978542804718017578e+00
-5.389198064804077148e-01
-5.286248922348022461e-01
-1.771793842315673828e+00
-6.473659276962280273e-01
-1.200219392776489258e+00
1.857873201370239258e+00
1.234521389007568359e+00
-1.872728943824768066e+00
-7.830567359924316406e-01
-1.265863299369812012e+00
7.589104175567626953e-01
-1.869028449058532715e+00
3.335915207862854004e-01
1.076938867568969727e+00
2.560671567916870117e+00
-7.099937200546264648e-01
4.893983364105224609e+00
2.864297866821289062e+00
-3.851971924304962158e-01
5.000000000000000000e+00
3.595206737518310547e+00
-3.501138687133789062e-01
-1.889064908027648926e-01
-1.068577647209167480e+00
-1.088119983673095703e+00
-9.461191892623901367e-01
1.850617051124572754e+00
1.561073780059814453e+00
1.919183611869812012e+00
4.201477527618408203e+00
2.362844944000244141e+00
-3.753613829612731934e-01
-4.269674718379974365e-01
2.176619052886962891e+00
1.624294817447662354e-01
1.289886951446533203e+00
3.718093872070312500e+00
5.000000000000000000e+00
2.009767055511474609e+00
-9.717893600463867188e-02
5.000000000000000000e+00
-6.471581459045410156e-01
1.378498554229736328e+00
2.161540269851684570e+00
1.656738162040710449e+00
3.548664093017578125e+00
3.043412208557128906e+00
5.000000000000000000e+00
-5.756319165229797363e-01
-4.774534106254577637e-01
1.365493655204772949e+00
5.000000000000000000e+00
5.000000000000000000e+00
1.073116302490234375e+00
-1.404350996017456055e-02
-9.195901155471801758e-01
-1.486778378486633301e+00
4.721319198608398438e+00
-4.744954705238342285e-01
-6.428635716438293457e-01
3.141490459442138672e+00
-5.690281391143798828e-01
6.596025824546813965e-02
-4.692114889621734619e-01
-3.207516372203826904e-01
-8.144360780715942383e-02
5.000000000000000000e+00
4.315639972686767578e+00
5.000000000000000000e+00
2.726717948913574219e+00
2.557156085968017578e+00
1.048621416091918945e+00
-9.351714253425598145e-01
5.000000000000000000e+00
2.434186935424804688e-01
5.000000000000000000e+00
1.900713682174682617e+00
-1.314921617507934570e+00
-1.236389279365539551e-01
1.808706641197204590e+00
5.000000000000000000e+00
-1.800449371337890625e+00
3.213517665863037109e+00
1.628481507301330566e+00
1.558676064014434814e-01
-2.310304641723632812e+00
-6.364709138870239258e-01
-8.603296279907226562e-01
-1.719324231147766113e+00
4.514053344726562500e+00
2.439385414123535156e+00
3.230609416961669922e+00
-1.392272949218750000e+00
-4.969393908977508545e-01
1.681812167167663574e+00
1.489166259765625000e+00
-2.195201814174652100e-01
3.837521791458129883e+00
-1.034753441810607910e+00
-1.383473396301269531e+00
-1.682255029678344727e+00
1.182785630226135254e-01
5.000000000000000000e+00
6.877464056015014648e-01
3.822682857513427734e+00
1.411455035209655762e+00
2.614646434783935547e+00
5.000000000000000000e+00
8.929735422134399414e-01
1.808711886405944824e-01
5.000000000000000000e+00
1.425231695175170898e+00
2.444709300994873047e+00
5.000000000000000000e+00
-1.340116143226623535e+00
-1.126702070236206055e+00
-1.031630858778953552e-01
8.070528507232666016e-02
-1.004903197288513184e+00
-6.202518343925476074e-01
2.379573345184326172e+00
4.704910278320312500e+00
2.271223545074462891e+00
-1.148908615112304688e+00
5.000000000000000000e+00
-6.572514772415161133e-02
2.301810503005981445e+00
4.569175720214843750e+00
-2.050040662288665771e-01
5.000000000000000000e+00
2.419117689132690430e+00
-1.427056431770324707e+00
-1.889818668365478516e+00
-5.136030316352844238e-01
5.000000000000000000e+00
-1.085446834564208984e+00
2.205067873001098633e+00
4.195888042449951172e+00
-9.051674604415893555e-01
1.000360727310180664e+00
2.954230546951293945e+00
-1.980459928512573242e+00
1.001146793365478516e+00
-1.367208123207092285e+00
2.122760057449340820e+00
-7.652456760406494141e-01
3.168417215347290039e-01
-6.121422052383422852e-01
2.346963882446289062e-01
6.807078123092651367e-01
1.548205137252807617e+00
-1.697932004928588867e+00
-1.240578770637512207e+00
1.387636423110961914e+00
5.000000000000000000e+00
-1.348959207534790039e-01
-7.680007219314575195e-01
3.261926889419555664e+00
5.000000000000000000e+00
-5.114748477935791016e-01
4.564335346221923828e+00
1.295828819274902344e-02
6.203255057334899902e-02
-8.325694203376770020e-01
-2.718701958656311035e-02
1.906175136566162109e+00
5.000000000000000000e+00
1.341291546821594238e+00
1.957420706748962402e-01
4.910965919494628906e+00
5.000000000000000000e+00
-8.395054340362548828e-01
2.293689012527465820e+00
5.000000000000000000e+00
1.680878758430480957e+00
2.720447540283203125e+00
-6.379902362823486328e-01
5.000000000000000000e+00
5.000000000000000000e+00
2.970115423202514648e+00
3.015419483184814453e+00
1.661025762557983398e+00
1.062000989913940430e+00
-5.622582435607910156e-01
8.249610662460327148e-01
3.673851490020751953e+00
1.279526352882385254e+00
3.364593982696533203e+00
-7.722070217132568359e-01
3.946636676788330078e+00
4.451481699943542480e-01
-4.936534166336059570e-02
-8.950970768928527832e-01
5.000000000000000000e+00
-4.038324952125549316e-01
-3.598756074905395508e+00
-9.742212295532226562e-01
5.000000000000000000e+00
-3.336597919464111328e+00
-1.556132316589355469e+00
2.173773765563964844e+00
-3.958616852760314941e-01
4.310339927673339844e+00
3.098787665367126465e-01
3.661420822143554688e+00
-6.836396455764770508e-01
-6.941080093383789062e-02
1.307609081268310547e-01
2.766417562961578369e-01
3.930920124053955078e+00
-3.064966201782226562e-02
9.636044502258300781e-02
-6.661818623542785645e-01
-1.543397903442382812e-01
-2.733228802680969238e-01
-2.847042083740234375e-01
9.236819744110107422e-01
3.517549633979797363e-01
5.000000000000000000e+00
2.232455730438232422e+00
4.761818885803222656e+00
5.000000000000000000e+00
1.112780094146728516e+00
4.041055679321289062e+00
-6.263293027877807617e-01
-4.865589737892150879e-01
5.000000000000000000e+00
5.000000000000000000e+00
-1.480480194091796875e+00
5.000000000000000000e+00
-1.414298057556152344e+00
8.027151823043823242e-01
5.000000000000000000e+00
-8.915460705757141113e-01
9.114242792129516602e-01
-7.056268453598022461e-01
5.021317601203918457e-01
7.339888215065002441e-01
1.048736810684204102e+00
4.449289798736572266e+00
3.341289997100830078e+00
-1.320986032485961914e+00
6.966557502746582031e-01
-2.408489584922790527e-01
-6.045770645141601562e-01
-2.797461450099945068e-01
2.812338113784790039e+00
5.000000000000000000e+00
5.623475909233093262e-01
2.613143324851989746e-01
3.022962570190429688e+00
-8.441285490989685059e-01
4.583562850952148438e+00
1.123623609542846680e+00
5.769166946411132812e-01
5.000000000000000000e+00
2.282387733459472656e+00
3.464154720306396484e+00
1.175224065780639648e+00
5.794857144355773926e-01
1.252492427825927734e+00
-1.126175165176391602e+00
4.010126113891601562e+00
-1.982215344905853271e-01
-7.903013229370117188e-01
2.066095352172851562e+00
1.555697917938232422e+00
3.703017950057983398e+00
5.000000000000000000e+00
1.091104984283447266e+00
5.000000000000000000e+00
5.000000000000000000e+00
-2.033123493194580078e+00
-8.133384585380554199e-02
1.779439449310302734e+00
-9.527062177658081055e-01
1.812941670417785645e+00
-5.279061794281005859e-01
2.057218313217163086e+00
1.474629640579223633e-01
1.080903291702270508e+00
3.712438583374023438e+00
-1.827661037445068359e+00
-7.456040382385253906e-02
-2.088939547538757324e-01
2.154398441314697266e+00
-2.863956093788146973e-01
-6.097161769866943359e-02
-8.776204586029052734e-01
1.586762070655822754e+00
-7.416355609893798828e-02
5.000000000000000000e+00
4.997808039188385010e-01
9.703665971755981445e-02
2.915682315826416016e+00
4.768332958221435547e+00
1.270312786102294922e+00
5.000000000000000000e+00
4.344129562377929688e+00
1.328960537910461426e+00
1.922502398490905762e+00
-1.178692817687988281e+00
3.368748664855957031e+00
4.071153640747070312e+00
-4.319648742675781250e-01
3.129180908203125000e+00
-3.000988960266113281e-01
3.066763877868652344e-01
-3.675127923488616943e-01
-5.917419195175170898e-01
1.363584995269775391e+00
-2.522245407104492188e+00
1.361954331398010254e+00
-2.139901638031005859e+00
1.563960790634155273e+00
4.553216934204101562e+00
4.683722972869873047e+00
-1.410869479179382324e+00
2.218285202980041504e-01
5.000000000000000000e+00
-9.334111213684082031e-02
3.830969333648681641e+00
2.399142026901245117e+00
-1.606334447860717773e+00
-2.204181194305419922e+00
2.692766666412353516e+00
-7.311120629310607910e-01
-6.804116964340209961e-01
2.527087688446044922e+00
2.877031087875366211e+00
4.121824264526367188e+00
5.000000000000000000e+00
5.000000000000000000e+00
3.313235282897949219e+00
-1.426003575325012207e-01
2.256532430648803711e+00
8.577956557273864746e-01
3.576915740966796875e+00
4.446177959442138672e+00
5.000000000000000000e+00
-1.288945436477661133e+00
1.571868419647216797e+00
-4.060355424880981445e-01
5.000000000000000000e+00
-7.459351420402526855e-01
2.103195190429687500e-01
2.268943786621093750e-01
1.098905801773071289e+00
5.000000000000000000e+00
4.523612022399902344e+00
-1.430347919464111328e+00
-1.182303190231323242e+00
-3.264355659484863281e-01
-1.942707180976867676e+00
-1.595278024673461914e+00
4.368234157562255859e+00
2.522687911987304688e+00
-1.392179489135742188e+00
1.443892598152160645e+00
2.670496940612792969e+00
-6.025254726409912109e-01
2.316158294677734375e+00
-1.584116935729980469e+00
5.000000000000000000e+00
-1.269344091415405273e+00
-2.418461799621582031e+00
1.737546920776367188e+00
5.000000000000000000e+00
1.832767724990844727e+00
4.061785221099853516e+00
1.929192304611206055e+00
-2.302352786064147949e-01
2.387603521347045898e+00
4.991933822631835938e+00
-2.029430627822875977e+00
2.193164587020874023e+00
4.390540122985839844e+00
3.400705814361572266e+00
-1.232677221298217773e+00
1.145854711532592773e+00
-1.980399012565612793e+00
3.322726964950561523e+00
5.000000000000000000e+00
1.494029879570007324e+00
-1.127740621566772461e+00
1.379462957382202148e+00
4.862270355224609375e+00
5.000000000000000000e+00
5.000000000000000000e+00
-7.158155441284179688e-01
2.193318843841552734e+00
2.356595516204833984e+00
5.000000000000000000e+00
-2.663000226020812988e-01
4.114505290985107422e+00
1.067576169967651367e+00
1.564395904541015625e+00
3.285140395164489746e-01
4.946577548980712891e+00
-1.788262367248535156e+00
-7.017444372177124023e-01
3.979334831237792969e+00
1.490921080112457275e-01
-6.670988798141479492e-01
-9.474394321441650391e-01
3.454478979110717773e+00
-2.872744947671890259e-02
-2.527383863925933838e-01
-1.891626834869384766e+00
2.377646863460540771e-01
3.808272600173950195e+00
-3.737704157829284668e-01
-2.099603116512298584e-01
5.000000000000000000e+00
4.195081710815429688e+00
5.000000000000000000e+00
-1.920276880264282227e-02
2.934142827987670898e+00
-6.408041715621948242e-01
4.887462615966796875e+00
1.267591834068298340e+00
-3.522154688835144043e-01
-1.196912050247192383e+00
3.601848483085632324e-01
1.585380315780639648e+00
4.518239974975585938e+00
2.190229415893554688e+00
1.272526979446411133e-01
5.000000000000000000e+00
4.851906776428222656e+00
1.663174867630004883e+00
1.576993227005004883e+00
3.647529125213623047e+00
2.003471374511718750e+00
-3.358716487884521484e+00
4.231791019439697266e+00
3.093972682952880859e+00
3.246994972229003906e+00
5.009857416152954102e-01
8.791455030441284180e-01
2.142643928527832031e+00
4.458629608154296875e+00
-4.007285237312316895e-01
2.617823123931884766e+00
1.723678469657897949e+00
1.138108015060424805e+00
5.863085389137268066e-01
-5.375719070434570312e-01
3.170298576354980469e+00
-5.265467762947082520e-01
2.112780332565307617e+00
3.643037319183349609e+00
-2.278068304061889648e+00
1.751197457313537598e+00
-6.045049428939819336e-01
-4.404447674751281738e-01
1.270461559295654297e+00
-6.605294346809387207e-02
2.582202434539794922e+00
4.312746047973632812e+00
3.748195886611938477e+00
1.891097307205200195e+00
-7.578268051147460938e-01
5.000000000000000000e+00
-3.365023136138916016e-01
3.087202787399291992e+00
1.822895050048828125e+00
2.940180897712707520e-01
2.007321357727050781e+00
6.643581390380859375e-01
-4.272182285785675049e-01
2.009571790695190430e+00
4.046966135501861572e-01
4.781229972839355469e+00
-1.990586757659912109e+00
4.148252487182617188e+00
5.000000000000000000e+00
-2.917081117630004883e-01
5.000000000000000000e+00
7.539713382720947266e-02
9.427852630615234375e-01
-9.914196729660034180e-01
4.177067875862121582e-01
5.771785974502563477e-02
5.000000000000000000e+00
-1.379713416099548340e-01
3.759668350219726562e+00
3.254381656646728516e+00
6.275645494461059570e-01
-6.724913716316223145e-01
5.000000000000000000e+00
-1.327010393142700195e+00
-9.616556763648986816e-01
7.759029269218444824e-01
3.761173725128173828e+00
-9.047811031341552734e-01
6.504014730453491211e-01
4.246221065521240234e+00
4.768749713897705078e+00
-3.585617542266845703e-01
4.302790641784667969e+00
-3.992453813552856445e-01
4.925133705139160156e+00
-5.331326723098754883e-01
-6.387451291084289551e-01
5.000000000000000000e+00
-5.602654814720153809e-02
2.878735661506652832e-01
3.291163444519042969e-01
4.236706733703613281e+00
9.705901145935058594e-02
3.930379867553710938e+00
-2.263715267181396484e+00
-1.555959463119506836e+00
-4.824066638946533203e+00
5.613445043563842773e-01
5.000000000000000000e+00
-2.966893911361694336e-01
4.895349025726318359e+00
3.833907604217529297e+00
1.558457612991333008e+00
2.272565841674804688e+00
2.915172815322875977e+00
2.676469087600708008e+00
5.000000000000000000e+00
2.495831251144409180e+00
4.056606769561767578e+00
4.681524276733398438e+00
-7.226527929306030273e-01
1.315172433853149414e+00
7.146013975143432617e-01
4.479598999023437500e+00
-1.073214530944824219e+00
2.774294853210449219e+00
4.110488295555114746e-02
4.426218509674072266e+00
3.540345132350921631e-01
2.597775459289550781e+00
-2.738819718360900879e-01
3.075572967529296875e+00
-2.142757177352905273e+00
1.866957545280456543e-02
1.555548906326293945e+00
4.974401950836181641e+00
3.557189941406250000e+00
-1.346251964569091797e+00
5.000000000000000000e+00
5.000000000000000000e+00
2.348010540008544922e+00
5.000000000000000000e+00
-8.374491930007934570e-01
1.288971066474914551e+00
1.905380189418792725e-01
-7.448910474777221680e-01
5.000000000000000000e+00
5.000000000000000000e+00
4.413518428802490234e+00
4.944729804992675781e+00
-1.030502557754516602e+00
3.470482826232910156e-01
-3.414316177368164062e-01
-1.243291616439819336e+00
2.057372808456420898e+00
1.311707615852355957e+00
-5.236127376556396484e-01
2.218233823776245117e+00
2.841678857803344727e+00
1.811513662338256836e+00
-4.283759891986846924e-01
-3.370424509048461914e-01
3.600897789001464844e+00
-6.852830648422241211e-01
4.335340023040771484e+00
1.957356929779052734e+00
5.000000000000000000e+00
-1.427250385284423828e+00
5.000000000000000000e+00
7.690265774726867676e-01
2.353434801101684570e+00
-8.731280565261840820e-01
5.000000000000000000e+00
2.337199211120605469e+00
4.295610904693603516e+00
-1.184100508689880371e-01
1.932661056518554688e+00
2.058845758438110352e+00
5.000000000000000000e+00
-2.563467621803283691e-01
1.224885463714599609e+00
8.331437110900878906e-01
-3.532902002334594727e-01
1.657412648200988770e+00
3.052855968475341797e+00
-2.184714078903198242e-01
-1.487398624420166016e+00
-3.673825860023498535e-01
-9.194940328598022461e-02
-1.213665723800659180e+00
3.541141748428344727e+00
-2.261786699295043945e+00
4.230336189270019531e+00
2.946391582489013672e+00
-4.461352229118347168e-01
-1.567142963409423828e+00
-6.390148401260375977e-01
5.831726789474487305e-01
7.395761013031005859e-01
9.622910022735595703e-01
3.394458293914794922e-01
5.000000000000000000e+00
4.462662696838378906e+00
-6.404839754104614258e-01
