4.539263248443603516e-02
1.121027827262878418e+00
5.000000000000000000e+00
-2.023957014083862305e+00
5.000000000000000000e+00
8.376970291137695312e-01
1.235491931438446045e-01
5.739933848381042480e-01
5.000000000000000000e+00
6.040387153625488281e-01
8.861503601074218750e-01
-4.228798747062683105e-01
3.943562030792236328e+00
4.805155754089355469e+00
-5.708248019218444824e-01
5.000000000000000000e+00
-6.221214532852172852e-01
-1.254724740982055664e+00
-2.586311697959899902e-01
3.575972557067871094e+00
2.931548357009887695e+00
-1.278558135032653809e+00
-2.068325519561767578e+00
1.451118469238281250e+00
5.000000000000000000e+00
-1.334766149520874023e+00
2.335662543773651123e-01
7.815390229225158691e-01
-7.460617423057556152e-01
4.014812469482421875e+00
-1.118395805358886719e+00
4.094489097595214844e+00
9.928596019744873047e-02
1.313858032226562500e-01
-6.781215667724609375e-01
8.984597921371459961e-01
2.534720420837402344e+00
1.726324081420898438e+00
-2.103510648012161255e-01
3.265107870101928711e-01
-8.996716737747192383e-01
5.000000000000000000e+00
5.000000000000000000e+00
1.302403688430786133e+00
1.256040334701538086e-01
5.000000000000000000e+00
3.813151597976684570e+00
-1.503923296928405762e+00
5.790741443634033203e-01
-3.727074384689331055e+00
5.000000000000000000e+00
4.983610630035400391e+00
-8.354457616806030273e-01
-1.822948455810546875e-01
3.000099182128906250e+00
5.000000000000000000e+00
1.176071643829345703e+00
4.588597774505615234e+00
1.560358762741088867e+00
1.829844236373901367e+00
4.034610748291015625e+00
3.991320610046386719e+00
7.224112749099731445e-01
-3.025916814804077148e-01
2.044066429138183594e+00
-5.705592632293701172e-01
-1.716134309768676758e+00
3.809126019477844238e-01
3.937130451202392578e+00
-6.563285589218139648e-01
-4.672773778438568115e-01
4.618750572204589844e+00
3.498950481414794922e+00
4.417021274566650391e+00
-2.492621183395385742e+00
3.606969833374023438e+00
4.809884548187255859e+00
1.434080004692077637e+00
2.180984973907470703e+00
1.544860363006591797e+00
-2.214017152786254883e+00
5.000000000000000000e+00
-8.884707093238830566e-01
5.000000000000000000e+00
-8.638606071472167969e-01
4.825393676757812500e+00
1.072335958480834961e+00
8.426889777183532715e-01
3.356430292129516602e+00
-1.427691817283630371e+00
4.374567985534667969e+00
1.885493516921997070e+00
-1.861254453659057617e+00
4.852694511413574219e+00
-7.060173749923706055e-01
-3.168083429336547852e-01
8.210751414299011230e-01
-1.288750410079956055e+00
3.221930563449859619e-01
1.003375053405761719e+00
-2.610078334808349609e+00
-8.001198172569274902e-01
1.717107772827148438e+00
5.000000000000000000e+00
-1.627887010574340820e+00
-4.531373083591461182e-01
4.755592346191406250e+00
3.702797412872314453e+00
4.847177267074584961e-01
2.237518787384033203e+00
4.423343181610107422e+00
-1.126853823661804199e-01
3.568115234375000000e+00
4.473105907440185547e+00
6.392441987991333008e-01
1.956471562385559082e+00
-2.164502859115600586e+00
-9.349564909934997559e-01
-3.478508591651916504e-01
-1.009683966636657715e+00
5.000000000000000000e+00
4.699956178665161133e-01
2.090759754180908203e+00
5.000000000000000000e+00
-4.462852776050567627e-01
4.405959129333496094e+00
2.933121919631958008e+00
-9.227190017700195312e-01
2.320193052291870117e+00
3.692984342575073242e+00
-5.539747476577758789e-01
1.043793916702270508e+00
2.174089908599853516e+00
2.471131086349487305e-02
3.687930822372436523e+00
2.743026733398437500e+00
8.262302279472351074e-01
4.960184395313262939e-01
5.000000000000000000e+00
1.629758238792419434e+00
5.636490583419799805e-01
-1.577408552169799805e+00
-2.032146692276000977e+00
-3.279351592063903809e-01
5.393343567848205566e-01
4.595746994018554688e+00
3.144125461578369141e+00
-8.824762701988220215e-02
-2.165479958057403564e-01
1.081118106842041016e+00
2.772316217422485352e+00
3.417276859283447266e+00
-6.052442789077758789e-01
-1.089117169380187988e+00
1.182955026626586914e+00
5.000000000000000000e+00
1.083598971366882324e+00
4.509804725646972656e+00
-1.260825872421264648e+00
5.000000000000000000e+00
-1.234197974205017090e+00
2.990273833274841309e-01
3.284393310546875000e+00
2.930435419082641602e+00
2.323004007339477539e+00
-1.659120559692382812e+00
3.011964797973632812e+00
2.760111331939697266e+00
-7.545671463012695312e-01
3.019239008426666260e-01
1.219013571739196777e+00
-2.184444367885589600e-01
3.843349695205688477e+00
-2.441406250000000000e-03
1.642864346504211426e+00
3.665110588073730469e+00
5.000000000000000000e+00
5.000000000000000000e+00
-1.879119515419006348e+00
8.979147672653198242e-01
-4.721367955207824707e-01
3.525635242462158203e+00
2.045013427734375000e+00
-1.605023860931396484e+00
-1.886067390441894531e-01
3.115942955017089844e+00
3.107053756713867188e+00
3.324688434600830078e+00
-1.147447824478149414e+00
3.477324247360229492e+00
-1.501984596252441406e-01
3.375498533248901367e+00
-9.364700317382812500e-02
-1.884614825248718262e-01
4.033886909484863281e+00
3.589579582214355469e+00
-7.848191261291503906e-01
5.000000000000000000e+00
-8.964964151382446289e-01
1.681056976318359375e+00
-1.729917526245117188e-01
4.825955390930175781e+00
-6.736334562301635742e-01
3.969773292541503906e+00
-1.335940361022949219e-01
3.276264071464538574e-01
2.853458404541015625e+00
5.642433762550354004e-01
-3.908330202102661133e-02
-1.116363167762756348e+00
1.551825046539306641e+00
-2.963448166847229004e-01
3.880501687526702881e-01
5.706440210342407227e-01
4.818442821502685547e+00
3.066680431365966797e+00
3.967350721359252930e-01
-1.427461802959442139e-01
5.000000000000000000e+00
-2.871552228927612305e+00
8.741855621337890625e-03
3.922592163085937500e+00
1.785782456398010254e+00
-2.220013141632080078e-01
4.956335544586181641e+00
4.427194595336914062e-01
5.000000000000000000e+00
4.264414310455322266e-02
-6.556107997894287109e-01
3.160915851593017578e+00
2.666147470474243164e+00
-7.949452996253967285e-01
-9.791040420532226562e-01
1.085475564002990723e+00
-8.810901045799255371e-01
3.823893547058105469e+00
2.558169066905975342e-01
5.000000000000000000e+00
9.443812370300292969e-01
1.136342287063598633e+00
3.385648131370544434e-01
5.000000000000000000e+00
4.312500000000000000e+00
-2.401471138000488281e+00
2.341995477676391602e+00
1.640652656555175781e+00
4.640010356903076172e+00
4.255196571350097656e+00
2.215863466262817383e-01
-8.175679445266723633e-01
-1.732473373413085938e-01
-7.603210210800170898e-01
-2.590360641479492188e+00
-2.925146818161010742e-01
3.736968040466308594e-01
2.040080070495605469e+00
-1.681230068206787109e+00
-1.456296443939208984e+00
4.726201534271240234e+00
5.463610887527465820e-01
-2.017805576324462891e-01
4.560678005218505859e+00
2.876717329025268555e+00
2.572607994079589844e-02
4.701435089111328125e+00
4.185850620269775391e+00
5.787329673767089844e-01
-6.837403774261474609e-01
1.513893008232116699e+00
1.039523720741271973e+00
3.693292140960693359e+00
7.620373368263244629e-01
-6.001147627830505371e-01
-5.344256758689880371e-01
3.705728530883789062e+00
3.474456310272216797e+00
3.122126579284667969e+00
-1.137163937091827393e-01
-1.021009922027587891e+00
4.692089080810546875e+00
-7.090175151824951172e-02
2.971386909484863281e+00
3.193669557571411133e+00
4.628598690032958984e+00
3.318916797637939453e+00
1.331834316253662109e+00
2.835715055465698242e+00
-8.729563355445861816e-01
-1.484613299369812012e+00
-8.407161831855773926e-01
5.000000000000000000e+00
5.000000000000000000e+00
5.000000000000000000e+00
3.328653335571289062e+00
5.133317708969116211e-01
-1.111402869224548340e+00
2.616130113601684570e-01
-1.743041634559631348e+00
-2.707432985305786133e+00
5.321717262268066406e-01
2.464821577072143555e+00
-2.431261092424392700e-01
-3.171116113662719727e-02
-6.397434473037719727e-01
-4.083724617958068848e-01
-1.746639728546142578e+00
4.140817642211914062e+00
5.000000000000000000e+00
2.385234594345092773e+00
-1.001097202301025391e+00
-9.777889251708984375e-01
4.740239620208740234e+00
-7.718444466590881348e-01
2.358520507812500000e+00
5.296478271484375000e-01
4.574344635009765625e+00
4.364294052124023438e+00
4.115018844604492188e+00
7.946288585662841797e-01
4.647123813629150391e+00
-1.489050745964050293e+00
5.000000000000000000e+00
4.202219009399414062e+00
-6.267666816711425781e-03
1.395780682563781738e+00
-2.515722036361694336e+00
9.743715822696685791e-02
4.339400291442871094e+00
4.015312671661376953e+00
-1.161804795265197754e+00
4.706414222717285156e+00
3.263490438461303711e+00
-3.267723321914672852e-02
2.983488440513610840e-01
2.799517631530761719e+00
-5.061787366867065430e-02
3.600025653839111328e+00
3.927553892135620117e-01
-9.961779117584228516e-01
2.283016920089721680e+00
5.000000000000000000e+00
1.055266857147216797e+00
5.000000000000000000e+00
4.873698234558105469e+00
2.487263679504394531e+00
4.931776523590087891e+00
3.787667751312255859e+00
-8.556054830551147461e-01
-7.004302740097045898e-01
1.847194075584411621e+00
2.101395130157470703e+00
1.264915466308593750e+00
5.748748779296875000e-02
-5.148941278457641602e-01
-8.604923486709594727e-01
3.894897460937500000e+00
5.000000000000000000e+00
-1.569697380065917969e+00
-5.712787508964538574e-01
1.277358531951904297e+00
-7.924265265464782715e-01
8.522669076919555664e-01
1.627153873443603516e+00
2.279222488403320312e+00
5.000000000000000000e+00
1.141557216644287109e+00
2.620660662651062012e-01
2.010771512985229492e+00
1.438069581985473633e+00
1.151752948760986328e+00
5.000000000000000000e+00
4.205598235130310059e-01
-5.206179022789001465e-01
-2.175569772720336914e+00
-4.378463029861450195e-01
-5.745983123779296875e-02
-2.256381034851074219e+00
3.914335727691650391e+00
9.168859720230102539e-01
4.903588294982910156e+00
3.840992927551269531e+00
2.065697193145751953e+00
1.776489496231079102e+00
-6.365346908569335938e-02
-1.942417144775390625e+00
2.689294815063476562e-01
2.188875675201416016e+00
5.000000000000000000e+00
3.091617345809936523e+00
-5.774013996124267578e-01
-7.093261480331420898e-01
-1.501247048377990723e+00
-1.388845205307006836e+00
2.375805377960205078e-01
1.809980869293212891e+00
-1.321035027503967285e-01
-1.097071290016174316e+00
1.515876889228820801e+00
2.911623954772949219e+00
-9.758925437927246094e-01
-1.063882827758789062e+00
1.288208127021789551e+00
-2.400039434432983398e-01
1.628857493400573730e+00
8.763113617897033691e-01
-8.728285431861877441e-01
1.802775859832763672e-01
1.117189526557922363e-01
5.000000000000000000e+00
8.071929216384887695e-02
-6.008085012435913086e-01
4.803121566772460938e+00
2.865663051605224609e+00
-2.259988307952880859e+00
-7.219274044036865234e-01
7.059155106544494629e-01
4.756097793579101562e+00
4.455239772796630859e-01
-1.712887287139892578e-01
4.283243656158447266e+00
2.437767982482910156e+00
6.933810710906982422e-01
-7.032611966133117676e-02
-9.778460264205932617e-01
2.887156009674072266e-01
5.000000000000000000e+00
4.793026924133300781e+00
3.165435552597045898e+00
-1.166228055953979492e+00
4.361561775207519531e+00
-1.419368386268615723e-02
-4.890743196010589600e-01
-6.108726263046264648e-01
5.000000000000000000e+00
2.733618736267089844e+00
-8.790779113769531250e-02
-9.750216007232666016e-01
3.185740232467651367e+00
4.569345951080322266e+00
5.379037261009216309e-01
4.435240745544433594e+00
1.754954099655151367e+00
-6.028895974159240723e-01
-2.727369308471679688e+00
1.894490361213684082e+00
5.489853024482727051e-01
-1.668504238128662109e+00
9.808936715126037598e-01
1.626917123794555664e-01
-5.950482487678527832e-01
4.418621063232421875e+00
-1.462897658348083496e+00
1.976767539978027344e+00
2.421846389770507812e+00
2.715924024581909180e+00
3.929665088653564453e+00
3.033194541931152344e+00
2.119269371032714844e-01
4.950350761413574219e+00
1.542687177658081055e+00
4.814380168914794922e+00
-1.454792976379394531e+00
-1.623199224472045898e+00
5.000000000000000000e+00
-9.397961497306823730e-01
-1.184493541717529297e+00
-8.459256291389465332e-01
5.000000000000000000e+00
-2.402243316173553467e-01
-2.232601881027221680e+00
-1.254544258117675781e-01
3.992498517036437988e-01
2.501329660415649414e+00
3.368867158889770508e+00
-8.475113511085510254e-01
5.000000000000000000e+00
5.516405105590820312e-01
5.807060003280639648e-01
-3.599107742309570312e+00
5.134375095367431641e-01
2.517285585403442383e+00
-2.747839450836181641e+00
-5.768764615058898926e-01
-1.673668026924133301e+00
-2.908844232559204102e+00
-8.466602563858032227e-01
6.690790057182312012e-01
5.000000000000000000e+00
-1.176235675811767578e-01
-3.267106115818023682e-01
5.052866339683532715e-01
9.250026941299438477e-01
-9.744244813919067383e-01
-1.825296521186828613e+00
5.665786564350128174e-03
3.296748399734497070e-01
2.096610784530639648e+00
-2.225036144256591797e+00
-1.682869911193847656e+00
-4.869827628135681152e-01
1.478102207183837891e+00
-4.509578347206115723e-01
9.296433925628662109e-01
-4.690257906913757324e-01
-2.847479879856109619e-01
-3.577767372131347656e+00
2.549228668212890625e+00
-4.272603094577789307e-01
-2.909973263740539551e-01
-2.506692409515380859e+00
-1.221223950386047363e+00
4.420999526977539062e+00
-5.902932882308959961e-01
-1.080296635627746582e+00
4.396401405334472656e+00
7.021241188049316406e-01
1.577790498733520508e+00
5.000000000000000000e+00
3.726068735122680664e-01
2.104471027851104736e-01
3.832089900970458984e+00
-7.792784571647644043e-01
4.646150588989257812e+00
-1.664823770523071289e+00
3.117949008941650391e+00
4.691924571990966797e+00
3.740226328372955322e-01
9.562895298004150391e-01
1.275876045227050781e+00
-2.787897348403930664e+00
-9.082913398742675781e-03
3.172188758850097656e+00
2.081092357635498047e+00
3.166506290435791016e+00
-2.356141805648803711e-03
5.000000000000000000e+00
1.628480911254882812e+00
-2.733478307723999023e+00
-4.348303675651550293e-01
4.165105819702148438e+00
5.000000000000000000e+00
5.000000000000000000e+00
3.845967292785644531e+00
1.556259155273437500e+00
8.537573218345642090e-01
1.420648396015167236e-01
1.927337050437927246e+00
8.021197319030761719e-01
3.527695894241333008e+00
5.168890357017517090e-01
-2.288252115249633789e-02
8.288419246673583984e-01
1.908399224281311035e+00
-2.749404907226562500e+00
-1.745942831039428711e-01
-1.155806303024291992e+00
4.477118492126464844e+00
1.958646178245544434e+00
4.176204681396484375e+00
2.924448966979980469e+00
5.000000000000000000e+00
-1.514873802661895752e-01
5.000000000000000000e+00
-8.568686246871948242e-01
5.732280611991882324e-01
7.157906889915466309e-02
2.684298753738403320e+00
3.383454799652099609e+00
-2.295990943908691406e+00
5.000000000000000000e+00
1.842721223831176758e+00
2.150036096572875977e+00
-4.970549941062927246e-01
3.687995195388793945e+00
-1.129111528396606445e+00
-4.320213198661804199e-02
2.797419548034667969e+00
5.000000000000000000e+00
1.290983438491821289e+00
-1.780363798141479492e+00
-1.035950899124145508e+00
-1.832399368286132812e+00
1.741508960723876953e+00
5.000000000000000000e+00
-2.219641208648681641e+00
2.094321250915527344e+00
1.393157243728637695e-02
-8.031347393989562988e-01
7.179376482963562012e-01
3.027661323547363281e+00
2.298542499542236328e+00
1.173512935638427734e+00
-1.976566910743713379e+00
4.137247562408447266e+00
1.827123880386352539e+00
4.518682479858398438e+00
4.075133800506591797e-01
4.736589431762695312e+00
5.000000000000000000e+00
-3.581966161727905273e-01
2.627447128295898438e+00
6.144417524337768555e-01
1.051636934280395508e-01
3.884012460708618164e+00
-7.485105395317077637e-01
1.667131423950195312e+00
4.382144927978515625e+00
-2.006497085094451904e-01
6.484341621398925781e-02
1.437299251556396484e+00
4.378706932067871094e+00
7.338094711303710938e-01
3.041912317276000977e+00
-2.164913415908813477e+00
-1.067759275436401367e+00
-6.950778961181640625e-01
5.000000000000000000e+00
4.369974136352539062e-01
5.000000000000000000e+00
-1.782709956169128418e+00
5.000000000000000000e+00
-4.624497294425964355e-01
-9.258881211280822754e-01
3.164676189422607422e+00
4.965235233306884766e+00
-1.080432534217834473e+00
4.932607173919677734e+00
1.918078660964965820e+00
2.041416645050048828e+00
3.268783569335937500e+00
-1.506128311157226562e+00
2.660924792289733887e-01
2.196037054061889648e+00
-5.964902639389038086e-01
-1.571500778198242188e+00
-1.671509742736816406e-01
4.472059726715087891e+00
5.000000000000000000e+00
2.560030221939086914e-01
-2.395635128021240234e+00
4.741576671600341797e+00
-3.416731059551239014e-01
4.015627861022949219e+00
3.426068544387817383e+00
4.563277721405029297e+00
-3.653160095214843750e+00
2.830731630325317383e+00
1.499757468700408936e-01
-5.750857591629028320e-01
6.171032190322875977e-01
2.193769931793212891e+00
-9.044968485832214355e-01
2.567853331565856934e-01
-1.577975988388061523e+00
1.662659883499145508e+00
1.281189203262329102e+00
4.689505100250244141e+00
5.000000000000000000e+00
5.625037550926208496e-01
1.289072275161743164e+00
4.452507972717285156e+00
5.000000000000000000e+00
-5.401477813720703125e-01
3.911171674728393555e+00
3.066887140274047852e+00
5.000000000000000000e+00
-4.778794944286346436e-01
4.218856811523437500e+00
5.000000000000000000e+00
1.638427376747131348e-01
4.862868309020996094e+00
3.293780982494354248e-01
2.689225196838378906e+00
1.884420663118362427e-01
2.358207553625106812e-01
-2.513663053512573242e+00
5.000000000000000000e+00
-8.290040493011474609e-01
3.067827224731445312e+00
-7.339251041412353516e-01
2.427063584327697754e-01
3.204359769821166992e+00
5.000000000000000000e+00
5.000000000000000000e+00
-7.776554822921752930e-01
3.134311914443969727e+00
-1.730493903160095215e-01
-2.271809577941894531e+00
1.392281055450439453e+00
4.225611686706542969e+00
5.000000000000000000e+00
-1.995572328567504883e+00
-3.192155063152313232e-01
