-2.694945812225341797e+00
-1.972316026687622070e+00
2.002511024475097656e+00
1.445093631744384766e+00
-1.692260205745697021e-01
-2.486277967691421509e-01
-5.260891318321228027e-01
4.440851211547851562e+00
-7.528398633003234863e-01
-1.333779811859130859e+00
3.935293674468994141e+00
3.022297620773315430e+00
2.923781394958496094e+00
2.260791063308715820e+00
5.124332904815673828e-01
3.441982507705688477e+00
4.771083831787109375e+00
1.148065328598022461e+00
1.488300442695617676e+00
5.000000000000000000e+00
4.643249511718750000e+00
5.158737897872924805e-01
2.481299400329589844e+00
4.288135528564453125e+00
2.494558095932006836e+00
-3.458524644374847412e-01
3.160738945007324219e+00
1.498711585998535156e+00
5.000000000000000000e+00
-8.740208148956298828e-01
-1.775654077529907227e+00
-1.547066807746887207e+00
-5.184810161590576172e-01
-1.267563939094543457e+00
-3.039896488189697266e-01
5.000000000000000000e+00
5.000000000000000000e+00
4.037060737609863281e+00
-5.803978443145751953e-02
3.036323547363281250e+00
2.180397272109985352e+00
-8.441599011421203613e-01
-1.420779824256896973e-01
-1.828827500343322754e+00
-1.537230849266052246e+00
1.452193021774291992e+00
1.129475712776184082e+00
5.000000000000000000e+00
-2.044214725494384766e+00
4.688437461853027344e+00
3.714638710021972656e+00
8.400885462760925293e-01
2.026351213455200195e+00
2.266396045684814453e+00
-6.222298741340637207e-02
5.000000000000000000e+00
4.170301437377929688e+00
3.970424175262451172e+00
4.998844146728515625e+00
4.425765037536621094e+00
4.965631961822509766e+00
3.382343769073486328e+00
-2.074379920959472656e+00
-1.070655584335327148e-01
-3.661674857139587402e-01
4.573577404022216797e+00
2.292023181915283203e+00
-3.181739151477813721e-01
-9.306544661521911621e-01
2.651149511337280273e+00
-4.193768203258514404e-01
-2.670011818408966064e-01
4.305233001708984375e+00
2.634464502334594727e+00
2.354524374008178711e+00
2.920852184295654297e+00
3.094233274459838867e+00
7.500237226486206055e-02
2.203799247741699219e+00
3.447412967681884766e+00
-1.347725629806518555e+00
-1.235023498535156250e+00
2.145948648452758789e+00
2.015788793563842773e+00
5.000000000000000000e+00
4.093996047973632812e+00
1.410321354866027832e+00
5.000000000000000000e+00
-1.281305313110351562e+00
-3.664530217647552490e-01
-1.960847377777099609e+00
-1.130212306976318359e+00
3.719738960266113281e+00
-5.696058869361877441e-01
8.975566625595092773e-01
5.000000000000000000e+00
4.533442497253417969e+00
5.000000000000000000e+00
-5.066385865211486816e-01
1.966321229934692383e+00
8.881269693374633789e-01
5.000000000000000000e+00
2.610440731048583984e+00
3.243665218353271484e+00
3.294627189636230469e+00
4.808428764343261719e+00
1.142827272415161133e+00
-4.989967346191406250e-01
1.643128395080566406e+00
-8.014292120933532715e-01
1.258996009826660156e+00
-2.345256209373474121e-01
3.506896972656250000e+00
-9.594979286193847656e-01
1.665409803390502930e+00
1.372626423835754395e-01
6.210813522338867188e-01
4.541953563690185547e+00
-1.504302740097045898e+00
-1.947634220123291016e+00
-4.236410260200500488e-01
5.000000000000000000e+00
-7.016893625259399414e-01
5.000000000000000000e+00
-2.618756294250488281e+00
4.736323952674865723e-01
5.000000000000000000e+00
5.000000000000000000e+00
6.264635920524597168e-02
1.652781248092651367e+00
4.810142993927001953e+00
2.186455428600311279e-01
8.217667341232299805e-01
2.163491249084472656e+00
-2.600486755371093750e+00
2.028312683105468750e+00
-4.967898130416870117e-01
2.131694316864013672e+00
3.982316255569458008e-01
-2.536745071411132812e+00
8.776396512985229492e-01
3.105474472045898438e+00
1.821450471878051758e+00
3.288625478744506836e+00
-1.535800457000732422e+00
3.903817892074584961e+00
6.229858994483947754e-01
-8.656568527221679688e-01
-1.551961898803710938e+00
-9.517520070075988770e-01
-5.970898270606994629e-01
2.128253459930419922e+00
9.136663675308227539e-01
2.234703540802001953e+00
3.951152801513671875e+00
4.212860584259033203e+00
-4.366064667701721191e-01
4.745933532714843750e+00
4.769079089164733887e-01
4.526862621307373047e+00
2.970345020294189453e-01
-1.360716819763183594e+00
1.940384507179260254e+00
6.021150350570678711e-01
1.442524433135986328e+00
4.621545314788818359e+00
-2.995964288711547852e-01
4.637769699096679688e+00
-1.142471551895141602e+00
2.343069791793823242e+00
4.080807685852050781e+00
5.000000000000000000e+00
2.700877189636230469e-02
5.000000000000000000e+00
5.393659472465515137e-01
3.930634021759033203e+00
-1.133002281188964844e+00
5.000000000000000000e+00
-6.609559059143066406e-01
-2.252983450889587402e-01
-7.343941330909729004e-01
1.897730827331542969e+00
2.673379898071289062e+00
1.236989021301269531e+00
2.089487075805664062e+00
5.000000000000000000e+00
5.000000000000000000e+00
2.004479408264160156e+00
-1.061252802610397339e-01
-1.987622618675231934e+00
-7.670413255691528320e-01
2.859431266784667969e+00
3.298488616943359375e+00
-1.571690440177917480e-01
2.895557880401611328e-02
8.602463006973266602e-01
2.813644170761108398e+00
5.000000000000000000e+00
-1.440825939178466797e+00
2.700217366218566895e-01
3.448595523834228516e+00
5.000000000000000000e+00
4.207407951354980469e+00
-5.123589038848876953e-01
-1.908943414688110352e+00
-1.203980922698974609e+00
3.689838171005249023e+00
2.385900259017944336e+00
2.092387676239013672e+00
2.463126897811889648e+00
5.000000000000000000e+00
2.376224994659423828e+00
-1.991552591323852539e+00
5.000000000000000000e+00
3.128598928451538086e+00
-1.837215781211853027e+00
-8.808699250221252441e-02
-3.592628240585327148e-02
-1.785146117210388184e+00
4.879051446914672852e-01
5.519580841064453125e-02
1.389120936393737793e+00
-1.262341260910034180e+00
2.723750591278076172e+00
9.029930233955383301e-01
-1.858270764350891113e+00
9.022586941719055176e-01
-1.479835391044616699e+00
5.000000000000000000e+00
6.526626646518707275e-02
1.756825208663940430e+00
5.000000000000000000e+00
2.556431770324707031e+00
-3.719426393508911133e-01
1.354099988937377930e+00
2.763718128204345703e+00
3.219386816024780273e+00
-3.232735991477966309e-01
-2.820726633071899414e-01
3.155722379684448242e+00
1.246887445449829102e-02
5.000000000000000000e+00
-1.847888350486755371e+00
8.356454968452453613e-01
2.067552566528320312e+00
4.869654774665832520e-01
9.370932579040527344e-01
2.763802528381347656e+00
1.997917652130126953e+00
2.189902544021606445e+00
-1.135235548019409180e+00
9.380142688751220703e-01
-1.730207204818725586e+00
3.294042825698852539e+00
-1.210448503494262695e+00
-4.012381434440612793e-01
2.933173418045043945e+00
-6.155073642730712891e-02
1.913612842559814453e+00
-2.915777206420898438e+00
-5.275954008102416992e-01
1.035993814468383789e+00
2.799186468124389648e+00
8.721120357513427734e-01
7.177836894989013672e-01
-1.231576919555664062e+00
-6.029417514801025391e-01
5.449520945549011230e-01
1.232972860336303711e+00
-5.671314597129821777e-01
2.377516984939575195e+00
2.234159231185913086e+00
1.756959557533264160e+00
5.000000000000000000e+00
-1.021163702011108398e+00
9.550721645355224609e-01
3.925199747085571289e+00
4.752764701843261719e+00
-1.237650513648986816e+00
-3.952687382698059082e-01
-5.670483708381652832e-01
-6.956022977828979492e-01
-1.056616902351379395e-01
2.114650249481201172e+00
-1.091684222221374512e+00
3.741441369056701660e-01
-2.395304918289184570e+00
-6.726256608963012695e-01
9.375298619270324707e-01
-1.768681883811950684e+00
3.926441669464111328e+00
1.504199743270874023e+00
-3.390243053436279297e-01
6.315425634384155273e-01
3.302145242691040039e+00
-6.270910501480102539e-01
-8.112599849700927734e-01
3.437680244445800781e+00
2.252542495727539062e+00
4.912599563598632812e+00
-1.438675284385681152e+00
4.326705932617187500e+00
1.375788152217864990e-01
1.694169163703918457e+00
1.009162068367004395e-01
5.000000000000000000e+00
-2.257455348968505859e+00
-3.358123898506164551e-01
5.000000000000000000e+00
-2.344301939010620117e-01
-2.863228321075439453e-01
5.000000000000000000e+00
5.000000000000000000e+00
-1.149913072586059570e-01
5.287957191467285156e-01
-7.236188650131225586e-01
1.926828920841217041e-01
-1.995571136474609375e+00
5.000000000000000000e+00
4.614449501037597656e+00
6.963945031166076660e-01
1.263452053070068359e+00
4.006123065948486328e+00
1.155638098716735840e+00
-1.878905534744262695e+00
-1.045879125595092773e-01
3.649094581604003906e+00
-1.103366613388061523e-01
-8.295941352844238281e-02
4.157846450805664062e+00
5.000000000000000000e+00
1.407212972640991211e+00
-6.940426230430603027e-01
2.600220203399658203e+00
1.759518146514892578e+00
4.178054928779602051e-01
8.907065987586975098e-01
8.167886137962341309e-01
2.683919906616210938e+00
2.189210176467895508e+00
5.000000000000000000e+00
-1.666954398155212402e+00
3.893957614898681641e+00
-5.026063919067382812e-01
4.838644981384277344e+00
8.829527497291564941e-01
-1.868925809860229492e+00
-2.085899829864501953e+00
3.012779712677001953e+00
8.879063725471496582e-01
-2.146781444549560547e+00
5.000000000000000000e+00
-2.612427473068237305e-01
-1.642213165760040283e-01
4.635367870330810547e+00
4.376530647277832031e-03
-2.101716995239257812e+00
2.197312116622924805e+00
1.944919228553771973e+00
4.565125465393066406e+00
1.567754745483398438e+00
3.443430185317993164e+00
-4.723724722862243652e-01
-8.290624618530273438e-01
-9.687694907188415527e-01
2.243496417999267578e+00
-1.167994141578674316e+00
-6.058894395828247070e-01
-4.519559144973754883e-01
-5.590902566909790039e-01
7.850971221923828125e-01
-1.138817071914672852e+00
2.944353342056274414e+00
5.000000000000000000e+00
3.900412082672119141e+00
7.885779738426208496e-01
2.197065591812133789e+00
-1.933043241500854492e+00
3.044555187225341797e+00
-1.229289770126342773e+00
3.672430038452148438e+00
-7.592014074325561523e-01
1.242518663406372070e+00
4.168313980102539062e+00
5.000000000000000000e+00
-5.186643004417419434e-01
3.926641464233398438e+00
3.877374172210693359e+00
3.633341550827026367e+00
3.485543489456176758e+00
2.978731632232666016e+00
4.417027473449707031e+00
3.083842992782592773e-01
1.170819759368896484e+00
5.000000000000000000e+00
2.112496137619018555e+00
1.436726570129394531e+00
2.486714601516723633e+00
2.210003852844238281e+00
3.631665229797363281e+00
2.698214054107666016e+00
5.000000000000000000e+00
-8.460003137588500977e-01
1.067687511444091797e+00
3.776658058166503906e+00
-9.078041911125183105e-01
5.000000000000000000e+00
-1.794932365417480469e+00
2.277934074401855469e+00
-1.317707300186157227e+00
-1.890010684728622437e-01
2.586640715599060059e-01
5.000000000000000000e+00
3.292231082916259766e+00
4.879703521728515625e+00
-1.825965046882629395e+00
3.405309200286865234e+00
5.374968051910400391e-02
4.315818309783935547e+00
-1.990538120269775391e+00
4.726997375488281250e+00
-9.478390216827392578e-02
-5.008280277252197266e-01
-2.114313244819641113e-01
3.014889240264892578e+00
5.000000000000000000e+00
6.783455610275268555e-01
5.000000000000000000e+00
5.000000000000000000e+00
1.753772377967834473e+00
1.668383479118347168e-01
-4.404960870742797852e-01
4.017454147338867188e+00
5.000000000000000000e+00
1.106924533843994141e+00
4.968582630157470703e+00
5.000000000000000000e+00
-1.009822785854339600e-01
1.048747420310974121e+00
-2.747582674026489258e+00
4.916177749633789062e+00
3.039676904678344727e+00
2.044175624847412109e+00
4.595996856689453125e+00
-1.535700559616088867e+00
-2.362799644470214844e+00
-2.622457265853881836e+00
1.020170748233795166e-01
-1.985734939575195312e+00
5.749758481979370117e-01
2.246753275394439697e-01
4.432365417480468750e+00
-1.555754780769348145e+00
3.477107286453247070e+00
5.000000000000000000e+00
4.093166351318359375e+00
5.000000000000000000e+00
-9.211724400520324707e-01
-4.661633968353271484e-01
2.465548992156982422e+00
-3.531507849693298340e-01
3.724626541137695312e+00
4.805358409881591797e+00
7.669017314910888672e-01
1.768633365631103516e+00
-1.878853082656860352e+00
3.686363697052001953e-01
-1.118339776992797852e+00
3.018206954002380371e-01
5.000000000000000000e+00
1.265904307365417480e+00
5.000000000000000000e+00
2.697021961212158203e-01
-9.442304968833923340e-01
-1.054478645324707031e+00
-1.558502674102783203e+00
3.924310207366943359e-01
2.594286918640136719e+00
4.802114009857177734e+00
-5.790748000144958496e-01
1.776294708251953125e+00
-9.944120645523071289e-01
1.571886777877807617e+00
-3.767373263835906982e-01
-1.284954905509948730e+00
-6.842823624610900879e-01
2.855985879898071289e+00
-7.298216819763183594e-01
1.577994704246520996e+00
3.567152023315429688e+00
1.526508092880249023e+00
1.286422610282897949e+00
3.983518779277801514e-01
3.914872407913208008e+00
-8.635312318801879883e-02
2.049427986145019531e+00
2.711625099182128906e+00
1.580972552299499512e+00
5.000000000000000000e+00
1.624898195266723633e+00
5.000000000000000000e+00
1.543594002723693848e+00
-1.904552936553955078e+00
-6.947559118270874023e-01
-1.667385458946228027e+00
-8.885418176651000977e-01
3.299870729446411133e+00
4.460267543792724609e+00
7.582017779350280762e-01
5.000000000000000000e+00
2.309160232543945312e+00
1.417868256568908691e+00
-1.575205922126770020e-01
-7.570138573646545410e-01
3.260250091552734375e-01
-2.683557987213134766e+00
4.398107528686523438e-03
-1.258954644203186035e+00
3.379346132278442383e+00
9.819248318672180176e-01
4.579211235046386719e+00
3.224046707153320312e+00
1.040887832641601562e+00
4.219130516052246094e+00
5.000000000000000000e+00
1.705997824668884277e+00
-2.554404973983764648e+00
-3.355565547943115234e+00
3.397397994995117188e+00
4.327691197395324707e-01
2.618989706039428711e+00
4.447066307067871094e+00
-7.892549633979797363e-01
4.506105422973632812e+00
4.853393554687500000e+00
1.687267541885375977e+00
2.600728034973144531e+00
8.608492016792297363e-01
-1.385401248931884766e+00
5.000000000000000000e+00
4.658614158630371094e+00
-6.174324154853820801e-01
4.386740207672119141e+00
3.432279586791992188e+00
4.498874664306640625e+00
1.478442668914794922e+00
2.533646583557128906e+00
4.535056114196777344e+00
-2.359639167785644531e+00
1.274345397949218750e+00
4.444812297821044922e+00
-1.020269989967346191e+00
1.585922479629516602e+00
2.025768518447875977e+00
3.917529582977294922e+00
2.302805423736572266e+00
-4.446462392807006836e-01
-5.522493124008178711e-01
4.712206840515136719e+00
-9.717515110969543457e-01
5.000000000000000000e+00
3.139521598815917969e+00
4.181514739990234375e+00
-1.653187274932861328e+00
-5.657985806465148926e-02
3.626215934753417969e+00
2.117201089859008789e+00
2.533781766891479492e+00
2.834143400192260742e+00
-2.722317874431610107e-01
9.938070178031921387e-02
5.000000000000000000e+00
1.171094655990600586e+00
3.394876003265380859e+00
7.060164213180541992e-02
2.821586370468139648e+00
2.598753929138183594e+00
-7.519857287406921387e-01
7.664040327072143555e-01
2.810580730438232422e+00
-4.157626628875732422e-01
4.438733577728271484e+00
2.186307609081268311e-01
-4.694490909576416016e+00
-4.866682887077331543e-01
2.214853286743164062e+00
4.994166851043701172e+00
3.079079151153564453e+00
-1.070859193801879883e+00
1.216218829154968262e+00
5.000000000000000000e+00
3.386202573776245117e+00
-8.863598704338073730e-01
1.166567206382751465e-01
5.000000000000000000e+00
-1.997459530830383301e-01
-8.722526431083679199e-01
-1.078453540802001953e+00
-1.331695795059204102e+00
2.429921865463256836e+00
2.887841939926147461e+00
5.000000000000000000e+00
5.000000000000000000e+00
-6.319115161895751953e-01
5.000000000000000000e+00
3.750145912170410156e+00
1.339040637016296387e+00
-4.432320594787597656e-01
-1.451377153396606445e+00
1.446198225021362305e+00
1.646428406238555908e-01
-9.687536358833312988e-01
-1.370419263839721680e+00
-2.560428678989410400e-01
2.986710071563720703e+00
5.000000000000000000e+00
3.415770053863525391e+00
5.000000000000000000e+00
2.340538978576660156e+00
1.590732693672180176e+00
5.000000000000000000e+00
3.913502216339111328e+00
3.216781616210937500e+00
1.562094688415527344e+00
-2.346292734146118164e+00
4.489023208618164062e+00
1.994851231575012207e+00
-1.624926567077636719e+00
4.938427448272705078e+00
4.303041934967041016e+00
4.838791847229003906e+00
-7.193235158920288086e-01
2.347949028015136719e+00
3.724968433380126953e+00
2.181067466735839844e+00
-1.390711784362792969e+00
1.799137830734252930e+00
-3.434324264526367188e-02
-5.631060600280761719e-01
3.208197593688964844e+00
8.482670783996582031e-01
5.000000000000000000e+00
7.944013476371765137e-01
-5.486374497413635254e-01
1.021616458892822266e-01
-2.350885629653930664e+00
1.327867388725280762e+00
3.328485727310180664e+00
4.916464805603027344e+00
1.441932320594787598e-01
5.000000000000000000e+00
-8.929022550582885742e-01
3.727050304412841797e+00
-2.578725337982177734e+00
2.463128089904785156e+00
9.513368010520935059e-01
-5.335688591003417969e-01
1.586982369422912598e+00
4.534341812133789062e+00
5.000000000000000000e+00
1.636408805847167969e+00
2.346774101257324219e+00
3.498313903808593750e+00
2.788978099822998047e+00
5.000000000000000000e+00
-1.199109077453613281e+00
4.772146224975585938e+00
-1.057642221450805664e+00
2.215459346771240234e+00
-1.695248842239379883e+00
4.037272930145263672e-01
-4.768965244293212891e-01
-3.840534090995788574e-01
-1.943184733390808105e+00
5.000000000000000000e+00
4.778781890869140625e+00
-6.243100762367248535e-01
-8.922084569931030273e-01
-1.128241419792175293e-02
1.189901709556579590e+00
5.000000000000000000e+00
3.855962753295898438e-01
6.007903814315795898e-02
-6.252387762069702148e-01
6.557774543762207031e-02
7.959958314895629883e-01
5.000000000000000000e+00
9.712261557579040527e-01
5.000000000000000000e+00
2.468152761459350586e+00
-6.543452739715576172e-01
5.000000000000000000e+00
5.000000000000000000e+00
