-6.451408863067626953e-01
-2.093967914581298828e+00
-1.685751914978027344e+00
-2.380344390869140625e+00
2.246417522430419922e+00
-5.424007773399353027e-01
-1.376421749591827393e-01
4.469662904739379883e-02
-6.965944170951843262e-01
-8.237822055816650391e-01
-1.467828035354614258e+00
-1.186010241508483887e-02
-3.331895589828491211e+00
-4.888824522495269775e-01
5.686808824539184570e-01
-6.931691765785217285e-01
2.100213766098022461e-01
6.627962589263916016e-01
-2.024373531341552734e+00
1.435677289962768555e+00
-4.721025228500366211e-01
-1.731376171112060547e+00
-3.016740679740905762e-01
2.109521865844726562e+00
-1.708527445793151855e+00
-5.870979428291320801e-01
-5.927757024765014648e-01
6.899328231811523438e-01
-2.919931411743164062e+00
-2.476219177246093750e+00
-1.726652622222900391e+00
-1.314406037330627441e+00
1.002807378768920898e+00
-1.593589186668395996e+00
3.549804687500000000e-01
-1.032057762145996094e+00
1.017233848571777344e+00
-7.695038318634033203e-01
4.971693158149719238e-01
8.706402778625488281e-01
2.143152236938476562e+00
-1.696175098419189453e+00
-3.625341653823852539e-01
-1.376982569694519043e+00
-3.636422872543334961e+00
8.992946147918701172e-02
-4.543716907501220703e-01
-2.307953834533691406e-01
9.764720797538757324e-01
4.530105292797088623e-01
1.028409361839294434e+00
-1.920968174934387207e+00
-1.792482137680053711e+00
-1.120016932487487793e+00
-5.021389722824096680e-01
-1.071362495422363281e+00
8.541226387023925781e-03
1.707358956336975098e-01
4.090566337108612061e-01
-1.412316441535949707e+00
-6.590881347656250000e-01
-2.620151996612548828e+00
-9.869129657745361328e-01
-1.929067969322204590e-01
-1.996611118316650391e+00
-1.402256488800048828e+00
-2.083779811859130859e+00
-9.174610376358032227e-01
-9.820623397827148438e-01
-3.255455493927001953e+00
-1.551388025283813477e+00
-1.492242336273193359e+00
-7.909016013145446777e-01
-3.207439422607421875e+00
2.095538377761840820e-01
-1.376087427139282227e+00
-7.149282097816467285e-01
-4.341605007648468018e-01
5.180083513259887695e-01
4.013354480266571045e-01
6.716706752777099609e-01
-2.396871089935302734e+00
4.422608613967895508e-01
-7.661846876144409180e-01
-4.620944857597351074e-01
-2.067777395248413086e+00
-2.146596908569335938e+00
-2.263599395751953125e+00
1.511091947555541992e+00
-9.683465957641601562e-01
-2.941946506500244141e+00
-1.764123558998107910e+00
-1.590048432350158691e+00
-2.135485410690307617e-02
7.200810313224792480e-01
-1.578459978103637695e+00
-1.865270256996154785e+00
-1.016886591911315918e+00
-3.692329823970794678e-01
-2.960140466690063477e+00
-2.045263767242431641e+00
2.745326459407806396e-01
-2.781219482421875000e-01
-1.485798358917236328e+00
6.395685672760009766e-02
-3.393664360046386719e-01
-2.028205394744873047e+00
-1.371993184089660645e+00
-8.549311161041259766e-01
1.054397702217102051e+00
1.305857896804809570e-01
-8.634344935417175293e-01
1.350109130144119263e-01
-1.937750279903411865e-01
-1.513002395629882812e+00
-7.209039330482482910e-01
-1.617049932479858398e+00
-7.746762037277221680e-01
-8.501532673835754395e-02
-9.177917242050170898e-01
-8.874953985214233398e-01
-9.075025916099548340e-01
-2.529126644134521484e+00
-4.888457059860229492e-02
-1.775034427642822266e+00
-4.824471473693847656e-02
5.397485494613647461e-01
-8.856078982353210449e-02
7.951122522354125977e-01
-3.035784482955932617e+00
-2.290539264678955078e+00
-2.289363622665405273e+00
-2.733571767807006836e+00
-6.370690464973449707e-01
-3.072386026382446289e+00
-1.801028728485107422e+00
2.295740842819213867e+00
1.973499655723571777e-01
-4.556726515293121338e-01
-1.635419368743896484e+00
-2.638496756553649902e-01
-5.547648668289184570e-02
-5.136686563491821289e-02
-1.710980296134948730e+00
-9.471724629402160645e-01
-1.115366935729980469e+00
-2.285752534866333008e+00
-2.274218797683715820e-01
-1.047291278839111328e+00
-2.677818536758422852e+00
-1.501023769378662109e-01
-7.119834423065185547e-01
-8.430843353271484375e-01
8.084604740142822266e-01
-2.012910604476928711e+00
-1.890745520591735840e+00
-9.085375070571899414e-01
-2.039767265319824219e+00
-2.450214385986328125e+00
-1.973201632499694824e+00
2.791104614734649658e-01
-1.438530206680297852e+00
-1.524861931800842285e+00
-1.095650196075439453e-01
-1.418514251708984375e-01
-2.019178152084350586e+00
-1.737140536308288574e+00
-1.538286447525024414e+00
1.099573016166687012e+00
-3.720278263092041016e+00
4.878330230712890625e-02
-8.113119602203369141e-01
-9.540094733238220215e-01
-1.321029782295227051e+00
-4.711804687976837158e-01
-5.789991021156311035e-01
-2.475328445434570312e-01
-9.006261825561523438e-01
-8.933523893356323242e-01
7.672698497772216797e-01
-1.745693385601043701e-01
4.265230894088745117e-02
-1.951034665107727051e-01
-1.794946432113647461e+00
-6.074452996253967285e-01
-1.379528522491455078e+00
1.015962362289428711e+00
5.285488367080688477e-01
-1.367950141429901123e-01
-1.587679982185363770e-01
2.436782419681549072e-01
-8.443952202796936035e-01
-4.972341358661651611e-01
-3.424674868583679199e-01
-7.083856463432312012e-01
-3.966644406318664551e-01
1.936532497406005859e+00
-9.463111162185668945e-01
-1.119220972061157227e+00
-6.593524217605590820e-01
-3.232382535934448242e+00
-3.194751143455505371e-01
-2.773287296295166016e-01
-2.517568111419677734e+00
-2.678762972354888916e-01
-7.904047369956970215e-01
-1.448776602745056152e+00
-4.862649738788604736e-01
-2.560763120651245117e+00
8.709745407104492188e-01
-1.064795136451721191e+00
-1.249197006225585938e+00
-1.095362901687622070e+00
4.290624856948852539e-01
-2.894223213195800781e+00
7.611870765686035156e-02
9.720610380172729492e-01
4.094914495944976807e-01
-1.216570496559143066e+00
-3.888568878173828125e+00
1.666865944862365723e+00
8.267335295677185059e-01
2.209585309028625488e-01
-1.140929162502288818e-01
-6.967048645019531250e-01
-8.452340364456176758e-01
-2.291521072387695312e+00
6.401770114898681641e-01
-5.622645020484924316e-01
-6.612831950187683105e-01
-1.640219092369079590e-01
-9.946690201759338379e-01
-1.457407593727111816e+00
-5.850532054901123047e-01
-1.858475804328918457e-01
-8.177158236503601074e-01
-1.711177587509155273e+00
1.601064205169677734e-02
-9.969910383224487305e-01
-2.164952278137207031e+00
-1.345197916030883789e+00
2.408987581729888916e-01
1.558610200881958008e-01
-4.089975357055664062e-02
-1.083911299705505371e+00
-1.248978614807128906e+00
-4.726378917694091797e-01
-1.221998333930969238e+00
1.257359981536865234e+00
1.357535123825073242e+00
-4.243168830871582031e-01
6.673066020011901855e-01
3.302847743034362793e-01
-2.358813762664794922e+00
-2.403756618499755859e+00
3.048503398895263672e-02
-2.037993907928466797e+00
-1.254598379135131836e+00
-9.697037339210510254e-01
9.461297988891601562e-01
-1.172940731048583984e+00
-8.598715662956237793e-01
1.344826221466064453e-01
2.192580103874206543e-01
-1.821554303169250488e+00
-6.816741228103637695e-01
-2.455506324768066406e+00
-2.456525325775146484e+00
-3.608003854751586914e-01
-1.921927213668823242e+00
-2.592357099056243896e-01
5.330651998519897461e-03
5.628982782363891602e-01
-1.322154521942138672e+00
-1.907539367675781250e+00
1.132001042366027832e+00
5.728892087936401367e-01
1.356204986572265625e+00
-1.701263546943664551e+00
-2.786314725875854492e+00
-1.468977928161621094e-01
6.366268396377563477e-01
-8.100390434265136719e-02
-6.110219955444335938e-01
3.772453665733337402e-01
-6.791996359825134277e-01
-5.083553791046142578e-01
-2.148574590682983398e-02
-4.089252352714538574e-01
-2.482058525085449219e+00
1.647226512432098389e-01
-2.840201377868652344e+00
-1.705086231231689453e-01
-3.205525279045104980e-01
-7.670403718948364258e-01
-1.052572250366210938e+00
-1.846210658550262451e-01
-1.017421364784240723e+00
-1.607770919799804688e+00
-3.378603458404541016e-01
4.136553406715393066e-01
-1.355666160583496094e+00
-9.546782970428466797e-01
-5.361215472221374512e-01
-1.057993173599243164e+00
-1.229359388351440430e+00
-9.320834875106811523e-01
-3.110302388668060303e-01
-1.165499210357666016e+00
1.147865414619445801e+00
-2.108154296875000000e+00
1.692275285720825195e+00
1.349327564239501953e+00
-1.533812284469604492e+00
3.886527121067047119e-01
-8.383684754371643066e-01
-2.760911881923675537e-01
-1.879186153411865234e+00
-5.264090895652770996e-01
-4.659295082092285156e-03
-1.876229643821716309e+00
2.244368076324462891e+00
-4.044794440269470215e-01
2.229108214378356934e-01
-4.162965714931488037e-01
7.172158956527709961e-01
-1.832609176635742188e+00
-5.935312509536743164e-01
3.396099805831909180e-02
-1.533597707748413086e+00
-2.365757822990417480e-01
-1.226847410202026367e+00
3.210196495056152344e-01
-4.768075048923492432e-01
-3.322463035583496094e-01
-1.470124721527099609e-01
2.698447704315185547e-01
-1.526514291763305664e+00
-4.430785775184631348e-01
1.141645908355712891e+00
-1.704575538635253906e+00
-1.471371650695800781e+00
-9.199346899986267090e-01
-9.240448474884033203e-02
-1.588296651840209961e+00
1.101859569549560547e+00
-1.418460607528686523e+00
-1.480822563171386719e+00
9.045493602752685547e-02
-2.220131635665893555e+00
3.177359104156494141e-01
4.599165022373199463e-01
-9.465215206146240234e-01
1.875547468662261963e-01
-2.115291357040405273e+00
7.746742367744445801e-01
8.798139095306396484e-01
-2.305094003677368164e-01
-1.253126621246337891e+00
-9.011197090148925781e-01
-7.856662869453430176e-01
-1.745299339294433594e+00
2.109860181808471680e-01
-6.455925703048706055e-01
2.843533158302307129e-01
1.019590377807617188e+00
-2.039422988891601562e-01
-1.165116071701049805e+00
-7.027616500854492188e-01
-1.672114133834838867e+00
-1.292677283287048340e+00
-3.900131583213806152e-01
7.343704104423522949e-01
1.213490843772888184e+00
-7.043040394783020020e-01
-1.238075256347656250e+00
-4.924832880496978760e-01
-7.006874084472656250e-01
-9.378639459609985352e-01
-1.084648489952087402e+00
2.109855651855468750e+00
4.939653873443603516e-01
-1.674775838851928711e+00
-1.598197460174560547e+00
6.597664356231689453e-01
-3.658269405364990234e+00
9.189615249633789062e-01
-6.914663314819335938e-01
-1.020076274871826172e+00
7.407026290893554688e-01
-1.304331302642822266e+00
-1.660731911659240723e+00
-6.798049211502075195e-01
-2.906928062438964844e-01
-1.527360200881958008e+00
9.534450173377990723e-01
2.299398660659790039e+00
-8.795115947723388672e-01
-1.292550563812255859e+00
-1.466321706771850586e+00
-4.540328681468963623e-01
-6.350166797637939453e-01
-2.717597484588623047e-01
2.842855453491210938e-01
-1.554148435592651367e+00
-1.391293525695800781e+00
-1.207772254943847656e+00
-1.702691316604614258e+00
7.089186906814575195e-01
-2.397532463073730469e+00
-1.546539068222045898e-01
1.419212102890014648e+00
-8.248978853225708008e-01
-3.320445716381072998e-01
-3.659093379974365234e-01
-3.699073195457458496e-01
-2.286824703216552734e+00
-2.906184196472167969e+00
-8.717973828315734863e-01
1.349151134490966797e-02
-2.145803213119506836e+00
-1.558966875076293945e+00
2.830429673194885254e-01
-8.625979423522949219e-01
3.677448034286499023e-01
-2.257232666015625000e+00
-1.905104637145996094e+00
-8.810358047485351562e-01
-3.651946783065795898e-02
-9.747949242591857910e-01
-1.163812875747680664e+00
1.343443989753723145e-01
1.789941549301147461e+00
-2.104916334152221680e+00
-1.528210520744323730e+00
-1.199067354202270508e+00
-3.874204754829406738e-01
1.907309889793395996e-02
-1.724640607833862305e+00
-5.036133527755737305e-01
-2.831121683120727539e+00
3.726976513862609863e-01
-1.671255707740783691e+00
-1.179823398590087891e+00
-1.386700153350830078e+00
-7.950780391693115234e-01
1.216809004545211792e-01
-9.907658100128173828e-01
-2.562701702117919922e+00
1.143422648310661316e-01
-2.135831356048583984e+00
-8.604480624198913574e-01
-1.319825053215026855e-01
-1.108044385910034180e+00
-8.959852457046508789e-01
-1.866597056388854980e+00
-2.276630997657775879e-01
-1.746218681335449219e+00
-1.571236848831176758e+00
-2.043864488601684570e+00
-1.185935497283935547e+00
2.186794281005859375e-01
1.374433994293212891e+00
-4.234495460987091064e-01
-1.052300453186035156e+00
-2.052548885345458984e+00
-1.840197801589965820e+00
1.909240007400512695e+00
-8.717728257179260254e-01
1.462562382221221924e-02
-4.295103549957275391e-01
-5.055576562881469727e-01
-1.648144721984863281e+00
2.437742233276367188e+00
-1.409543991088867188e+00
-1.091831326484680176e-01
-2.424805402755737305e+00
-9.816918373107910156e-01
5.938144922256469727e-01
4.428678750991821289e-01
-2.325664460659027100e-01
-1.261110544204711914e+00
-1.158818244934082031e+00
-1.857289075851440430e+00
-1.750466108322143555e+00
5.611246824264526367e-01
6.024523377418518066e-01
5.631226301193237305e-02
-1.703785300254821777e+00
-7.237548232078552246e-01
-6.589618921279907227e-01
-7.144251465797424316e-01
8.598797917366027832e-01
-1.134562134742736816e+00
-1.850689888000488281e+00
-5.869169831275939941e-01
-3.752569854259490967e-01
1.979052305221557617e+00
-4.382058978080749512e-01
-1.488902568817138672e+00
-8.808437585830688477e-01
-1.393312454223632812e+00
-2.985513508319854736e-01
-5.717206001281738281e-01
-6.733102798461914062e-01
5.909773111343383789e-01
-6.333562135696411133e-01
-1.553546905517578125e+00
-1.618516445159912109e+00
-2.020441889762878418e-01
-1.619156241416931152e+00
-7.947235107421875000e-01
-6.978670954704284668e-01
1.440093517303466797e-01
-9.620511531829833984e-02
-3.102034926414489746e-01
-4.690772294998168945e-01
-1.667400836944580078e+00
-7.328730821609497070e-01
1.743212938308715820e-01
-1.105993986129760742e+00
-1.418669223785400391e+00
8.705614805221557617e-01
-1.918363213539123535e+00
-1.575919508934020996e+00
-2.368934631347656250e+00
-5.765610933303833008e-01
-1.449371814727783203e+00
3.141885995864868164e-02
-8.573058843612670898e-01
-2.209300041198730469e+00
-2.173660397529602051e-01
-4.362178146839141846e-01
-2.419839382171630859e+00
-1.333727002143859863e+00
-2.286030292510986328e+00
-1.971819162368774414e+00
-9.947419166564941406e-02
-2.402549266815185547e+00
-1.031309127807617188e+00
-1.688118457794189453e+00
-5.346059799194335938e-01
6.546854972839355469e-03
-4.777747988700866699e-01
-4.237881302833557129e-01
-7.574591636657714844e-01
-2.475980281829833984e+00
3.598978519439697266e-01
-1.553350925445556641e+00
-2.787954092025756836e+00
1.114576578140258789e+00
-7.221165299415588379e-01
-2.196469783782958984e+00
1.015430688858032227e-01
5.262244343757629395e-01
-1.067706823348999023e+00
3.968036174774169922e-02
-1.490888595581054688e+00
-1.345136404037475586e+00
-6.191258430480957031e-01
-8.649834990501403809e-01
7.394516468048095703e-02
1.245150268077850342e-01
-1.018381357192993164e+00
-1.063935518264770508e+00
3.249626159667968750e-01
-8.471827507019042969e-01
-1.657024025917053223e-02
-6.561328172683715820e-01
-1.598652601242065430e+00
4.946843683719635010e-01
-5.528088808059692383e-01
-7.662483453750610352e-01
-1.855984926223754883e+00
5.219268798828125000e-01
-6.426388025283813477e-01
-3.568717241287231445e-01
-1.119510173797607422e+00
-1.664449572563171387e+00
-4.172179102897644043e-01
1.649647653102874756e-01
-3.018442869186401367e+00
1.062576293945312500e+00
-5.869299173355102539e-01
-1.305006980895996094e+00
9.597970545291900635e-02
1.246771097183227539e+00
1.701196789741516113e+00
-1.683047056198120117e+00
-3.788191974163055420e-01
-2.389574050903320312e+00
-2.475606203079223633e-01
-1.142998814582824707e+00
-2.173332452774047852e+00
-5.323079824447631836e-01
-8.648309707641601562e-01
-1.103987991809844971e-01
1.981240749359130859e+00
-3.818603754043579102e-01
3.081328272819519043e-01
5.717532634735107422e-01
-1.101081848144531250e+00
1.300373673439025879e+00
-1.019923448562622070e+00
4.351812601089477539e-01
-5.021228194236755371e-01
-8.984689712524414062e-01
-1.606462955474853516e+00
-1.683157682418823242e-02
-5.029656291007995605e-01
-1.737914562225341797e+00
-6.170367002487182617e-01
-3.469992280006408691e-01
-9.222559928894042969e-01
-3.921250104904174805e-01
-1.243018388748168945e+00
-1.199187278747558594e+00
-1.533720254898071289e+00
-1.533126473426818848e+00
-6.518295407295227051e-01
1.916330337524414062e+00
-2.256356000900268555e+00
-1.639135360717773438e+00
7.318910360336303711e-01
-1.475765347480773926e+00
5.600417852401733398e-01
-1.701840162277221680e+00
-6.547081470489501953e-01
-1.774780511856079102e+00
-2.421683073043823242e+00
-9.583835601806640625e-01
-1.296058416366577148e+00
-1.078592658042907715e+00
-1.608530640602111816e+00
-1.056605935096740723e+00
-7.550084590911865234e-01
1.475283980369567871e+00
-1.880234479904174805e+00
-1.513702392578125000e+00
5.471003055572509766e-01
9.023767113685607910e-01
-8.849178552627563477e-01
-3.204518556594848633e+00
1.115991353988647461e+00
7.367734909057617188e-01
-6.054267883300781250e-01
-9.427287578582763672e-01
2.339652180671691895e-02
4.156637191772460938e-02
1.105762720108032227e-01
1.954662442207336426e+00
-6.845462322235107422e-01
-1.703505039215087891e+00
5.621038675308227539e-01
-1.024923086166381836e+00
-1.124588012695312500e+00
-1.800041675567626953e+00
-8.639295101165771484e-01
1.585485458374023438e+00
-3.590144217014312744e-01
-1.764925956726074219e+00
-2.324833273887634277e-01
-1.672682404518127441e+00
4.494448900222778320e-01
-5.168035030364990234e-01
-1.625917911529541016e+00
-9.345937967300415039e-01
-9.876237511634826660e-01
-1.223876953125000000e+00
-1.669855952262878418e+00
1.919254183769226074e+00
-8.210194706916809082e-01
-1.729497194290161133e+00
-4.299206733703613281e+00
-8.264832198619842529e-02
-8.569186329841613770e-01
-9.759597778320312500e-01
-1.383907556533813477e+00
2.783995866775512695e-02
-3.352314472198486328e+00
-1.942966222763061523e+00
5.762100219726562500e-01
-1.270461082458496094e+00
1.786311149597167969e+00
-2.831679880619049072e-01
-1.010149836540222168e+00
-6.285231113433837891e-01
-7.801249623298645020e-01
-1.664417982101440430e-01
-4.769099354743957520e-01
-2.578563451766967773e+00
-1.940863847732543945e+00
-1.170483827590942383e+00
