-1.841760873794555664e+00
-2.386614084243774414e-01
-2.593401968479156494e-01
5.692279934883117676e-01
-1.213829517364501953e+00
-1.137171864509582520e+00
-1.017270803451538086e+00
-2.520209789276123047e+00
-6.029227972030639648e-01
2.316451668739318848e-01
4.418786764144897461e-01
-2.268268585205078125e+00
-1.858918070793151855e-01
-1.540820121765136719e+00
5.498993396759033203e-02
-1.652237892150878906e+00
-1.758946418762207031e+00
-1.124984502792358398e+00
-5.294176340103149414e-01
-7.896277904510498047e-01
1.347591519355773926e+00
-3.574907779693603516e-01
-3.146662473678588867e+00
-2.067027568817138672e+00
-9.663708209991455078e-01
-1.590294480323791504e+00
-1.747751474380493164e+00
-2.163892269134521484e+00
-2.316063880920410156e+00
2.271202087402343750e+00
5.544841885566711426e-01
2.593299448490142822e-01
-2.432760953903198242e+00
-2.257822990417480469e+00
2.413547039031982422e-01
5.749410390853881836e-01
-1.346972346305847168e+00
-2.137695074081420898e+00
-8.967307806015014648e-01
1.037481546401977539e+00
5.617127418518066406e-01
-2.137434959411621094e+00
-9.104132652282714844e-03
-1.727044582366943359e-03
-1.845216035842895508e+00
3.503989875316619873e-01
-2.266400814056396484e+00
-1.036387205123901367e+00
-7.466377019882202148e-01
-9.715294837951660156e-01
-2.069362163543701172e+00
-1.007587611675262451e-01
-1.779257774353027344e+00
-1.924980878829956055e-01
-2.724364519119262695e+00
-1.340808272361755371e+00
-1.208248496055603027e+00
-1.464906930923461914e+00
-8.371368646621704102e-01
1.548660993576049805e+00
6.883643865585327148e-01
4.566675424575805664e-02
-1.319613754749298096e-01
-1.615991353988647461e+00
-1.703122735023498535e+00
-5.160350799560546875e-01
-1.317085981369018555e+00
-1.472834050655364990e-01
9.742923378944396973e-01
-1.473181962966918945e+00
-1.657450675964355469e+00
1.351252794265747070e-01
-4.531393051147460938e-01
7.099900841712951660e-01
1.316743850708007812e+00
-2.341300487518310547e+00
3.938363790512084961e-01
-1.230055809020996094e+00
1.085932493209838867e+00
-8.188119530677795410e-01
-5.655262470245361328e-01
-3.566704094409942627e-01
1.651155948638916016e-02
6.098428964614868164e-01
1.514297127723693848e-01
-1.997307777404785156e+00
-1.091270804405212402e+00
-5.707682371139526367e-01
-5.228258967399597168e-01
-2.344568967819213867e-01
-2.615222930908203125e+00
-6.496298313140869141e-01
-7.807299494743347168e-01
-1.494672894477844238e+00
-3.437460660934448242e-01
-5.540962219238281250e-01
-5.753799080848693848e-01
-1.503020524978637695e+00
-1.843283891677856445e+00
-2.541436910629272461e+00
5.621151924133300781e-01
-1.034389615058898926e+00
-1.080186009407043457e+00
-1.472025871276855469e+00
-9.499361515045166016e-01
-7.164440155029296875e-01
7.321683168411254883e-01
1.269469857215881348e+00
8.095754981040954590e-01
1.412845253944396973e-01
-2.244629383087158203e+00
8.754743337631225586e-01
-2.604178190231323242e+00
-8.822794556617736816e-01
1.329727888107299805e+00
-2.474088907241821289e+00
1.394883990287780762e-01
-2.050683498382568359e+00
7.338824272155761719e-01
-2.139437198638916016e-01
-1.564046025276184082e+00
-5.415486097335815430e-01
-9.159933328628540039e-01
-1.215465903282165527e+00
-1.192730188369750977e+00
1.862519383430480957e-01
-1.870736837387084961e+00
-1.479317784309387207e+00
-1.356015205383300781e+00
-2.064369618892669678e-01
-9.514325261116027832e-01
-8.869454264640808105e-01
-1.843746900558471680e-01
-1.001301288604736328e+00
-1.889814436435699463e-01
-1.658733248710632324e+00
-5.891289710998535156e-01
9.206114709377288818e-02
1.507035732269287109e+00
-1.513137340545654297e+00
-1.475478172302246094e+00
-1.085737943649291992e-01
-3.659984350204467773e+00
8.044457435607910156e-01
-7.273808717727661133e-01
-6.998930573463439941e-01
-1.803179979324340820e+00
-2.921987771987915039e+00
-1.124245643615722656e+00
-1.444054126739501953e+00
2.899226546287536621e-02
-5.842039585113525391e-01
-2.837810993194580078e+00
-4.442126154899597168e-01
1.578060388565063477e-01
-9.371097683906555176e-01
5.404344201087951660e-01
-1.099004745483398438e+00
9.570990204811096191e-01
-2.402544498443603516e+00
-8.746663331985473633e-01
3.278755187988281250e+00
-8.728619813919067383e-01
1.513985276222229004e+00
6.470056772232055664e-01
1.209907293319702148e+00
-1.196157097816467285e+00
-2.012647151947021484e+00
-1.828645706176757812e+00
-1.224691510200500488e+00
1.730948984622955322e-01
-2.373281717300415039e-01
-1.805367708206176758e+00
-3.296351432800292969e-01
-1.658560872077941895e+00
-1.342007756233215332e+00
-1.538062453269958496e+00
5.304348468780517578e-01
-1.829250574111938477e+00
8.764114975929260254e-02
-8.288256525993347168e-01
-1.123429894447326660e+00
-8.727213144302368164e-01
-6.389709711074829102e-01
-6.847245693206787109e-01
-3.111137151718139648e-01
-2.086522579193115234e+00
-4.688278734683990479e-01
-2.566133141517639160e-01
-9.538394212722778320e-02
8.684575557708740234e-01
-1.404917001724243164e+00
-5.591312050819396973e-02
-3.848540186882019043e-01
-8.152191638946533203e-01
-1.617697000503540039e+00
-3.510946989059448242e+00
-7.127991914749145508e-01
1.704632759094238281e+00
-1.464135050773620605e-01
1.767518997192382812e+00
-1.184588670730590820e-02
-1.981692910194396973e+00
-9.266149401664733887e-01
-1.919598579406738281e+00
-6.997684240341186523e-01
-6.315382122993469238e-01
-6.755436062812805176e-01
-1.495761752128601074e+00
2.541545629501342773e-01
4.481624960899353027e-01
-2.597702443599700928e-01
-2.292699337005615234e+00
-6.024746894836425781e-01
-1.875251054763793945e+00
-1.628445386886596680e+00
-1.046971797943115234e+00
4.109037518501281738e-01
1.456705927848815918e-01
1.643934249877929688e+00
-9.278392791748046875e-01
1.371913194656372070e+00
-1.825791597366333008e+00
-1.171651959419250488e+00
-5.371417999267578125e-01
-2.966819405555725098e-01
-1.293962836265563965e+00
9.997473359107971191e-01
-6.995667219161987305e-01
2.172418117523193359e+00
-1.307398796081542969e+00
-1.409464925527572632e-01
-4.619743824005126953e-01
-1.400484085083007812e+00
-1.346883773803710938e+00
-2.615990042686462402e-01
-1.804803133010864258e+00
-2.190404832363128662e-01
-4.750552773475646973e-01
-1.253929138183593750e+00
-1.378219842910766602e+00
-3.198965489864349365e-01
-1.223147630691528320e+00
-1.167432427406311035e+00
1.284611582756042480e+00
9.905220270156860352e-01
-1.932590007781982422e+00
1.440860271453857422e+00
-1.435914039611816406e+00
-2.007405519485473633e+00
-2.167398691177368164e+00
-1.712158560752868652e+00
-1.089315176010131836e+00
4.703021049499511719e-02
-1.061898946762084961e+00
-2.108723819255828857e-01
1.611049175262451172e-01
-3.090151548385620117e-01
-7.225394248962402344e-02
3.188926935195922852e+00
-1.889357566833496094e+00
-1.621107816696166992e+00
-1.458997011184692383e+00
1.437968492507934570e+00
-1.813159108161926270e+00
-1.554934620857238770e+00
-2.122195482254028320e+00
-1.738539934158325195e+00
-1.340932011604309082e+00
-6.184996366500854492e-01
-1.015229701995849609e+00
-1.459247469902038574e+00
9.488741159439086914e-01
-1.155249953269958496e+00
-6.872232556343078613e-01
1.285926401615142822e-01
8.687629699707031250e-01
6.499646306037902832e-01
-1.850835919380187988e+00
-1.673822402954101562e+00
-1.492202043533325195e+00
3.087297677993774414e-01
6.058822274208068848e-01
-6.525108814239501953e-01
1.021911978721618652e+00
-7.824242115020751953e-01
-3.811289668083190918e-01
4.367801547050476074e-01
-6.272661685943603516e-01
-8.774185180664062500e-01
-1.377399563789367676e+00
3.064274787902832031e-01
-2.363400936126708984e+00
-1.186583518981933594e+00
-1.489060640335083008e+00
-8.283261656761169434e-01
8.729246258735656738e-01
-3.830235600471496582e-01
-1.713724136352539062e-01
-1.989730358123779297e+00
-1.506326675415039062e+00
-5.462827086448669434e-01
-9.159889221191406250e-01
-2.498632371425628662e-01
-6.351053714752197266e-02
-5.700361728668212891e-02
1.311582803726196289e+00
-8.876692056655883789e-01
-4.110457420349121094e+00
-5.741823911666870117e-01
-4.524551928043365479e-01
1.076669692993164062e-01
3.015068769454956055e-01
-1.487937688827514648e+00
-3.589705228805541992e-01
6.181120872497558594e-01
-1.292004227638244629e+00
1.811340093612670898e+00
-2.217908143997192383e+00
-3.572644591331481934e-01
1.892298817634582520e+00
-3.038761615753173828e-01
3.828315436840057373e-02
-1.293297529220581055e+00
1.201298713684082031e+00
-1.292531490325927734e-01
-1.621040105819702148e-01
-3.263307213783264160e-01
-1.880558013916015625e+00
-2.686074972152709961e+00
-5.699837207794189453e-02
-1.222418069839477539e+00
-1.390562057495117188e+00
-6.685897707939147949e-01
-4.016637206077575684e-01
-1.131110191345214844e+00
-1.498933792114257812e+00
-5.453482270240783691e-02
-1.325784683227539062e+00
1.998758316040039062e-01
-2.465465784072875977e+00
-3.418460369110107422e+00
-1.549913525581359863e+00
-2.523207962512969971e-01
-9.383975863456726074e-01
-1.791254639625549316e+00
-5.414078831672668457e-01
-1.193709135055541992e+00
-7.452203035354614258e-01
-1.919047236442565918e+00
-2.154939174652099609e+00
-2.530465364456176758e+00
-4.279141426086425781e+00
-1.413892626762390137e+00
-8.257836699485778809e-01
-4.876950979232788086e-01
-2.273076057434082031e+00
-2.097941398620605469e+00
-1.117237329483032227e+00
-1.209194898605346680e+00
-1.395289540290832520e+00
-7.182099819183349609e-01
1.268817484378814697e-01
-1.792216002941131592e-01
-6.156789660453796387e-01
9.830939769744873047e-01
-1.888630151748657227e+00
-6.997671723365783691e-01
-1.437902569770812988e+00
7.759852409362792969e-01
-2.177845478057861328e+00
-1.631304502487182617e+00
-6.706787347793579102e-01
1.336923599243164062e+00
-6.340222358703613281e-01
-1.189430594444274902e+00
-1.862826585769653320e+00
-1.091976404190063477e+00
1.169156074523925781e+00
-3.342646360397338867e-01
-8.612473011016845703e-01
-1.226926445960998535e-01
-2.199564278125762939e-01
-1.830965876579284668e+00
1.153976023197174072e-01
-4.710906744003295898e-02
7.105980515480041504e-01
-8.199536800384521484e-01
2.197764396667480469e+00
-5.069679021835327148e-01
-1.689624786376953125e+00
-8.486145734786987305e-01
5.897651314735412598e-01
6.490019559860229492e-01
-2.607435464859008789e+00
-7.254756093025207520e-01
-1.474798917770385742e+00
-1.205336451530456543e+00
-1.321508169174194336e+00
-9.546041488647460938e-01
1.137614250183105469e-03
-1.649832010269165039e+00
-1.527210116386413574e+00
-5.272006392478942871e-01
-1.279563903808593750e+00
-1.316159725189208984e+00
5.012238621711730957e-01
7.630586624145507812e-04
-1.475373387336730957e+00
-3.296393632888793945e+00
5.505323410034179688e-03
2.259128332138061523e+00
-8.590090870857238770e-01
1.817159175872802734e+00
-1.871588230133056641e-01
1.852865219116210938e-01
-1.886308193206787109e-01
-2.929233610630035400e-01
-3.464509546756744385e-01
-2.761250734329223633e+00
1.496795177459716797e+00
-3.095296621322631836e-01
4.372388124465942383e-02
-3.483430743217468262e-01
-3.660373091697692871e-01
-1.148355126380920410e+00
2.941005825996398926e-01
-2.030084133148193359e+00
-4.401612579822540283e-01
-1.092597484588623047e+00
1.584943294525146484e+00
-1.297486543655395508e+00
-2.162662506103515625e+00
2.022451162338256836e-01
-3.499026060104370117e+00
-2.848293304443359375e+00
-5.403302907943725586e-01
-1.285516381263732910e+00
3.795740306377410889e-01
-3.850066661834716797e-02
-1.122928500175476074e+00
-1.812922954559326172e+00
-1.591008782386779785e+00
6.868628263473510742e-01
-3.515899181365966797e-03
-2.106126785278320312e+00
9.688261151313781738e-02
2.742369174957275391e-01
1.238113641738891602e+00
-1.307129383087158203e+00
-8.329975605010986328e-02
-5.917305946350097656e-01
8.095437288284301758e-01
-1.724994421005249023e+00
5.801919102668762207e-01
-1.220672488212585449e+00
-6.136461496353149414e-01
-2.149527072906494141e+00
-1.579471588134765625e+00
6.155272126197814941e-01
-7.537479400634765625e-01
9.895279407501220703e-01
-1.028492212295532227e+00
-5.331379771232604980e-01
-1.346573948860168457e+00
-3.279858529567718506e-01
-5.340802669525146484e-02
-4.922636151313781738e-01
-6.630401015281677246e-01
-7.159807682037353516e-01
-1.056096076965332031e+00
-1.772836446762084961e+00
-1.767871737480163574e+00
4.055296182632446289e-01
-2.826808691024780273e-01
-5.950390696525573730e-01
-1.460559487342834473e+00
-1.398559331893920898e+00
1.628154158592224121e+00
-1.388659477233886719e+00
-1.930973768234252930e+00
-1.462908625602722168e+00
-2.835736274719238281e-01
-6.193870902061462402e-01
-7.474467754364013672e-01
9.342893362045288086e-01
-1.160270094871520996e+00
1.660020709037780762e+00
-1.184384703636169434e+00
-7.847611308097839355e-01
-6.436827778816223145e-01
-6.740449666976928711e-01
-9.722812175750732422e-01
-1.894943952560424805e+00
-1.144146203994750977e+00
-1.355250716209411621e+00
-3.071910142898559570e-01
-4.570723772048950195e-01
5.268170833587646484e-01
-5.368860960006713867e-01
-1.921458125114440918e+00
6.735250353813171387e-02
5.160664319992065430e-01
4.518378376960754395e-01
-1.576543450355529785e-01
-6.036955118179321289e-01
-2.045207023620605469e-01
-1.376450061798095703e+00
-5.887480378150939941e-01
-1.585958003997802734e+00
-5.486664772033691406e-01
-2.078093290328979492e-01
1.350503444671630859e+00
-2.453807353973388672e+00
-1.472565412521362305e+00
-8.158151507377624512e-01
-1.033078074455261230e+00
8.926653861999511719e-02
-1.204444169998168945e-01
-1.001716256141662598e-01
2.318484932184219360e-01
-9.960283041000366211e-01
1.367221355438232422e+00
-1.029281735420227051e+00
-8.461391329765319824e-01
4.342079162597656250e-02
9.300560951232910156e-01
4.938380122184753418e-01
-1.068836688995361328e+00
-2.163493633270263672e+00
-7.470685243606567383e-02
-1.253203630447387695e+00
-1.479127049446105957e+00
-9.793033599853515625e-01
-1.095308184623718262e+00
-1.496160745620727539e+00
-2.102971315383911133e+00
-8.679741024971008301e-01
-7.855777144432067871e-01
-2.785782337188720703e+00
-1.454774141311645508e+00
6.616575121879577637e-01
-6.231957077980041504e-01
-2.268742024898529053e-01
-1.466470241546630859e+00
-1.647894620895385742e+00
-3.306744396686553955e-01
-1.256686210632324219e+00
-1.112278699874877930e+00
2.039272785186767578e-01
-2.590977668762207031e+00
-1.188973486423492432e-01
-2.363590598106384277e-01
-1.378210663795471191e+00
-1.498500823974609375e+00
-9.471932649612426758e-01
1.886902749538421631e-01
-1.817538738250732422e+00
4.552533626556396484e+00
-2.613448202610015869e-01
-7.910990715026855469e-01
-4.764235019683837891e-01
-2.308041095733642578e+00
-6.506845951080322266e-01
-1.945451140403747559e+00
-8.216567039489746094e-01
-1.506102323532104492e+00
-1.528006434440612793e+00
-2.072688102722167969e+00
5.818097591400146484e-01
2.290826439857482910e-01
-3.421004116535186768e-01
-1.386549472808837891e-01
1.192563772201538086e-02
-3.108028173446655273e-01
-1.786081790924072266e-01
-2.295984029769897461e-01
-9.776824712753295898e-01
-9.239067435264587402e-01
-8.176201581954956055e-01
-6.865304708480834961e-01
-1.343468427658081055e-01
-3.499276638031005859e-01
1.592026352882385254e+00
4.850775301456451416e-01
2.249606251716613770e-01
-9.406538009643554688e-01
-8.646711111068725586e-01
1.354135632514953613e+00
-5.270404219627380371e-01
3.197776675224304199e-01
-1.004642486572265625e+00
1.667950451374053955e-01
-2.219654083251953125e+00
-3.388558924198150635e-01
-1.902121782302856445e+00
5.786445736885070801e-02
-1.199733614921569824e+00
-1.762402057647705078e+00
6.826613545417785645e-01
6.502932906150817871e-01
-3.308223187923431396e-01
2.488829493522644043e-01
-1.731002330780029297e-01
8.226290941238403320e-01
-1.201626658439636230e-01
-2.467312812805175781e+00
-1.709653615951538086e+00
-1.052935838699340820e+00
-4.901287555694580078e-01
7.897485494613647461e-01
-1.243610382080078125e-01
-6.404477953910827637e-01
-1.717315077781677246e+00
9.818797111511230469e-01
6.791392564773559570e-01
2.045995235443115234e+00
-8.076843023300170898e-01
-2.199262380599975586e+00
-1.168010950088500977e+00
-1.184806108474731445e+00
-3.989236950874328613e-01
-8.127107024192810059e-01
4.052115678787231445e-01
2.202071547508239746e-01
3.198748826980590820e-02
-1.142660140991210938e+00
-1.535633504390716553e-01
-1.355940103530883789e+00
1.351654052734375000e+00
-8.923852443695068359e-01
-1.802900314331054688e+00
2.341968417167663574e-01
-2.105041742324829102e-01
-2.434124231338500977e+00
-2.130814075469970703e+00
1.028488039970397949e+00
-1.445121288299560547e+00
2.372234821319580078e+00
-2.075471878051757812e+00
2.106873989105224609e-01
8.623424768447875977e-01
-9.498353004455566406e-01
-4.518510103225708008e-01
-1.485093593597412109e+00
1.264137029647827148e-02
-1.258477270603179932e-01
1.498555183410644531e+00
-4.884411394596099854e-01
-8.310644626617431641e-01
-2.700934410095214844e-01
-2.730010271072387695e+00
-2.621005058288574219e+00
-1.144588708877563477e+00
-1.122387290000915527e+00
-2.379921078681945801e-02
-1.732376813888549805e-01
1.099498510360717773e+00
7.715317010879516602e-01
-2.739052772521972656e-01
-1.742766857147216797e+00
-1.729225516319274902e+00
1.782479286193847656e-01
-5.786139369010925293e-01
-1.940554976463317871e+00
-1.092156171798706055e+00
-1.913501977920532227e+00
-1.250599384307861328e+00
1.274219751358032227e-01
-7.079887390136718750e-01
-2.274171113967895508e+00
2.301188707351684570e-01
-7.690668106079101562e-01
1.450295925140380859e+00
-1.436226367950439453e+00
-6.029760241508483887e-01
4.245491027832031250e-01
-1.534604310989379883e+00
-1.167953372001647949e+00
-9.539404511451721191e-01
4.497626423835754395e-01
-8.120273351669311523e-01
6.397027373313903809e-01
6.497933268547058105e-01
9.297095537185668945e-01
-8.443771600723266602e-01
7.668250799179077148e-01
-8.014037609100341797e-01
-1.259344518184661865e-01
-1.008974313735961914e+00
-5.954331159591674805e-01
-1.955329179763793945e-01
-4.121317863464355469e-01
