-5.216414332389831543e-01
9.753518700599670410e-01
-1.025785565376281738e+00
1.770516991615295410e+00
-4.362158775329589844e-01
2.631968259811401367e+00
4.614303588867187500e+00
5.000000000000000000e+00
5.000000000000000000e+00
-1.325496315956115723e+00
4.177688598632812500e+00
4.208477735519409180e-01
1.628394603729248047e+00
5.567524433135986328e-01
5.000000000000000000e+00
-2.493640422821044922e+00
1.318436741828918457e+00
2.504711866378784180e+00
4.965015411376953125e+00
4.820311069488525391e+00
-1.121503472328186035e+00
5.000000000000000000e+00
5.328904390335083008e-01
9.493496417999267578e-01
-1.293842673301696777e+00
-3.293941020965576172e-01
-7.913025617599487305e-01
3.463461399078369141e-01
2.224009752273559570e+00
2.481380224227905273e+00
2.320205688476562500e+00
6.488647460937500000e-01
-2.854428887367248535e-01
-1.625307321548461914e+00
-1.230197787284851074e+00
5.000000000000000000e+00
5.000000000000000000e+00
3.385008573532104492e+00
2.357870340347290039e-01
4.140521526336669922e+00
-4.018285274505615234e-01
5.393660068511962891e-02
2.599453210830688477e+00
-8.917592763900756836e-01
4.633541584014892578e+00
-4.217086434364318848e-01
-1.258728027343750000e+00
1.446525216102600098e+00
-4.245335161685943604e-01
5.000000000000000000e+00
3.771638393402099609e+00
1.481905460357666016e+00
7.260032892227172852e-01
-2.890140533447265625e+00
5.000000000000000000e+00
5.000000000000000000e+00
3.608582317829132080e-01
5.016802549362182617e-01
-7.110272049903869629e-01
-2.850567102432250977e-01
4.468215465545654297e+00
2.025081634521484375e+00
5.000000000000000000e+00
4.278776168823242188e+00
4.751051902770996094e+00
5.000000000000000000e+00
1.561662554740905762e+00
2.994892120361328125e+00
-8.706973195075988770e-01
5.000000000000000000e+00
7.296673655509948730e-01
-1.137840867042541504e+00
4.126946926116943359e+00
4.784559249877929688e+00
-7.140558958053588867e-02
4.867001533508300781e+00
5.000000000000000000e+00
-5.198864936828613281e-01
-1.006296277046203613e-01
-4.360712766647338867e-01
3.762857913970947266e+00
2.069407463073730469e+00
-1.499694585800170898e+00
-1.732077598571777344e+00
3.271104812622070312e+00
5.000000000000000000e+00
-4.232953488826751709e-01
4.604506015777587891e+00
-2.887866795063018799e-01
-2.180395841598510742e+00
5.251255035400390625e-01
-7.574516534805297852e-01
5.000000000000000000e+00
2.380847454071044922e+00
3.607751369476318359e+00
3.514570236206054688e+00
-2.058224081993103027e-01
1.576856493949890137e+00
-3.758770227432250977e-01
1.273079067468643188e-01
2.144386053085327148e+00
-2.347751259803771973e-01
5.000000000000000000e+00
3.290771484375000000e+00
3.975885868072509766e+00
-8.280535936355590820e-01
-8.613759875297546387e-01
-1.014217019081115723e+00
-5.377057790756225586e-01
9.178423285484313965e-01
-2.363952398300170898e+00
2.533659458160400391e+00
-2.340501546859741211e+00
4.152473807334899902e-02
3.858299255371093750e+00
-5.847257375717163086e-01
-9.557418823242187500e-01
5.000000000000000000e+00
1.643140196800231934e+00
1.058389186859130859e+00
-2.260240614414215088e-01
1.817353814840316772e-01
1.162885904312133789e+00
6.893301606178283691e-01
5.000000000000000000e+00
-1.792337179183959961e+00
3.571626901626586914e+00
1.288801193237304688e+00
-4.856475591659545898e-01
3.198769688606262207e-02
2.306754112243652344e+00
-9.183125495910644531e-01
-1.788631677627563477e+00
4.577033996582031250e+00
4.752013683319091797e+00
5.000000000000000000e+00
-8.726632595062255859e-01
7.996197342872619629e-01
4.836115837097167969e+00
8.326226472854614258e-01
6.547123193740844727e-02
3.690583705902099609e+00
-7.089420557022094727e-01
-2.477008342742919922e+00
-6.120894551277160645e-01
-1.035831928253173828e+00
1.668950915336608887e+00
7.767366766929626465e-01
5.000000000000000000e+00
4.910644531250000000e+00
-9.531151652336120605e-01
3.627640247344970703e+00
-3.427053689956665039e+00
-1.221200823783874512e+00
-3.460968017578125000e+00
1.807379722595214844e-01
-3.502778410911560059e-01
1.338119149208068848e+00
4.495781660079956055e-01
3.077570438385009766e+00
5.000000000000000000e+00
4.751038551330566406e+00
3.970836639404296875e+00
-2.801574468612670898e+00
2.577067613601684570e+00
4.645418167114257812e+00
1.798738956451416016e+00
2.513684749603271484e+00
5.000000000000000000e+00
5.015214681625366211e-01
2.092111587524414062e+00
-3.206553161144256592e-01
4.754621505737304688e+00
2.070740222930908203e+00
4.136577606201171875e+00
-1.722041130065917969e+00
-3.888106346130371094e-02
5.000000000000000000e+00
4.132516384124755859e+00
1.699888944625854492e+00
-7.241101861000061035e-01
4.233667850494384766e+00
5.695483088493347168e-01
-9.377731680870056152e-01
5.000000000000000000e+00
4.394746780395507812e+00
1.513918876647949219e+00
3.006617307662963867e+00
5.000000000000000000e+00
3.582556724548339844e+00
4.334902763366699219e+00
-4.016892910003662109e+00
-1.372357130050659180e+00
-2.359875917434692383e+00
4.205890655517578125e+00
4.336418151855468750e+00
-5.362511277198791504e-01
1.566388964653015137e+00
5.000000000000000000e+00
3.804368734359741211e+00
-2.963308990001678467e-01
3.840556144714355469e+00
-9.374282360076904297e-01
-2.506004095077514648e+00
4.478712081909179688e+00
-5.762495994567871094e-01
1.015372037887573242e+00
1.013132572174072266e+00
-5.827091336250305176e-01
5.004200339317321777e-01
4.618669033050537109e+00
-7.317513227462768555e-01
3.714322566986083984e+00
2.100303888320922852e+00
-8.823189139366149902e-01
-1.209934949874877930e+00
2.042721986770629883e+00
1.950135350227355957e+00
6.707870960235595703e-02
8.677210807800292969e-01
-1.524794340133666992e+00
4.029945373535156250e+00
5.000000000000000000e+00
-4.639694690704345703e-01
1.252605915069580078e+00
-6.213506460189819336e-01
2.863587856292724609e+00
4.519251823425292969e+00
5.000000000000000000e+00
8.978687524795532227e-01
9.781695604324340820e-01
1.696040153503417969e+00
9.461498260498046875e-02
2.841747999191284180e+00
2.257459163665771484e+00
-2.300260066986083984e-01
-8.315619230270385742e-01
4.663973808288574219e+00
4.365015983581542969e+00
1.356677889823913574e+00
2.816689252853393555e+00
-6.303168535232543945e-01
1.402572154998779297e+00
1.056310892105102539e+00
-8.821539878845214844e-01
3.290667533874511719e+00
-8.012552261352539062e-01
2.739518880844116211e+00
4.756909847259521484e+00
4.462795257568359375e+00
5.000000000000000000e+00
1.940232396125793457e+00
-1.689188241958618164e+00
-4.137897491455078125e-01
5.416203737258911133e-01
1.730935573577880859e-01
4.520440101623535156e+00
2.372596502304077148e+00
-4.003870487213134766e-02
4.948451995849609375e+00
1.429174542427062988e+00
2.057579040527343750e+00
-1.715832233428955078e+00
2.704733908176422119e-01
1.380111694335937500e+00
3.095023632049560547e+00
1.103158831596374512e+00
-2.294263243675231934e-01
-2.232682108879089355e-01
-1.079782962799072266e+00
1.355016231536865234e-01
5.000000000000000000e+00
2.224377155303955078e+00
1.095105409622192383e+00
4.086065292358398438e+00
-6.734764575958251953e-01
3.914849758148193359e+00
4.473609447479248047e+00
5.000000000000000000e+00
4.767296314239501953e-01
-2.950977802276611328e+00
1.152744889259338379e+00
2.276587009429931641e+00
-2.050512313842773438e+00
5.000000000000000000e+00
-7.941961288452148438e-02
3.701128244400024414e+00
-5.630647540092468262e-01
-2.620647847652435303e-01
5.000000000000000000e+00
-7.830348014831542969e-01
-7.029682397842407227e-01
3.300927877426147461e-01
5.000000000000000000e+00
-1.805836439132690430e+00
5.000000000000000000e+00
-1.560747027397155762e-01
-1.019976377487182617e+00
8.426596522331237793e-01
-1.129994750022888184e+00
1.081018686294555664e+00
2.559764385223388672e-01
6.255123019218444824e-01
-1.079985618591308594e+00
3.154222011566162109e+00
2.558047294616699219e+00
4.677027702331542969e+00
2.491685867309570312e+00
-4.487035572528839111e-01
4.591225147247314453e+00
2.804685592651367188e+00
2.164962053298950195e+00
3.834881782531738281e+00
3.199284315109252930e+00
-5.284079909324645996e-01
3.970844149589538574e-01
-9.205391407012939453e-01
4.867408752441406250e+00
1.927875876426696777e-01
1.110372304916381836e+00
-1.598383426666259766e+00
3.339019775390625000e+00
1.608920335769653320e+00
-1.742898941040039062e+00
1.527098417282104492e+00
-4.644772410392761230e-02
9.886382222175598145e-01
4.562253355979919434e-01
6.033415794372558594e-01
1.287483930587768555e+00
-3.176708519458770752e-01
1.564421653747558594e+00
2.280411958694458008e+00
1.999385356903076172e+00
-1.024883270263671875e+00
-2.345181703567504883e-01
3.046566247940063477e-02
1.141795992851257324e+00
-3.359434604644775391e-01
1.064899206161499023e+00
-7.119925022125244141e-01
-1.943794250488281250e+00
4.386128425598144531e+00
4.651221752166748047e+00
1.645178437232971191e+00
6.651938557624816895e-01
1.303641080856323242e+00
-6.905664205551147461e-01
5.000000000000000000e+00
2.111520051956176758e+00
1.858773082494735718e-01
7.259805202484130859e-01
-7.561857104301452637e-01
-2.970117926597595215e-01
2.256936311721801758e+00
-7.090657949447631836e-02
-3.963755667209625244e-01
1.775075435638427734e+00
5.000000000000000000e+00
1.804080724716186523e+00
3.793926715850830078e+00
1.454553842544555664e+00
1.977567434310913086e+00
5.000000000000000000e+00
-3.571071624755859375e-01
1.052084088325500488e+00
-1.057051181793212891e+00
2.234769165515899658e-01
4.252184867858886719e+00
2.055279016494750977e+00
-4.944080114364624023e-01
1.408761262893676758e+00
-1.173916101455688477e+00
-7.415441870689392090e-01
4.983945369720458984e+00
4.732119560241699219e+00
4.244931697845458984e+00
-8.506343960762023926e-01
2.736679553985595703e+00
1.191295623779296875e+00
-1.770552277565002441e+00
6.481766700744628906e-01
1.245339512825012207e-01
-1.131528735160827637e+00
5.000000000000000000e+00
-1.391469359397888184e+00
1.293445825576782227e+00
-1.609307527542114258e+00
1.416927814483642578e+00
-1.467875480651855469e+00
-1.618412256240844727e+00
-1.353423595428466797e+00
1.291843175888061523e+00
1.995072841644287109e+00
8.203357458114624023e-01
-5.149490833282470703e-01
-1.213148713111877441e+00
-2.829054594039916992e-01
-6.670335531234741211e-01
3.453395128250122070e+00
-3.512237668037414551e-01
1.383441209793090820e+00
2.638706445693969727e+00
3.897912263870239258e+00
3.475622177124023438e+00
-1.168477535247802734e-01
-1.685954093933105469e+00
2.399457693099975586e+00
-1.171595811843872070e+00
-8.151826262474060059e-01
1.904823184013366699e+00
5.000000000000000000e+00
-2.387098312377929688e+00
3.401021480560302734e+00
-4.794373989105224609e+00
5.000000000000000000e+00
2.484878063201904297e+00
1.961672902107238770e+00
5.000000000000000000e+00
2.859586000442504883e+00
2.776383399963378906e+00
-1.701043248176574707e+00
2.961172342300415039e+00
7.095950841903686523e-02
2.983577489852905273e+00
1.203426480293273926e+00
4.692265510559082031e+00
9.217858314514160156e-01
7.063460350036621094e-02
4.031860828399658203e+00
5.000000000000000000e+00
-1.720420122146606445e-01
3.623648166656494141e+00
7.244680523872375488e-01
-1.200872063636779785e-01
-5.333473086357116699e-01
2.006509780883789062e+00
1.346677899360656738e+00
3.399550437927246094e+00
1.920620203018188477e-01
1.461840987205505371e+00
-1.816427111625671387e+00
4.640348911285400391e+00
5.201120376586914062e-01
5.000000000000000000e+00
3.565542399883270264e-02
3.451300382614135742e+00
-5.901640057563781738e-01
5.000000000000000000e+00
9.125413894653320312e-01
1.762662768363952637e+00
-8.827331066131591797e-01
4.030365347862243652e-01
1.468384265899658203e-01
2.540748596191406250e+00
3.734894990921020508e+00
-3.500599861145019531e-01
1.194734930992126465e+00
2.914065837860107422e+00
3.572002410888671875e+00
2.560652732849121094e+00
1.542432188987731934e+00
2.935388565063476562e+00
9.477933645248413086e-01
2.856789827346801758e+00
2.105993747711181641e+00
4.443530082702636719e+00
-1.197680354118347168e+00
-3.372483551502227783e-01
4.522875785827636719e+00
2.175975799560546875e+00
1.440927028656005859e+00
4.456731319427490234e+00
5.000000000000000000e+00
1.876217126846313477e+00
-5.937123298645019531e-01
3.726321458816528320e-02
-6.411569118499755859e-01
3.408913135528564453e+00
8.970386981964111328e-01
3.648392677307128906e+00
2.487260341644287109e+00
2.159935712814331055e+00
-1.414811611175537109e-02
1.192032575607299805e+00
4.786996245384216309e-01
2.091930508613586426e-01
5.000000000000000000e+00
3.270701408386230469e+00
3.253031253814697266e+00
-6.933230161666870117e-01
3.543127059936523438e+00
3.475887298583984375e+00
5.651590228080749512e-01
4.534410476684570312e+00
-8.801097869873046875e-01
5.000000000000000000e+00
5.214668512344360352e-01
-3.208806514739990234e-01
2.467280626296997070e+00
6.829431653022766113e-01
-3.255438208580017090e-01
4.416151523590087891e+00
-1.630614280700683594e+00
3.163832187652587891e+00
3.157300353050231934e-01
1.901032775640487671e-01
4.085835456848144531e+00
1.904111623764038086e+00
6.797714233398437500e-01
-2.287916898727416992e+00
2.629841327667236328e+00
3.442979097366333008e+00
3.819660425186157227e+00
-1.573439836502075195e+00
5.000000000000000000e+00
-2.253419637680053711e+00
4.765617847442626953e+00
5.016238093376159668e-01
1.837706565856933594e+00
4.317137718200683594e+00
-3.434668779373168945e-01
7.102423906326293945e-01
4.298660159111022949e-01
-2.816817760467529297e+00
-9.091594219207763672e-01
-3.853629231452941895e-01
1.578468203544616699e+00
-8.046519756317138672e-01
-8.613874912261962891e-01
1.050625562667846680e+00
-9.654483795166015625e-01
-1.621231734752655029e-01
-2.965574264526367188e-01
1.190962314605712891e+00
-8.289631605148315430e-01
-5.319854021072387695e-01
3.300384044647216797e+00
-1.480641365051269531e+00
2.197658777236938477e+00
3.200492382049560547e+00
-1.764262080192565918e+00
4.181544780731201172e+00
-1.304317951202392578e+00
-4.787737131118774414e-02
-5.688124299049377441e-01
-1.609291553497314453e+00
1.871814489364624023e+00
4.045089721679687500e+00
5.000000000000000000e+00
4.801883697509765625e+00
5.966350436210632324e-03
-2.627089023590087891e-01
9.308608174324035645e-01
5.000000000000000000e+00
-3.643912374973297119e-01
3.331780433654785156e+00
2.309079766273498535e-01
5.000000000000000000e+00
-6.013520359992980957e-01
4.101662635803222656e+00
1.490353584289550781e+00
2.447512626647949219e+00
1.242445230484008789e+00
1.798995494842529297e+00
2.128664493560791016e+00
1.495914459228515625e-01
6.205201148986816406e-02
-2.562438964843750000e+00
4.835519790649414062e+00
1.244258761405944824e+00
4.131997108459472656e+00
4.246414184570312500e+00
-3.840759992599487305e-01
1.725612640380859375e+00
-1.534842967987060547e+00
-7.592689990997314453e-01
-5.876747369766235352e-01
2.740494012832641602e+00
-1.634480834007263184e+00
8.365436792373657227e-01
4.463544487953186035e-01
5.000000000000000000e+00
8.242010474205017090e-01
1.066246032714843750e-01
1.299629449844360352e+00
3.677636384963989258e-01
4.495133399963378906e+00
-1.672062575817108154e-01
1.896417021751403809e+00
5.000000000000000000e+00
-1.213756680488586426e+00
4.361618757247924805e-01
9.580276012420654297e-01
5.000000000000000000e+00
4.134041786193847656e+00
-5.385675430297851562e-01
1.358116149902343750e+00
-4.082881212234497070e-01
-1.040007472038269043e+00
2.767906665802001953e+00
-6.498053073883056641e-01
5.300489664077758789e-01
2.930191755294799805e+00
-1.912827491760253906e+00
5.000000000000000000e+00
4.084670066833496094e+00
-2.428388595581054688e-02
-5.257971286773681641e-01
1.862382888793945312e+00
-1.409926414489746094e-01
9.769420623779296875e-01
2.877223491668701172e-02
4.914764881134033203e+00
1.812330484390258789e-01
5.813950896263122559e-01
3.721916198730468750e+00
4.226511955261230469e+00
2.102508068084716797e+00
-1.309791445732116699e+00
3.176115036010742188e+00
3.193644285202026367e+00
-1.301037073135375977e-01
4.948357582092285156e+00
-1.344785928726196289e+00
-1.237246036529541016e+00
-1.264242172241210938e+00
-1.320692420005798340e+00
4.552359580993652344e+00
5.000000000000000000e+00
5.000000000000000000e+00
9.836143851280212402e-01
1.066336870193481445e+00
1.288091421127319336e+00
1.690573215484619141e+00
3.432976007461547852e+00
-1.177625894546508789e+00
3.190269947052001953e+00
2.761299610137939453e+00
5.000000000000000000e+00
9.271497726440429688e-01
1.673629641532897949e+00
2.067788124084472656e+00
3.323000371456146240e-01
4.527700424194335938e+00
1.617099642753601074e-01
5.000000000000000000e+00
-5.856726765632629395e-01
-2.165055751800537109e+00
1.815501928329467773e+00
3.330290317535400391e+00
4.905442237854003906e+00
-2.744653224945068359e-01
5.000000000000000000e+00
3.367217540740966797e+00
-1.594885349273681641e+00
1.153054237365722656e-01
-1.078527808189392090e+00
-1.161265492439270020e+00
-1.282846689224243164e+00
-3.517099618911743164e-01
1.198832273483276367e+00
3.436750888824462891e+00
3.071774005889892578e+00
6.720693111419677734e-01
2.873386621475219727e+00
4.065473556518554688e+00
-1.409530162811279297e+00
-4.978494048118591309e-01
3.649729251861572266e+00
-1.124482393264770508e+00
1.203103542327880859e+00
-4.089755415916442871e-01
3.620192527770996094e+00
-5.895838737487792969e-01
1.780587077140808105e+00
4.143121242523193359e-01
8.371503353118896484e-01
1.191015958786010742e+00
-9.049376249313354492e-01
5.000000000000000000e+00
4.764552116394042969e+00
1.500015616416931152e+00
-1.034235954284667969e+00
-2.735625505447387695e-01
-7.972844243049621582e-01
2.507977247238159180e+00
-2.097162604331970215e-01
3.738038539886474609e+00
1.449352622032165527e+00
-9.864163994789123535e-01
2.147212982177734375e+00
6.668923497200012207e-01
