-3.533720076084136963e-01
-1.407848954200744629e+00
-6.775342226028442383e-01
-2.162940263748168945e+00
-1.034166455268859863e+00
-1.277725815773010254e+00
6.340544223785400391e-01
-1.570940136909484863e+00
1.759424924850463867e+00
-6.347042322158813477e-01
-1.978723168373107910e+00
-1.627799987792968750e+00
-5.132954120635986328e-01
-1.035952210426330566e+00
-1.991034746170043945e-01
-2.488292455673217773e+00
-1.603760123252868652e-01
-1.381978869438171387e+00
-9.372079968452453613e-01
-6.283909082412719727e-02
-1.357305049896240234e+00
-6.966989040374755859e-01
-2.971871495246887207e-01
-1.208429813385009766e+00
-1.059332013130187988e+00
-1.864842653274536133e+00
-1.593406915664672852e+00
-1.514788150787353516e+00
5.529580712318420410e-01
-2.055178165435791016e+00
-5.125176906585693359e-02
-1.736616253852844238e+00
-1.930082440376281738e-01
1.218842029571533203e+00
-9.862689971923828125e-01
3.858216106891632080e-01
1.353448867797851562e+00
-1.023876547813415527e+00
-2.355741024017333984e+00
-1.487135589122772217e-01
-7.411127686500549316e-01
-1.516817450523376465e+00
1.287533760070800781e+00
-9.742040634155273438e-01
-1.101903319358825684e+00
1.359159946441650391e+00
-1.295599460601806641e+00
-7.370312213897705078e-01
1.410096764564514160e+00
-1.718899488449096680e+00
1.650071501731872559e+00
-7.591560482978820801e-01
-1.999341487884521484e+00
-1.444632530212402344e+00
-3.691095411777496338e-01
-3.552367687225341797e-01
-7.797211408615112305e-01
-8.779047131538391113e-01
-1.794204473495483398e+00
-8.774487376213073730e-01
-8.079664707183837891e-01
-2.855386137962341309e-01
-1.224196791648864746e+00
-1.840987682342529297e+00
-1.071416378021240234e+00
2.264931678771972656e+00
-5.326218008995056152e-01
-1.051503896713256836e+00
1.087427496910095215e+00
-4.052773475646972656e+00
-2.135148286819458008e+00
-5.992667675018310547e-01
-5.055496692657470703e-01
-1.618267059326171875e+00
-1.344958424568176270e+00
-7.230084538459777832e-01
8.182111978530883789e-01
-4.099454283714294434e-01
-3.691913783550262451e-01
-4.373130798339843750e-01
9.162634611129760742e-01
-6.540995240211486816e-01
-1.326622724533081055e+00
-9.750233292579650879e-01
-1.250231623649597168e+00
-1.803862094879150391e+00
-1.275078535079956055e+00
-1.620380282402038574e+00
-2.876298904418945312e+00
-5.489466190338134766e-01
-1.075457334518432617e+00
-2.215279579162597656e+00
-1.583359122276306152e+00
-1.456570029258728027e-01
-6.988712549209594727e-01
-2.295813322067260742e+00
2.066704511642456055e+00
-9.401553273200988770e-01
-7.797132730484008789e-01
-1.614533662796020508e+00
-6.949636936187744141e-01
-1.981873810291290283e-01
-1.130282878875732422e-01
-2.002825975418090820e+00
-1.188412427902221680e+00
-1.037591099739074707e+00
-7.261984944343566895e-01
-1.388403177261352539e+00
-7.505291700363159180e-01
-8.054903745651245117e-01
5.893758535385131836e-01
1.324997544288635254e-01
-2.092304229736328125e+00
-2.929438948631286621e-01
-1.284053206443786621e+00
-1.277880430221557617e+00
4.273003637790679932e-01
-8.361056447029113770e-01
-1.204930245876312256e-01
-1.988454341888427734e+00
-1.953635215759277344e+00
-7.496331930160522461e-01
1.782074570655822754e-02
-8.163315057754516602e-01
-4.176858663558959961e-01
4.357669055461883545e-01
-6.004804372787475586e-01
-1.141296267509460449e+00
1.064971923828125000e+00
-1.082444667816162109e+00
3.063970804214477539e-02
-1.086227655410766602e+00
-1.101707458496093750e+00
1.502758264541625977e+00
-2.348720788955688477e+00
-7.004083991050720215e-01
-1.892835855484008789e+00
-1.050846457481384277e+00
-3.992401659488677979e-01
-6.616305708885192871e-01
-3.603874444961547852e-01
1.346625685691833496e-01
3.228020668029785156e-01
1.893240809440612793e-01
-5.613783001899719238e-02
-7.105821371078491211e-01
3.805398941040039062e-02
3.353148460388183594e+00
-1.172139167785644531e+00
3.069986104965209961e-01
-1.230256676673889160e+00
-5.809718370437622070e-01
-9.049835205078125000e-01
-5.567719936370849609e-01
-5.211710333824157715e-01
6.387441158294677734e-01
-4.970183968544006348e-01
-1.453475117683410645e+00
-1.295749425888061523e+00
-1.532108545303344727e+00
1.145078182220458984e+00
-7.875941991806030273e-01
-9.930385947227478027e-01
-7.299527525901794434e-01
-2.272645950317382812e+00
8.275045752525329590e-01
-1.752233386039733887e+00
-1.205426335334777832e+00
-3.699377775192260742e-01
1.511788606643676758e+00
3.739079833030700684e-01
-1.261509180068969727e+00
-1.753231644630432129e+00
-1.693961262702941895e+00
-1.304221272468566895e+00
-1.458610296249389648e+00
9.355289936065673828e-01
-1.488260626792907715e+00
-2.785053253173828125e-01
-1.654717922210693359e-01
1.952624320983886719e-01
-2.266003370285034180e+00
-1.862644195556640625e+00
-1.206431031227111816e+00
-1.720968723297119141e+00
-1.301907300949096680e+00
-1.805917620658874512e-01
-9.945740699768066406e-01
-1.818967342376708984e+00
-1.120136618614196777e+00
3.196969926357269287e-01
-2.918565869331359863e-01
-1.158967256546020508e+00
-3.797667980194091797e+00
-5.784181952476501465e-01
-7.006982564926147461e-01
2.326809763908386230e-01
-1.520064830780029297e+00
-1.096850514411926270e+00
-1.330914378166198730e+00
-1.782384157180786133e+00
-1.443288803100585938e+00
-6.945122480392456055e-01
-9.246104359626770020e-01
-4.237240552902221680e-02
-4.943763017654418945e-01
-1.749766349792480469e+00
-7.312521338462829590e-01
-8.968780636787414551e-01
1.977924406528472900e-01
1.626711606979370117e+00
4.740347266197204590e-01
-4.983604848384857178e-01
-1.842159509658813477e+00
-5.723657011985778809e-01
-5.012419819831848145e-01
-1.826813220977783203e+00
-8.447722196578979492e-01
-2.956683158874511719e+00
-2.056372642517089844e+00
-7.568643093109130859e-01
-2.112613439559936523e+00
8.244997262954711914e-02
-1.502015948295593262e+00
-7.436181902885437012e-01
1.911550760269165039e+00
-1.295156776905059814e-01
-5.098830461502075195e-01
-9.233260154724121094e-02
-2.124525547027587891e+00
-1.829280376434326172e+00
-1.037875652313232422e+00
-9.483703970909118652e-01
-1.385539293289184570e+00
5.010128021240234375e-01
4.745823144912719727e-01
-7.352595925331115723e-01
9.181055426597595215e-01
-6.237542629241943359e-02
-1.141295909881591797e+00
-1.615541696548461914e+00
1.089797616004943848e+00
3.133431077003479004e-01
-2.109009027481079102e-01
-1.015508174896240234e-02
-6.828570365905761719e-01
-1.593092679977416992e-01
-1.098839402198791504e+00
-2.128214836120605469e+00
-1.244702696800231934e+00
-1.265833258628845215e+00
-2.810188770294189453e+00
-2.318782806396484375e+00
-9.348524212837219238e-01
-1.956840634346008301e+00
-9.076723456382751465e-01
-2.379707098007202148e-01
1.176838397979736328e+00
-4.354218244552612305e-01
-1.692783117294311523e+00
-2.243323922157287598e-01
-7.254104018211364746e-01
-1.528439760208129883e+00
1.731933355331420898e+00
-1.105258464813232422e-01
-6.047958135604858398e-02
-1.130675315856933594e+00
-3.792681694030761719e-01
-1.356902718544006348e-01
-1.547541022300720215e-01
-9.098982810974121094e-01
1.551771521568298340e+00
-1.541469335556030273e+00
-5.811293721199035645e-01
-7.189148664474487305e-01
-3.557572126388549805e+00
-1.619989156723022461e+00
-8.200642466545104980e-01
-1.123079895973205566e+00
-8.209968805313110352e-01
-3.952845931053161621e-02
-4.331129193305969238e-01
-1.887507557868957520e+00
-1.300019264221191406e+00
-1.460227012634277344e+00
-6.660318970680236816e-01
-4.516880512237548828e-01
-2.422106504440307617e+00
-1.273126363754272461e+00
-2.696266174316406250e-01
-5.391820669174194336e-01
-4.807085692882537842e-01
-1.742922663688659668e+00
-1.588323712348937988e-01
1.237886428833007812e+00
-7.713055014610290527e-01
-2.028531074523925781e+00
-7.415159344673156738e-01
6.376691460609436035e-01
-1.942591905593872070e+00
4.911525249481201172e-01
1.058433651924133301e-01
5.543375611305236816e-01
4.005232155323028564e-01
-1.111787557601928711e+00
-1.851177453994750977e+00
9.014360904693603516e-01
6.777538061141967773e-01
9.802567958831787109e-01
8.847985863685607910e-01
4.182239174842834473e-01
-6.030620336532592773e-01
2.744973301887512207e-01
5.251389145851135254e-01
-3.113695144653320312e+00
2.189281940460205078e+00
1.576273441314697266e-01
-3.219761252403259277e-01
-1.708888888359069824e+00
-3.918347358703613281e-01
-7.887443304061889648e-01
-3.984106779098510742e+00
-2.332264900207519531e+00
-1.127646446228027344e+00
2.405632734298706055e-01
-1.435580015182495117e+00
-4.134669303894042969e-01
-1.549783945083618164e+00
-9.173264503479003906e-01
-2.270881533622741699e-01
3.583544492721557617e-02
-2.082125663757324219e+00
7.208108901977539062e-01
-2.164707660675048828e+00
-1.156031966209411621e+00
-2.805716037750244141e+00
-3.225037455558776855e-01
1.894595623016357422e-01
-9.525218605995178223e-01
-8.726243972778320312e-01
-1.683907985687255859e+00
-3.628243207931518555e+00
-2.032209157943725586e+00
-6.963773965835571289e-01
-8.105370998382568359e-01
-1.190042972564697266e+00
1.917604207992553711e-01
-3.621891140937805176e-01
-2.324730396270751953e+00
-1.330004692077636719e+00
-1.521825492382049561e-01
-1.592904686927795410e+00
2.097120761871337891e+00
-1.206455349922180176e+00
-2.123340606689453125e+00
5.431299805641174316e-01
-2.310903370380401611e-01
-1.284685134887695312e+00
-6.271563768386840820e-01
-1.431549906730651855e+00
-7.612284421920776367e-01
-4.355787038803100586e-01
-2.205051422119140625e+00
-1.905067563056945801e+00
-1.409183263778686523e+00
-5.533236265182495117e-02
-6.362179517745971680e-01
-1.682895302772521973e+00
2.152430057525634766e+00
1.996036171913146973e-01
-6.161579489707946777e-02
-1.746127724647521973e+00
-2.896010637283325195e+00
-4.839034080505371094e-01
-1.339774847030639648e+00
-8.720875978469848633e-01
-1.555980682373046875e+00
-7.267800569534301758e-01
-2.576420783996582031e+00
1.516124606132507324e-01
-7.680295705795288086e-01
2.046045660972595215e-01
-1.840793967247009277e+00
-2.949918508529663086e+00
1.635922431945800781e+00
3.027422726154327393e-01
-1.655036568641662598e+00
-1.135063529014587402e+00
-5.561732053756713867e-01
-8.029964566230773926e-02
4.879115223884582520e-01
-1.005092501640319824e+00
-1.254209876060485840e+00
-7.187117934226989746e-01
-2.966727614402770996e-01
-1.267528235912322998e-01
-8.720786571502685547e-01
-1.656701803207397461e+00
9.449538588523864746e-01
-1.800043225288391113e+00
1.004090189933776855e+00
9.110898375511169434e-01
-1.290198206901550293e+00
3.172322809696197510e-01
2.356155514717102051e-01
-1.889311790466308594e+00
-1.100037813186645508e+00
-1.479555130004882812e+00
-1.157716035842895508e+00
9.087389111518859863e-01
-1.563325166702270508e+00
-1.882276773452758789e+00
-1.931783199310302734e+00
-2.120986938476562500e+00
-1.514661073684692383e+00
1.681043386459350586e+00
-2.170452594757080078e+00
-6.268852949142456055e-01
-2.074247121810913086e+00
-1.316586256027221680e+00
-1.515970230102539062e+00
-6.586897969245910645e-01
-5.555119514465332031e-01
-4.614290595054626465e-01
3.520179986953735352e-01
-1.388830542564392090e-01
1.392053604125976562e+00
-9.427063465118408203e-01
6.732830405235290527e-02
1.608924567699432373e-01
-1.622579336166381836e+00
1.090525388717651367e-01
-1.517799615859985352e+00
-3.737240433692932129e-01
-1.117771625518798828e+00
-2.163439035415649414e+00
-1.197744131088256836e+00
-1.334278464317321777e+00
2.567407488822937012e-01
-7.174485921859741211e-01
-1.447943568229675293e+00
3.999161720275878906e-01
-1.483279943466186523e+00
-9.003843069076538086e-01
-1.447799682617187500e+00
-2.637475013732910156e+00
-2.261692285537719727e-02
-1.850798726081848145e-01
-1.092834234237670898e+00
-2.214178442955017090e-02
-9.714229702949523926e-01
1.962965726852416992e-01
-6.063938140869140625e-01
-1.201709747314453125e+00
2.204999327659606934e-02
-1.596544981002807617e+00
1.710180521011352539e+00
-9.282029867172241211e-01
-2.851650714874267578e+00
-1.516745567321777344e+00
-4.072112441062927246e-01
-2.036568075418472290e-01
-1.909262895584106445e+00
-5.353809595108032227e-01
-1.585917234420776367e+00
-7.192456722259521484e-01
-9.807340502738952637e-01
-1.279631853103637695e+00
-2.199301719665527344e+00
-2.227772235870361328e+00
-1.877991199493408203e+00
-6.939798593521118164e-01
-1.492322683334350586e+00
-1.074562788009643555e+00
-7.835894823074340820e-01
-8.542906045913696289e-01
-1.446294307708740234e+00
5.292845368385314941e-01
-1.683440685272216797e+00
-1.364847898483276367e+00
-2.246321439743041992e-01
7.965654134750366211e-01
-1.902729392051696777e+00
2.307658791542053223e-01
-2.275103092193603516e+00
-1.355102777481079102e+00
6.335344314575195312e-01
-3.113433420658111572e-01
-1.919339060783386230e+00
-8.424991965293884277e-01
-2.575713098049163818e-01
-6.079865694046020508e-01
-2.980470895767211914e+00
-2.946535348892211914e-01
-2.622104406356811523e+00
7.047351002693176270e-01
-2.752233028411865234e+00
-1.192286968231201172e+00
-5.319776535034179688e-01
-5.931852757930755615e-02
-5.965444445610046387e-01
-7.242876291275024414e-02
-8.286833167076110840e-01
-1.811280250549316406e-01
4.037828445434570312e-01
-1.978675127029418945e+00
-7.100927233695983887e-01
-1.542430043220520020e+00
-5.970333218574523926e-01
-1.138402223587036133e+00
-1.285294651985168457e+00
-1.156268000602722168e+00
2.919175028800964355e-01
-4.192386269569396973e-01
-1.670179247856140137e+00
-2.775062918663024902e-01
-1.212469339370727539e+00
3.591666221618652344e+00
-1.621342658996582031e+00
-1.846585035324096680e+00
-2.034493207931518555e+00
3.469505906105041504e-01
-2.099901437759399414e-01
-8.051419258117675781e-01
-4.745061695575714111e-01
8.787952065467834473e-01
-3.097283244132995605e-01
2.187231183052062988e-01
8.664844036102294922e-01
-1.617642641067504883e+00
-3.831487298011779785e-01
-7.469726204872131348e-01
-5.513768196105957031e-01
-1.140138387680053711e+00
-1.043059229850769043e-01
-1.202231884002685547e+00
-1.981532096862792969e+00
-2.353542566299438477e+00
-1.035471200942993164e+00
-1.149095416069030762e+00
1.687136888504028320e-01
5.892510414123535156e-01
8.164732456207275391e-01
-1.360810995101928711e-01
-5.328355431556701660e-01
-1.060017704963684082e+00
9.190995693206787109e-01
3.638954162597656250e-01
-2.562438726425170898e+00
5.160623788833618164e-01
-3.533899486064910889e-01
-3.959780931472778320e-01
2.609983086585998535e-01
-1.655517816543579102e+00
-2.331840991973876953e+00
-5.720014572143554688e-01
3.662110567092895508e-01
-8.396338820457458496e-01
-9.324598312377929688e-02
4.297303557395935059e-01
-2.622146844863891602e+00
3.114866018295288086e-01
1.705459117889404297e+00
3.374559879302978516e-01
1.601788103580474854e-01
1.425201296806335449e-01
-1.922467350959777832e-02
-2.643276453018188477e-01
1.292860031127929688e+00
-2.298046946525573730e-01
-2.185702800750732422e+00
-2.495349407196044922e+00
9.719493985176086426e-01
-1.006580829620361328e+00
-7.186366915702819824e-01
-2.291677951812744141e+00
-1.987076997756958008e+00
-9.768667221069335938e-01
-1.111130714416503906e+00
4.356513023376464844e-01
-8.572375774383544922e-01
-1.739192843437194824e+00
-2.043664932250976562e+00
2.974701404571533203e+00
-2.631577253341674805e-01
-2.243486642837524414e-01
-1.425127625465393066e+00
-1.729787349700927734e+00
6.219455003738403320e-01
-6.244730353355407715e-01
5.298759937286376953e-01
5.086673498153686523e-01
2.150617539882659912e-01
-4.888963103294372559e-01
-1.929177045822143555e+00
-1.653546690940856934e+00
-1.149012446403503418e+00
-3.027534484863281250e+00
-1.595973253250122070e+00
-8.783518075942993164e-01
-1.826301336288452148e+00
1.101188659667968750e+00
-2.677125692367553711e+00
-3.181150197982788086e+00
-2.548975944519042969e-01
-1.111606836318969727e+00
-1.000550031661987305e+00
-3.163939952850341797e+00
4.637248516082763672e-01
-8.261827230453491211e-01
-2.372055649757385254e-01
-1.045709133148193359e+00
-1.375910639762878418e+00
-2.390652298927307129e-01
3.623987734317779541e-01
-1.305687427520751953e-01
-2.005557537078857422e+00
-1.494267344474792480e+00
-2.439639329910278320e+00
-2.529232263565063477e+00
2.422012388706207275e-02
-1.004954934120178223e+00
-2.405100822448730469e+00
1.396968841552734375e+00
-9.787329435348510742e-01
-1.359967350959777832e+00
-1.175774574279785156e+00
-1.850160121917724609e+00
-9.356307983398437500e-01
-2.893951416015625000e+00
-1.088092684745788574e+00
-1.050776243209838867e+00
1.774324417114257812e+00
-8.904128074645996094e-01
-9.169055223464965820e-01
5.229562520980834961e-01
2.111812531948089600e-01
-8.995687365531921387e-01
-7.846033573150634766e-02
-9.750869870185852051e-02
-1.441840171813964844e+00
-9.825901985168457031e-01
-1.066245913505554199e+00
5.079524517059326172e-01
-8.575622439384460449e-01
-2.905614972114562988e-01
-1.187070846557617188e+00
-2.066972255706787109e+00
-9.027040004730224609e-02
-9.961401224136352539e-01
1.218453049659729004e+00
-3.794426918029785156e-01
1.173938214778900146e-01
-2.560585737228393555e+00
-1.341910362243652344e-01
1.110813617706298828e-01
-7.801563739776611328e-01
-8.370397090911865234e-01
-1.999846994876861572e-01
-1.574019074440002441e+00
-1.520539283752441406e+00
-1.637282133102416992e+00
-1.623804569244384766e+00
-3.736656308174133301e-01
-2.269564867019653320e-01
-1.055747509002685547e+00
-1.155205249786376953e+00
3.282933473587036133e+00
1.055317282676696777e+00
2.949308753013610840e-01
-4.564573168754577637e-01
-1.417842388153076172e+00
-1.746305346488952637e+00
1.082433462142944336e+00
-2.895337343215942383e-02
-1.868686437606811523e+00
-6.000064611434936523e-01
-1.283599138259887695e+00
1.234460115432739258e+00
5.806019306182861328e-01
-9.685610532760620117e-01
2.430779039859771729e-01
-9.224212169647216797e-02
2.702031135559082031e+00
-4.392255544662475586e-01
-1.980658173561096191e-01
1.328597187995910645e+00
-4.504511952400207520e-01
-1.687577366828918457e+00
1.048344969749450684e-01
-1.842821002006530762e+00
-1.202846288681030273e+00
-2.757579088211059570e+00
