-3.733602166175842285e-01
-1.593245625495910645e+00
6.086069345474243164e-01
-4.453175663948059082e-01
-4.742194116115570068e-01
-4.068030714988708496e-01
-9.169584512710571289e-01
-1.976120173931121826e-01
-1.216941714286804199e+00
-2.060056924819946289e+00
-1.494190931320190430e+00
-7.783087491989135742e-01
-2.149707078933715820e+00
-5.031284093856811523e-01
-1.191655874252319336e+00
-1.405049800872802734e+00
-1.182413101196289062e+00
-2.224168777465820312e+00
-6.943177580833435059e-01
-6.426681876182556152e-01
1.312793850898742676e+00
-2.106585502624511719e+00
-1.682702422142028809e+00
1.813194155693054199e-01
-2.145922899246215820e+00
-1.173708677291870117e+00
-1.073316335678100586e-01
-3.797577917575836182e-01
-4.437408447265625000e-01
-1.859310150146484375e+00
-2.358695268630981445e-01
-2.136014699935913086e-01
-4.544554352760314941e-01
-1.224231243133544922e+00
-6.282904148101806641e-01
-9.265461564064025879e-02
-1.937948465347290039e+00
-8.634843826293945312e-01
3.763854503631591797e-02
2.349563598632812500e+00
3.895175457000732422e-02
-1.916952490806579590e+00
-5.091615915298461914e-01
-2.095087051391601562e+00
-1.437030076980590820e+00
-5.693262815475463867e-01
-5.198304057121276855e-01
-4.765896201133728027e-01
-1.718442201614379883e+00
-4.340465068817138672e-01
-1.828005075454711914e+00
4.410647153854370117e-01
-5.100649595260620117e-01
7.574054002761840820e-01
-7.414861917495727539e-01
-2.884376645088195801e-01
-5.812472105026245117e-02
3.187019824981689453e-01
-1.323303580284118652e+00
-1.802354812622070312e+00
5.129650235176086426e-01
2.780423760414123535e-01
6.044422984123229980e-01
-9.071954488754272461e-01
-1.439362645149230957e+00
-1.329314708709716797e+00
-6.875991821289062500e-02
-2.469631671905517578e+00
-2.179555416107177734e+00
-8.437585830688476562e-01
1.213625192642211914e+00
1.144807815551757812e+00
-1.232831776142120361e-01
1.479418873786926270e-01
-1.712736368179321289e+00
-4.935839176177978516e-01
3.109455108642578125e-01
-5.511674284934997559e-01
-1.738545894622802734e+00
-3.851238787174224854e-01
-5.057268738746643066e-01
-1.685239076614379883e+00
2.623008489608764648e-01
-1.815453052520751953e+00
-2.533055305480957031e+00
-1.040081977844238281e-01
-1.920173168182373047e+00
-1.169849872589111328e+00
-1.938940286636352539e+00
-1.420203208923339844e+00
4.335667490959167480e-01
-1.428925156593322754e+00
-1.777050495147705078e+00
-9.290468692779541016e-02
-3.589892685413360596e-01
-1.146068572998046875e+00
6.976900100708007812e-01
7.501216232776641846e-02
9.991360902786254883e-01
8.302509784698486328e-02
-1.642303943634033203e+00
-5.500912666320800781e-02
-1.245895385742187500e+00
3.551347851753234863e-01
-2.185488700866699219e+00
-1.785184621810913086e+00
-1.420900464057922363e+00
-1.435488939285278320e+00
-1.127131104469299316e+00
-5.524771809577941895e-01
-8.097323179244995117e-01
-7.110444307327270508e-01
1.417440772056579590e-01
1.311937332153320312e+00
-1.185637712478637695e+00
-1.518712520599365234e+00
-8.574263453483581543e-01
-2.002941131591796875e+00
-9.137093424797058105e-01
-2.906954288482666016e+00
-2.255116939544677734e+00
-1.561056017875671387e+00
3.958726525306701660e-01
7.804284095764160156e-01
-2.614638805389404297e+00
1.562381386756896973e-01
1.436956524848937988e-01
1.522690653800964355e-01
-1.974847316741943359e+00
-1.041943073272705078e+00
-1.518558263778686523e+00
-1.615468978881835938e+00
-8.046664595603942871e-01
-3.246044516563415527e-01
1.595892429351806641e+00
-1.322447657585144043e-01
3.840537667274475098e-01
-3.332524299621582031e-01
4.640229344367980957e-01
4.742379784584045410e-01
-1.092255115509033203e+00
-3.788888454437255859e-01
-1.548073291778564453e+00
-6.838439702987670898e-01
-1.092335700988769531e+00
-1.642688751220703125e+00
-1.474759817123413086e+00
-4.036718010902404785e-01
-1.438232660293579102e+00
2.022775888442993164e+00
9.201769828796386719e-01
-2.069496393203735352e+00
-4.531930088996887207e-01
8.243016004562377930e-01
8.665910363197326660e-02
-1.774091839790344238e+00
-1.613540887832641602e+00
1.305334568023681641e-01
-1.758633375167846680e+00
-2.175216525793075562e-01
6.839925050735473633e-02
-1.159095048904418945e+00
-8.268939256668090820e-01
-1.095255374908447266e+00
-1.816825985908508301e+00
-2.242968797683715820e+00
2.104141473770141602e+00
-4.068402647972106934e-01
-4.689264893531799316e-01
-1.296342611312866211e-01
-8.541878461837768555e-01
3.197916746139526367e-01
-1.189864993095397949e+00
-1.342305421829223633e+00
-1.525249719619750977e+00
-1.564812898635864258e+00
-1.601325273513793945e+00
7.201274633407592773e-01
1.244897246360778809e+00
-4.263289570808410645e-01
1.488001585006713867e+00
-7.725444436073303223e-01
-8.211191296577453613e-01
-1.579464912414550781e+00
3.218840956687927246e-01
-8.752330541610717773e-01
-1.407045483589172363e+00
-1.747728943824768066e+00
-5.505289435386657715e-01
-1.520257711410522461e+00
2.086949348449707031e+00
8.367327451705932617e-01
4.387544989585876465e-01
7.347744107246398926e-01
8.038842678070068359e-02
2.485930919647216797e-03
2.738046646118164062e-02
-2.218758106231689453e+00
-1.677062749862670898e+00
-9.483215808868408203e-01
-7.894754409790039062e-01
1.713742017745971680e+00
-1.057712316513061523e+00
1.163578629493713379e-01
-2.303181648254394531e+00
-1.823514699935913086e-01
-1.556084394454956055e+00
-7.824982404708862305e-01
-5.932506918907165527e-01
-2.666921615600585938e+00
-2.140353441238403320e+00
-1.414192438125610352e+00
-1.532436609268188477e+00
-6.127204895019531250e-01
7.545899152755737305e-01
1.760335564613342285e-01
-1.619006276130676270e+00
7.726856470108032227e-01
-5.467085838317871094e-01
4.944290518760681152e-01
-2.955589056015014648e+00
-1.312868356704711914e+00
-8.786710500717163086e-01
-1.052708148956298828e+00
-7.589315772056579590e-01
-1.329191923141479492e+00
4.384168684482574463e-01
1.932948827743530273e-01
6.666284799575805664e-02
-1.910377740859985352e-01
-7.427901029586791992e-01
-1.544446945190429688e+00
-1.563577890396118164e+00
-3.172019243240356445e+00
-1.192144274711608887e+00
1.099463820457458496e+00
1.919412970542907715e+00
-3.143736124038696289e+00
-1.485102534294128418e+00
-7.721227407455444336e-01
-1.189437270164489746e+00
5.746101140975952148e-01
-3.367525100708007812e+00
-1.769187211990356445e+00
-8.909122347831726074e-01
-1.456730127334594727e+00
8.529238700866699219e-01
-3.134274482727050781e-02
-1.376013278961181641e+00
-2.084707021713256836e+00
-2.270643234252929688e+00
-1.222470879554748535e+00
3.466181159019470215e-01
4.493498802185058594e-01
-1.896120309829711914e+00
-1.705991029739379883e+00
-4.954256713390350342e-01
-1.118821144104003906e+00
-5.194010138511657715e-01
-1.247580647468566895e+00
1.557016372680664062e-01
-1.148074507713317871e+00
-1.159586668014526367e+00
-1.623005628585815430e+00
-2.492536783218383789e+00
-3.997808456420898438e+00
-1.718111038208007812e+00
1.364494562149047852e-01
-2.569743990898132324e-01
-4.593703150749206543e-01
-2.570819854736328125e+00
-6.983468532562255859e-01
-8.865867853164672852e-01
-2.692061066627502441e-01
-6.425986886024475098e-01
-7.717502117156982422e-01
-5.961248278617858887e-01
-1.435835242271423340e+00
-5.069290399551391602e-01
-7.581253051757812500e-01
-6.195860505104064941e-01
-2.550173699855804443e-01
-2.083452463150024414e+00
-9.166778326034545898e-01
-1.409320950508117676e+00
-1.701152324676513672e+00
-2.741316556930541992e-01
-7.537569999694824219e-01
-1.241749525070190430e+00
1.431671380996704102e-01
-9.056006073951721191e-01
-8.453010320663452148e-01
-8.416215777397155762e-01
-2.622979402542114258e+00
9.037001132965087891e-01
-1.766882658004760742e+00
-1.315090656280517578e+00
-1.147500514984130859e+00
-1.704449057579040527e-01
-3.292999267578125000e-01
-5.910099744796752930e-01
1.271590232849121094e+00
-3.762952685356140137e-01
-7.756539583206176758e-01
-6.804019212722778320e-01
-3.980888724327087402e-01
-2.034366130828857422e+00
-4.029049277305603027e-01
2.486795425415039062e+00
-1.569331169128417969e+00
-1.895864725112915039e+00
-6.382999420166015625e-01
9.434753656387329102e-01
-2.564579486846923828e+00
-9.208587408065795898e-01
-1.408965468406677246e+00
-2.469824790954589844e+00
-3.871035575866699219e-01
-2.455525398254394531e+00
-1.052480936050415039e+00
-4.936203956604003906e-01
4.369496703147888184e-01
9.991762042045593262e-01
-2.567513465881347656e+00
5.878510475158691406e-01
-2.193625926971435547e+00
-1.024348855018615723e+00
-9.079918265342712402e-01
5.120027661323547363e-01
5.849114060401916504e-02
-1.594345808029174805e+00
-1.011840581893920898e+00
1.485638260841369629e+00
2.566093444824218750e+00
-4.384300410747528076e-01
-3.367942869663238525e-01
6.666992902755737305e-01
3.319390416145324707e-01
-1.399266004562377930e+00
-7.704546451568603516e-01
-2.453973293304443359e+00
-2.860698223114013672e+00
-1.221373081207275391e+00
5.462419986724853516e-02
-2.178137302398681641e+00
-1.588594913482666016e+00
-1.636640310287475586e+00
-3.473837375640869141e-01
-6.859711408615112305e-01
-1.015090942382812500e+00
-6.595391035079956055e-01
8.463537096977233887e-01
-6.031540036201477051e-01
8.671663999557495117e-01
-1.446966171264648438e+00
-7.232474684715270996e-01
7.445904612541198730e-01
-1.818053603172302246e+00
-2.700385808944702148e+00
-1.941620111465454102e-01
-5.836934447288513184e-01
-8.851037025451660156e-01
-1.344900965690612793e+00
-5.520000457763671875e-01
8.688372373580932617e-02
-1.234439253807067871e+00
-8.412641286849975586e-01
8.127450942993164062e-01
-2.035986900329589844e+00
-4.678516983985900879e-01
-1.447150945663452148e+00
-7.759891748428344727e-01
-7.227570414543151855e-01
-4.372709393501281738e-01
-1.510280370712280273e-02
-4.571351706981658936e-01
-9.804239273071289062e-01
9.336552023887634277e-01
-5.049056410789489746e-01
-9.474450945854187012e-01
-1.444412350654602051e+00
-1.359145879745483398e+00
-2.073036193847656250e+00
-7.194789648056030273e-01
-2.094011068344116211e+00
-1.371639490127563477e+00
-9.347566962242126465e-01
-1.449461221694946289e+00
-1.423528343439102173e-01
-1.015588998794555664e+00
-9.407367706298828125e-01
1.593346595764160156e-01
-2.917220592498779297e+00
-2.359461307525634766e+00
3.105856776237487793e-01
-1.340396881103515625e+00
-3.058027982711791992e+00
-7.601405382156372070e-01
-1.899368882179260254e+00
3.061626553535461426e-01
-1.852751970291137695e+00
-1.995950341224670410e+00
2.302100062370300293e-01
-9.892311692237854004e-01
-8.261745572090148926e-01
-1.102652072906494141e+00
-3.846622407436370850e-01
-9.294366240501403809e-01
-2.168239593505859375e+00
-1.390685796737670898e+00
-7.495318651199340820e-01
1.326202869415283203e+00
-1.296220302581787109e+00
-1.542203426361083984e+00
-1.567629098892211914e+00
2.601449012756347656e+00
-4.327588379383087158e-01
2.838976979255676270e-01
-7.654988169670104980e-01
-2.777387499809265137e-01
-6.691545844078063965e-01
-7.258013486862182617e-01
-6.629447937011718750e-01
1.523653566837310791e-01
1.932342648506164551e-01
-5.419304370880126953e-01
-1.235288381576538086e+00
-1.577376127243041992e+00
1.675092577934265137e-01
-1.258291959762573242e+00
8.822385072708129883e-01
1.864431858062744141e+00
-1.136462688446044922e+00
-5.866945981979370117e-01
3.343251943588256836e+00
-5.808514356613159180e-01
-1.561649143695831299e-02
-1.752078294754028320e+00
-3.191939115524291992e+00
-1.082350015640258789e+00
2.914355993270874023e-01
-2.510324954986572266e+00
-1.404615759849548340e+00
7.741510868072509766e-02
-1.807065844535827637e+00
-4.714177846908569336e-01
-1.372665524482727051e+00
-1.863560080528259277e+00
-1.404618144035339355e+00
8.743637800216674805e-01
-2.452560365200042725e-01
8.263220787048339844e-01
2.475213527679443359e+00
3.642957210540771484e-01
-2.973801493644714355e-01
-7.653584480285644531e-01
-4.302481174468994141e+00
-1.175659894943237305e-01
-3.028970956802368164e-01
3.069693803787231445e+00
-1.810585498809814453e+00
-1.417037010192871094e+00
-1.055503249168395996e+00
-3.694833815097808838e-01
-1.341191291809082031e+00
-6.762968301773071289e-01
5.632773041725158691e-02
-4.498690068721771240e-01
-1.762722730636596680e-01
-1.341314554214477539e+00
-1.553352713584899902e+00
-1.587929010391235352e+00
-4.101711213588714600e-01
-1.324793338775634766e+00
1.234213113784790039e-01
-7.363446950912475586e-01
4.876434803009033203e-03
-9.109139442443847656e-01
-2.988268852233886719e+00
6.519798040390014648e-01
-1.351191401481628418e-01
-1.397329568862915039e-01
-3.595302104949951172e-01
1.392711102962493896e-01
-1.389121532440185547e+00
-5.114733576774597168e-01
-1.718965053558349609e+00
1.263805627822875977e-01
-2.419716358184814453e+00
-5.102995038032531738e-01
-8.893768787384033203e-01
-2.105314016342163086e+00
-1.482605218887329102e+00
-1.001720428466796875e+00
-4.405053853988647461e-01
-2.579678535461425781e+00
3.980129659175872803e-01
2.700376510620117188e-02
-6.629261970520019531e-01
6.092288494110107422e-01
-1.914896845817565918e+00
-1.130335807800292969e+00
-2.437933683395385742e+00
-1.245067834854125977e+00
-1.833330392837524414e+00
6.825428009033203125e-01
-1.509596109390258789e+00
-1.582892894744873047e+00
-5.727944374084472656e-01
-1.683945894241333008e+00
4.404425621032714844e-01
9.355070590972900391e-01
-7.991814613342285156e-01
-2.397976636886596680e+00
-3.695789575576782227e+00
-5.748053193092346191e-01
-5.973075628280639648e-01
6.839086413383483887e-01
-7.323377728462219238e-01
6.267091035842895508e-01
-2.459820747375488281e+00
-1.760984420776367188e+00
7.989681959152221680e-01
-1.638109922409057617e+00
-1.296465873718261719e+00
-9.880100488662719727e-01
-2.545557260513305664e+00
2.962415695190429688e+00
2.240088701248168945e+00
-1.881275653839111328e+00
-4.170542061328887939e-01
-1.346354842185974121e+00
-1.779250860214233398e+00
-1.249173641204833984e+00
-1.233250617980957031e+00
-4.523943066596984863e-01
-2.567911148071289062e-01
-3.343567252159118652e-01
-2.540025711059570312e+00
-1.109643220901489258e+00
-1.982267737388610840e+00
-7.122188210487365723e-01
-6.434912681579589844e-01
-4.618120193481445312e-01
-1.327919960021972656e+00
-5.584945678710937500e-01
-7.502745389938354492e-01
2.414780408143997192e-01
-6.860442161560058594e-01
-1.604363799095153809e+00
-1.634621381759643555e+00
-2.337119579315185547e+00
6.065135598182678223e-01
8.092320561408996582e-01
-1.324860811233520508e+00
-1.763859629631042480e+00
1.433469355106353760e-02
-9.888389706611633301e-01
-1.780818104743957520e+00
-8.709499239921569824e-01
-8.456646800041198730e-01
-1.332982897758483887e+00
8.888451457023620605e-01
-9.867938756942749023e-01
-3.113589882850646973e-01
-2.367518663406372070e+00
-2.401114106178283691e-01
-5.504587888717651367e-01
-8.505192995071411133e-01
4.988369345664978027e-01
-1.479847431182861328e+00
-1.619654655456542969e+00
-1.867816746234893799e-01
-7.921910881996154785e-01
-2.018387317657470703e-01
8.754078149795532227e-01
1.017250061035156250e+00
-6.823669672012329102e-01
7.377076148986816406e-02
-1.194213032722473145e+00
-7.049240469932556152e-01
-2.075546681880950928e-01
-1.829077839851379395e+00
-2.737695455551147461e+00
-1.245102405548095703e+00
-6.185587644577026367e-01
-2.434839487075805664e+00
8.277624845504760742e-03
-9.019491076469421387e-01
-1.072003602981567383e+00
-1.556507945060729980e+00
1.553506612777709961e+00
-1.382730841636657715e+00
-1.564003825187683105e+00
2.525239944458007812e+00
-2.228047847747802734e-01
-2.903844118118286133e+00
-3.668266057968139648e+00
-7.617003917694091797e-01
-1.213577151298522949e+00
-1.891184329986572266e+00
9.106855392456054688e-01
-8.218992948532104492e-01
-6.755847334861755371e-01
-1.348114728927612305e+00
-1.329962372779846191e+00
2.816699147224426270e-01
-7.181015014648437500e-01
7.306814193725585938e-03
-1.777760028839111328e+00
-1.177884817123413086e+00
-1.284801959991455078e+00
-6.413650512695312500e-02
-9.547813534736633301e-01
-1.156369447708129883e+00
-3.165912151336669922e+00
-1.197838783264160156e-01
-1.493212819099426270e+00
-2.776482105255126953e-01
-4.409353137016296387e-01
6.239855289459228516e-01
-1.805417537689208984e+00
-1.290022373199462891e+00
2.892377853393554688e+00
-4.807627797126770020e-01
7.138558626174926758e-01
-9.455349445343017578e-01
-1.331112027168273926e+00
-4.926681518554687500e-03
-7.324497699737548828e-01
-3.367968201637268066e-01
-2.605373382568359375e+00
-5.939922332763671875e-01
-2.197153091430664062e+00
-1.248698353767395020e+00
-2.910202980041503906e+00
-1.301698803901672363e+00
-1.789723157882690430e+00
-1.706303596496582031e+00
-1.892713665962219238e+00
3.538959622383117676e-01
-1.088385343551635742e+00
-1.375847220420837402e+00
-9.820938110351562500e-03
-8.325572013854980469e-01
-1.760231256484985352e+00
-1.340159177780151367e+00
-3.800688087940216064e-01
-3.979524075984954834e-01
-3.313392400741577148e-01
6.165986061096191406e-01
8.127611279487609863e-01
-1.519036054611206055e+00
3.091471791267395020e-01
-4.880219101905822754e-01
-1.385679483413696289e+00
-1.793689012527465820e+00
-3.897561073303222656e+00
-1.638656139373779297e+00
-8.281107544898986816e-01
-1.472963690757751465e+00
-3.186011552810668945e+00
-2.053366661071777344e+00
-9.648115038871765137e-01
6.198692321777343750e-02
5.776050686836242676e-01
-1.837620973587036133e+00
-1.567229032516479492e-01
-1.347350120544433594e+00
-1.268303155899047852e+00
-8.844959735870361328e-01
3.951385617256164551e-01
-1.576165914535522461e+00
-3.395181894302368164e-01
-2.005008459091186523e+00
6.237149238586425781e-01
-9.218268394470214844e-01
-9.859499335289001465e-02
3.086224794387817383e-01
6.397624611854553223e-01
-9.695440530776977539e-01
-1.466149091720581055e+00
-2.638631820678710938e+00
-7.103297114372253418e-01
-1.324878215789794922e+00
-2.752737522125244141e+00
1.413752555847167969e+00
-3.584421873092651367e-01
-5.246797204017639160e-01
2.712090015411376953e-01
-7.730153203010559082e-01
-2.531230449676513672e+00
5.090463161468505859e-02
