3.330228924751281738e-01
-2.006280660629272461e+00
-5.249585509300231934e-01
-9.499844908714294434e-01
6.539248228073120117e-01
-1.366908192634582520e+00
5.000000000000000000e+00
2.356868982315063477e+00
-1.098602056503295898e+00
3.336277961730957031e+00
1.107576012611389160e+00
-8.288052678108215332e-01
-1.523660421371459961e-01
-1.202406525611877441e+00
5.000000000000000000e+00
1.689456939697265625e+00
-6.115962862968444824e-01
-6.760121583938598633e-01
4.623108863830566406e+00
-5.409890413284301758e-02
-1.729775428771972656e+00
-3.711832761764526367e-01
4.490509510040283203e+00
2.336099386215209961e+00
-1.000301599502563477e+00
3.946213245391845703e+00
3.035610198974609375e+00
8.324029445648193359e-01
6.035074591636657715e-02
3.883181571960449219e+00
2.280849933624267578e+00
5.000000000000000000e+00
-3.815398812294006348e-01
-1.392975091934204102e+00
4.567577362060546875e+00
-5.773283243179321289e-01
-1.853915750980377197e-01
1.570126414299011230e-01
-7.458055019378662109e-01
5.000000000000000000e+00
2.725484371185302734e-01
3.314067840576171875e+00
4.413287937641143799e-01
4.420463442802429199e-01
-5.604221820831298828e-01
2.913183212280273438e+00
-8.279502391815185547e-02
7.222485542297363281e-02
4.582365989685058594e+00
2.605954170227050781e+00
-1.217770814895629883e+00
4.853593826293945312e+00
1.425692319869995117e+00
5.000000000000000000e+00
1.038022756576538086e+00
1.145848751068115234e+00
3.145694494247436523e+00
2.374267578125000000e+00
4.642338275909423828e+00
2.407173633575439453e+00
-3.169302046298980713e-01
5.000000000000000000e+00
4.900423049926757812e+00
2.656107902526855469e+00
-2.542583227157592773e+00
9.047026038169860840e-01
7.152265906333923340e-01
6.839577108621597290e-02
3.663003921508789062e+00
5.000000000000000000e+00
-1.135447502136230469e+00
-6.236473321914672852e-01
-6.068126559257507324e-01
4.751951217651367188e+00
-1.080596446990966797e+00
5.000000000000000000e+00
4.438304424285888672e+00
-2.652151107788085938e+00
3.797491073608398438e+00
4.361088275909423828e+00
-1.479014992713928223e+00
-1.431050181388854980e+00
-3.358030319213867188e-02
9.168070554733276367e-01
5.000000000000000000e+00
-3.956474661827087402e-01
3.589252948760986328e+00
9.765804409980773926e-01
1.114176034927368164e+00
-1.886067628860473633e+00
2.239196777343750000e+00
3.593274056911468506e-01
-1.325068712234497070e+00
5.000000000000000000e+00
5.556662082672119141e-01
-1.554090142250061035e+00
1.541763782501220703e+00
1.886740922927856445e-01
3.593167304992675781e+00
-2.894100546836853027e-01
4.156558990478515625e+00
-6.571143269538879395e-01
-1.100613951683044434e+00
3.550199985504150391e+00
1.601552128791809082e+00
4.596950531005859375e+00
9.276067614555358887e-01
-7.693139314651489258e-01
-3.600640296936035156e-01
3.482424736022949219e+00
5.000000000000000000e+00
1.699208974838256836e+00
4.075732231140136719e+00
1.510944128036499023e+00
-1.441934585571289062e+00
7.083001136779785156e-01
2.489144325256347656e+00
-5.044647455215454102e-01
-7.639563083648681641e-01
-7.272690534591674805e-01
5.000000000000000000e+00
-6.609750986099243164e-01
-1.839564681053161621e+00
5.000000000000000000e+00
5.000000000000000000e+00
5.000000000000000000e+00
-1.025681734085083008e+00
2.306231498718261719e+00
3.359630823135375977e+00
2.797033786773681641e+00
7.640809416770935059e-01
3.455361843109130859e+00
-1.350376844406127930e+00
2.097319602966308594e+00
-1.731779456138610840e+00
3.747395515441894531e+00
5.127465724945068359e-02
2.028138399124145508e+00
1.762807607650756836e+00
5.000000000000000000e+00
-6.406877994537353516e+00
3.399477005004882812e+00
-6.893854737281799316e-01
8.121789693832397461e-01
-1.292364835739135742e+00
2.209885120391845703e+00
1.508380174636840820e-01
-9.235346317291259766e-02
-1.548794269561767578e+00
-1.216310501098632812e+00
4.490267753601074219e+00
1.315380096435546875e+00
5.000000000000000000e+00
-3.236319422721862793e-01
-7.387747764587402344e-01
4.928038418292999268e-01
8.527767062187194824e-01
1.837168574333190918e+00
-2.379078388214111328e+00
-1.744301319122314453e-01
-1.767002940177917480e-01
4.126577377319335938e+00
3.513730049133300781e+00
2.136789083480834961e+00
2.077264785766601562e+00
8.751677870750427246e-01
1.969474911689758301e+00
2.943317413330078125e+00
1.337904930114746094e+00
4.612711906433105469e+00
3.674533843994140625e+00
-2.511119842529296875e+00
4.067239761352539062e+00
-8.841395974159240723e-01
4.075058937072753906e+00
1.688504517078399658e-01
1.004646420478820801e+00
4.225249767303466797e+00
1.567087531089782715e+00
1.706370353698730469e+00
-1.201335310935974121e+00
1.017018795013427734e+00
1.473110914230346680e+00
4.947682857513427734e+00
1.773190855979919434e+00
-1.800246715545654297e+00
3.047715663909912109e+00
-9.424006342887878418e-01
1.097715497016906738e-01
-9.287422895431518555e-02
4.301240921020507812e+00
5.000000000000000000e+00
5.575026273727416992e-01
-2.794685363769531250e-01
1.898488759994506836e+00
-2.204078435897827148e-02
4.432422161102294922e+00
-2.008971691131591797e+00
5.000000000000000000e+00
-4.752653837203979492e-01
9.734153747558593750e-01
-9.299615025520324707e-01
5.428463220596313477e-01
2.639391899108886719e+00
7.109910249710083008e-03
4.212109565734863281e+00
5.000000000000000000e+00
1.707124233245849609e+00
1.907803297042846680e+00
3.224431514739990234e+00
4.763653755187988281e+00
2.869112491607666016e+00
3.304843187332153320e+00
-3.983700037002563477e+00
4.057027816772460938e+00
5.000000000000000000e+00
2.116875648498535156e+00
1.824942350387573242e+00
5.000000000000000000e+00
5.000000000000000000e+00
2.860706448554992676e-01
5.000000000000000000e+00
-9.898444414138793945e-01
2.702415466308593750e+00
5.000000000000000000e+00
-1.456298828125000000e+00
-1.476364731788635254e+00
5.543360710144042969e-01
2.982100546360015869e-01
2.650263309478759766e+00
-3.500980734825134277e-01
1.842648267745971680e+00
5.000000000000000000e+00
-2.727618217468261719e-01
4.459474563598632812e+00
-1.260418176651000977e+00
-8.259003609418869019e-02
3.489659786224365234e+00
-2.599666714668273926e-01
2.130208253860473633e+00
1.706984996795654297e+00
-4.286575615406036377e-01
-1.989457309246063232e-01
-9.653651714324951172e-01
3.262917995452880859e+00
4.197199821472167969e+00
5.000000000000000000e+00
-8.551368713378906250e-01
1.299793958663940430e+00
4.258350372314453125e+00
1.605640172958374023e+00
1.268252849578857422e+00
2.972685337066650391e+00
-2.172777175903320312e+00
2.919104099273681641e-01
1.591962218284606934e+00
7.227882742881774902e-02
1.780073940753936768e-01
1.306721329689025879e+00
2.243969917297363281e+00
-1.788963317871093750e+00
-2.301152706146240234e+00
1.272560834884643555e+00
-5.959085226058959961e-01
-8.253432512283325195e-01
1.162022113800048828e+00
-3.481318950653076172e-01
-3.797039747238159180e+00
2.607132434844970703e+00
-1.414104461669921875e+00
-1.663967490196228027e+00
1.455103516578674316e+00
-1.388771414756774902e+00
3.210976600646972656e+00
5.000000000000000000e+00
5.000000000000000000e+00
-1.508774518966674805e+00
3.825345993041992188e+00
-1.107211112976074219e+00
4.876752376556396484e+00
5.000000000000000000e+00
4.122700691223144531e-01
7.248370051383972168e-01
-1.470783472061157227e+00
1.048763394355773926e+00
-4.580748081207275391e-01
-1.276365756988525391e+00
5.000000000000000000e+00
9.828258156776428223e-01
2.558256149291992188e+00
-1.706413865089416504e+00
3.036198854446411133e+00
-1.575362443923950195e+00
1.404753327369689941e-01
-9.119359850883483887e-01
3.629493236541748047e+00
5.000000000000000000e+00
3.074410676956176758e+00
-2.616790771484375000e+00
1.416502714157104492e+00
3.774163246154785156e+00
3.942148685455322266e+00
1.899768412113189697e-01
-1.214247941970825195e-01
-3.116278350353240967e-01
-1.529501378536224365e-01
1.797328352928161621e+00
-1.641014337539672852e+00
-1.457858920097351074e+00
3.904200315475463867e+00
1.739155292510986328e+00
3.988308429718017578e+00
-9.819933772087097168e-01
5.635359883308410645e-02
-7.111058235168457031e-01
-4.089940786361694336e-01
4.805444240570068359e+00
6.298452615737915039e-02
-7.040075659751892090e-01
8.048213720321655273e-01
2.922216415405273438e+00
2.711873531341552734e+00
2.544403553009033203e+00
2.516684532165527344e+00
-2.901233434677124023e-01
4.775692462921142578e+00
1.222532749176025391e+00
4.685262680053710938e+00
1.944409608840942383e+00
6.894178986549377441e-01
1.338770866394042969e+00
-1.469786882400512695e+00
2.659896016120910645e-01
3.834425926208496094e+00
3.048819541931152344e+00
1.160400629043579102e+00
1.454277276992797852e+00
5.000000000000000000e+00
-1.508415222167968750e+00
4.337384223937988281e+00
5.000000000000000000e+00
-6.514048576354980469e-02
2.366579532623291016e+00
2.971184730529785156e+00
2.099422693252563477e+00
2.781020641326904297e+00
-2.134191393852233887e-01
1.862361550331115723e+00
2.525252103805541992e+00
-4.442181587219238281e+00
4.379163265228271484e+00
4.451465129852294922e+00
-2.480215787887573242e+00
1.981950521469116211e+00
4.720441341400146484e+00
1.311764597892761230e+00
9.416058063507080078e-01
4.812921047210693359e+00
1.619098544120788574e+00
1.599040389060974121e+00
1.212010741233825684e+00
-4.077896773815155029e-01
5.000000000000000000e+00
3.889213562011718750e+00
-1.134480983018875122e-01
4.808626651763916016e+00
4.369893074035644531e+00
1.578885555267333984e+00
5.000000000000000000e+00
5.137988328933715820e-01
-1.090975105762481689e-01
1.245869755744934082e+00
1.944710016250610352e+00
4.828249812126159668e-01
5.000000000000000000e+00
9.457518458366394043e-01
1.920449733734130859e+00
5.000000000000000000e+00
4.004315137863159180e-01
-7.488043904304504395e-01
-4.232754707336425781e-01
4.274988651275634766e+00
5.000000000000000000e+00
3.592576265335083008e+00
-9.972631931304931641e-02
3.687919616699218750e+00
-1.798485994338989258e+00
4.469522476196289062e+00
2.463242292404174805e+00
-1.817924261093139648e+00
7.363787293434143066e-02
-1.801606655120849609e+00
2.518957853317260742e+00
-1.605440735816955566e+00
1.071753501892089844e+00
1.867995977401733398e+00
4.705564498901367188e+00
4.262448310852050781e+00
4.857937097549438477e-01
8.682882785797119141e-01
-1.006642103195190430e+00
2.016397416591644287e-01
1.362068653106689453e-01
6.295752525329589844e-02
4.141769409179687500e+00
1.489730000495910645e+00
-5.670318603515625000e-01
2.387910366058349609e+00
4.071742057800292969e+00
-1.342683076858520508e+00
3.175544738769531250e+00
-1.627352714538574219e+00
4.036159038543701172e+00
2.720081567764282227e+00
3.403436183929443359e+00
-1.275485992431640625e+00
9.755993485450744629e-01
1.763167262077331543e+00
2.280807495117187500e+00
2.424887895584106445e+00
3.516538619995117188e+00
4.663394927978515625e+00
3.466895580291748047e+00
4.671222686767578125e+00
3.825796604156494141e+00
1.900852203369140625e+00
-3.838624358177185059e-01
4.171215534210205078e+00
-2.077886760234832764e-01
-1.480903863906860352e+00
2.142294883728027344e+00
3.871034383773803711e+00
-3.189736008644104004e-01
-1.890771627426147461e+00
-7.335300445556640625e-01
-3.633205890655517578e-01
-1.311612367630004883e+00
-7.354165911674499512e-01
2.985357284545898438e+00
1.262521147727966309e-01
1.549877882003784180e+00
8.753012418746948242e-01
2.325819253921508789e+00
1.253190040588378906e+00
-1.490189909934997559e+00
5.000000000000000000e+00
1.715559005737304688e+00
1.092581152915954590e-01
-1.861054897308349609e+00
-2.102208375930786133e+00
5.000000000000000000e+00
5.000000000000000000e+00
7.648118734359741211e-01
2.015195131301879883e+00
3.787725687026977539e+00
3.787426948547363281e+00
-1.608006954193115234e-01
5.000000000000000000e+00
2.365614414215087891e+00
2.421636104583740234e+00
-1.331559181213378906e+00
3.867551326751708984e+00
6.675558686256408691e-01
-2.572711110115051270e-01
3.337661504745483398e+00
1.723914146423339844e+00
3.696995735168457031e+00
-1.324227571487426758e+00
4.743992805480957031e+00
2.525039196014404297e+00
-1.206004917621612549e-01
-1.215567827224731445e+00
1.453624606132507324e+00
3.205280065536499023e+00
4.598302364349365234e+00
-1.015950798988342285e+00
5.000000000000000000e+00
-4.828318953514099121e-01
2.707808971405029297e+00
-2.099763393402099609e+00
-1.867657661437988281e+00
-9.358933568000793457e-01
-7.208320498466491699e-01
4.664167404174804688e+00
3.027737140655517578e+00
1.685827970504760742e+00
-1.264715194702148438e-02
3.717389345169067383e+00
4.846521377563476562e+00
4.891070365905761719e+00
1.590373873710632324e+00
-7.953662276268005371e-01
2.087246894836425781e+00
-1.760041356086730957e+00
8.628307580947875977e-01
-2.720082998275756836e-01
-1.503897905349731445e+00
1.065435171127319336e+00
5.000000000000000000e+00
-8.496219515800476074e-01
5.608384609222412109e-01
4.684580802917480469e+00
5.000000000000000000e+00
1.309957027435302734e+00
5.000000000000000000e+00
-9.374135732650756836e-01
2.861556053161621094e+00
4.416928291320800781e+00
2.126347541809082031e+00
-4.192315042018890381e-01
-1.606038093566894531e+00
3.364068031311035156e+00
-8.452039957046508789e-02
4.302197933197021484e+00
7.248234748840332031e-02
6.260696053504943848e-02
2.876294374465942383e+00
3.860841751098632812e+00
4.983024597167968750e+00
-5.372717976570129395e-02
3.439088344573974609e+00
5.000000000000000000e+00
7.060340642929077148e-01
-3.190432190895080566e-01
4.310501098632812500e+00
4.334638118743896484e+00
3.091731548309326172e+00
-9.840129613876342773e-01
-9.024577736854553223e-01
3.653283357620239258e+00
4.162391662597656250e+00
4.007340908050537109e+00
-1.648911476135253906e+00
3.681942820549011230e-01
5.000000000000000000e+00
3.738054752349853516e+00
4.341340541839599609e+00
4.394917964935302734e+00
7.906666398048400879e-02
-2.770786285400390625e-01
4.271016120910644531e+00
-7.463083267211914062e-01
6.255543231964111328e-02
5.000000000000000000e+00
6.365579366683959961e-01
6.963608264923095703e-01
1.138555288314819336e+00
-2.119873464107513428e-01
-1.316889286041259766e+00
-4.022835195064544678e-01
4.272854328155517578e+00
1.807281613349914551e+00
9.580254554748535156e-01
4.089289188385009766e+00
-6.826679706573486328e-01
5.000000000000000000e+00
3.499929904937744141e+00
5.592868328094482422e-01
3.145975351333618164e+00
3.520408272743225098e-01
4.159023284912109375e+00
2.152150869369506836e-02
-1.928368926048278809e+00
2.405036926269531250e+00
5.000000000000000000e+00
-9.623472392559051514e-02
8.132470846176147461e-01
1.441702842712402344e+00
5.000000000000000000e+00
2.915281295776367188e+00
9.246304631233215332e-02
-1.320107936859130859e+00
-1.431747198104858398e+00
1.192264318466186523e+00
-9.842497706413269043e-01
8.842023611068725586e-01
5.000000000000000000e+00
-4.000204205513000488e-01
-3.113413453102111816e-01
9.430795907974243164e-01
4.287168502807617188e+00
4.227903366088867188e+00
-1.146941661834716797e+00
4.447428703308105469e+00
4.691438198089599609e+00
2.679326295852661133e+00
2.495792865753173828e+00
4.707798480987548828e+00
4.465117454528808594e+00
3.073711395263671875e+00
2.766077756881713867e+00
1.141629576683044434e+00
2.453772544860839844e+00
-2.557044029235839844e-01
3.192780017852783203e+00
-1.171465039253234863e+00
-9.219264984130859375e-02
5.000000000000000000e+00
4.797294616699218750e+00
1.092813909053802490e-01
1.158535718917846680e+00
-3.244425058364868164e-01
5.000000000000000000e+00
6.794265508651733398e-01
4.267282485961914062e+00
-8.693818449974060059e-01
-2.906771302223205566e-01
2.253062009811401367e+00
3.125679492950439453e+00
2.729987144470214844e+00
1.630146384239196777e+00
-1.496652841567993164e+00
1.012910366058349609e+00
2.315104007720947266e+00
4.874369621276855469e+00
3.720999717712402344e+00
-6.107109785079956055e-01
3.085027635097503662e-01
4.157962799072265625e+00
-1.867621779441833496e+00
1.985597848892211914e+00
-1.291739463806152344e+00
1.869253396987915039e+00
4.878105163574218750e+00
2.786678671836853027e-01
2.584786891937255859e+00
4.162817001342773438e+00
-1.109976410865783691e+00
-2.115524768829345703e+00
3.865422487258911133e+00
-5.324983000755310059e-01
-2.414203882217407227e+00
4.665450572967529297e+00
3.428034305572509766e+00
1.421968698501586914e+00
-2.882152795791625977e-01
1.987290382385253906e-01
-8.421817421913146973e-01
-6.938594579696655273e-02
2.123409748077392578e+00
-1.303035259246826172e+00
-3.509896278381347656e+00
-2.017071247100830078e+00
4.166551589965820312e+00
-9.870723485946655273e-01
2.022253274917602539e-01
2.944422721862792969e+00
1.967827677726745605e+00
4.676606655120849609e+00
4.677768230438232422e+00
-1.152101993560791016e+00
5.000000000000000000e+00
6.161368489265441895e-01
-2.968908846378326416e-01
4.242725849151611328e+00
4.552185058593750000e+00
1.584818363189697266e-01
5.000000000000000000e+00
1.425890922546386719e-01
-8.485007286071777344e-01
4.775817871093750000e+00
9.761923551559448242e-02
2.213817834854125977e-01
5.818907022476196289e-01
3.119533538818359375e+00
-1.090116500854492188e-01
6.492262482643127441e-01
-7.642713785171508789e-01
3.098244905471801758e+00
5.000000000000000000e+00
-1.012069582939147949e-01
5.000000000000000000e+00
5.930161476135253906e-02
7.611348032951354980e-01
2.887962341308593750e+00
-3.192793130874633789e-01
-7.240911126136779785e-01
-7.011360526084899902e-01
-9.449822306632995605e-01
2.731949090957641602e+00
-1.615323305130004883e+00
2.044250249862670898e+00
1.233178377151489258e+00
2.041353702545166016e+00
3.344728469848632812e+00
2.389071464538574219e+00
-1.281802415847778320e+00
-9.123262166976928711e-01
-6.264343261718750000e-01
3.336268663406372070e+00
5.000000000000000000e+00
-1.826441884040832520e+00
-7.506066560745239258e-01
