5.928096175193786621e-02
3.439303874969482422e+00
2.000551223754882812e+00
5.794764757156372070e-01
5.000000000000000000e+00
5.000000000000000000e+00
-6.853855848312377930e-01
3.408854246139526367e+00
-1.294514775276184082e+00
4.551423549652099609e+00
4.779032707214355469e+00
4.239408969879150391e+00
1.398262977600097656e+00
1.089704036712646484e-02
1.630251049995422363e+00
4.865679740905761719e+00
-6.808903813362121582e-02
5.000000000000000000e+00
-3.831283748149871826e-01
2.981637239456176758e+00
1.520711928606033325e-01
-2.402744293212890625e+00
5.000000000000000000e+00
-1.943096280097961426e+00
2.649610042572021484e+00
5.948079824447631836e-01
3.212998867034912109e+00
1.034737348556518555e+00
-7.410835623741149902e-01
-7.006530761718750000e-01
-4.321551918983459473e-01
-1.806256890296936035e+00
-2.168467044830322266e+00
-6.558864116668701172e-01
2.990409612655639648e+00
-8.122498393058776855e-01
-5.460851192474365234e-01
5.774862766265869141e-01
4.381668090820312500e+00
2.848326921463012695e+00
-2.643291950225830078e+00
3.208734273910522461e+00
3.132673263549804688e+00
-7.968288064002990723e-01
3.335417270660400391e+00
3.060629069805145264e-01
5.000000000000000000e+00
-1.482193827629089355e+00
9.426810741424560547e-01
9.340198040008544922e-01
1.994470119476318359e+00
9.389806985855102539e-01
1.975197315216064453e+00
1.959821939468383789e+00
4.769927978515625000e+00
1.229808092117309570e+00
4.283770561218261719e+00
2.360320240259170532e-01
-1.763969659805297852e-03
-6.167894601821899414e-01
3.414276599884033203e+00
1.050300121307373047e+00
4.010564327239990234e+00
3.986106395721435547e+00
-4.030512273311614990e-01
1.907218456268310547e+00
-1.307654738426208496e+00
-5.756688117980957031e-01
8.223600983619689941e-01
3.856032609939575195e+00
-9.351665973663330078e-01
5.000000000000000000e+00
-8.598715662956237793e-01
3.445511579513549805e+00
4.025756716728210449e-01
9.524113535881042480e-01
5.000000000000000000e+00
1.789014816284179688e+00
2.180321931838989258e+00
-3.005914092063903809e-01
-1.055485248565673828e+00
8.535424470901489258e-01
-8.764160871505737305e-01
1.133673489093780518e-01
3.490177869796752930e+00
4.249305248260498047e+00
2.128327131271362305e+00
-1.343611240386962891e+00
3.794898986816406250e+00
-1.810805350542068481e-01
-3.503319621086120605e-01
4.454027652740478516e+00
1.291594505310058594e+00
4.663179814815521240e-01
5.000000000000000000e+00
4.938814163208007812e+00
4.384234905242919922e+00
-1.375930309295654297e+00
-2.260761559009552002e-01
1.072478413581848145e+00
5.000000000000000000e+00
1.944413304328918457e+00
2.586384773254394531e+00
-2.363917827606201172e-01
2.185760736465454102e+00
5.000000000000000000e+00
-2.309038400650024414e+00
-1.452628254890441895e+00
-3.018703460693359375e-01
-8.905562758445739746e-01
-4.315571188926696777e-01
4.236606359481811523e-01
1.801227331161499023e+00
2.655381679534912109e+00
-5.546868443489074707e-01
5.000000000000000000e+00
2.491345882415771484e+00
-1.568148136138916016e+00
-2.885717391967773438e+00
1.949961066246032715e+00
-3.919440209865570068e-01
1.118805646896362305e+00
-1.968173146247863770e+00
-2.698017954826354980e-01
-2.551853656768798828e-03
-1.246676683425903320e+00
-2.066445946693420410e-01
6.809353828430175781e-01
5.000000000000000000e+00
-1.451051235198974609e-01
-7.332865595817565918e-01
4.734643936157226562e+00
-1.105019748210906982e-01
-1.561539888381958008e+00
-8.924814462661743164e-01
1.415122509002685547e+00
4.098601818084716797e+00
8.947762846946716309e-02
3.370701313018798828e+00
4.968645572662353516e+00
-1.965712308883666992e-01
8.222819566726684570e-01
2.162719011306762695e+00
9.629681706428527832e-02
3.740287065505981445e+00
-1.520303189754486084e-01
4.131650924682617188e+00
2.466202974319458008e-01
5.000000000000000000e+00
9.170079231262207031e-01
-1.301819801330566406e+00
-3.794762492179870605e-01
8.214435577392578125e-01
1.981457948684692383e+00
-2.540267705917358398e-01
3.339011669158935547e+00
-6.911640763282775879e-01
5.000000000000000000e+00
5.000000000000000000e+00
4.724878787994384766e+00
-1.820561289787292480e+00
2.951416015625000000e+00
-4.418194293975830078e-01
5.000000000000000000e+00
3.172886133193969727e+00
3.133708000183105469e+00
-4.347026348114013672e-03
1.112028598785400391e+00
5.000000000000000000e+00
-6.284009218215942383e-01
-1.601526021957397461e+00
5.000000000000000000e+00
1.201695561408996582e+00
-7.031628489494323730e-01
-1.911486864089965820e+00
4.099437713623046875e+00
4.783812046051025391e+00
5.000000000000000000e+00
5.000000000000000000e+00
5.000000000000000000e+00
2.093580722808837891e+00
5.000000000000000000e+00
4.554230690002441406e+00
3.286089301109313965e-01
5.158096551895141602e-01
7.597403526306152344e-01
5.000000000000000000e+00
3.376963734626770020e-01
2.037608861923217773e+00
2.439242601394653320e-02
3.355423688888549805e+00
2.355048656463623047e+00
5.000000000000000000e+00
2.326333284378051758e+00
4.456884384155273438e+00
6.938885450363159180e-01
5.000000000000000000e+00
8.909665942192077637e-01
1.373661637306213379e+00
2.292781352996826172e+00
4.981191158294677734e+00
1.167208433151245117e+00
-4.348828196525573730e-01
3.642174720764160156e+00
1.120979428291320801e+00
2.719154834747314453e+00
5.000000000000000000e+00
-1.545615643262863159e-01
-1.984333992004394531e+00
-1.664217710494995117e-01
2.349560260772705078e+00
-8.113347887992858887e-01
1.763857483863830566e+00
5.000000000000000000e+00
-8.499224185943603516e-01
4.260622501373291016e+00
5.000000000000000000e+00
3.324246883392333984e+00
1.663118004798889160e+00
5.023051500320434570e-01
-3.073790967464447021e-01
3.408392429351806641e+00
2.954213380813598633e+00
1.467271685600280762e+00
-7.490745782852172852e-01
4.392706871032714844e+00
-1.490782946348190308e-01
1.626049399375915527e+00
-8.825849294662475586e-01
-4.160677194595336914e-01
-2.604859769344329834e-01
-3.678778409957885742e-01
5.000000000000000000e+00
3.591245651245117188e+00
1.160283803939819336e+00
2.450408935546875000e+00
-1.208324193954467773e+00
3.846685409545898438e+00
1.224484443664550781e+00
-1.620021462440490723e-01
6.949093341827392578e-01
3.623602390289306641e+00
-8.629554510116577148e-02
3.015337467193603516e+00
1.139354467391967773e+00
4.621351242065429688e+00
5.000000000000000000e+00
3.532052516937255859e+00
3.426692485809326172e-01
4.815809249877929688e+00
3.905269622802734375e+00
4.109136104583740234e+00
1.561390161514282227e+00
-1.955839514732360840e+00
1.419723272323608398e+00
4.808075904846191406e+00
4.815882682800292969e+00
1.336545228958129883e+00
-6.362246274948120117e-01
5.504486560821533203e-01
2.067528247833251953e+00
-1.165536165237426758e+00
9.953629970550537109e-01
-2.873243331909179688e+00
2.085595369338989258e+00
-1.042030692100524902e+00
7.686621546745300293e-01
-9.900985360145568848e-01
3.820983648300170898e+00
-3.025368690490722656e+00
3.548987865447998047e+00
3.698389291763305664e+00
5.000000000000000000e+00
4.079848766326904297e+00
-1.082528233528137207e-01
2.616118490695953369e-01
2.817435741424560547e+00
1.556327581405639648e+00
3.795263290405273438e+00
2.477274894714355469e+00
-1.278582811355590820e+00
4.743224382400512695e-01
3.826825618743896484e-01
5.000000000000000000e+00
3.338557481765747070e-02
5.000000000000000000e+00
4.707409858703613281e+00
-7.662582397460937500e-01
1.421238064765930176e+00
3.527084589004516602e+00
5.606631040573120117e-01
4.293378591537475586e-01
3.635186433792114258e+00
4.546503067016601562e+00
1.661169528961181641e+00
1.107959628105163574e+00
-3.733957111835479736e-01
3.891239166259765625e+00
4.198895692825317383e-01
2.746483087539672852e+00
3.350375652313232422e+00
-2.499921023845672607e-01
5.000000000000000000e+00
-1.563138961791992188e+00
1.506307601928710938e+00
9.907798171043395996e-01
5.000000000000000000e+00
-1.284639477729797363e+00
-2.075170993804931641e+00
1.919249773025512695e+00
1.570824086666107178e-01
1.224013924598693848e+00
-9.064088463783264160e-01
4.323037862777709961e-01
1.571772694587707520e-01
1.215667963027954102e+00
1.504621982574462891e+00
4.812238693237304688e+00
5.000000000000000000e+00
3.079361438751220703e+00
1.304922819137573242e+00
1.483158111572265625e+00
-2.796655893325805664e-01
-1.452933788299560547e+00
-7.912131547927856445e-01
4.903241157531738281e+00
5.564080476760864258e-01
4.914312362670898438e+00
4.408481597900390625e+00
-1.876041412353515625e+00
4.084214687347412109e+00
2.215814113616943359e+00
1.341994762420654297e+00
5.000000000000000000e+00
2.914054870605468750e+00
1.230760216712951660e-01
-1.076494216918945312e+00
-1.823800325393676758e+00
1.847173690795898438e+00
-6.322849392890930176e-01
1.872786998748779297e+00
1.685505032539367676e+00
3.908210754394531250e+00
5.000000000000000000e+00
2.015710353851318359e+00
1.940224170684814453e+00
5.000000000000000000e+00
-1.090669631958007812e+00
-1.990921258926391602e+00
2.707555294036865234e+00
2.820458412170410156e-01
-1.419802665710449219e+00
-1.602530241012573242e+00
2.178371429443359375e+00
4.873023033142089844e+00
5.925669670104980469e-01
-2.742700576782226562e+00
5.000000000000000000e+00
-1.659316778182983398e+00
-1.364983201026916504e+00
-3.086493015289306641e-01
-1.075000405311584473e+00
5.000000000000000000e+00
1.249588131904602051e+00
4.656952857971191406e+00
1.009892463684082031e+00
4.251167297363281250e+00
-5.417651534080505371e-01
-4.707262516021728516e+00
2.444805145263671875e+00
9.834140539169311523e-01
4.497514247894287109e+00
2.134507417678833008e+00
-9.155527353286743164e-01
5.747065544128417969e-01
-2.927121877670288086e+00
6.182215809822082520e-01
4.396601200103759766e+00
-5.828166007995605469e-01
1.398441791534423828e+00
4.172043800354003906e+00
5.000000000000000000e+00
-8.136734962463378906e-01
1.678154587745666504e+00
-8.169723749160766602e-01
-1.725766181945800781e+00
6.680266857147216797e-01
3.011202812194824219e+00
7.973525524139404297e-01
5.000000000000000000e+00
4.522000312805175781e+00
-1.103433966636657715e-02
-1.276292800903320312e+00
1.020843982696533203e-01
5.573556423187255859e-01
-2.134854793548583984e+00
-3.988842666149139404e-01
-4.005313515663146973e-01
1.600004792213439941e+00
-5.546764135360717773e-01
3.135112524032592773e+00
2.926394701004028320e+00
3.298915624618530273e-01
2.989669084548950195e+00
5.000000000000000000e+00
-1.299582719802856445e-01
1.782920360565185547e-01
2.788869619369506836e+00
5.000000000000000000e+00
5.000000000000000000e+00
5.000000000000000000e+00
-8.620959520339965820e-01
-2.264565706253051758e+00
3.650977134704589844e+00
1.790541410446166992e+00
-1.030783534049987793e+00
4.376375198364257812e+00
-8.324883878231048584e-02
2.975837707519531250e+00
5.000000000000000000e+00
5.000000000000000000e+00
7.627148032188415527e-01
1.023608446121215820e-01
3.131348609924316406e+00
2.129979610443115234e+00
-2.548093795776367188e+00
-2.497404098510742188e+00
-4.945917427539825439e-01
1.905086994171142578e+00
5.000000000000000000e+00
3.796075344085693359e+00
4.420207977294921875e+00
1.380353450775146484e+00
5.000000000000000000e+00
4.352860450744628906e-01
5.000000000000000000e+00
4.629548788070678711e-01
4.901010990142822266e+00
1.450787901878356934e+00
4.262192249298095703e+00
1.721264719963073730e-01
5.000000000000000000e+00
-5.226257443428039551e-01
2.575880765914916992e+00
-4.442225694656372070e-01
-1.762875437736511230e+00
-2.436903238296508789e+00
-5.117859840393066406e-01
9.949001669883728027e-02
1.366732835769653320e+00
5.000000000000000000e+00
-2.075985431671142578e+00
3.409599781036376953e+00
2.710234403610229492e+00
1.711271286010742188e+00
4.979197502136230469e+00
1.323128938674926758e+00
4.172690868377685547e+00
1.278221845626831055e+00
3.118988037109375000e+00
-1.201641201972961426e+00
5.460678339004516602e-01
-2.365988492965698242e-02
1.681906223297119141e+00
4.188395977020263672e+00
1.991686582565307617e+00
-7.577571868896484375e-01
5.000000000000000000e+00
-1.015024542808532715e+00
4.788280963897705078e+00
1.992486715316772461e-01
-6.181530356407165527e-01
-5.611461639404296875e+00
5.000000000000000000e+00
1.290084123611450195e+00
-7.882742881774902344e-01
-2.107185602188110352e+00
-9.000360965728759766e-02
-6.416609883308410645e-01
-1.166625499725341797e+00
-6.559767723083496094e-01
6.479617953300476074e-01
1.905726909637451172e+00
1.460344910621643066e+00
-1.701285243034362793e+00
-8.292585015296936035e-01
5.000000000000000000e+00
2.354959726333618164e+00
-1.838484287261962891e+00
-1.136656165122985840e+00
2.881118535995483398e+00
2.863013744354248047e+00
-2.032648086547851562e+00
-1.551346778869628906e+00
3.656307697296142578e+00
4.157114505767822266e+00
-1.533294796943664551e+00
1.647365808486938477e+00
4.482782840728759766e+00
-8.635760545730590820e-01
1.889228224754333496e-01
1.078509211540222168e+00
-3.879910469055175781e+00
3.929370164871215820e+00
5.555441379547119141e-01
5.000000000000000000e+00
9.568715095520019531e-01
1.554036498069763184e+00
3.035694122314453125e+00
1.291933774948120117e+00
-1.562182784080505371e+00
-3.503152728080749512e-01
-1.505040645599365234e+00
2.891294479370117188e+00
5.000000000000000000e+00
-3.960347175598144531e-01
-1.042232513427734375e+00
-1.169218301773071289e+00
3.799654722213745117e+00
-9.087494015693664551e-02
1.612729549407958984e+00
8.468456268310546875e-01
-8.130512237548828125e-01
-7.016705870628356934e-01
3.857414245605468750e+00
1.905939221382141113e+00
4.377645015716552734e+00
4.340060651302337646e-01
-8.652395009994506836e-01
-1.000805854797363281e+00
4.020160675048828125e+00
5.000000000000000000e+00
-7.031799554824829102e-01
4.497021198272705078e+00
-3.965884149074554443e-01
1.109271287918090820e+00
1.164611339569091797e+00
2.498052597045898438e+00
3.554321527481079102e-01
4.427563667297363281e+00
1.763749003410339355e+00
2.329690456390380859e+00
-1.875355601310729980e+00
-1.547475337982177734e+00
1.331213712692260742e+00
3.019205331802368164e+00
5.000000000000000000e+00
3.083033084869384766e+00
-2.034526348114013672e+00
8.663644194602966309e-01
2.132367610931396484e+00
4.377058029174804688e+00
2.048234939575195312e+00
1.800599336624145508e+00
-4.474550485610961914e-02
4.627051353454589844e+00
-6.354545354843139648e-01
-1.399872183799743652e+00
3.049959182739257812e+00
1.662986755371093750e+00
3.098008155822753906e+00
4.958068847656250000e+00
1.790851235389709473e+00
-4.364870786666870117e-01
-3.102147877216339111e-01
1.210761547088623047e+00
2.531695365905761719e+00
3.712355613708496094e+00
5.000000000000000000e+00
4.102249145507812500e-01
1.713049650192260742e+00
-9.647704362869262695e-01
3.967569828033447266e+00
-2.110311388969421387e-02
3.199089288711547852e+00
4.562949180603027344e+00
-2.118184566497802734e-01
-1.730764508247375488e-01
2.599179029464721680e+00
4.579025268554687500e+00
2.103550195693969727e+00
3.065506935119628906e+00
-9.247229695320129395e-01
-4.396965503692626953e-01
4.491581916809082031e+00
1.634803056716918945e+00
3.124194145202636719e+00
-5.084929466247558594e-01
-1.345678925514221191e+00
2.834455490112304688e+00
2.575868070125579834e-01
5.000000000000000000e+00
5.000000000000000000e+00
-1.570637822151184082e+00
1.450954437255859375e+00
-5.342986583709716797e-01
6.150354146957397461e-01
-8.054568767547607422e-01
2.464376688003540039e-01
5.000000000000000000e+00
-7.232750058174133301e-01
5.108744502067565918e-01
-8.462622165679931641e-01
9.342058897018432617e-01
8.881891965866088867e-01
5.000000000000000000e+00
4.056867599487304688e+00
-2.989507913589477539e-01
4.855953693389892578e+00
4.473445415496826172e+00
3.521898984909057617e+00
-4.892857074737548828e-01
-3.515048325061798096e-01
1.908236742019653320e+00
-1.078245282173156738e+00
1.252720832824707031e+00
-8.776541948318481445e-01
4.961634159088134766e+00
1.811654090881347656e+00
-1.747603416442871094e+00
3.621980667114257812e+00
-7.239190936088562012e-01
-7.324076890945434570e-01
2.462004661560058594e+00
5.000000000000000000e+00
2.075447082519531250e+00
5.000000000000000000e+00
6.361535787582397461e-01
-1.452343702316284180e+00
1.109086751937866211e+00
4.775553703308105469e+00
1.149076342582702637e+00
5.000000000000000000e+00
3.731576919555664062e+00
-1.967109799385070801e+00
-8.725202679634094238e-01
-7.127721309661865234e-01
4.260593414306640625e+00
5.000000000000000000e+00
2.261487007141113281e+00
6.779882907867431641e-01
-1.755282402038574219e+00
5.000000000000000000e+00
5.000000000000000000e+00
-7.651386260986328125e-01
9.045193791389465332e-01
5.000000000000000000e+00
4.964561462402343750e+00
4.106447398662567139e-01
-1.685966730117797852e+00
-6.104247570037841797e-01
-1.349333167076110840e+00
-2.711892724037170410e-01
6.386208534240722656e-01
1.730139255523681641e+00
-4.294417798519134521e-02
-1.962651729583740234e+00
5.000000000000000000e+00
9.819106459617614746e-01
-3.996166288852691650e-01
1.647595763206481934e+00
-2.097683250904083252e-01
4.047777652740478516e+00
3.421702861785888672e+00
-2.894573211669921875e+00
-8.566368222236633301e-01
5.000000000000000000e+00
4.103552818298339844e+00
1.908242702484130859e-01
3.620985031127929688e+00
4.143582344055175781e+00
-6.855391263961791992e-01
-4.712231755256652832e-01
4.908353805541992188e+00
1.610741257667541504e+00
5.000000000000000000e+00
4.495863437652587891e+00
8.293291926383972168e-01
7.901327013969421387e-01
-6.233322620391845703e-01
-1.880536556243896484e+00
-1.841513395309448242e+00
-2.409116983413696289e+00
2.052743911743164062e+00
1.681348681449890137e-01
4.797706604003906250e-01
-3.389478623867034912e-01
-4.414838552474975586e-02
2.908303737640380859e+00
-6.485882401466369629e-02
4.360908031463623047e+00
9.634947776794433594e-02
1.800115585327148438e+00
