-4.758713245391845703e-01
1.952344655990600586e+00
-1.660885810852050781e-01
2.807168722152709961e+00
5.000000000000000000e+00
4.644625663757324219e+00
4.490242958068847656e+00
5.601710677146911621e-01
4.071862220764160156e+00
1.862198591232299805e+00
5.000000000000000000e+00
3.517431735992431641e+00
7.887095212936401367e-01
3.081988334655761719e+00
5.000000000000000000e+00
5.000000000000000000e+00
-2.823879122734069824e-01
1.218824148178100586e+00
-5.612680912017822266e-01
5.000000000000000000e+00
-1.076939582824707031e+00
-7.487444877624511719e-01
2.401998519897460938e+00
-2.024943351745605469e+00
3.405189990997314453e+00
2.094354152679443359e+00
-8.671817183494567871e-01
2.068225860595703125e+00
5.000000000000000000e+00
1.208293199539184570e+00
1.680326461791992188e+00
-1.241255283355712891e+00
-4.673659801483154297e-01
-1.414012908935546875e-02
4.305853843688964844e+00
4.855846405029296875e+00
2.648205757141113281e+00
4.948286533355712891e+00
2.034554719924926758e+00
5.000000000000000000e+00
-1.461447000503540039e+00
-4.070875644683837891e-01
1.217438578605651855e-01
4.696444511413574219e+00
-1.323086261749267578e+00
5.000000000000000000e+00
-2.165872454643249512e-01
-1.308466315269470215e+00
-1.044376850128173828e+00
4.273184776306152344e+00
1.064276695251464844e-02
4.987691879272460938e+00
4.204691648483276367e-01
1.873764276504516602e+00
5.000000000000000000e+00
4.901356697082519531e+00
-8.468938469886779785e-01
3.288210630416870117e+00
2.635441780090332031e+00
2.586381912231445312e+00
1.519920527935028076e-01
5.000000000000000000e+00
4.689851760864257812e+00
5.000000000000000000e+00
2.887281417846679688e+00
1.693340539932250977e+00
2.911721944808959961e+00
-9.001541137695312500e-01
-2.352421522140502930e+00
-1.081594109535217285e+00
7.048720121383666992e-01
3.659136772155761719e+00
4.212111473083496094e+00
2.082923889160156250e+00
4.912566661834716797e+00
5.000000000000000000e+00
1.639352321624755859e+00
5.000000000000000000e+00
1.754705190658569336e+00
3.734205245971679688e+00
5.000000000000000000e+00
-4.788758158683776855e-01
3.680921554565429688e+00
4.302154541015625000e+00
-1.262450695037841797e+00
-7.133346796035766602e-02
3.716716170310974121e-01
1.015833377838134766e+00
6.091690659523010254e-01
-6.943591237068176270e-01
7.397077083587646484e-01
2.907410621643066406e+00
5.000000000000000000e+00
2.794287919998168945e+00
2.689805507659912109e+00
5.000000000000000000e+00
3.500407934188842773e-01
4.526938438415527344e+00
-1.043194532394409180e-01
1.893646478652954102e+00
3.511831521987915039e+00
-3.456442356109619141e-01
3.826135158538818359e+00
3.679930686950683594e+00
4.674757003784179688e+00
-1.823292970657348633e+00
4.493371009826660156e+00
4.876085281372070312e+00
3.464877843856811523e+00
-1.879471302032470703e+00
5.000000000000000000e+00
-1.735353708267211914e+00
3.398049831390380859e+00
1.051303863525390625e+00
1.795058727264404297e+00
-1.047521829605102539e+00
2.209997177124023438e+00
9.940786361694335938e-01
1.246451139450073242e-01
-1.517710447311401367e+00
2.908551692962646484e+00
-1.727429151535034180e+00
1.411964893341064453e-01
-2.182767987251281738e-01
4.577217578887939453e+00
1.190681576728820801e+00
3.320571422576904297e+00
2.424300909042358398e+00
4.106113433837890625e+00
1.850419759750366211e+00
3.097610950469970703e+00
2.546517610549926758e+00
-2.663362026214599609e-02
2.959064960479736328e+00
1.092692971229553223e+00
8.419193029403686523e-01
-3.652194976806640625e+00
-1.988734304904937744e-01
5.000000000000000000e+00
1.508512258529663086e+00
-7.140863537788391113e-01
4.660902976989746094e+00
2.581181526184082031e+00
5.520569086074829102e-01
-1.477425098419189453e-01
2.310728073120117188e+00
1.202341556549072266e+00
4.074480533599853516e+00
5.879416465759277344e-01
-3.743185997009277344e-01
-1.351264238357543945e+00
4.687105178833007812e+00
-3.482313156127929688e-01
1.183293104171752930e+00
-8.172369599342346191e-01
-4.187648594379425049e-01
2.092312812805175781e+00
4.992457389831542969e+00
4.407829761505126953e+00
4.489310264587402344e+00
1.258558750152587891e+00
4.549923419952392578e+00
3.506626605987548828e+00
1.457888484001159668e+00
4.524199485778808594e+00
4.472750663757324219e+00
4.303167343139648438e+00
1.738504886627197266e+00
-1.382335186004638672e+00
8.364337682723999023e-02
-6.763200759887695312e-01
4.844612121582031250e+00
1.189331054687500000e+00
-1.866533756256103516e+00
1.158301472663879395e+00
1.719957470893859863e+00
-4.409343004226684570e-01
9.224427938461303711e-01
-1.069819629192352295e-01
-2.147772073745727539e+00
-5.557192564010620117e-01
1.024956703186035156e+00
-2.091523408889770508e-01
5.000000000000000000e+00
2.977586030960083008e+00
-1.112692117691040039e+00
1.335562467575073242e-01
-4.313947558403015137e-01
-1.239435553550720215e+00
-3.614685773849487305e+00
4.485428810119628906e+00
-1.121547222137451172e+00
4.278214931488037109e+00
2.876638412475585938e+00
-2.386481165885925293e-01
-7.050735950469970703e-01
4.706657409667968750e+00
4.019531607627868652e-01
1.315509557723999023e+00
-1.983218789100646973e-01
-1.132784605026245117e+00
8.380279541015625000e-01
-4.747875928878784180e-01
-5.127972364425659180e-01
5.000000000000000000e+00
4.128838181495666504e-01
4.889569282531738281e+00
5.000000000000000000e+00
2.224438488483428955e-01
-5.645213127136230469e-01
-1.746942400932312012e-01
-2.661921739578247070e+00
2.465799570083618164e+00
-4.640260338783264160e-01
-5.155640840530395508e-01
5.000000000000000000e+00
1.720669984817504883e+00
-1.929154694080352783e-01
4.189525842666625977e-01
1.568602561950683594e+00
2.285651683807373047e+00
4.898884773254394531e+00
-3.056733906269073486e-01
-5.684831738471984863e-01
2.282033860683441162e-01
-6.282025575637817383e-01
1.101005077362060547e+00
1.544276118278503418e+00
4.474699497222900391e-03
-1.772277951240539551e+00
5.000000000000000000e+00
5.256645679473876953e-01
-1.013469934463500977e+00
3.358366489410400391e+00
5.000000000000000000e+00
-1.184278488159179688e+00
3.486664772033691406e+00
-9.539799690246582031e-01
4.117145061492919922e+00
5.000000000000000000e+00
4.657853126525878906e+00
-7.196531295776367188e-01
4.044425487518310547e+00
2.672989606857299805e+00
4.023923397064208984e+00
5.000000000000000000e+00
1.327919244766235352e+00
2.415998280048370361e-01
5.000000000000000000e+00
-1.904666423797607422e-01
-5.392210483551025391e-01
3.348169088363647461e+00
-2.011850357055664062e+00
-1.112340331077575684e+00
-1.847603023052215576e-01
-4.038503766059875488e-01
1.901167988777160645e+00
5.000000000000000000e+00
3.725401639938354492e+00
4.927851676940917969e+00
5.000000000000000000e+00
-9.991073608398437500e-02
2.157233715057373047e+00
5.000000000000000000e+00
-1.529337406158447266e+00
3.715857982635498047e+00
-9.263750910758972168e-01
5.000000000000000000e+00
-1.048875331878662109e+00
1.513403058052062988e-01
1.090666174888610840e+00
-5.618952512741088867e-01
2.253165483474731445e+00
-1.419286966323852539e+00
2.225582361221313477e+00
-3.738990128040313721e-01
6.911388039588928223e-01
-5.789848566055297852e-01
1.109736561775207520e+00
1.291120946407318115e-01
-6.910767555236816406e-01
4.964662551879882812e+00
4.435913860797882080e-01
1.502239942550659180e+00
-1.387254953384399414e+00
-1.402249932289123535e+00
4.944845676422119141e+00
-9.518100619316101074e-01
4.215898513793945312e+00
-8.050470352172851562e-01
-3.415707349777221680e-01
1.005525350570678711e+00
4.766252517700195312e+00
-2.396883964538574219e-01
-6.105585098266601562e-01
-1.262235641479492188e+00
3.252109527587890625e+00
4.220525264739990234e+00
3.390898227691650391e+00
5.000000000000000000e+00
3.372937679290771484e+00
4.597525119781494141e+00
1.758614063262939453e+00
4.207044541835784912e-01
1.116509437561035156e+00
2.844001770019531250e+00
1.002056121826171875e+00
-3.960715830326080322e-01
2.579259872436523438e+00
1.214547514915466309e+00
2.550231456756591797e+00
-2.810434818267822266e+00
7.229923605918884277e-01
2.072038412094116211e+00
-2.904302179813385010e-01
-5.484353899955749512e-01
1.344555616378784180e+00
-4.009833335876464844e-01
2.924098491668701172e+00
3.886564493179321289e+00
5.000000000000000000e+00
3.186127901077270508e+00
9.142809510231018066e-01
2.438617229461669922e+00
4.601653099060058594e+00
-5.943717360496520996e-01
-3.674251139163970947e-01
1.931881427764892578e+00
1.331249475479125977e+00
9.008550643920898438e-01
-6.323688507080078125e+00
4.209311485290527344e+00
4.778467178344726562e+00
3.111086368560791016e+00
2.771401405334472656e-02
-3.201692104339599609e-01
2.074731826782226562e+00
2.473366856575012207e-01
3.951558828353881836e+00
7.955242395401000977e-01
1.427499651908874512e-01
-5.955477356910705566e-01
3.194570541381835938e+00
4.704399108886718750e+00
6.977764964103698730e-01
4.202698767185211182e-01
4.055303096771240234e+00
-9.835245609283447266e-01
3.035047650337219238e-01
-1.600784659385681152e-01
7.889820337295532227e-01
2.389172077178955078e+00
-9.503474235534667969e-01
-7.176300287246704102e-01
-8.978908061981201172e-01
-3.454351425170898438e-01
-6.705653071403503418e-01
-1.933322995901107788e-01
-1.894266307353973389e-01
3.093542337417602539e+00
6.426030397415161133e-02
-1.248384594917297363e+00
5.000000000000000000e+00
3.514472544193267822e-01
5.000000000000000000e+00
4.854364395141601562e+00
1.604307413101196289e+00
2.492805123329162598e-01
5.000000000000000000e+00
-2.009030580520629883e-01
2.201022624969482422e+00
1.579297065734863281e+00
1.592194437980651855e+00
3.693111896514892578e+00
1.232282876968383789e+00
2.212844491004943848e-01
1.532458186149597168e+00
2.904905676841735840e-01
5.000000000000000000e+00
-6.061630249023437500e-01
-3.216362714767456055e+00
-6.420828104019165039e-01
-1.625141739845275879e+00
-1.956220149993896484e+00
-4.928291440010070801e-01
2.613949298858642578e+00
3.756107330322265625e+00
-3.481114506721496582e-01
1.019885182380676270e+00
-2.000558853149414062e+00
1.120398640632629395e+00
5.000000000000000000e+00
2.090467929840087891e+00
4.075875282287597656e+00
2.330515384674072266e+00
3.282114505767822266e+00
3.851323127746582031e+00
-5.292512178421020508e-01
4.439231395721435547e+00
5.000000000000000000e+00
-1.333519458770751953e+00
4.216937541961669922e+00
-9.881196022033691406e-01
4.230029106140136719e+00
-1.111966848373413086e+00
5.000000000000000000e+00
-1.655867695808410645e-01
1.797348260879516602e+00
-2.831261456012725830e-01
4.568088531494140625e+00
5.000000000000000000e+00
4.866092205047607422e+00
1.327181756496429443e-01
-2.891376614570617676e-01
-7.561718225479125977e-01
-3.273225784301757812e+00
-1.090027570724487305e+00
3.900977134704589844e+00
4.046573638916015625e+00
-7.027034759521484375e-01
-5.395724773406982422e-01
2.045746564865112305e+00
3.210770606994628906e+00
1.173853635787963867e+00
2.870616197586059570e+00
-7.020406126976013184e-01
4.423130035400390625e+00
2.990524768829345703e+00
-3.513934314250946045e-01
-6.455858945846557617e-01
4.430213272571563721e-01
4.281668663024902344e+00
1.288531780242919922e+00
4.212689399719238281e+00
5.000000000000000000e+00
2.094167947769165039e+00
-2.093276739120483398e+00
-5.767365097999572754e-01
-6.487735509872436523e-01
-2.917648792266845703e+00
4.177292823791503906e+00
-1.168242096900939941e-01
4.271780967712402344e+00
-6.793760657310485840e-01
5.000000000000000000e+00
4.170313358306884766e+00
2.757632732391357422e+00
-2.023893892765045166e-01
-1.081796169281005859e+00
1.946984171867370605e+00
-2.936166226863861084e-01
4.929723739624023438e+00
4.045094966888427734e+00
1.409045100212097168e+00
2.391892910003662109e+00
2.987187623977661133e+00
5.000000000000000000e+00
9.939082264900207520e-01
3.137898445129394531e+00
2.096337378025054932e-01
-2.991845607757568359e-01
-6.657050848007202148e-01
-1.744837641716003418e+00
1.749780893325805664e+00
3.451645374298095703e-01
1.879819393157958984e+00
-1.152826786041259766e+00
2.711239814758300781e+00
4.044290542602539062e+00
9.657162427902221680e-01
-6.226010322570800781e-01
1.418183088302612305e+00
4.314361095428466797e+00
9.563048481941223145e-01
3.638637065887451172e-01
4.798734188079833984e+00
5.000000000000000000e+00
-9.777336120605468750e-01
3.366238355636596680e+00
7.562115192413330078e-01
3.792122364044189453e+00
-7.755073904991149902e-01
1.213274478912353516e+00
-3.877684593200683594e+00
1.736052036285400391e-01
5.000000000000000000e+00
-1.110674858093261719e+00
-7.728357911109924316e-01
5.000000000000000000e+00
4.927460670471191406e+00
2.929589033126831055e+00
4.823855876922607422e+00
4.769299030303955078e+00
2.643705844879150391e+00
-1.235177397727966309e+00
3.200557708740234375e+00
-6.886577010154724121e-01
2.651467084884643555e+00
5.000000000000000000e+00
4.871572971343994141e+00
4.162579059600830078e+00
2.569199562072753906e+00
1.371899127960205078e+00
-7.832232713699340820e-01
1.160084724426269531e+00
-1.967567443847656250e+00
3.797734975814819336e-01
2.145287752151489258e+00
4.709683418273925781e+00
9.632079601287841797e-01
4.706489562988281250e+00
2.728115797042846680e+00
2.740357875823974609e+00
2.854505181312561035e-01
3.254328727722167969e+00
3.675042629241943359e+00
1.387530446052551270e+00
5.000000000000000000e+00
4.442197322845458984e+00
5.000000000000000000e+00
3.371312618255615234e-01
5.000000000000000000e+00
-4.068335294723510742e-01
4.371993541717529297e-01
4.667776107788085938e+00
2.206470370292663574e-01
1.781979799270629883e+00
7.825269103050231934e-01
6.163632869720458984e-01
4.370371103286743164e-01
2.782422304153442383e+00
-1.528547763824462891e+00
-1.215790629386901855e+00
-6.332376003265380859e-01
8.685277104377746582e-01
4.447923183441162109e+00
3.199740886688232422e+00
7.349503636360168457e-01
1.847745180130004883e+00
-9.823656082153320312e-02
8.406785726547241211e-01
2.420736551284790039e+00
5.000000000000000000e+00
1.836983084678649902e+00
5.000000000000000000e+00
4.385168254375457764e-01
4.561487674713134766e+00
3.749464035034179688e+00
-4.675439298152923584e-01
5.000000000000000000e+00
3.182579040527343750e+00
1.414616465568542480e+00
5.000000000000000000e+00
4.082221031188964844e+00
-4.645775556564331055e-01
2.393003702163696289e-01
2.750656604766845703e-01
5.000000000000000000e+00
-2.511581182479858398e-01
6.576872467994689941e-01
5.000000000000000000e+00
1.287677645683288574e+00
5.168879628181457520e-01
4.214596748352050781e-01
-2.538703680038452148e-01
3.521917760372161865e-01
-6.260979175567626953e-02
3.145808696746826172e+00
1.331153154373168945e+00
5.000000000000000000e+00
4.434783458709716797e+00
4.100376367568969727e-01
-4.521252512931823730e-01
5.000000000000000000e+00
2.213995933532714844e+00
9.309350252151489258e-01
1.887052297592163086e+00
1.373169064521789551e+00
3.988030552864074707e-01
1.910197019577026367e+00
-4.297842979431152344e-01
-8.014470934867858887e-01
-3.741233944892883301e-01
1.748718857765197754e+00
-2.739389538764953613e-01
1.221145153045654297e+00
-9.763303995132446289e-01
5.000000000000000000e+00
3.708898305892944336e+00
-7.922624945640563965e-01
-5.883813858032226562e+00
2.245893001556396484e+00
4.561242163181304932e-01
2.574452638626098633e+00
4.766990661621093750e+00
-1.302605867385864258e+00
4.526277542114257812e+00
2.182755470275878906e+00
1.009789705276489258e+00
5.000000000000000000e+00
-1.347301483154296875e+00
4.470697641372680664e-01
5.000000000000000000e+00
-1.225103378295898438e+00
6.510093212127685547e-01
4.015256404876708984e+00
1.707714200019836426e+00
3.737129688262939453e+00
3.910041809082031250e+00
3.905716180801391602e+00
1.543343663215637207e+00
1.275878190994262695e+00
-1.138759016990661621e+00
-1.297657847404479980e+00
-1.745006740093231201e-01
-8.408315181732177734e-01
1.149641036987304688e+00
5.000000000000000000e+00
5.000000000000000000e+00
1.127430438995361328e+00
-1.984104514122009277e+00
2.578790426254272461e+00
6.495438814163208008e-01
3.624325513839721680e+00
3.376963376998901367e+00
3.800811767578125000e+00
7.239253520965576172e-01
2.817096948623657227e+00
-4.151999950408935547e-02
-5.826306343078613281e-01
3.910358667373657227e+00
-5.733008980751037598e-01
1.746312499046325684e+00
8.521003723144531250e-01
1.381997466087341309e-01
-1.973951101303100586e+00
-1.755372047424316406e+00
5.000000000000000000e+00
1.296211957931518555e+00
2.041055679321289062e+00
-1.999483227729797363e+00
6.798159480094909668e-01
-1.082329750061035156e+00
7.462314367294311523e-01
-7.249963283538818359e-01
1.147576332092285156e+00
2.994130849838256836e-01
1.986882686614990234e-01
-8.883656263351440430e-01
-5.102297306060791016e+00
1.756720781326293945e+00
-1.248271942138671875e+00
-5.231964588165283203e-02
1.972255706787109375e-01
3.374156951904296875e+00
4.140809059143066406e+00
-1.390573024749755859e+00
5.000000000000000000e+00
-1.207363128662109375e+00
5.000000000000000000e+00
2.376103878021240234e+00
-1.352769613265991211e+00
4.771008491516113281e+00
2.760466814041137695e+00
4.663808822631835938e+00
-1.020228266716003418e+00
1.292073726654052734e+00
1.040390491485595703e+00
1.304056644439697266e+00
2.813899219036102295e-01
-1.553314626216888428e-01
7.241742610931396484e-01
-1.111330509185791016e+00
3.405063152313232422e+00
2.367671012878417969e+00
4.579529285430908203e+00
2.216989517211914062e+00
3.963465929031372070e+00
-5.416275858879089355e-01
2.917491436004638672e+00
8.099417686462402344e-01
4.363057136535644531e+00
5.000000000000000000e+00
-4.123749732971191406e-01
9.074748158454895020e-01
1.221359014511108398e+00
-1.299295306205749512e+00
-1.461692094802856445e+00
-1.776319742202758789e+00
1.562891006469726562e+00
-1.159401416778564453e+00
4.179120540618896484e+00
-1.791581630706787109e+00
