1.325068712234497070e+00
5.000000000000000000e+00
9.315248727798461914e-01
-6.326632499694824219e-01
1.898012518882751465e+00
3.141860365867614746e-01
6.935980319976806641e-01
2.041467189788818359e+00
-1.498823881149291992e+00
2.728740215301513672e+00
-7.657855749130249023e-01
3.907477378845214844e+00
-2.524034023284912109e+00
2.101424694061279297e+00
5.000000000000000000e+00
4.941059112548828125e+00
-3.483358025550842285e-01
2.228820174932479858e-01
3.570539474487304688e+00
-2.442902624607086182e-01
4.820904731750488281e+00
3.135459184646606445e+00
5.735823512077331543e-01
4.817556381225585938e+00
1.806480884552001953e+00
-2.863843441009521484e+00
2.093833923339843750e+00
1.517357707023620605e+00
5.000000000000000000e+00
7.897692322731018066e-01
-1.029910326004028320e+00
5.000000000000000000e+00
3.895477056503295898e-01
1.515584230422973633e+00
1.212255477905273438e+00
-9.131936430931091309e-01
1.008873820304870605e+00
-1.127555131912231445e+00
-1.328518986701965332e+00
-2.810530185699462891e+00
-8.008836507797241211e-01
1.131380796432495117e-01
1.714158505201339722e-01
2.504365444183349609e-01
1.213068664073944092e-01
-1.459160208702087402e+00
1.604109406471252441e-01
-1.165688157081604004e+00
1.680385112762451172e+00
-2.413717806339263916e-01
4.431357383728027344e+00
3.806813001632690430e+00
-5.337155461311340332e-01
4.913399696350097656e+00
-2.959893345832824707e-01
3.076889514923095703e-01
-7.070215940475463867e-01
2.267134189605712891e+00
-8.282864093780517578e-01
4.724740028381347656e+00
5.000000000000000000e+00
2.877207756042480469e+00
4.891546249389648438e+00
1.105479359626770020e+00
2.033778667449951172e+00
-3.236497640609741211e-01
2.470926761627197266e+00
-1.444104909896850586e-01
7.510673403739929199e-01
5.000000000000000000e+00
4.790597438812255859e+00
-1.426706552505493164e+00
4.346157073974609375e+00
-5.381823182106018066e-01
3.385091543197631836e+00
1.333647251129150391e+00
3.545805692672729492e+00
3.189641475677490234e+00
3.053506612777709961e-01
-1.232723951339721680e+00
3.723257780075073242e-01
3.083291292190551758e+00
4.933410644531250000e+00
1.247633457183837891e+00
7.768101692199707031e-01
5.138517618179321289e-01
2.457088232040405273e-02
3.363081216812133789e-01
-5.894444584846496582e-01
-9.283268451690673828e-01
4.342706680297851562e+00
-4.986521303653717041e-01
5.000000000000000000e+00
2.536759853363037109e+00
-1.080754518508911133e+00
-1.784990429878234863e-01
-2.583244442939758301e-02
-1.229088425636291504e+00
-1.454881668090820312e+00
2.135362863540649414e+00
-1.495090723037719727e+00
1.452212572097778320e+00
-5.383095741271972656e-01
-7.763068079948425293e-01
-1.310706436634063721e-01
4.847807884216308594e+00
-2.044797897338867188e+00
4.167807102203369141e+00
-6.533756852149963379e-01
1.544934749603271484e+00
1.704873323440551758e+00
5.000000000000000000e+00
3.498858213424682617e+00
-6.605088114738464355e-01
-1.449580430984497070e+00
9.248590469360351562e-02
4.236940383911132812e+00
2.762302160263061523e-01
-8.237209320068359375e-01
2.057265996932983398e+00
3.172868013381958008e+00
5.000000000000000000e+00
5.000000000000000000e+00
1.498190402984619141e+00
2.949238300323486328e+00
3.099605560302734375e+00
-4.517911672592163086e-01
3.445919513702392578e+00
-4.848707318305969238e-01
1.283485889434814453e-01
4.759393692016601562e+00
3.768861293792724609e-02
5.000000000000000000e+00
1.700587987899780273e+00
9.381148815155029297e-01
-5.344437360763549805e-01
4.771818161010742188e+00
5.000000000000000000e+00
9.154952764511108398e-01
4.182850837707519531e+00
-1.619887709617614746e+00
-8.933441638946533203e-01
2.034638881683349609e+00
-2.352587282657623291e-01
-1.722897529602050781e+00
9.765280485153198242e-01
1.647624015808105469e+00
-4.763803482055664062e-01
2.963738918304443359e+00
-8.781565427780151367e-01
3.216647863388061523e+00
5.000000000000000000e+00
5.000000000000000000e+00
3.511264801025390625e+00
-1.480215787887573242e-01
3.484632492065429688e+00
2.797931730747222900e-01
-1.104815244674682617e+00
3.650732517242431641e+00
2.202998161315917969e+00
-1.426639080047607422e+00
-1.512600421905517578e+00
-2.390000343322753906e+00
-1.125959992408752441e+00
-1.896671056747436523e+00
-4.157280921936035156e-01
-8.987390995025634766e-01
4.535388469696044922e+00
4.038894176483154297e-01
3.631400585174560547e+00
-3.735113441944122314e-01
3.061350822448730469e+00
-1.360812187194824219e+00
5.000000000000000000e+00
3.780419826507568359e-01
-2.187237441539764404e-01
2.150063991546630859e+00
-6.211507320404052734e-01
9.050695896148681641e-01
1.351283311843872070e+00
-3.511007428169250488e-01
2.487479686737060547e+00
1.006752967834472656e+00
5.000000000000000000e+00
-2.228785276412963867e+00
-2.786893844604492188e+00
-1.318146705627441406e+00
3.038373231887817383e+00
1.490724802017211914e+00
4.546936035156250000e+00
-6.995902061462402344e-01
-1.555764555931091309e+00
-7.136712074279785156e-01
5.000000000000000000e+00
1.678742170333862305e+00
2.083405971527099609e+00
9.547299146652221680e-01
-2.090457916259765625e+00
6.571761369705200195e-01
2.426314353942871094e-02
3.419384479522705078e+00
9.884718060493469238e-01
5.000000000000000000e+00
5.000000000000000000e+00
-2.535925805568695068e-01
2.753709793090820312e+00
2.941383361816406250e+00
7.568579912185668945e-01
8.156806826591491699e-01
-3.362226188182830811e-01
9.920338988304138184e-01
5.258361101150512695e-01
5.525184869766235352e-01
-5.556335449218750000e-01
-1.219793796539306641e+00
3.265573978424072266e-01
1.176974296569824219e+00
2.594606161117553711e+00
4.187695980072021484e+00
3.194863796234130859e+00
-1.069328308105468750e+00
-2.687438488006591797e+00
4.386425018310546875e+00
2.358279079198837280e-01
7.858092188835144043e-01
4.963720321655273438e+00
1.099218487739562988e+00
7.314643859863281250e-01
-1.324189782142639160e+00
9.339362382888793945e-02
4.386310577392578125e+00
-4.133969306945800781e+00
5.000000000000000000e+00
2.378225803375244141e+00
1.758552312850952148e+00
-3.236827254295349121e-02
-6.092621088027954102e-01
4.175810813903808594e+00
-6.378746032714843750e-02
4.320248603820800781e+00
3.039830923080444336e+00
-1.992834329605102539e+00
4.157051563262939453e+00
2.285056352615356445e+00
3.129564285278320312e+00
4.831755161285400391e-01
-1.522251129150390625e+00
1.100440979003906250e+00
5.000000000000000000e+00
-6.840206980705261230e-01
2.942659616470336914e+00
3.353709936141967773e+00
2.966530323028564453e+00
-1.615591287612915039e+00
5.000000000000000000e+00
9.844390749931335449e-01
1.931055903434753418e+00
2.158826351165771484e+00
1.042886257171630859e+00
-1.234376430511474609e-01
8.887268900871276855e-01
1.269141197204589844e+00
-1.329594850540161133e+00
1.370543360710144043e+00
1.918730884790420532e-01
-1.702231049537658691e+00
-1.748367309570312500e+00
5.000000000000000000e+00
-1.820817947387695312e+00
5.000000000000000000e+00
-7.273885011672973633e-01
2.285777568817138672e+00
-7.370558977127075195e-01
-1.196509718894958496e+00
3.332887172698974609e+00
-1.257220625877380371e+00
2.360474586486816406e+00
1.152956008911132812e+00
3.526881694793701172e+00
5.000000000000000000e+00
1.655216932296752930e+00
-2.582052350044250488e-01
-9.631223678588867188e-01
5.000000000000000000e+00
1.383443951606750488e+00
-1.157488524913787842e-01
2.819247484207153320e+00
3.838228940963745117e+00
2.913991928100585938e+00
-7.860812544822692871e-01
8.966097831726074219e-01
-1.999512612819671631e-01
-1.662061810493469238e+00
3.473350048065185547e+00
-1.480191111564636230e+00
-6.627987623214721680e-01
3.978157520294189453e+00
-3.024099469184875488e-01
5.000000000000000000e+00
-2.871372938156127930e+00
4.737876892089843750e+00
5.000000000000000000e+00
5.000000000000000000e+00
3.422291278839111328e-01
5.000000000000000000e+00
4.739233016967773438e+00
-1.609713554382324219e+00
3.800536632537841797e+00
2.944865226745605469e+00
9.141069054603576660e-01
3.758673906326293945e+00
2.293753623962402344e-01
4.314534664154052734e+00
4.955359458923339844e+00
4.952486038208007812e+00
4.616468429565429688e+00
1.630254983901977539e+00
2.516376018524169922e+00
6.775391101837158203e-02
5.566237568855285645e-01
-5.926707983016967773e-01
-8.942982554435729980e-01
3.642572879791259766e+00
-4.720024466514587402e-01
1.337915897369384766e+00
2.717510700225830078e+00
1.325669407844543457e+00
3.909500837326049805e+00
1.570190906524658203e+00
-8.713474273681640625e-01
1.711981296539306641e+00
5.000000000000000000e+00
2.245259046554565430e+00
7.039452791213989258e-01
9.643211364746093750e-01
-8.636143207550048828e-01
1.886946916580200195e+00
-8.093301653861999512e-01
5.000000000000000000e+00
4.054229855537414551e-01
3.317256927490234375e+00
2.636867761611938477e-02
1.172086119651794434e+00
-5.531294941902160645e-01
4.586982250213623047e+00
5.000000000000000000e+00
3.513607025146484375e+00
4.115621566772460938e+00
1.083482742309570312e+00
5.042188763618469238e-01
1.359623908996582031e+00
4.320062160491943359e+00
2.941074848175048828e+00
5.887096524238586426e-01
-3.753933310508728027e-01
-3.798819184303283691e-01
1.660447597503662109e+00
5.787693262100219727e-01
-3.615144193172454834e-01
-2.875237762928009033e-01
-2.636040449142456055e-01
3.688490390777587891e+00
7.676081657409667969e-01
-3.592148423194885254e-02
3.292881250381469727e+00
3.702795982360839844e+00
3.809996604919433594e+00
2.503998279571533203e+00
-1.106393337249755859e+00
8.210009336471557617e-01
3.173909664154052734e+00
3.104106903076171875e+00
7.836580276489257812e-01
5.000000000000000000e+00
3.385888576507568359e+00
3.583930134773254395e-01
-1.423573374748229980e+00
-1.420128464698791504e+00
4.576069831848144531e+00
-2.325110912322998047e+00
3.895502686500549316e-01
-1.313373565673828125e+00
-1.378224253654479980e+00
9.765256643295288086e-01
3.754645347595214844e+00
2.629950523376464844e+00
4.948243498802185059e-01
1.380683541297912598e+00
2.883931159973144531e+00
5.000000000000000000e+00
-1.027686119079589844e+00
2.678381204605102539e+00
4.458253860473632812e+00
5.185939073562622070e-01
1.822881460189819336e+00
3.782929182052612305e-01
-1.086497068405151367e+00
5.000000000000000000e+00
4.110755920410156250e+00
1.764407873153686523e+00
-6.752782464027404785e-01
5.000000000000000000e+00
9.960626959800720215e-01
3.955567121505737305e+00
2.233314514160156250e-02
4.643381595611572266e+00
9.500455260276794434e-01
4.867607116699218750e+00
2.318642377853393555e+00
-8.464351892471313477e-01
1.495770335197448730e+00
-7.020169496536254883e-02
-7.206736803054809570e-01
-4.456611871719360352e-01
-1.368366956710815430e+00
7.010216712951660156e-01
5.258944630622863770e-01
-3.220567703247070312e-01
-1.064808249473571777e+00
3.846756458282470703e+00
-2.562681436538696289e-01
-1.986087322235107422e+00
5.533509254455566406e-01
2.941922187805175781e+00
5.000000000000000000e+00
4.596200942993164062e+00
-2.967340946197509766e-01
-1.013360619544982910e+00
-3.482197523117065430e-01
1.049941182136535645e+00
1.686161160469055176e+00
-2.756864547729492188e+00
5.000000000000000000e+00
3.760584592819213867e-01
-3.813755512237548828e-02
2.814992904663085938e+00
1.362852573394775391e+00
2.917800426483154297e+00
4.961346149444580078e+00
-5.187257528305053711e-01
1.786920666694641113e+00
3.949780702590942383e+00
6.960666179656982422e-02
-9.803516268730163574e-01
-6.057360172271728516e-01
-1.110041975975036621e+00
-7.677258253097534180e-01
5.000000000000000000e+00
-3.910422325134277344e-03
-1.954809665679931641e+00
1.881891489028930664e+00
3.885990619659423828e+00
1.161213397979736328e+00
8.607801795005798340e-01
2.442707538604736328e+00
-1.268024206161499023e+00
5.000000000000000000e+00
-3.400334715843200684e-01
5.000000000000000000e+00
1.030184149742126465e+00
-1.404356956481933594e-02
-8.843404054641723633e-01
5.000000000000000000e+00
2.604491710662841797e+00
-2.305757999420166016e+00
-2.156694829463958740e-01
2.258771061897277832e-01
-1.065015792846679688e+00
3.781999647617340088e-01
-8.344159126281738281e-01
1.196531295776367188e+00
4.211645603179931641e+00
3.272058248519897461e+00
-1.399374008178710938e-01
3.476329803466796875e+00
-1.095314979553222656e+00
-1.556131362915039062e+00
4.772105693817138672e+00
-1.865124702453613281e-01
-1.546443700790405273e-01
-3.772920966148376465e-01
2.671119272708892822e-01
-1.040392160415649414e+00
5.000000000000000000e+00
-1.073209047317504883e+00
3.837322235107421875e+00
5.000000000000000000e+00
-1.373226046562194824e+00
2.423554897308349609e+00
-7.410605549812316895e-01
-1.318345785140991211e+00
6.277904510498046875e-01
5.000000000000000000e+00
-8.012921810150146484e-01
8.997298479080200195e-01
4.589071273803710938e+00
3.495157241821289062e+00
5.000000000000000000e+00
-5.286444425582885742e-01
4.285863876342773438e+00
5.000000000000000000e+00
1.360357642173767090e+00
1.544186830520629883e+00
5.000000000000000000e+00
-3.276466429233551025e-01
5.000000000000000000e+00
-1.217267394065856934e+00
1.444863200187683105e+00
-1.039087414741516113e+00
5.000000000000000000e+00
3.339791297912597656e+00
-4.093931913375854492e-01
1.376084089279174805e+00
5.000000000000000000e+00
4.593319416046142578e+00
-7.411181926727294922e-02
5.000000000000000000e+00
3.721065282821655273e+00
3.183940887451171875e+00
4.674770355224609375e+00
2.679915130138397217e-01
5.000000000000000000e+00
5.000000000000000000e+00
1.880346655845642090e+00
2.113861143589019775e-01
2.036112785339355469e+00
4.255658090114593506e-01
2.296479940414428711e-01
1.101773738861083984e+00
1.132928371429443359e+00
-8.770531415939331055e-02
-1.133836865425109863e+00
3.429233551025390625e+00
1.921750068664550781e+00
-3.077669143676757812e-01
8.581587672233581543e-01
4.381061077117919922e+00
9.363969564437866211e-01
-3.153307437896728516e-01
3.823468208312988281e+00
1.736572742462158203e+00
1.982446312904357910e-01
-3.383920788764953613e-01
6.030930280685424805e-01
-4.846447706222534180e-01
-8.804953098297119141e-02
2.871556520462036133e+00
3.084739923477172852e+00
-1.989955186843872070e+00
2.054197788238525391e-01
4.949576377868652344e+00
8.253499269485473633e-01
-1.541471958160400391e+00
9.460708498954772949e-02
1.046051740646362305e+00
8.425190448760986328e-01
-1.837407588958740234e+00
5.000000000000000000e+00
-1.266763925552368164e+00
2.723396778106689453e+00
-1.275356262922286987e-01
4.124625682830810547e+00
2.447741031646728516e+00
-2.446340024471282959e-01
-1.062721133232116699e+00
1.626386880874633789e+00
-1.863065242767333984e+00
-9.324473142623901367e-01
2.435849905014038086e+00
9.077891707420349121e-01
-4.797783493995666504e-02
5.821406245231628418e-01
5.000000000000000000e+00
-3.636804819107055664e+00
1.178786993026733398e+00
5.000000000000000000e+00
2.377403259277343750e+00
8.114467859268188477e-01
5.000000000000000000e+00
-5.110326409339904785e-01
-8.060808181762695312e-01
2.596638441085815430e+00
-7.391999363899230957e-01
5.790036916732788086e-02
2.438322544097900391e+00
6.183981895446777344e-02
6.885218620300292969e-02
5.000000000000000000e+00
5.000000000000000000e+00
5.000000000000000000e+00
8.739399909973144531e-02
5.000000000000000000e+00
5.835011005401611328e-01
-1.402107715606689453e+00
2.319157123565673828e+00
3.547958374023437500e+00
-4.968616962432861328e-01
2.404656887054443359e+00
-2.595287799835205078e+00
4.070032119750976562e+00
-1.312339067459106445e+00
-6.719291210174560547e-03
1.937992095947265625e+00
3.228133440017700195e+00
-3.560354709625244141e-01
-2.757673740386962891e+00
1.285588741302490234e-01
-9.240506887435913086e-01
-2.550719976425170898e+00
5.000000000000000000e+00
1.195173621177673340e+00
3.386270523071289062e+00
5.000000000000000000e+00
4.535585403442382812e+00
3.739325106143951416e-01
4.737763404846191406e+00
5.000000000000000000e+00
9.691351652145385742e-02
-1.786062836647033691e+00
4.799076080322265625e+00
5.000000000000000000e+00
-3.173114061355590820e-01
-9.016438722610473633e-01
5.000000000000000000e+00
3.701808929443359375e+00
6.978938579559326172e-01
-1.096314191818237305e-01
-2.920384407043457031e-01
-8.751757740974426270e-01
1.278739213943481445e+00
4.392484664916992188e+00
-2.334962606430053711e+00
2.184102535247802734e+00
-3.491036891937255859e-01
-1.504866719245910645e+00
-3.366800546646118164e-01
1.679547429084777832e-01
-5.699875354766845703e-01
-1.212047636508941650e-01
7.415419220924377441e-01
-4.909515380859375000e-03
5.000000000000000000e+00
-4.230015873908996582e-01
-2.796215057373046875e+00
7.187060117721557617e-01
-4.015121161937713623e-01
4.196504592895507812e+00
-1.472307443618774414e+00
1.682316303253173828e+00
3.823851346969604492e-01
4.130529403686523438e+00
1.790631532669067383e+00
5.000000000000000000e+00
2.359201908111572266e+00
4.599902629852294922e+00
4.386370182037353516e+00
2.873722076416015625e+00
3.533436059951782227e-01
2.774186372756958008e+00
4.292155265808105469e+00
-3.851135373115539551e-01
-1.095822095870971680e+00
-1.364745378494262695e+00
-6.827306747436523438e-01
7.622094750404357910e-01
2.452498912811279297e+00
-2.545415878295898438e+00
1.469488263130187988e+00
-6.358928680419921875e-01
1.723914146423339844e-01
4.227286815643310547e+00
2.892277956008911133e+00
-1.628970503807067871e-01
1.378499865531921387e-01
-1.195914387702941895e+00
1.829084873199462891e+00
4.172368049621582031e+00
-2.046538352966308594e+00
-1.171101808547973633e+00
3.494142532348632812e+00
2.959623336791992188e+00
1.869129657745361328e+00
6.515483856201171875e-01
6.783127784729003906e-01
2.704351425170898438e+00
4.758504390716552734e+00
9.345867633819580078e-01
-4.355310797691345215e-01
5.000000000000000000e+00
-3.683620691299438477e-02
2.349582910537719727e-01
-5.803917646408081055e-01
3.391504049301147461e+00
