-2.188402414321899414e-02
1.154333949089050293e-01
-1.225695610046386719e-01
-1.494355797767639160e+00
-2.428445339202880859e+00
-1.466850996017456055e+00
-1.210764408111572266e+00
-8.267707824707031250e-01
-1.941138505935668945e+00
-2.471570968627929688e+00
-1.792483448982238770e+00
4.170065522193908691e-01
-1.109026372432708740e-01
-3.264075040817260742e+00
-8.338562846183776855e-01
-3.029999732971191406e-01
7.633371949195861816e-01
6.123923063278198242e-01
-8.950443267822265625e-01
-3.786594867706298828e-01
-2.233518600463867188e+00
1.090152859687805176e+00
-1.289922475814819336e+00
-1.106001734733581543e+00
2.831349968910217285e-01
-2.754966020584106445e+00
-1.084350705146789551e+00
-5.531674623489379883e-02
-9.719580411911010742e-01
-1.398679912090301514e-01
-1.853515267372131348e+00
-1.065234422683715820e+00
-2.748376131057739258e-02
-7.587662935256958008e-01
-6.011527776718139648e-01
-4.161632061004638672e+00
-1.126324295997619629e+00
2.177599430084228516e+00
-1.713596105575561523e+00
-2.547302961349487305e+00
1.050190925598144531e-01
3.832230567932128906e-01
-1.332149147987365723e+00
-1.604496359825134277e+00
-9.335420131683349609e-01
4.018825292587280273e-01
-7.629157304763793945e-01
1.840010583400726318e-01
-9.826307892799377441e-01
1.576469540596008301e-01
4.724466800689697266e-01
1.342206478118896484e+00
-1.924270153045654297e+00
-1.679205775260925293e+00
-2.090132236480712891e-01
-1.442551612854003906e+00
-6.551824808120727539e-01
-1.822862386703491211e+00
-3.488783836364746094e-01
-5.240527391433715820e-01
-8.906346559524536133e-01
3.915774822235107422e-01
-1.280339598655700684e+00
-9.449778199195861816e-01
-4.564093351364135742e-01
-5.710911750793457031e-01
-1.509595870971679688e+00
-1.167603731155395508e+00
3.492726087570190430e-01
-1.721542358398437500e+00
-9.633836746215820312e-01
-5.826531648635864258e-01
-1.518739938735961914e+00
-1.106264352798461914e+00
1.910791993141174316e-01
-1.342242240905761719e+00
-1.354358434677124023e+00
-7.902741432189941406e-03
-1.393815279006958008e+00
-8.802777528762817383e-01
-6.354747414588928223e-01
-1.226498365402221680e+00
-1.448551893234252930e+00
-1.013839721679687500e+00
-1.381372332572937012e+00
2.844365239143371582e-01
-2.498826265335083008e+00
-5.751259326934814453e-01
-4.508149027824401855e-01
1.081481218338012695e+00
-3.943580389022827148e-01
-3.707110285758972168e-01
-1.528616905212402344e+00
-1.769710302352905273e+00
-6.620600223541259766e-01
-1.825189590454101562e-02
-1.306534767150878906e+00
-2.830276489257812500e-01
2.348825335502624512e-01
6.320194005966186523e-01
-2.196014642715454102e+00
-1.594783544540405273e+00
-2.487102985382080078e+00
-2.051058292388916016e+00
2.297895550727844238e-01
2.069661140441894531e+00
-2.033519148826599121e-01
-8.902245759963989258e-01
2.977999448776245117e-01
4.286772012710571289e-01
-1.384239673614501953e+00
3.145188331604003906e+00
-1.243412733078002930e+00
-2.621556520462036133e+00
1.518914401531219482e-01
-1.423106670379638672e+00
-6.057159900665283203e-01
-1.531910538673400879e+00
-1.237140893936157227e+00
-1.112997412681579590e+00
-6.877076625823974609e-01
-3.474998772144317627e-01
-9.151956439018249512e-01
-1.151088953018188477e+00
-1.216293096542358398e+00
-1.340598464012145996e-01
-3.363459110260009766e-01
-4.819431304931640625e-01
-2.524044990539550781e+00
4.043991863727569580e-01
-8.870735168457031250e-01
-1.219494581222534180e+00
-1.046153903007507324e+00
-2.447889804840087891e+00
6.939414739608764648e-01
-6.081679463386535645e-02
-2.994624376296997070e+00
-1.456625223159790039e+00
-2.289085388183593750e+00
1.440840363502502441e-01
8.417106866836547852e-01
-1.296327710151672363e-01
7.612494230270385742e-01
8.193721175193786621e-01
-1.988742828369140625e+00
-5.209391713142395020e-01
4.292446374893188477e-02
4.156094789505004883e-01
-7.629075050354003906e-01
-1.929299831390380859e+00
-7.753111124038696289e-01
-1.580958962440490723e+00
2.212232589721679688e+00
-1.366720318794250488e+00
-3.189818382263183594e+00
-3.120339870452880859e+00
-4.373252391815185547e-01
-1.236829161643981934e+00
-1.017508387565612793e+00
-4.500780105590820312e-01
1.340012848377227783e-01
5.535160303115844727e-01
-1.817775964736938477e+00
-1.804949522018432617e+00
-2.759228944778442383e-01
4.289310574531555176e-01
-8.608298301696777344e-01
-3.131353855133056641e-01
3.643734455108642578e-01
-2.102921962738037109e+00
-2.116272687911987305e+00
1.697515726089477539e+00
-1.059726476669311523e+00
1.022829532623291016e+00
-1.107187867164611816e+00
-2.442414462566375732e-01
7.678800821304321289e-02
-2.555471897125244141e+00
-1.258626937866210938e+00
-2.299249887466430664e+00
-2.483981132507324219e+00
-1.120597720146179199e+00
-2.198904275894165039e+00
-1.745266914367675781e+00
-9.820750951766967773e-01
-1.368314385414123535e+00
-1.435873866081237793e+00
-2.924557924270629883e-01
2.300389111042022705e-01
-1.891628026962280273e+00
-9.558319449424743652e-01
-2.046001195907592773e+00
-1.311232805252075195e+00
-4.328241050243377686e-01
-1.329648256301879883e+00
-1.214566111564636230e+00
1.126726388931274414e+00
-9.461213946342468262e-01
-3.797667920589447021e-01
-1.084103822708129883e+00
7.898731231689453125e-01
4.001020491123199463e-01
-9.858735799789428711e-01
-2.360983371734619141e+00
-5.518249273300170898e-01
-1.162240743637084961e+00
-1.104070663452148438e+00
5.012929439544677734e-01
-3.700319230556488037e-01
-1.684988737106323242e+00
1.549671053886413574e+00
-1.334352612495422363e+00
9.750729799270629883e-01
-2.330453395843505859e+00
-5.037167072296142578e-01
1.521110981702804565e-01
-1.563287019729614258e+00
-1.177228927612304688e+00
8.417391777038574219e-01
-1.418020129203796387e+00
6.489679813385009766e-01
-1.213338136672973633e+00
-3.262097835540771484e-01
1.766319274902343750e-01
-1.010152816772460938e+00
-6.265993118286132812e-01
-9.745367765426635742e-01
-9.626833796501159668e-01
-2.588564634323120117e+00
-1.152141928672790527e+00
-1.050277709960937500e+00
-8.240662217140197754e-01
-9.797298908233642578e-01
2.107019424438476562e-01
7.112920284271240234e-01
-8.574315905570983887e-01
-6.098717451095581055e-01
-1.207291722297668457e+00
1.786110281944274902e+00
-2.104142665863037109e+00
-1.125459194183349609e+00
4.891266822814941406e-01
-2.610302209854125977e+00
-7.464853525161743164e-01
5.300054550170898438e-01
1.805421113967895508e+00
1.413763046264648438e+00
-6.798000931739807129e-01
-2.173896312713623047e+00
-9.228327274322509766e-01
3.054835796356201172e-01
1.764265298843383789e+00
-6.933667063713073730e-01
-6.976413130760192871e-01
-1.240173459053039551e+00
-1.791274309158325195e+00
6.346872448921203613e-01
-3.030799388885498047e+00
1.031995415687561035e+00
-9.090667366981506348e-01
6.772412061691284180e-01
-1.530646800994873047e+00
3.626133203506469727e-01
-1.338857889175415039e+00
2.939820289611816406e-03
-2.338136196136474609e+00
2.754185795783996582e-01
-1.301078498363494873e-01
-1.241622209548950195e+00
-6.592555046081542969e-01
7.315320372581481934e-01
-1.704706430435180664e+00
3.923084139823913574e-01
-3.228794634342193604e-01
9.816649556159973145e-02
-2.008213043212890625e+00
-2.316510438919067383e+00
-1.125125408172607422e+00
-2.112565994262695312e+00
-9.712518453598022461e-01
-1.007094502449035645e+00
-3.150386810302734375e-01
-1.051527261734008789e+00
-2.002571821212768555e+00
-1.777437925338745117e+00
-1.336481094360351562e+00
6.541434526443481445e-01
1.711726307868957520e+00
-4.147052764892578125e-02
-1.901979446411132812e+00
-3.832277774810791016e+00
2.942438125610351562e-01
-1.292327523231506348e+00
-1.558201074600219727e+00
-1.555727124214172363e-01
-1.435311436653137207e+00
2.881536483764648438e-01
-2.231258153915405273e-01
4.789005219936370850e-02
-9.209141135215759277e-01
-1.113656759262084961e+00
-1.631606340408325195e+00
-4.524244070053100586e-01
2.954393386840820312e+00
-1.295279979705810547e+00
-6.918909549713134766e-01
7.638221979141235352e-01
8.990124464035034180e-01
-3.936647772789001465e-01
-1.001951992511749268e-01
-3.336912631988525391e+00
3.951647877693176270e-02
-1.205991625785827637e+00
-5.776656866073608398e-01
-9.134377241134643555e-01
-2.297406435012817383e+00
-1.473836183547973633e+00
-1.328288555145263672e+00
-1.282193064689636230e+00
4.226657152175903320e-01
-7.761043310165405273e-01
-9.141627550125122070e-01
1.730902194976806641e-01
-5.285671949386596680e-01
-1.848028421401977539e+00
5.724663734436035156e-01
-1.425945043563842773e+00
-8.504807949066162109e-01
-6.138681173324584961e-01
-1.172945618629455566e+00
-1.974035263061523438e+00
-1.483140707015991211e+00
-8.816611766815185547e-02
-2.643106937408447266e+00
-1.590722084045410156e+00
-1.367817997932434082e+00
-2.082253932952880859e+00
-2.853762626647949219e+00
-2.332222223281860352e+00
-1.410262584686279297e-01
1.266817688941955566e+00
-1.602165818214416504e+00
4.838558733463287354e-01
-5.994030237197875977e-01
-1.077840805053710938e+00
-7.755763530731201172e-01
-1.424685120582580566e+00
9.763957262039184570e-01
-1.323359727859497070e+00
4.302038550376892090e-01
-3.097658872604370117e+00
-1.268862128257751465e+00
-1.590239524841308594e+00
-2.051541805267333984e+00
-1.182468175888061523e+00
-9.331952333450317383e-01
-1.591996550559997559e-01
-1.389603018760681152e+00
-1.323413610458374023e+00
-1.168521881103515625e+00
-2.612512111663818359e-01
-1.776031374931335449e+00
-1.423171520233154297e+00
5.226134657859802246e-01
-9.168938994407653809e-01
-1.208740711212158203e+00
-2.626961469650268555e+00
-1.443085551261901855e+00
1.469430327415466309e+00
-1.426721096038818359e+00
-1.907880187034606934e+00
-5.184856653213500977e-01
-1.750298023223876953e+00
-1.034269571304321289e+00
-1.561967492103576660e+00
2.760066747665405273e+00
9.063005447387695312e-03
-2.072224378585815430e+00
1.622127175331115723e+00
6.246687173843383789e-01
-1.671805381774902344e-01
-8.220089673995971680e-01
-1.207708716392517090e-01
7.331416010856628418e-02
-1.224822998046875000e-01
-3.032611906528472900e-01
-2.809057831764221191e-01
-2.076071977615356445e+00
-9.210348129272460938e-01
1.133484601974487305e+00
1.313276529312133789e+00
-2.159427642822265625e+00
-1.049531936645507812e+00
-7.554219365119934082e-01
-4.485678672790527344e-02
-1.435760855674743652e-01
-5.309138894081115723e-01
-1.569840908050537109e-01
-2.049426436424255371e-01
-5.202365517616271973e-01
6.472334265708923340e-02
-5.345657467842102051e-03
-1.291422843933105469e+00
-1.576566845178604126e-01
-1.583427071571350098e+00
-1.328603148460388184e+00
2.769482135772705078e+00
-1.269341707229614258e+00
-6.486800909042358398e-01
-1.574238896369934082e+00
-1.257218122482299805e+00
-1.208470821380615234e+00
9.084212779998779297e-01
-2.193059444427490234e+00
-1.482042789459228516e+00
-1.687869668006896973e+00
-1.240648269653320312e+00
4.508118331432342529e-01
6.852141022682189941e-01
-4.535474181175231934e-01
-4.923701882362365723e-01
-1.452910184860229492e+00
-1.964851260185241699e+00
-1.119282484054565430e+00
2.312505245208740234e+00
-1.099047660827636719e+00
-7.407053112983703613e-01
-1.144616723060607910e+00
-1.626842975616455078e+00
-9.043189883232116699e-01
-9.907438755035400391e-01
2.416338682174682617e+00
-1.155426502227783203e-01
-1.660276174545288086e+00
3.757454156875610352e-01
-5.774168670177459717e-02
-6.763208508491516113e-01
-7.412828803062438965e-01
-2.588833570480346680e+00
-1.264473199844360352e+00
-4.658859968185424805e-01
-7.284264564514160156e-01
2.900701761245727539e-01
-2.054893255233764648e+00
1.131206750869750977e+00
-2.729549884796142578e+00
-1.488613963127136230e+00
1.487326860427856445e+00
-1.102055788040161133e+00
-1.533124685287475586e+00
-9.349628686904907227e-01
-1.422633528709411621e+00
-1.941858828067779541e-01
-2.440088987350463867e-02
-7.082532048225402832e-01
-4.141440987586975098e-01
-4.227779507637023926e-01
-1.432356238365173340e-01
-2.826039791107177734e+00
-5.767720937728881836e-01
-3.580838441848754883e-01
4.413805603981018066e-01
-1.633374452590942383e+00
-1.227940917015075684e+00
-1.287709712982177734e+00
-1.111377477645874023e-01
9.940859079360961914e-01
-5.661032199859619141e-01
-1.210007786750793457e+00
-6.607615947723388672e-01
-1.326242923736572266e+00
-4.588054418563842773e-01
-5.717481374740600586e-01
6.766315102577209473e-01
-1.666299343109130859e+00
-1.902806043624877930e+00
-2.189311265945434570e+00
-1.370848536491394043e+00
1.059033155441284180e+00
-4.369189739227294922e-01
1.509677171707153320e+00
-3.580586910247802734e+00
-2.441847920417785645e-01
-3.430515527725219727e-01
-8.637614846229553223e-01
3.114481270313262939e-01
-6.167374849319458008e-01
-6.291106939315795898e-01
-2.785760641098022461e+00
-8.212605118751525879e-01
4.546721577644348145e-01
4.120134711265563965e-01
-1.365198493003845215e+00
-1.063319087028503418e+00
-1.056375145912170410e+00
-2.306563854217529297e-01
4.942684173583984375e-01
6.033790111541748047e-01
-7.064908742904663086e-01
-2.596020698547363281e-02
-3.476282954216003418e-01
1.150022745132446289e+00
-1.121050596237182617e+00
2.272076606750488281e-01
-2.684186458587646484e+00
-7.424666881561279297e-01
-1.171003818511962891e+00
-3.674533367156982422e+00
-5.227550864219665527e-01
-1.962150573730468750e+00
-1.245766401290893555e+00
-8.772693872451782227e-01
-1.823071479797363281e+00
-1.998932957649230957e+00
-8.063446879386901855e-01
-7.751517891883850098e-01
-5.517750978469848633e-01
1.700057983398437500e-01
2.810660004615783691e-01
-1.418074727058410645e+00
-5.574526190757751465e-01
-3.348498046398162842e-01
-3.916355967521667480e-01
2.339308261871337891e+00
-2.210074663162231445e-02
-1.417868733406066895e+00
-1.294219017028808594e+00
-1.253187298774719238e+00
2.840260267257690430e-01
4.568684697151184082e-01
-7.320941686630249023e-01
1.765754699707031250e+00
3.011023998260498047e-02
-3.147107958793640137e-01
-1.134750843048095703e-01
8.761212229728698730e-02
2.128477573394775391e+00
-9.005454778671264648e-01
-1.498072862625122070e+00
-1.876283645629882812e+00
2.426261186599731445e+00
-2.354776382446289062e+00
-1.169678330421447754e+00
-5.247150659561157227e-01
-1.404485821723937988e+00
-1.647079825401306152e+00
-2.669750213623046875e+00
-2.928728103637695312e+00
-4.673404991626739502e-01
-8.931025266647338867e-01
1.002848386764526367e+00
1.006677269935607910e+00
7.513023018836975098e-01
1.829020619392395020e+00
-1.322816610336303711e+00
-1.348055362701416016e+00
1.875979900360107422e+00
-7.029724121093750000e-02
-1.702653646469116211e+00
-3.074267387390136719e+00
-2.295047760009765625e+00
-1.476347684860229492e+00
8.601636290550231934e-01
-8.144816160202026367e-01
-6.236170232295989990e-02
1.481431871652603149e-01
-2.610224246978759766e+00
-8.265051841735839844e-01
-1.150863647460937500e+00
-1.271971613168716431e-01
-2.696252763271331787e-01
-6.013433933258056641e-01
-3.205291628837585449e-01
-2.088706940412521362e-01
-1.331645965576171875e+00
5.654755234718322754e-01
-6.509888172149658203e-01
-2.856174945831298828e+00
-7.993807196617126465e-01
1.766740083694458008e-01
6.200515627861022949e-01
-4.231274724006652832e-01
-1.129096388816833496e+00
-2.567486047744750977e+00
-8.133913278579711914e-01
-1.910402536392211914e+00
9.064133167266845703e-01
-1.798784494400024414e+00
-1.498325347900390625e+00
-6.557238698005676270e-01
-8.553975820541381836e-01
-3.294236361980438232e-01
-2.020960330963134766e+00
1.206783294677734375e+00
-6.227825880050659180e-01
-4.457857608795166016e-01
2.589459419250488281e-01
-9.333860874176025391e-01
-2.722993850708007812e+00
-1.807609677314758301e+00
-2.140962362289428711e+00
5.148422718048095703e-01
-2.866366505622863770e-01
-2.210015535354614258e+00
-1.554878473281860352e+00
-9.537423849105834961e-01
-2.932784080505371094e+00
1.519033670425415039e+00
6.966648101806640625e-01
-1.054290533065795898e+00
-8.335375785827636719e-02
-1.885557770729064941e+00
-1.237574338912963867e+00
-6.841427087783813477e-01
7.070921659469604492e-01
1.919723272323608398e+00
-1.153499603271484375e+00
-5.633308291435241699e-01
-9.457480311393737793e-01
-2.856836915016174316e-01
-2.321081161499023438e-01
-9.704807400703430176e-02
-1.270636320114135742e+00
-1.433836221694946289e+00
9.785493612289428711e-01
-7.419148087501525879e-01
-1.860938221216201782e-01
-1.474804878234863281e+00
-1.509499430656433105e+00
3.889660835266113281e-01
-3.432332277297973633e-01
-7.968552112579345703e-01
-1.355133891105651855e+00
-1.426710128784179688e+00
-9.616888761520385742e-01
-9.697187542915344238e-01
-1.049054741859436035e+00
-4.968265593051910400e-01
-1.467564344406127930e+00
-7.770393490791320801e-01
-1.606506347656250000e+00
-1.587282538414001465e+00
-4.063451290130615234e-01
2.039407789707183838e-01
-9.115771055221557617e-01
-2.341000437736511230e-01
-7.992775440216064453e-01
-1.196428179740905762e+00
4.281365573406219482e-01
2.487213611602783203e-01
-7.394975423812866211e-01
-6.475556492805480957e-01
6.889408230781555176e-01
-1.385047554969787598e+00
-1.562688112258911133e+00
-7.984752655029296875e-01
-7.058206796646118164e-01
-5.736966729164123535e-01
-1.216163635253906250e+00
-5.041308999061584473e-01
-3.961725234985351562e-01
-1.334258317947387695e+00
-1.414739966392517090e+00
4.591130316257476807e-01
9.307574033737182617e-01
-2.761973381042480469e+00
-5.500864386558532715e-01
-3.666817665100097656e+00
-6.716623306274414062e-01
1.433522105216979980e+00
2.844169437885284424e-01
9.057220816612243652e-02
-1.358812332153320312e+00
-1.024368047714233398e+00
2.275951206684112549e-01
1.494705200195312500e+00
1.700015068054199219e-01
-6.360605955123901367e-01
2.096970319747924805e+00
-1.397322416305541992e-01
-9.122447967529296875e-01
-8.390054702758789062e-01
-2.592592537403106689e-01
-1.053624272346496582e+00
-2.667187750339508057e-01
-1.959162235260009766e+00
-1.676162481307983398e-01
-1.520660161972045898e+00
-9.763910770416259766e-01
1.338957786560058594e+00
-6.106743812561035156e-01
-6.038657426834106445e-01
-1.533672928810119629e+00
