-1.417148470878601074e+00
3.286397457122802734e-02
-1.069918990135192871e+00
3.769401907920837402e-01
-9.395659565925598145e-01
-9.518735408782958984e-01
-1.559212207794189453e+00
-5.482561588287353516e-01
-7.067648172378540039e-01
-2.415045738220214844e+00
-3.058085441589355469e-01
-5.391651391983032227e-01
-2.480227470397949219e+00
-2.667888402938842773e-01
-6.662251353263854980e-01
-1.753941178321838379e+00
-7.819936871528625488e-01
2.399025559425354004e-01
-6.202952861785888672e-01
-1.088321805000305176e-01
1.137215495109558105e-01
-9.879603981971740723e-01
-2.602251172065734863e-01
-1.290527224540710449e+00
-1.435094118118286133e+00
-7.409202456474304199e-01
3.778576254844665527e-01
-3.057107448577880859e+00
8.075320720672607422e-01
8.946032524108886719e-01
-7.526612877845764160e-01
-4.082661271095275879e-01
-6.876518130302429199e-01
-1.474441289901733398e+00
-2.478339910507202148e+00
-2.341128587722778320e+00
-1.692274451255798340e+00
-2.292372703552246094e+00
-5.220943689346313477e-01
-5.125099420547485352e-02
6.892802715301513672e-01
4.025849699974060059e-01
5.381993651390075684e-01
-1.861572146415710449e+00
-6.662104725837707520e-01
-1.015101194381713867e+00
-1.318848967552185059e+00
2.243392229080200195e+00
-1.524331808090209961e+00
1.363847553730010986e-01
-5.087400674819946289e-01
-1.750669598579406738e+00
-1.522525429725646973e+00
-1.178296089172363281e+00
-1.508257389068603516e+00
1.500407934188842773e+00
-6.601485013961791992e-01
-4.384073913097381592e-01
-2.312056303024291992e+00
8.161474466323852539e-01
-1.602005481719970703e+00
-5.096568465232849121e-01
-1.949106693267822266e+00
-1.578566193580627441e+00
5.806687474250793457e-02
-2.787982702255249023e+00
8.963689804077148438e-01
-1.058697700500488281e+00
-1.441949009895324707e+00
-8.881317973136901855e-01
-3.138194680213928223e-01
-2.453042864799499512e-01
-9.710338115692138672e-01
-2.311580657958984375e+00
1.010751724243164062e-01
-1.085079073905944824e+00
-1.807290911674499512e-01
-1.442503452301025391e+00
-3.601652979850769043e-01
2.642694115638732910e-01
9.919232130050659180e-02
2.765674591064453125e-01
6.227061748504638672e-01
-3.503916263580322266e+00
-5.229126811027526855e-01
-8.756985664367675781e-01
-1.956806659698486328e+00
-1.330947875976562500e+00
-7.833993434906005859e-01
3.278830051422119141e-01
1.093323707580566406e+00
1.115698814392089844e-01
-8.213369250297546387e-01
-8.523542284965515137e-01
1.459025144577026367e-01
-1.297089338302612305e+00
-2.111252069473266602e+00
-5.465247035026550293e-01
-5.567214488983154297e-01
-2.289199233055114746e-01
8.283248543739318848e-02
2.697222828865051270e-01
-1.864813327789306641e+00
-4.461406469345092773e-01
-1.258870363235473633e+00
-3.052771091461181641e-02
-1.229432106018066406e+00
-1.763340473175048828e+00
3.633675813674926758e+00
-1.275884151458740234e+00
-1.607170581817626953e+00
-1.348956108093261719e+00
-1.554202079772949219e+00
-1.443725824356079102e-01
-9.724548459053039551e-01
-8.711839318275451660e-01
-9.056755900382995605e-02
-5.299795269966125488e-01
-1.130571365356445312e+00
-1.485692560672760010e-01
-5.479234457015991211e-01
-2.280187308788299561e-01
-9.662074446678161621e-01
1.515817046165466309e-01
-1.758275628089904785e-01
-3.487435579299926758e-01
-1.458204090595245361e-01
-2.637612819671630859e+00
-1.962530612945556641e-02
-1.344192743301391602e+00
1.439507842063903809e+00
-9.336286783218383789e-02
1.249780654907226562e-01
9.333586692810058594e-02
-2.119470357894897461e+00
-2.917449951171875000e+00
2.439961910247802734e+00
-5.447507500648498535e-01
-4.954912364482879639e-01
3.191682696342468262e-01
-1.830523014068603516e+00
1.035089731216430664e+00
-3.865063905715942383e+00
-9.583047628402709961e-01
-3.362421989440917969e-01
-1.883807539939880371e+00
-1.445343255996704102e+00
-1.146744251251220703e+00
-1.169423222541809082e+00
-2.529315233230590820e+00
-5.443311333656311035e-01
-4.552142322063446045e-02
-2.489047527313232422e+00
7.709959149360656738e-01
2.730963230133056641e-01
2.325273036956787109e+00
-5.737063884735107422e-01
-2.160611867904663086e+00
-5.920636653900146484e-02
-1.551384925842285156e+00
4.216713607311248779e-01
1.031283140182495117e+00
-1.089283585548400879e+00
3.706499338150024414e-01
-1.598683118820190430e+00
-7.881135940551757812e-01
-7.971408963203430176e-02
1.111785531044006348e+00
2.026915550231933594e-02
-2.464336633682250977e+00
6.650103330612182617e-01
-1.992982387542724609e+00
-8.388179540634155273e-02
-1.831491589546203613e-01
-3.559688925743103027e-01
2.438369393348693848e-01
-2.121817588806152344e+00
2.303614616394042969e-01
-2.492520093917846680e+00
1.657217502593994141e+00
-1.750545501708984375e+00
-1.051639676094055176e+00
-1.982199311256408691e+00
-1.249783635139465332e-01
-1.266272306442260742e+00
2.707437992095947266e+00
-4.112232327461242676e-01
1.756336688995361328e+00
9.034545421600341797e-01
-2.221560716629028320e+00
2.785451114177703857e-01
-1.221223175525665283e-01
-1.250731945037841797e+00
-2.199405670166015625e+00
1.060620188713073730e+00
-7.297133207321166992e-01
-6.496987938880920410e-01
-3.162525892257690430e+00
-2.597198486328125000e+00
-1.533504128456115723e-01
-3.080952167510986328e-01
2.646655440330505371e-01
-2.530590295791625977e-01
-1.134800195693969727e+00
-7.351300716400146484e-01
-1.777996420860290527e-01
-6.084028482437133789e-01
6.967976689338684082e-01
-1.175987243652343750e+00
-2.064510285854339600e-01
-1.702401876449584961e+00
-1.431842327117919922e+00
2.796786427497863770e-01
-1.900610327720642090e-01
-8.847991228103637695e-01
-2.161359071731567383e+00
-6.911781430244445801e-01
1.127392649650573730e-01
1.558849692344665527e+00
-8.990254998207092285e-02
-1.079350113868713379e-01
6.054115295410156250e-02
3.778904676437377930e-02
4.678961634635925293e-02
-1.736605763435363770e+00
-1.839462757110595703e+00
5.506885647773742676e-01
-1.055726408958435059e-01
-5.424104332923889160e-01
1.098803043365478516e+00
-4.744999408721923828e-01
-2.633973598480224609e+00
-2.159538984298706055e+00
-5.990456342697143555e-01
7.879619598388671875e-01
2.456188797950744629e-01
2.272119522094726562e+00
-7.970455884933471680e-01
6.483685970306396484e-01
-4.349935650825500488e-01
-5.419629216194152832e-01
5.365456938743591309e-01
-5.230847001075744629e-01
-1.664452552795410156e-01
-2.310101985931396484e+00
-1.751846790313720703e+00
-2.257601261138916016e+00
-1.277346134185791016e+00
-1.062901735305786133e+00
9.388790130615234375e-01
1.511857032775878906e+00
-2.110117912292480469e+00
-2.561214447021484375e+00
-1.949750185012817383e+00
-1.680773973464965820e+00
-7.594623565673828125e-01
2.825185060501098633e-01
-4.707855284214019775e-01
-2.852748632431030273e-01
-1.977505564689636230e+00
-3.642546534538269043e-01
3.837051987648010254e-02
-1.066821455955505371e+00
9.620359539985656738e-02
1.459266662597656250e+00
5.613159537315368652e-01
-8.336415886878967285e-01
2.378399372100830078e-01
4.254081845283508301e-01
-4.966819286346435547e-02
-3.150999546051025391e-04
-1.052550315856933594e+00
-2.130571603775024414e+00
-1.249027490615844727e+00
-1.639644503593444824e+00
-1.405158281326293945e+00
-9.019628167152404785e-01
3.733223676681518555e-02
-2.134402513504028320e+00
-6.098539829254150391e-01
-2.643122971057891846e-01
-4.304470419883728027e-01
9.289599061012268066e-01
-2.042297601699829102e+00
-6.264724135398864746e-01
-1.533489227294921875e-01
-7.671787142753601074e-01
-3.385655581951141357e-01
-1.678605079650878906e+00
-1.001063823699951172e+00
2.704829275608062744e-01
-4.751088619232177734e-01
-1.355164766311645508e+00
-1.006116867065429688e+00
-9.258102774620056152e-01
1.033063054084777832e+00
-1.460517406463623047e+00
6.561021208763122559e-01
-2.377212643623352051e-01
-1.322218894958496094e+00
5.574408769607543945e-01
-1.854038238525390625e+00
-2.389138460159301758e+00
-1.316568136215209961e+00
-7.851780056953430176e-01
-5.527673363685607910e-01
-2.372795343399047852e-01
4.009918868541717529e-02
8.634627461433410645e-01
-5.300180912017822266e-01
-1.724270820617675781e+00
-1.186574935913085938e+00
1.152192950248718262e+00
-2.063362360000610352e+00
3.385812044143676758e-02
-1.401183128356933594e+00
-5.623002648353576660e-01
-6.012669205665588379e-02
-1.677823424339294434e+00
-3.067298889160156250e+00
1.933358192443847656e+00
6.263985037803649902e-01
-6.999942064285278320e-01
3.639904856681823730e-01
-2.872359752655029297e-02
-7.440912723541259766e-01
-6.336005330085754395e-01
-1.521145701408386230e+00
-1.787464857101440430e+00
-2.632541179656982422e+00
-2.510167598724365234e+00
-6.607469916343688965e-01
2.346364498138427734e+00
3.564727306365966797e-02
-3.705839157104492188e+00
-7.323285937309265137e-01
1.767250061035156250e+00
-2.237779140472412109e+00
-9.050666093826293945e-01
-6.769350767135620117e-01
8.001076579093933105e-01
-1.821823120117187500e+00
-8.472729325294494629e-01
-6.687861680984497070e-01
-7.661482691764831543e-02
-2.310383081436157227e+00
1.007084250450134277e+00
-1.232592105865478516e+00
-1.187797307968139648e+00
-2.490134477615356445e+00
8.013149499893188477e-01
-7.997166514396667480e-01
-5.043157935142517090e-01
-1.033047318458557129e+00
2.578381299972534180e-01
-7.184067964553833008e-01
-2.654358863830566406e+00
6.741501092910766602e-01
1.014543473720550537e-01
-3.209879398345947266e+00
-3.122689127922058105e-01
3.300649523735046387e-01
3.285444080829620361e-01
8.116502761840820312e-01
-1.531210243701934814e-01
7.779282331466674805e-01
1.472806930541992188e-01
-3.616793870925903320e+00
-9.503971934318542480e-01
-1.923164725303649902e+00
-1.101289987564086914e+00
3.098345398902893066e-01
-1.413871169090270996e+00
-1.514130473136901855e+00
-1.412346482276916504e+00
-2.707073688507080078e-01
-1.308781623840332031e+00
-1.985265463590621948e-01
-2.155297398567199707e-01
5.897032022476196289e-01
-8.563625216484069824e-01
-5.027154088020324707e-01
-1.322516560554504395e+00
5.346953868865966797e-03
-4.721266031265258789e-01
1.202460527420043945e-01
-5.990160107612609863e-01
-1.639428734779357910e-01
1.779576539993286133e-01
-2.369044721126556396e-01
-1.444704294204711914e+00
-2.911035716533660889e-01
-1.453265309333801270e+00
-9.947829842567443848e-01
-2.577558040618896484e+00
6.971755027770996094e-01
-8.929419517517089844e-01
-1.048478126525878906e+00
-1.175289154052734375e+00
-1.755987882614135742e+00
4.830709099769592285e-02
1.709945201873779297e-01
-5.224065780639648438e-01
5.949854850769042969e-03
-8.403998613357543945e-01
-9.821922779083251953e-01
-1.167587518692016602e+00
-7.475370168685913086e-02
-6.859034299850463867e-01
-1.202005982398986816e+00
2.428477108478546143e-01
-4.852533340454101562e-01
-5.806163549423217773e-01
-2.407659292221069336e-01
-6.206598281860351562e-01
-1.160325050354003906e+00
-2.146883010864257812e+00
-2.199949264526367188e+00
7.155162096023559570e-02
-9.764422774314880371e-01
-2.998837471008300781e+00
-1.007824301719665527e+00
-2.189031839370727539e-01
2.945566177368164062e-01
-3.815354704856872559e-01
-2.019640922546386719e+00
1.406807303428649902e+00
-5.540190935134887695e-01
1.544875383377075195e+00
3.514045476913452148e-01
-2.212957382202148438e+00
-3.652455806732177734e+00
-5.673582553863525391e-01
-5.312743186950683594e-01
-2.478640079498291016e+00
-3.287229776382446289e+00
-2.008881330490112305e+00
-3.986641764640808105e-01
-9.035249948501586914e-01
-1.051701545715332031e+00
-6.085016131401062012e-01
-2.482054531574249268e-01
-1.216711759567260742e+00
-1.261378407478332520e+00
-1.864187479019165039e+00
-4.792115688323974609e-01
5.257499217987060547e-02
-1.811691761016845703e+00
-1.904504656791687012e+00
-7.463656663894653320e-01
-2.390598058700561523e-01
-1.858794927597045898e+00
-6.907965540885925293e-01
-2.407174706459045410e-01
3.662789821624755859e+00
3.417279720306396484e-01
-1.674379110336303711e-01
-1.368500947952270508e+00
-1.446389675140380859e+00
-2.674071073532104492e+00
1.256150722503662109e+00
-8.153858184814453125e-01
-2.548594713211059570e+00
-2.670767009258270264e-01
5.652122497558593750e-01
-1.119085431098937988e+00
-1.646790266036987305e+00
-9.251797199249267578e-02
-9.172037839889526367e-01
-2.679982185363769531e-01
1.501787900924682617e-01
-3.591042757034301758e-02
-1.143351197242736816e-01
-1.443288803100585938e+00
-1.435471653938293457e+00
-1.038251996040344238e+00
1.592044472694396973e+00
-3.465193510055541992e-01
-3.015731275081634521e-01
6.438784003257751465e-01
2.247996330261230469e-01
-1.810934185981750488e+00
-2.378752231597900391e+00
-2.792365074157714844e+00
-9.632968902587890625e-02
-8.324676752090454102e-01
-2.464644312858581543e-01
-1.076149463653564453e+00
-1.073267936706542969e+00
-1.770515441894531250e+00
-1.421517729759216309e+00
-2.863656282424926758e+00
1.290151119232177734e+00
-1.032370090484619141e+00
-7.242925167083740234e-01
-3.921453952789306641e+00
-2.090279757976531982e-01
-1.995107173919677734e+00
-1.436546802520751953e+00
-6.429379582405090332e-01
-1.236547946929931641e+00
-2.235261440277099609e+00
-1.631103754043579102e-01
-1.621402502059936523e+00
6.649491786956787109e-01
-4.093468189239501953e-01
-9.107609987258911133e-01
-2.230605602264404297e+00
-5.761802196502685547e-03
-2.080278992652893066e-01
-1.445768237113952637e+00
-1.044538736343383789e+00
-1.698687553405761719e+00
-1.949144959449768066e+00
2.166212201118469238e-01
-1.576212406158447266e+00
2.195382118225097656e-01
-2.510914325714111328e+00
4.096309542655944824e-01
-7.562788128852844238e-01
-2.235049724578857422e+00
6.006134152412414551e-01
-1.205846905708312988e+00
-9.797201156616210938e-01
-5.810139179229736328e-01
-8.875283598899841309e-01
-2.029451727867126465e-01
-1.890463352203369141e+00
6.495333909988403320e-01
-1.540845870971679688e+00
-1.245636224746704102e+00
-1.487232446670532227e+00
1.120170831680297852e+00
1.458070516586303711e+00
-1.748297095298767090e+00
-4.333822429180145264e-01
1.935668885707855225e-01
-3.997071981430053711e-01
-1.361191987991333008e+00
-1.758976459503173828e+00
-9.861103296279907227e-01
-8.904538154602050781e-01
-1.117207407951354980e+00
9.378660917282104492e-01
-3.557538032531738281e+00
-3.945352077484130859e+00
-9.181518554687500000e-01
-6.388261318206787109e-01
-2.376015186309814453e+00
-4.376426339149475098e-01
6.490395665168762207e-01
2.323778271675109863e-01
-5.719158649444580078e-01
-1.462250232696533203e+00
-1.159391522407531738e+00
-1.934959888458251953e+00
3.972423076629638672e-02
-1.441930413246154785e+00
1.416909098625183105e+00
5.827243328094482422e-01
-2.808047533035278320e+00
-3.623347520828247070e+00
-2.874598026275634766e+00
-1.928427577018737793e+00
-1.205412745475769043e-01
-7.407709360122680664e-01
-1.355865716934204102e+00
4.786264896392822266e-01
-1.536357998847961426e+00
-3.086432814598083496e-01
2.048550248146057129e-01
4.666450023651123047e-01
-7.572510242462158203e-01
-7.549568414688110352e-01
-1.018302083015441895e+00
-1.070383906364440918e+00
-6.650894880294799805e-01
5.805835127830505371e-02
-6.599038839340209961e-01
-1.570943951606750488e+00
-3.152896404266357422e+00
1.625658869743347168e+00
-1.009955286979675293e+00
-9.568358063697814941e-01
3.106690645217895508e-01
-1.473058700561523438e+00
1.557449817657470703e+00
6.515764594078063965e-01
-1.825114011764526367e+00
-1.503703355789184570e+00
-1.582885503768920898e+00
-2.400546073913574219e-01
1.541344404220581055e+00
7.169815301895141602e-01
-3.001682460308074951e-01
-3.564311265945434570e-01
-8.301321864128112793e-01
1.187409639358520508e+00
-2.440741777420043945e+00
-1.933351457118988037e-01
-3.852390348911285400e-01
-3.755295276641845703e-01
-1.688453674316406250e+00
-1.024992346763610840e+00
-4.483959376811981201e-01
-2.876956164836883545e-01
-1.296144127845764160e+00
-4.781253933906555176e-01
-2.051463425159454346e-01
-5.261150598526000977e-01
-7.643470168113708496e-02
-1.989308476448059082e+00
-3.404730558395385742e-01
3.871755003929138184e-01
-1.715213775634765625e+00
-1.426340818405151367e+00
1.036851763725280762e+00
-2.037055492401123047e+00
8.282432556152343750e-01
1.307687640190124512e+00
-5.953294038772583008e-01
9.665306806564331055e-01
3.964372396469116211e+00
-1.572556257247924805e+00
-1.614117622375488281e+00
-2.762998342514038086e-01
-1.413404941558837891e+00
-6.609022617340087891e-01
-1.097074747085571289e+00
-1.038795828819274902e+00
-1.416983127593994141e+00
-5.697942972183227539e-01
-8.346706628799438477e-01
-6.795856952667236328e-01
-3.876749873161315918e-01
-2.913564205169677734e+00
3.109082579612731934e-02
-1.565679073333740234e+00
-2.045395374298095703e+00
-9.007781744003295898e-01
-2.195046842098236084e-02
1.053259730339050293e+00
-1.329088687896728516e+00
4.677346050739288330e-01
-4.491607546806335449e-01
-1.883308768272399902e+00
-9.065901041030883789e-01
-8.791434764862060547e-02
-2.960911393165588379e-01
-2.019138813018798828e+00
-3.594045341014862061e-01
-1.102555036544799805e+00
-1.449211716651916504e+00
-2.320964574813842773e+00
-3.618650436401367188e-01
2.935941696166992188e+00
-9.150341749191284180e-01
-5.169797688722610474e-02
6.945107877254486084e-02
1.939848512411117554e-01
-1.913011312484741211e+00
-5.629370212554931641e-01
-1.533091068267822266e+00
1.131171822547912598e+00
-2.087028622627258301e-01
1.665477156639099121e+00
-1.122303009033203125e+00
-9.107661247253417969e-02
-1.324712991714477539e+00
-2.599460482597351074e-01
1.661463022232055664e+00
-2.774041175842285156e+00
-1.283383131027221680e+00
-7.252196073532104492e-01
-1.341741800308227539e+00
4.022990465164184570e-01
-2.546777248382568359e+00
-1.977317214012145996e+00
-9.465454816818237305e-01
-9.116780161857604980e-01
-1.360001802444458008e+00
-2.223840713500976562e+00
2.015793621540069580e-01
-1.803861379623413086e+00
-2.533862590789794922e+00
-2.012823581695556641e+00
3.468508720397949219e-01
-2.491011619567871094e+00
-5.397001504898071289e-01
9.253423810005187988e-01
-4.624604582786560059e-01
-1.403822660446166992e+00
-1.047211050987243652e+00
