2.593351125717163086e+00
-2.695481777191162109e-01
4.419301986694335938e+00
1.945123195648193359e+00
1.563552737236022949e+00
4.517386436462402344e+00
1.217622995376586914e+00
-1.538646221160888672e+00
1.887080669403076172e+00
-3.688163161277770996e-01
2.426730155944824219e+00
-1.600882291793823242e+00
1.089407205581665039e-01
6.815196871757507324e-01
2.251974344253540039e+00
8.565038442611694336e-01
4.216499924659729004e-01
-1.605087518692016602e-02
-3.390600681304931641e-01
-1.760825872421264648e+00
5.000000000000000000e+00
2.441547155380249023e+00
4.702960968017578125e+00
-6.249108910560607910e-01
-2.141419410705566406e+00
5.000000000000000000e+00
1.443118095397949219e+00
2.731510996818542480e-02
-1.119850158691406250e+00
5.614438056945800781e-01
1.098418831825256348e-01
2.967823028564453125e+00
-1.410411357879638672e+00
5.000000000000000000e+00
-3.904423117637634277e-01
9.993691444396972656e-01
-7.991081476211547852e-02
3.169087409973144531e+00
-2.593110561370849609e+00
-1.307753682136535645e+00
3.843776702880859375e+00
5.000000000000000000e+00
-1.351640462875366211e+00
-3.576697111129760742e-01
-5.400176048278808594e-01
4.373931884765625000e-02
3.339250564575195312e+00
5.000000000000000000e+00
3.355360031127929688e+00
8.367487192153930664e-01
3.986136436462402344e+00
2.508828639984130859e-01
3.811580657958984375e+00
4.770376205444335938e+00
9.868005514144897461e-01
2.796994686126708984e+00
-1.126150131225585938e+00
-5.918629169464111328e-01
7.004164457321166992e-01
-8.703159689903259277e-01
3.688989639282226562e+00
-4.843754768371582031e-01
6.687120795249938965e-01
-4.311536550521850586e-01
2.635213851928710938e+00
-1.818801403045654297e+00
1.821498394012451172e+00
1.689593434333801270e+00
-2.367613077163696289e+00
1.404257655143737793e+00
3.749509334564208984e+00
5.000000000000000000e+00
1.850547075271606445e+00
-1.238987922668457031e+00
5.000000000000000000e+00
-5.880038142204284668e-01
-8.306695520877838135e-02
-1.711690425872802734e-02
4.584495067596435547e+00
1.543483972549438477e+00
-7.620282769203186035e-01
1.810185670852661133e+00
-4.577226042747497559e-01
-1.753184080123901367e+00
3.249199867248535156e+00
-2.499936968088150024e-01
1.564190268516540527e+00
2.524974822998046875e+00
2.807559490203857422e+00
9.121291637420654297e-01
3.439820528030395508e+00
2.717736721038818359e+00
-6.466692090034484863e-01
4.218073844909667969e+00
-2.042755484580993652e-01
5.000000000000000000e+00
2.717448711395263672e+00
-2.305765628814697266e+00
7.988919615745544434e-01
-1.878137111663818359e+00
-1.662743330001831055e+00
1.047930598258972168e+00
-1.659117221832275391e+00
-2.789920270442962646e-01
8.174137473106384277e-01
-1.264808416366577148e+00
6.048480272293090820e-01
1.713275909423828125e-01
4.236122131347656250e+00
1.591345071792602539e+00
-1.191074252128601074e-01
-7.434301972389221191e-01
-1.633529663085937500e+00
-9.569765329360961914e-01
4.887104988098144531e+00
1.514506816864013672e+00
-3.196336627006530762e-01
-7.692808508872985840e-01
5.000000000000000000e+00
4.196601867675781250e+00
3.038825035095214844e+00
5.000000000000000000e+00
2.922172546386718750e+00
2.380488395690917969e+00
5.000000000000000000e+00
-8.359403014183044434e-01
-3.292014598846435547e-01
-1.485241293907165527e+00
-6.515277624130249023e-01
-1.818962335586547852e+00
-3.959502577781677246e-01
4.788711547851562500e+00
2.221145153045654297e+00
2.301035404205322266e+00
3.356925487518310547e+00
4.855296611785888672e+00
-1.232510209083557129e+00
3.841269016265869141e+00
-5.854040384292602539e-01
3.299547433853149414e+00
5.477874279022216797e-01
1.959444761276245117e+00
-7.759237289428710938e-02
4.110341072082519531e+00
9.289693832397460938e-02
-1.771053075790405273e+00
4.153577804565429688e+00
2.861488163471221924e-01
3.809969425201416016e+00
3.887838602066040039e+00
2.574610710144042969e-01
4.639350891113281250e+00
1.750810742378234863e+00
2.731257200241088867e+00
5.000000000000000000e+00
-1.813948750495910645e+00
6.009563803672790527e-01
2.579962253570556641e+00
4.361428260803222656e+00
4.917507171630859375e+00
-1.639620661735534668e-01
-2.085160255432128906e+00
3.756823062896728516e+00
1.919886946678161621e+00
-1.549464941024780273e+00
-1.645954847335815430e+00
5.968812108039855957e-01
-2.862184762954711914e+00
3.883451223373413086e+00
-2.082082748413085938e+00
-1.072511672973632812e+00
-1.669318675994873047e+00
-3.168796896934509277e-01
-6.826817989349365234e-02
4.793491363525390625e+00
3.810801506042480469e+00
-6.277092695236206055e-01
-1.525558829307556152e-01
1.898571252822875977e+00
-1.714151620864868164e+00
2.110390186309814453e+00
-3.085520565509796143e-01
1.058394670486450195e+00
5.189418792724609375e-02
1.561646580696105957e+00
-1.092371821403503418e+00
-1.076098680496215820e-01
-1.220153093338012695e+00
4.648968219757080078e+00
1.115767717361450195e+00
-4.677742123603820801e-01
-1.459515213966369629e+00
2.354845046997070312e+00
1.524996161460876465e+00
2.208685636520385742e+00
5.000000000000000000e+00
-5.296567678451538086e-01
-1.202874183654785156e+00
1.107701539993286133e+00
-1.107264876365661621e+00
-2.787670493125915527e-01
5.000000000000000000e+00
-1.799714446067810059e+00
3.958807468414306641e+00
-4.213854670524597168e-01
-2.279839277267456055e+00
-3.270075619220733643e-01
1.809407711029052734e+00
-1.044535636901855469e+00
2.612204074859619141e+00
-7.275703549385070801e-02
-4.559315145015716553e-01
5.000000000000000000e+00
3.357596695423126221e-01
-4.622852325439453125e+00
-1.706312894821166992e+00
-3.182917237281799316e-01
3.521312236785888672e+00
-1.416847944259643555e+00
-2.058994770050048828e-01
2.122914791107177734e-02
1.375718235969543457e+00
-2.789553999900817871e-02
2.642247676849365234e+00
-2.681309223175048828e+00
-1.191008806228637695e+00
-8.913596868515014648e-01
1.419006466865539551e+00
4.200075149536132812e+00
4.635500311851501465e-01
1.146252989768981934e+00
5.000000000000000000e+00
-1.945952296257019043e+00
5.000000000000000000e+00
-5.125157237052917480e-01
4.905607700347900391e+00
-3.226705312728881836e+00
2.475691795349121094e+00
-4.594908952713012695e-01
1.696500301361083984e+00
-1.085644960403442383e-01
4.229129791259765625e+00
-7.354055047035217285e-01
5.000000000000000000e+00
3.578298091888427734e-01
2.705563306808471680e+00
5.000000000000000000e+00
6.376451253890991211e-01
2.478964328765869141e+00
3.812765598297119141e+00
2.347691059112548828e-01
5.000000000000000000e+00
-9.037018418312072754e-01
-5.404926538467407227e-01
5.000000000000000000e+00
3.444820404052734375e+00
4.421331405639648438e+00
-1.062273025512695312e+00
3.440290451049804688e+00
-1.688130497932434082e+00
-1.028590798377990723e-01
-3.822143971920013428e-01
5.000000000000000000e+00
2.263149499893188477e+00
5.000000000000000000e+00
-1.556506395339965820e+00
3.076876640319824219e+00
3.341186285018920898e+00
2.184525728225708008e-01
3.317784309387207031e+00
-1.546425461769104004e+00
2.443433403968811035e-01
-5.748993754386901855e-01
4.913154125213623047e+00
1.746265888214111328e+00
2.962194681167602539e-01
-7.771633267402648926e-01
-1.339342117309570312e+00
2.743070840835571289e+00
-1.618276357650756836e+00
3.472703218460083008e+00
2.122375488281250000e+00
-1.788486719131469727e+00
3.326340675354003906e+00
3.250649452209472656e+00
-4.986562728881835938e-01
5.000000000000000000e+00
5.000000000000000000e+00
-3.030627965927124023e-01
2.702922224998474121e-01
3.786365509033203125e+00
-1.217792034149169922e+00
-3.769553899765014648e+00
1.280670881271362305e+00
3.765887498855590820e+00
-4.744682312011718750e+00
4.929105758666992188e+00
3.319737672805786133e+00
-8.634760379791259766e-01
2.307565927505493164e+00
5.000000000000000000e+00
7.322611212730407715e-01
3.811483681201934814e-01
-2.057021856307983398e+00
-2.062299966812133789e+00
1.470930814743041992e+00
-7.413663864135742188e-01
-9.029389619827270508e-01
1.651088953018188477e+00
2.043937206268310547e+00
1.718551874160766602e+00
3.721702814102172852e+00
-1.625027060508728027e+00
3.118308782577514648e+00
4.699328899383544922e+00
4.611745834350585938e+00
2.221748352050781250e+00
2.693105459213256836e+00
-2.556340396404266357e-01
-3.444115519523620605e-01
4.017715930938720703e+00
2.285233259201049805e+00
3.267643451690673828e+00
-1.650197863578796387e+00
1.928267240524291992e+00
3.782202720642089844e+00
-1.002134919166564941e+00
7.597347497940063477e-01
2.912044048309326172e+00
-5.711364746093750000e-01
2.809359788894653320e+00
4.478629112243652344e+00
4.907236099243164062e+00
-1.618878245353698730e-01
5.000000000000000000e+00
-1.226356387138366699e+00
1.066646933555603027e+00
-1.673158407211303711e-01
-1.075044274330139160e-01
-2.615462541580200195e-01
-2.673951685428619385e-01
2.395788669586181641e+00
-2.659533619880676270e-01
4.108537673950195312e+00
2.486031651496887207e-01
3.568466186523437500e+00
9.003270268440246582e-01
7.828223705291748047e-01
5.000000000000000000e+00
4.552031993865966797e+00
6.713719367980957031e-01
5.000000000000000000e+00
2.483162879943847656e+00
-7.422106862068176270e-01
-2.693613052368164062e+00
2.159145355224609375e+00
2.582874059677124023e+00
-1.346949577331542969e+00
4.370789527893066406e+00
5.000000000000000000e+00
9.187673330307006836e-01
-6.672213077545166016e-01
2.491642951965332031e+00
1.160015940666198730e+00
1.239485502243041992e+00
2.727611541748046875e+00
4.445083618164062500e+00
5.000000000000000000e+00
-1.241704463958740234e+00
4.792109489440917969e+00
-4.763118624687194824e-01
-1.347713470458984375e-01
1.246466875076293945e+00
1.181300401687622070e+00
2.950871944427490234e+00
4.507230758666992188e+00
5.000000000000000000e+00
1.607224941253662109e+00
2.319730758666992188e+00
-4.553470015525817871e-01
1.108302116394042969e+00
2.777738094329833984e+00
1.794231891632080078e+00
2.136838436126708984e+00
3.509654998779296875e+00
3.581933975219726562e+00
3.281992435455322266e+00
-2.388927459716796875e+00
-1.211418747901916504e+00
6.015151739120483398e-03
3.881236314773559570e+00
-1.796283602714538574e+00
4.283770561218261719e+00
-4.715679287910461426e-01
5.000000000000000000e+00
-1.270429193973541260e-01
2.909243106842041016e+00
2.518396377563476562e-01
-9.386989474296569824e-01
-1.423196792602539062e+00
4.090914726257324219e+00
5.000000000000000000e+00
3.835104942321777344e+00
-5.061569213867187500e-01
2.019335269927978516e+00
5.000000000000000000e+00
1.492655634880065918e+00
3.274988174438476562e+00
-3.506718575954437256e-01
5.000000000000000000e+00
1.292496681213378906e+00
-1.078942060470581055e+00
1.619016885757446289e+00
-1.352344453334808350e-01
5.000000000000000000e+00
8.436838388442993164e-01
-3.212068676948547363e-01
5.000000000000000000e+00
-1.010279655456542969e-01
3.270459175109863281e-01
-5.123287439346313477e-01
2.725808143615722656e+00
-1.630784988403320312e+00
4.640248775482177734e+00
1.322824239730834961e+00
3.212133884429931641e+00
4.743957996368408203e+00
4.217128753662109375e+00
5.000000000000000000e+00
3.134165525436401367e+00
-6.050597429275512695e-01
-1.866685390472412109e+00
2.020760059356689453e+00
-6.691873073577880859e-03
-1.192813396453857422e+00
1.680562496185302734e+00
-9.552109837532043457e-01
3.597997903823852539e+00
-4.828776121139526367e-01
3.404832601547241211e+00
2.940074920654296875e+00
2.918597698211669922e+00
4.633789062500000000e+00
1.189191043376922607e-01
3.309073448181152344e+00
-3.094792664051055908e-01
5.000000000000000000e+00
2.180292844772338867e+00
1.088261365890502930e+00
4.533562660217285156e+00
-7.607933878898620605e-01
-1.749841868877410889e-01
1.046076416969299316e+00
1.297665596008300781e+00
4.148464202880859375e+00
1.587523221969604492e-01
6.814668774604797363e-01
5.000000000000000000e+00
4.805273532867431641e+00
4.399778842926025391e-01
-1.253887176513671875e+00
-5.064005851745605469e-01
3.255900382995605469e+00
-4.920050501823425293e-01
4.921564579010009766e+00
5.000000000000000000e+00
4.678268909454345703e+00
5.000000000000000000e+00
3.846622467041015625e+00
5.000000000000000000e+00
3.133629798889160156e+00
2.678195714950561523e+00
-1.105584621429443359e+00
2.191702365875244141e+00
-7.874146103858947754e-01
5.000000000000000000e+00
2.794450283050537109e+00
-2.190147399902343750e+00
1.438145637512207031e-01
8.303907513618469238e-01
-8.313976526260375977e-01
1.795250654220581055e+00
-1.940975785255432129e-01
3.023108005523681641e+00
-5.912581086158752441e-02
-1.540733933448791504e+00
-1.323293209075927734e+00
-4.969704747200012207e-01
4.871977806091308594e+00
-8.694786429405212402e-01
4.324560165405273438e+00
1.496688842773437500e+00
4.025018692016601562e+00
6.843298673629760742e-01
-5.146663188934326172e-01
2.592475891113281250e+00
2.946058213710784912e-01
-8.014734983444213867e-01
5.000000000000000000e+00
2.070971012115478516e+00
-1.384111046791076660e+00
-1.453878045082092285e+00
1.620120525360107422e+00
8.921036720275878906e-01
6.019662618637084961e-01
-5.591897964477539062e-01
5.000000000000000000e+00
2.933501958847045898e+00
-3.402027785778045654e-01
8.925565481185913086e-01
-4.609087854623794556e-02
3.750653266906738281e+00
-1.039959788322448730e+00
-7.312606573104858398e-01
5.000000000000000000e+00
9.773426651954650879e-01
3.230763435363769531e+00
2.759966135025024414e+00
1.334933757781982422e+00
-1.867744445800781250e+00
-1.294326305389404297e+00
5.000000000000000000e+00
1.227704286575317383e+00
2.975337505340576172e+00
3.161023259162902832e-01
1.086323261260986328e-01
2.840731143951416016e-01
4.665323257446289062e+00
5.000000000000000000e+00
3.395630836486816406e+00
-4.657598137855529785e-01
-1.647977352142333984e+00
-9.028121232986450195e-01
4.210785865783691406e+00
8.441084027290344238e-01
4.894170761108398438e+00
-8.961191773414611816e-02
1.958184719085693359e+00
3.299450874328613281e-02
5.553741455078125000e-01
1.977016568183898926e+00
-1.307604312896728516e+00
5.000000000000000000e+00
2.320769727230072021e-01
-3.542141318321228027e-01
4.685607433319091797e+00
-2.939466238021850586e-01
1.179568409919738770e+00
5.934948921203613281e-01
-1.210732221603393555e+00
2.380735635757446289e+00
-2.630181789398193359e+00
-6.204702258110046387e-01
-2.880021333694458008e-01
6.381170749664306641e-01
5.000000000000000000e+00
-1.669317603111267090e+00
-9.034018516540527344e-01
4.838703155517578125e+00
-4.606781899929046631e-01
3.477947711944580078e+00
1.509821414947509766e-02
1.626930713653564453e+00
-1.391384482383728027e+00
2.122793912887573242e+00
-1.204781651496887207e+00
4.438367366790771484e+00
2.235618114471435547e+00
4.915246963500976562e+00
-8.188695907592773438e-01
1.389045596122741699e+00
5.000000000000000000e+00
-9.341651201248168945e-02
1.424912810325622559e-01
5.000000000000000000e+00
-5.435296893119812012e-01
-7.649508118629455566e-01
-9.577845335006713867e-01
1.940292000770568848e+00
4.033487319946289062e+00
4.041382312774658203e+00
-7.664027214050292969e-01
8.018335700035095215e-02
1.788301110267639160e+00
3.004638671875000000e+00
1.256331205368041992e+00
-1.903670430183410645e-01
1.005488634109497070e-02
5.000000000000000000e+00
-1.664516091346740723e+00
4.126976966857910156e+00
2.174202442169189453e+00
4.518385887145996094e+00
2.439071178436279297e+00
4.570270538330078125e+00
9.972431063652038574e-01
2.357106208801269531e+00
6.012403368949890137e-01
1.016463875770568848e+00
-7.113882899284362793e-01
5.030554533004760742e-02
-1.638587117195129395e-01
-5.660882592201232910e-01
-9.504989981651306152e-01
1.407755255699157715e+00
3.939167499542236328e+00
8.103412389755249023e-01
1.166838765144348145e+00
-5.622284412384033203e-01
2.416940689086914062e+00
5.000000000000000000e+00
3.165695667266845703e+00
-2.730131149291992188e-02
1.783183097839355469e+00
5.000000000000000000e+00
1.063423037528991699e+00
-4.804122447967529297e-01
3.978139758110046387e-01
1.635697364807128906e+00
1.347012758255004883e+00
3.482921600341796875e+00
5.000000000000000000e+00
1.710980832576751709e-01
2.100944042205810547e+00
-1.058827519416809082e+00
1.732076168060302734e+00
3.343267917633056641e+00
4.084715843200683594e+00
7.204264402389526367e-03
5.000000000000000000e+00
3.400444030761718750e+00
-1.706985473632812500e+00
2.180398225784301758e+00
1.007406949996948242e+00
-1.063399314880371094e-01
4.402186393737792969e+00
-3.429914712905883789e-01
4.812721252441406250e+00
4.160144329071044922e+00
1.491389870643615723e-01
3.589094877243041992e+00
3.764495849609375000e+00
2.928979158401489258e+00
1.606266856193542480e+00
-1.415159463882446289e+00
-5.537117123603820801e-01
-8.173777461051940918e-01
8.711493015289306641e-01
1.437870025634765625e+00
4.146886825561523438e+00
-1.810958862304687500e+00
6.158472299575805664e-01
1.879035949707031250e+00
-1.010704517364501953e+00
1.952213287353515625e+00
-7.214000225067138672e-01
4.751130104064941406e+00
2.565433979034423828e+00
4.363432884216308594e+00
3.187595605850219727e+00
-1.097367405891418457e+00
2.326640129089355469e+00
4.932650089263916016e+00
-2.029698491096496582e-01
4.236259937286376953e+00
2.081342637538909912e-01
5.000000000000000000e+00
6.070160269737243652e-01
3.833640098571777344e+00
-7.611366510391235352e-01
-1.606127619743347168e+00
5.000000000000000000e+00
2.430175542831420898e-01
6.337395310401916504e-02
-2.788323760032653809e-01
7.807672023773193359e-01
-3.667779564857482910e-01
3.929237425327301025e-01
4.381979465484619141e+00
4.740724086761474609e+00
5.000000000000000000e+00
-4.715322256088256836e-01
2.392289876937866211e+00
1.867957353591918945e+00
-1.281455755233764648e+00
5.000000000000000000e+00
-6.835526227951049805e-02
-4.257357120513916016e-01
5.000000000000000000e+00
3.371784925460815430e+00
4.051411151885986328e+00
4.305099964141845703e+00
4.573954582214355469e+00
