2.897332668304443359e+00
4.846738338470458984e+00
5.000000000000000000e+00
3.448163986206054688e+00
5.000000000000000000e+00
2.597757101058959961e+00
5.000000000000000000e+00
5.000000000000000000e+00
-1.670088171958923340e+00
1.041731595993041992e+00
1.102751255035400391e+00
-7.779312133789062500e-01
4.611849784851074219e+00
5.000000000000000000e+00
8.763142824172973633e-01
1.249564409255981445e+00
1.179968357086181641e+00
-6.155205965042114258e-01
-8.225173950195312500e-01
2.568902254104614258e+00
1.859733462333679199e-01
2.062876224517822266e+00
5.000000000000000000e+00
3.448160886764526367e+00
5.000000000000000000e+00
9.355144500732421875e-01
5.000000000000000000e+00
1.312569618225097656e+00
7.624922990798950195e-01
-1.743782281875610352e+00
2.553547620773315430e+00
2.861062049865722656e+00
-1.220346450805664062e+00
1.610699892044067383e+00
-9.935048222541809082e-01
-8.310374021530151367e-01
-1.226750016212463379e+00
2.169964790344238281e+00
6.150783300399780273e-01
5.000000000000000000e+00
-1.742669224739074707e+00
-1.365874052047729492e+00
1.990008354187011719e-02
5.000000000000000000e+00
1.049735546112060547e+00
-4.900178909301757812e-01
5.000000000000000000e+00
2.624416112899780273e+00
1.658855795860290527e+00
2.548144817352294922e+00
4.839493751525878906e+00
5.000000000000000000e+00
4.072439193725585938e+00
4.057692527770996094e+00
2.405869007110595703e+00
-1.661197781562805176e+00
-7.852288484573364258e-01
-2.252886056900024414e+00
1.235199332237243652e+00
2.842277526855468750e+00
-2.024762630462646484e+00
-3.045629262924194336e-01
-1.196948528289794922e+00
-1.256610155105590820e-01
-1.152996182441711426e+00
-1.707020998001098633e-01
-1.255762279033660889e-01
3.699427604675292969e+00
1.713225603103637695e+00
-4.658218026161193848e-01
-1.088792681694030762e+00
2.362639665603637695e+00
4.342189788818359375e+00
1.428224444389343262e+00
-1.322433948516845703e+00
4.765460014343261719e+00
-2.165845870971679688e+00
-1.500549674034118652e+00
-7.555608749389648438e-01
2.071441650390625000e+00
-2.590361118316650391e+00
-1.292717456817626953e+00
3.335121154785156250e+00
-5.494155883789062500e-01
5.000000000000000000e+00
5.000000000000000000e+00
2.328819751739501953e+00
4.471862792968750000e+00
-2.573362588882446289e-01
2.479341030120849609e-01
1.633112907409667969e+00
-4.356760978698730469e-01
3.500699996948242188e+00
-1.005961894989013672e+00
2.317641735076904297e+00
3.329184293746948242e+00
3.775155067443847656e+00
5.000000000000000000e+00
1.263484597206115723e+00
-2.062623023986816406e+00
1.045803725719451904e-01
3.952296018600463867e+00
-4.839320182800292969e-01
1.841866374015808105e+00
8.409874439239501953e-01
1.263798832893371582e+00
-9.123395681381225586e-01
1.173592686653137207e+00
3.318140745162963867e+00
1.734626650810241699e+00
2.122458696365356445e+00
5.000000000000000000e+00
-1.496156692504882812e+00
-6.502676010131835938e-01
2.099418640136718750e+00
8.195491433143615723e-01
-6.415214538574218750e-01
3.601312875747680664e+00
1.013312697410583496e+00
3.531312227249145508e+00
5.000000000000000000e+00
5.058276653289794922e-02
1.673049092292785645e+00
-1.461011171340942383e+00
5.000000000000000000e+00
5.000000000000000000e+00
-7.281184792518615723e-01
5.000000000000000000e+00
-1.758558034896850586e+00
2.084767818450927734e+00
4.480549812316894531e+00
-1.392648577690124512e+00
7.349307537078857422e-01
3.385273456573486328e+00
1.369776606559753418e+00
4.181787967681884766e+00
-8.191716670989990234e-02
-2.103389799594879150e-01
-8.929550647735595703e-03
5.000000000000000000e+00
4.924080967903137207e-01
-3.837882280349731445e-01
5.000000000000000000e+00
-7.803139686584472656e-01
5.000000000000000000e+00
5.000000000000000000e+00
-1.080580949783325195e+00
-8.475732803344726562e-02
5.000000000000000000e+00
1.096143722534179688e+00
1.160008907318115234e+00
4.260069370269775391e+00
-6.435601115226745605e-01
1.435995101928710938e+00
1.274318456649780273e+00
5.000000000000000000e+00
1.790712475776672363e+00
2.895163059234619141e+00
-1.237765073776245117e+00
2.359600543975830078e+00
5.000000000000000000e+00
2.767923474311828613e-01
4.239189028739929199e-01
3.469176292419433594e-01
2.391715526580810547e+00
6.244869232177734375e-01
1.408787488937377930e+00
2.246135234832763672e+00
5.000000000000000000e+00
1.739740729331970215e+00
4.419133186340332031e+00
-1.299343466758728027e+00
5.000000000000000000e+00
1.437378168106079102e+00
2.239405155181884766e+00
-2.287122011184692383e+00
3.396918773651123047e+00
-1.204198598861694336e-02
3.494811534881591797e+00
3.383934497833251953e+00
8.921648859977722168e-01
4.707088470458984375e-01
-1.517886281013488770e+00
2.807552099227905273e+00
-1.807813495397567749e-01
1.136570453643798828e+00
3.428953289985656738e-01
3.599477291107177734e+00
2.214956283569335938e+00
5.000000000000000000e+00
1.803329110145568848e+00
6.069437861442565918e-01
2.198166608810424805e+00
-1.207350850105285645e+00
-1.013645529747009277e+00
-1.579686284065246582e+00
9.923195242881774902e-01
1.506135821342468262e+00
1.014074087142944336e+00
4.938598155975341797e+00
-7.304687500000000000e-01
-2.630041599273681641e+00
4.523513793945312500e+00
3.722623109817504883e+00
2.889182090759277344e+00
-9.001656174659729004e-01
3.906355857849121094e+00
-2.420808076858520508e-01
3.340497732162475586e+00
4.112911224365234375e+00
4.838437080383300781e+00
2.259837388992309570e+00
-6.237793564796447754e-01
1.453900337219238281e+00
5.033631324768066406e-01
-1.063386201858520508e+00
4.702956199645996094e+00
4.651538133621215820e-01
4.656283378601074219e+00
-6.820386648178100586e-02
5.000000000000000000e+00
1.915532946586608887e-01
-1.123366832733154297e+00
4.519457817077636719e+00
9.014730453491210938e-01
4.431870460510253906e+00
4.638121426105499268e-01
2.352644503116607666e-01
-1.843122959136962891e+00
4.498644173145294189e-02
2.843708038330078125e+00
4.546793937683105469e+00
1.548619627952575684e+00
1.812319397926330566e+00
-1.785663127899169922e+00
4.763556480407714844e+00
-5.869842171669006348e-01
-6.696138978004455566e-01
-6.067233085632324219e-01
2.734090089797973633e-01
-2.914842367172241211e-01
8.920837044715881348e-01
1.470567107200622559e+00
3.211551189422607422e+00
5.000000000000000000e+00
2.796585798263549805e+00
4.798006057739257812e+00
-1.862056732177734375e+00
2.870674729347229004e-01
1.569004774093627930e+00
2.536371946334838867e+00
5.000000000000000000e+00
3.832844972610473633e+00
2.642562866210937500e+00
-1.891201853752136230e+00
-1.503990590572357178e-01
-1.927332043647766113e+00
-4.371441602706909180e-01
5.000000000000000000e+00
-7.129824161529541016e-01
4.071109294891357422e+00
2.816899776458740234e+00
4.878979682922363281e+00
2.308077216148376465e-01
5.000000000000000000e+00
4.082160890102386475e-01
5.000000000000000000e+00
2.740277290344238281e+00
1.761267066001892090e+00
7.977783679962158203e-01
-1.196605682373046875e+00
1.772959709167480469e+00
3.228382110595703125e+00
4.114805221557617188e+00
-8.455832004547119141e-01
-6.803073883056640625e-01
3.614559888839721680e+00
3.885856568813323975e-01
5.000000000000000000e+00
-1.998158246278762817e-01
4.343712806701660156e+00
-4.693327546119689941e-01
-7.116472721099853516e-01
-7.417016029357910156e-01
1.061069488525390625e+00
5.532532930374145508e-01
-6.022200584411621094e-01
4.930163383483886719e+00
-8.571097850799560547e-01
4.511152267456054688e+00
3.005973815917968750e+00
5.000000000000000000e+00
-1.053352355957031250e-01
-1.559447407722473145e+00
-5.354889631271362305e-01
2.024570703506469727e+00
1.149663329124450684e+00
5.000000000000000000e+00
4.354538917541503906e+00
-1.318501949310302734e+00
9.673467278480529785e-01
1.180917024612426758e+00
3.936265707015991211e+00
1.773033618927001953e+00
3.125599622726440430e+00
-3.317036032676696777e-01
5.000000000000000000e+00
1.989430189132690430e-01
1.168108820915222168e+00
3.446109294891357422e-01
-3.449656367301940918e-01
5.000000000000000000e+00
-2.560603857040405273e+00
4.705727577209472656e+00
-1.153412580490112305e+00
1.928226113319396973e+00
-2.814724445343017578e-01
-2.516158103942871094e+00
5.000000000000000000e+00
-3.546661734580993652e-01
1.409694552421569824e+00
4.218348503112792969e+00
7.001339793205261230e-01
2.172738313674926758e-02
7.901337146759033203e-01
-2.395186424255371094e+00
4.884604454040527344e+00
5.000000000000000000e+00
1.561111450195312500e+00
-1.575420141220092773e+00
4.796621322631835938e+00
-1.138430237770080566e+00
5.000000000000000000e+00
2.565096855163574219e+00
-2.206640243530273438e+00
2.215226888656616211e+00
5.623120665550231934e-01
1.768374681472778320e+00
-2.682843685150146484e+00
1.906558871269226074e+00
2.544290065765380859e+00
2.961093187332153320e-02
-1.323808073997497559e+00
7.945035696029663086e-01
2.132788658142089844e+00
-1.242447793483734131e-01
1.431495904922485352e+00
5.000000000000000000e+00
5.000000000000000000e+00
1.868096113204956055e+00
2.597748041152954102e+00
5.000000000000000000e+00
1.012020349502563477e+00
-4.916689872741699219e+00
3.832065761089324951e-01
7.057304382324218750e-01
4.412317276000976562e+00
3.936985969543457031e+00
4.314404964447021484e+00
3.303840398788452148e+00
4.888227462768554688e+00
2.843061685562133789e+00
-1.878158926963806152e+00
-1.061390161514282227e+00
-2.873221337795257568e-01
-2.344262599945068359e+00
9.237531423568725586e-01
5.000000000000000000e+00
-1.711825370788574219e+00
5.000000000000000000e+00
-2.553085386753082275e-01
2.400404214859008789e+00
1.829792976379394531e+00
5.000000000000000000e+00
5.000000000000000000e+00
-1.548966884613037109e+00
4.953124046325683594e+00
5.000000000000000000e+00
-4.753222465515136719e-01
-3.166378140449523926e-01
-1.914691329002380371e+00
6.718191504478454590e-01
7.972300648689270020e-01
-6.383253335952758789e-01
-2.995871007442474365e-01
3.262430191040039062e+00
-2.666250169277191162e-01
-6.632748246192932129e-01
5.000000000000000000e+00
6.971597671508789062e-02
1.055874347686767578e+00
4.779798030853271484e+00
5.000000000000000000e+00
-6.206350922584533691e-01
-1.232443571090698242e+00
5.000000000000000000e+00
-1.060409069061279297e+00
4.048702239990234375e+00
3.349041461944580078e+00
-2.607041597366333008e+00
9.959857165813446045e-02
-6.832385063171386719e-01
8.678162097930908203e-01
2.021904468536376953e+00
3.629255294799804688e-02
-5.999361276626586914e-01
5.000000000000000000e+00
1.761984229087829590e-01
-7.907526493072509766e-01
8.125442266464233398e-01
3.900381326675415039e+00
-5.113877654075622559e-01
-1.536298751831054688e+00
-2.553957700729370117e-01
1.839709281921386719e+00
-1.274622797966003418e+00
1.492908596992492676e+00
2.726077079772949219e+00
2.951717376708984375e-01
-9.489979147911071777e-01
-7.801522016525268555e-01
5.000000000000000000e+00
3.190999269485473633e+00
3.131497383117675781e+00
5.000000000000000000e+00
5.000000000000000000e+00
5.584746003150939941e-01
9.758799076080322266e-01
3.408483028411865234e+00
5.000000000000000000e+00
2.837168455123901367e+00
3.332759857177734375e+00
5.616811513900756836e-01
1.595820188522338867e+00
4.854076385498046875e+00
5.000000000000000000e+00
6.487002968788146973e-01
4.334220886230468750e+00
4.810035705566406250e+00
4.464386940002441406e+00
-1.799769639968872070e+00
4.188062250614166260e-01
-1.545801162719726562e-01
4.749944806098937988e-02
1.164295196533203125e+00
2.542701244354248047e+00
5.305458307266235352e-01
4.472350120544433594e+00
1.754827797412872314e-01
5.771300196647644043e-01
-6.116411089897155762e-01
3.060724735260009766e+00
2.049546241760253906e+00
1.731051206588745117e+00
3.705277919769287109e+00
2.347128391265869141e-01
3.549938440322875977e+00
4.466562747955322266e+00
1.919310569763183594e+00
-1.472889065742492676e+00
4.492908716201782227e-01
-6.569124460220336914e-01
2.309064567089080811e-01
3.711275577545166016e+00
1.885096311569213867e+00
-1.398283958435058594e+00
4.975696563720703125e+00
6.152915954589843750e-01
1.304625272750854492e+00
2.460423469543457031e+00
-1.001759409904479980e+00
-2.332269191741943359e+00
-2.426941692829132080e-01
-1.572700977325439453e+00
2.763856410980224609e+00
9.452368617057800293e-01
4.676041603088378906e+00
-5.116530656814575195e-01
3.483417630195617676e-02
1.844203829765319824e+00
-1.305952787399291992e+00
3.059836626052856445e-01
3.013030767440795898e+00
2.401818275451660156e+00
-2.459047794342041016e+00
-4.440351724624633789e-01
-6.291581392288208008e-01
-1.683088064193725586e+00
1.157072544097900391e+00
2.666690826416015625e+00
8.542249202728271484e-01
-9.242406487464904785e-01
1.226700246334075928e-01
5.000000000000000000e+00
1.188259363174438477e+00
3.952531576156616211e+00
1.116647362709045410e+00
4.499243259429931641e+00
-5.388458967208862305e-01
-7.992327809333801270e-01
2.766155242919921875e+00
4.694583714008331299e-01
3.523593902587890625e+00
-2.564998388290405273e+00
3.398864746093750000e+00
1.150084257125854492e+00
6.745429039001464844e-01
-2.545089721679687500e+00
1.054728984832763672e+00
4.592833042144775391e+00
5.000000000000000000e+00
-4.846624135971069336e-01
6.041195392608642578e-01
1.425318241119384766e+00
3.319445610046386719e+00
3.352773427963256836e+00
-7.112704515457153320e-01
2.999462604522705078e+00
-1.191286802291870117e+00
-6.684698462486267090e-01
-3.800932317972183228e-02
1.008656620979309082e+00
1.246562600135803223e-01
2.804735660552978516e+00
2.033729076385498047e+00
1.205487728118896484e+00
5.000000000000000000e+00
2.049325704574584961e+00
1.055020332336425781e+00
4.960384964942932129e-02
5.000000000000000000e+00
9.324105978012084961e-01
-6.829937100410461426e-01
2.300048112869262695e+00
-9.040678143501281738e-01
-1.626733303070068359e+00
-1.188535213470458984e+00
1.436153292655944824e+00
1.164444088935852051e+00
3.898348331451416016e+00
2.965310096740722656e+00
-2.443355321884155273e-01
7.350498437881469727e-01
-9.879316091537475586e-01
1.554233670234680176e+00
5.000000000000000000e+00
-3.012318313121795654e-01
2.035518884658813477e+00
-2.279135286808013916e-01
4.928442478179931641e+00
5.000000000000000000e+00
1.654492139816284180e+00
4.315750598907470703e+00
9.557725191116333008e-01
5.000000000000000000e+00
3.865519523620605469e+00
5.000000000000000000e+00
5.000000000000000000e+00
2.036782741546630859e+00
-1.430435419082641602e+00
-9.185087084770202637e-01
3.038031101226806641e+00
-2.174103856086730957e-01
-6.639086604118347168e-01
-2.060306549072265625e+00
-2.212296962738037109e+00
5.000000000000000000e+00
-2.197651267051696777e-01
-3.833291828632354736e-01
1.542421460151672363e+00
5.000000000000000000e+00
1.696912050247192383e+00
3.483160018920898438e+00
2.091687202453613281e+00
-5.164114832878112793e-01
2.099695205688476562e+00
-1.397029638290405273e+00
-1.356761693954467773e+00
2.696436882019042969e+00
-6.729393005371093750e-01
-1.626733422279357910e+00
-1.543755412101745605e+00
9.172854423522949219e-01
5.000000000000000000e+00
6.807343959808349609e-01
1.627602815628051758e+00
5.000000000000000000e+00
3.326081275939941406e+00
4.597286224365234375e+00
-1.651682496070861816e+00
3.736689567565917969e+00
7.477675676345825195e-01
5.000000000000000000e+00
2.310906350612640381e-01
1.586266994476318359e+00
-3.268129825592041016e-01
5.000000000000000000e+00
4.983399391174316406e+00
2.704990506172180176e-01
4.441218376159667969e+00
-1.459698826074600220e-01
5.000000000000000000e+00
4.690957546234130859e+00
-3.102512955665588379e-01
5.000000000000000000e+00
4.428848266601562500e+00
5.000000000000000000e+00
-1.938692808151245117e+00
5.000000000000000000e+00
2.034229040145874023e-02
3.883754730224609375e+00
-1.086890697479248047e-03
4.495649337768554688e+00
-1.562892794609069824e+00
-1.610832810401916504e-01
4.614714622497558594e+00
4.351632595062255859e+00
1.917078256607055664e+00
8.291887044906616211e-01
-4.542354345321655273e-01
-1.480945467948913574e+00
-1.092107534408569336e+00
-6.860242486000061035e-01
3.346767902374267578e+00
4.882485389709472656e+00
5.000000000000000000e+00
6.206264495849609375e-01
-1.675354242324829102e+00
1.359631180763244629e+00
3.569971561431884766e+00
-1.015906333923339844e-01
4.546854972839355469e+00
9.706263542175292969e-01
5.000000000000000000e+00
4.852735996246337891e-02
3.460052013397216797e+00
-1.712266802787780762e-01
7.161957025527954102e-01
4.187644958496093750e+00
-2.380913019180297852e+00
5.000000000000000000e+00
-7.702517509460449219e-01
-1.167406201362609863e+00
2.800512075424194336e+00
-5.923513174057006836e-01
2.272740840911865234e+00
2.987044811248779297e+00
7.389388680458068848e-01
2.997637510299682617e+00
5.000000000000000000e+00
-1.548172235488891602e-01
-2.693614959716796875e-01
-2.443828582763671875e+00
1.459468841552734375e+00
1.186082124710083008e+00
-6.037561297416687012e-01
4.745913505554199219e+00
-4.198423027992248535e-02
3.547018051147460938e+00
1.752143859863281250e+00
-1.484982013702392578e+00
5.000000000000000000e+00
1.226097583770751953e+00
-1.447354793548583984e+00
-1.576105356216430664e+00
2.772370100021362305e+00
4.641457080841064453e+00
3.037431001663208008e+00
-1.125489830970764160e+00
5.000000000000000000e+00
1.539887189865112305e+00
-1.342359185218811035e+00
5.000000000000000000e+00
-1.768888711929321289e+00
-8.726311326026916504e-01
3.426223278045654297e+00
-1.037292957305908203e+00
4.981245040893554688e+00
-6.533182859420776367e-01
2.134468793869018555e+00
4.319107055664062500e+00
3.490233421325683594e+00
2.594145298004150391e+00
4.146704196929931641e+00
4.659163951873779297e+00
5.000000000000000000e+00
-3.400200605392456055e-02
-4.602806568145751953e-01
9.530110359191894531e-01
-5.019356012344360352e-01
-1.635919809341430664e+00
-9.077006578445434570e-01
-1.167995929718017578e+00
