-2.424168109893798828e+00
-3.457415103912353516e-01
-1.804394721984863281e+00
-8.743015527725219727e-01
-7.658569216728210449e-01
-9.363814592361450195e-01
3.310390710830688477e-01
-1.062233448028564453e-01
8.918925523757934570e-01
-1.330221176147460938e+00
2.626401185989379883e-02
-1.609307289123535156e+00
-1.412321686744689941e+00
-2.319946289062500000e+00
-9.445753097534179688e-01
-1.656367778778076172e+00
-1.599580049514770508e+00
-1.108443737030029297e-01
-1.230029582977294922e+00
8.580698966979980469e-01
-1.142619013786315918e+00
5.498364567756652832e-02
-1.139026165008544922e+00
-1.545634508132934570e+00
3.178260624408721924e-01
-2.153140008449554443e-01
-1.658278822898864746e+00
6.449459791183471680e-01
-6.228618025779724121e-01
-1.292102098464965820e+00
3.858056664466857910e-01
-2.514536380767822266e-01
-8.156498670578002930e-01
2.119307994842529297e+00
-1.010807156562805176e+00
-1.468513131141662598e+00
1.150712728500366211e+00
-6.411260962486267090e-01
1.958655416965484619e-01
-1.573536634445190430e+00
-2.497627258300781250e+00
-3.516668081283569336e-02
-1.309081315994262695e+00
-8.443453311920166016e-01
-8.918918967247009277e-01
-6.422538757324218750e-01
-7.421796321868896484e-01
8.107513189315795898e-01
-1.701218128204345703e+00
-1.930365860462188721e-01
-1.844533681869506836e-01
-2.216459274291992188e+00
-6.480650901794433594e-01
-1.515935182571411133e+00
1.090121865272521973e+00
-1.542042970657348633e+00
-1.341697573661804199e+00
-4.365376532077789307e-01
9.467271566390991211e-01
-6.267240047454833984e-01
-1.553141772747039795e-01
-8.549399971961975098e-01
-3.863928914070129395e-01
-2.097340106964111328e+00
-7.868990898132324219e-01
3.203098177909851074e-01
-2.790591001510620117e+00
-1.137084364891052246e+00
-1.466424942016601562e+00
-7.287402153015136719e-01
-4.560934305191040039e-01
-2.458578348159790039e+00
-4.965640306472778320e-01
-9.720748662948608398e-01
-1.020518541336059570e+00
-1.394296050071716309e+00
-1.108764529228210449e+00
-1.945030689239501953e-02
6.100428104400634766e-01
-3.388885855674743652e-01
-3.761118650436401367e-02
2.096549272537231445e+00
-1.773674368858337402e+00
-1.567859411239624023e+00
-2.676378488540649414e-01
9.351192712783813477e-01
-1.201837778091430664e+00
-7.160341739654541016e-01
-1.040138006210327148e+00
-1.079418420791625977e+00
3.908318281173706055e-01
-1.586057901382446289e+00
4.832205176353454590e-02
-1.655854463577270508e+00
-1.830060482025146484e+00
3.251629471778869629e-01
-1.175454974174499512e+00
-1.658602654933929443e-01
-9.513515233993530273e-01
5.754753351211547852e-01
8.111448287963867188e-01
-1.512437582015991211e+00
-9.333232045173645020e-02
-1.647280097007751465e+00
1.602486968040466309e+00
-1.393697619438171387e+00
-1.349562048912048340e+00
-1.616622447967529297e+00
-4.767457544803619385e-01
-1.944005012512207031e+00
-1.047962188720703125e+00
1.165923953056335449e+00
-6.096775531768798828e-01
-7.418411970138549805e-01
1.039147734642028809e+00
-2.794640064239501953e-01
7.658949494361877441e-01
6.121414899826049805e-01
-1.131162643432617188e-01
-3.911577463150024414e-01
-1.126601457595825195e+00
-4.062611162662506104e-01
-1.956769227981567383e+00
-1.880875349044799805e+00
-1.264207363128662109e+00
-7.333459854125976562e-01
-1.652233362197875977e+00
7.234736680984497070e-01
-1.779047012329101562e+00
-1.667731523513793945e+00
-1.437049210071563721e-01
-1.970336675643920898e+00
-1.196733236312866211e+00
-3.689837455749511719e-01
6.856081485748291016e-01
-1.042984247207641602e+00
-1.705869197845458984e+00
-1.488333225250244141e+00
-1.613919019699096680e+00
-2.479859590530395508e-01
-2.323835849761962891e+00
-1.721988558769226074e+00
-1.085576534271240234e+00
-2.148090004920959473e-01
1.305821537971496582e-01
6.525043249130249023e-01
-1.426171302795410156e+00
1.785668730735778809e-01
-1.787159919738769531e+00
9.865114688873291016e-01
-1.554985761642456055e+00
-7.512449026107788086e-01
-4.628359675407409668e-01
-1.476916074752807617e+00
-3.128188550472259521e-01
-3.434813022613525391e-02
-7.229771614074707031e-01
-9.638645648956298828e-01
-8.048089146614074707e-01
-1.509134888648986816e+00
1.083531975746154785e+00
4.912388324737548828e-01
-1.295598149299621582e+00
-5.500468015670776367e-01
-1.862559080123901367e+00
-2.147255897521972656e+00
-3.280570507049560547e-01
6.545486450195312500e-01
-3.692509531974792480e-01
5.424124002456665039e-02
1.562084674835205078e+00
-1.813138723373413086e+00
1.771609187126159668e+00
-1.911241412162780762e-01
-1.809643208980560303e-01
-1.310196518898010254e-01
-6.893875598907470703e-01
2.624216973781585693e-01
-2.575872182846069336e+00
-1.536843180656433105e-01
-6.246023178100585938e-01
-1.248104572296142578e+00
-1.364615917205810547e+00
-1.673043966293334961e+00
-2.685047149658203125e+00
-1.529414415359497070e+00
-4.389638304710388184e-01
-1.064963102340698242e+00
-7.323960065841674805e-01
-3.754717350006103516e+00
-1.389220714569091797e+00
-2.101040124893188477e+00
-1.921651124954223633e+00
-1.755695819854736328e+00
-2.659302711486816406e+00
1.779850125312805176e-01
-1.088573217391967773e+00
-9.475448131561279297e-01
-1.503430366516113281e+00
-2.878260016441345215e-01
1.580986380577087402e-01
2.112360477447509766e+00
-3.086642026901245117e-01
-1.297137498855590820e+00
8.524198532104492188e-01
-8.285290002822875977e-01
-5.397325754165649414e-01
4.505853652954101562e-01
-1.070744276046752930e+00
-1.178371667861938477e+00
-2.566679120063781738e-01
5.637263655662536621e-01
1.742107748985290527e+00
-2.411577701568603516e+00
-1.444116950035095215e+00
-8.651086091995239258e-01
4.785210490226745605e-01
-5.028223395347595215e-01
-5.823401212692260742e-01
-9.671280384063720703e-01
-6.934753060340881348e-02
-2.973403215408325195e+00
-6.537654399871826172e-01
-1.860431909561157227e+00
-1.717307209968566895e+00
-1.499355792999267578e+00
-5.109908580780029297e-01
-5.475853085517883301e-01
5.350473523139953613e-02
-9.018895030021667480e-01
-1.750980615615844727e-01
-1.326238632202148438e+00
-8.121515512466430664e-01
-1.716855883598327637e+00
-2.982104718685150146e-01
-2.858105897903442383e-01
-2.935362458229064941e-01
-6.436797976493835449e-01
-3.901311397552490234e+00
-1.127991437911987305e+00
-1.878938794136047363e+00
-2.394784212112426758e+00
-1.021443128585815430e+00
-1.207937002182006836e+00
-1.287767529487609863e+00
-1.086067199707031250e+00
-3.219926357269287109e-02
9.417852163314819336e-01
-2.740818858146667480e-01
-8.846321702003479004e-02
-2.263309001922607422e+00
4.752486944198608398e-01
-2.742467522621154785e-01
-9.478198289871215820e-01
-2.116497993469238281e+00
-1.649779558181762695e+00
-2.789075374603271484e+00
6.291525363922119141e-01
-8.762424588203430176e-01
-2.333790063858032227e-03
-1.390635013580322266e+00
-1.162863254547119141e+00
-1.694376230239868164e+00
1.752672195434570312e-01
-3.970387279987335205e-01
-7.377051115036010742e-01
1.861509799957275391e+00
-1.198941707611083984e+00
7.871938943862915039e-01
-1.578385114669799805e+00
-2.604945421218872070e+00
-2.197810649871826172e+00
8.994816541671752930e-01
-1.261446475982666016e-01
-6.984848380088806152e-01
-1.200839519500732422e+00
-2.484916448593139648e-01
6.500482559204101562e-03
-2.144166469573974609e+00
-1.436166405677795410e+00
-9.127345085144042969e-01
-2.092944622039794922e+00
-1.353006362915039062e+00
-1.107595324516296387e+00
-5.728611350059509277e-01
-2.767487525939941406e+00
-1.791627049446105957e+00
-2.163480043411254883e+00
-8.245315551757812500e-01
-1.371926546096801758e+00
-2.564172148704528809e-01
-3.307276368141174316e-01
2.202026993036270142e-01
-1.518545985221862793e+00
-1.085991024971008301e+00
-1.448991537094116211e+00
2.247329354286193848e-01
-1.029840588569641113e+00
-2.707757949829101562e+00
-9.143585562705993652e-01
-3.023169040679931641e+00
1.743305474519729614e-01
-1.006686925888061523e+00
-7.295545935630798340e-01
-9.194220304489135742e-01
-1.928988099098205566e-01
3.294745683670043945e-01
8.851970434188842773e-01
1.258050680160522461e+00
-2.776264190673828125e+00
2.378426194190979004e-01
2.362884521484375000e+00
-7.156349420547485352e-01
-3.247700035572052002e-01
-3.903605639934539795e-01
3.570675849914550781e-01
-1.414199829101562500e+00
2.585105419158935547e+00
3.846453428268432617e-01
1.440623283386230469e+00
-1.375310182571411133e+00
-1.283357381820678711e+00
-2.836505770683288574e-01
-1.454032063484191895e-01
-1.297392368316650391e+00
2.377042770385742188e+00
-1.083482742309570312e+00
-1.739245176315307617e+00
-4.760395884513854980e-01
1.378821372985839844e+00
-1.722902655601501465e-01
-1.608879446983337402e+00
-8.255980014801025391e-01
-1.070113658905029297e+00
-8.455457687377929688e-01
-4.546824693679809570e-01
-8.208451867103576660e-01
-1.974102735519409180e+00
-2.591905593872070312e+00
-5.106692314147949219e-01
-8.212139010429382324e-01
-3.267389535903930664e-01
2.687488794326782227e-01
-3.083859086036682129e-01
-1.030766844749450684e+00
-5.873866081237792969e+00
-1.744555115699768066e+00
3.264341354370117188e-01
-4.081983566284179688e-01
-9.154915809631347656e-02
-5.333452224731445312e-01
-3.325014114379882812e-01
7.375634908676147461e-01
-1.302330255508422852e+00
-5.070700049400329590e-01
-6.298084259033203125e-01
-2.634862899780273438e+00
4.812248051166534424e-01
-7.850468754768371582e-01
-2.674366712570190430e+00
1.009136676788330078e+00
-8.248588442802429199e-01
-4.972838759422302246e-01
-1.160257339477539062e+00
-1.306498050689697266e+00
2.639809846878051758e-01
-7.972275018692016602e-01
-1.357676863670349121e+00
-2.076364040374755859e+00
-5.720147490501403809e-01
-6.648554205894470215e-01
-2.868488430976867676e-01
-1.542214274406433105e+00
-1.125300168991088867e+00
3.046371340751647949e-01
2.521399497985839844e+00
-8.186751604080200195e-01
-1.358609437942504883e+00
-2.257099151611328125e-01
8.885403871536254883e-01
-3.475194573402404785e-01
-8.711462020874023438e-01
-2.233141422271728516e+00
-8.313429951667785645e-01
-1.226721405982971191e-01
-1.101562142372131348e+00
-1.222664117813110352e+00
2.807621955871582031e-01
-9.425510764122009277e-01
-2.909803986549377441e-01
-1.263009309768676758e+00
9.064114093780517578e-01
-1.571934700012207031e+00
-4.358162283897399902e-01
-4.163139820098876953e+00
-1.475791335105895996e-01
-7.660886049270629883e-01
-3.483476877212524414e+00
-2.008783519268035889e-01
-2.116086483001708984e+00
-1.294300436973571777e+00
3.114226460456848145e-01
-3.761496841907501221e-01
7.624896764755249023e-01
-6.688858270645141602e-01
5.391640067100524902e-01
-1.195284724235534668e+00
-6.252844333648681641e-01
1.076517105102539062e+00
-6.798153519630432129e-01
-1.584510564804077148e+00
-1.955945730209350586e+00
-1.620739102363586426e+00
-1.009782791137695312e+00
4.077434539794921875e-01
-7.929273843765258789e-01
5.292630791664123535e-01
-4.840308129787445068e-01
-2.502857208251953125e+00
-1.493445158004760742e+00
-6.912941932678222656e-01
-2.956120967864990234e-01
-4.439320564270019531e-01
-1.721803069114685059e+00
-6.914585828781127930e-01
4.991775155067443848e-01
-1.865330457687377930e+00
6.535145640373229980e-02
-7.316112518310546875e-01
-1.268022775650024414e+00
4.502952694892883301e-01
-2.301361799240112305e+00
-2.120706439018249512e-01
-4.453818798065185547e-01
-5.888348817825317383e-02
4.832710623741149902e-01
-2.127023041248321533e-01
-3.514172434806823730e-01
8.393208980560302734e-01
-1.958027958869934082e+00
-3.794254064559936523e-01
-1.384116411209106445e+00
4.732659459114074707e-01
-1.039909005165100098e+00
-7.777552604675292969e-01
-8.359707593917846680e-01
1.803444623947143555e-01
-8.325103521347045898e-01
-8.157498240470886230e-01
-1.091310143470764160e+00
-1.164470553398132324e+00
-9.286677837371826172e-02
5.485618114471435547e-02
-5.965914726257324219e-01
-4.844042062759399414e-01
4.110019207000732422e-01
-2.422567009925842285e-01
-1.437595129013061523e+00
-9.648549556732177734e-01
-8.300966024398803711e-01
-2.376287221908569336e+00
-1.706579923629760742e-01
-1.892158150672912598e+00
-4.853500723838806152e-01
-1.413538694381713867e+00
-8.906644582748413086e-01
-1.178109884262084961e+00
-1.232736468315124512e+00
-8.277020454406738281e-01
1.106038540601730347e-01
-1.405808210372924805e+00
-7.730720639228820801e-01
-1.455675363540649414e+00
-1.346945762634277344e-01
-6.300137639045715332e-01
-2.104254007339477539e+00
-3.342050313949584961e-01
-6.266899108886718750e-01
2.004653453826904297e+00
-5.722818523645401001e-02
1.623997330665588379e+00
4.915933012962341309e-01
-1.159353494644165039e+00
1.412047266960144043e+00
-1.789364337921142578e+00
-2.149801492691040039e+00
1.964960694313049316e-01
-7.275223731994628906e-02
-2.048461437225341797e-01
1.981793880462646484e+00
-2.975808620452880859e+00
-1.169650554656982422e+00
1.353137254714965820e+00
-1.739107131958007812e+00
-3.040164709091186523e-02
-2.634702682495117188e+00
-1.669445395469665527e+00
-7.212408781051635742e-01
-2.812876403331756592e-01
-7.801966667175292969e-01
-3.539185225963592529e-01
1.485266536474227905e-01
1.439389467239379883e+00
-1.073959827423095703e+00
-5.011595487594604492e-01
-1.179928779602050781e+00
-3.627032041549682617e-01
-1.848758816719055176e+00
-1.050083637237548828e+00
-1.353018879890441895e+00
-2.444458603858947754e-01
-1.872908473014831543e+00
9.596313238143920898e-01
1.343415379524230957e-01
-7.487013339996337891e-01
2.626579999923706055e-01
-2.350627183914184570e+00
-2.185829579830169678e-01
-1.265734195709228516e+00
-1.946941971778869629e+00
-3.403077125549316406e-01
-9.236982464790344238e-01
-8.536642789840698242e-01
-2.491600275039672852e+00
-7.779940366744995117e-01
-5.299430489540100098e-01
-1.470972657203674316e+00
1.446726918220520020e+00
5.810781717300415039e-01
-1.889512062072753906e+00
-1.682770848274230957e+00
2.901015281677246094e-01
-1.536248564720153809e+00
-3.031631112098693848e-01
-9.309437274932861328e-01
1.349931716918945312e+00
-5.348708033561706543e-01
-1.220454931259155273e+00
-1.488225698471069336e+00
-9.148506522178649902e-01
-4.447432160377502441e-01
2.485282182693481445e+00
-1.384745240211486816e-01
-9.799785912036895752e-02
-1.575932502746582031e+00
-1.060623168945312500e+00
-7.759344577789306641e-02
-5.794860720634460449e-01
1.064123868942260742e+00
1.737653613090515137e-01
-7.800133228302001953e-01
-1.090425968170166016e+00
6.087051033973693848e-01
-9.352004528045654297e-02
-2.034666061401367188e+00
-8.640195131301879883e-01
-1.268303394317626953e+00
-1.110935926437377930e+00
-2.581430673599243164e+00
-5.174974799156188965e-01
-1.858157873153686523e+00
-5.979950428009033203e-01
2.050303220748901367e-01
-1.490434408187866211e+00
-1.469279050827026367e+00
-1.103093326091766357e-01
-2.803959369659423828e+00
2.029120445251464844e+00
7.074996829032897949e-01
-3.361198306083679199e-02
-2.927843093872070312e+00
-2.792305946350097656e+00
-2.438388586044311523e+00
-2.198383569717407227e+00
2.488619685173034668e-01
9.222313165664672852e-01
-1.029958605766296387e+00
-1.833943605422973633e+00
-1.367349386215209961e+00
-2.664329290390014648e+00
-6.702622175216674805e-01
-1.785243034362792969e+00
5.710170865058898926e-01
8.869728446006774902e-02
-1.245223283767700195e+00
1.091972589492797852e-01
-1.558198213577270508e+00
-5.467003583908081055e-02
1.637195348739624023e+00
3.770291805267333984e-03
-3.342068195343017578e-01
-1.914859890937805176e+00
8.346390724182128906e-01
-1.264557003974914551e+00
-3.233316242694854736e-01
-2.037090301513671875e+00
-8.250077962875366211e-01
-9.050912857055664062e-01
1.005237460136413574e+00
-9.230262041091918945e-01
-2.853083610534667969e-01
-3.797840476036071777e-01
-1.044472813606262207e+00
8.726511597633361816e-01
-1.476768732070922852e+00
-2.125931262969970703e+00
-1.387056350708007812e+00
-7.368206381797790527e-01
-1.547819614410400391e+00
-1.671587228775024414e-01
4.701459705829620361e-01
-3.096150159835815430e-01
3.874466121196746826e-01
-2.471840620040893555e+00
-1.779617369174957275e-01
-7.591817975044250488e-01
-1.795757770538330078e+00
-1.755441427230834961e+00
-4.972784221172332764e-01
2.293664216995239258e+00
-5.906337499618530273e-02
-4.504598379135131836e-01
-1.394060254096984863e+00
-1.956235647201538086e+00
-8.922803997993469238e-01
-1.545880317687988281e+00
2.559231758117675781e+00
-1.641303539276123047e+00
-1.017808079719543457e+00
1.185056924819946289e+00
5.653617382049560547e-01
-2.377645969390869141e-01
-1.076720714569091797e+00
-4.392364621162414551e-01
-1.657711029052734375e+00
-7.941071987152099609e-01
2.130160093307495117e+00
-1.182004332542419434e+00
-1.801338315010070801e+00
-1.094190835952758789e+00
-1.201191395521163940e-01
-9.526479244232177734e-01
9.373711943626403809e-01
5.050767064094543457e-01
-8.877667188644409180e-01
-1.680882930755615234e+00
-1.774281024932861328e+00
-1.453558206558227539e+00
-1.426675319671630859e+00
-6.821073293685913086e-01
6.784602999687194824e-01
-1.487476348876953125e+00
-1.880619883537292480e+00
-1.443875432014465332e+00
9.192978143692016602e-01
2.698886394500732422e-01
-3.831914961338043213e-01
-1.326758384704589844e+00
-6.841170787811279297e-01
3.264607787132263184e-01
6.798013448715209961e-01
-5.740636587142944336e-01
5.814369320869445801e-01
-1.272816896438598633e+00
-1.247040748596191406e+00
-8.788101673126220703e-01
-1.094747781753540039e+00
6.316761970520019531e-01
-4.569957852363586426e-01
3.464654684066772461e-01
-5.156277418136596680e-01
-1.339562177658081055e+00
-2.539239406585693359e+00
-3.880931437015533447e-01
-1.035681962966918945e+00
-9.369443655014038086e-01
-1.045190572738647461e+00
-1.009536027908325195e+00
-2.934198379516601562e-01
-1.063389778137207031e+00
6.760957241058349609e-01
-2.799571752548217773e-01
7.638393640518188477e-01
-1.206040382385253906e-01
8.709669113159179688e-03
-1.201977968215942383e+00
-5.520504713058471680e-02
-1.217955827713012695e+00
-2.076987504959106445e+00
-8.309074640274047852e-01
-4.442326724529266357e-01
-3.417370319366455078e+00
-8.049205541610717773e-01
