-9.293569922447204590e-01
-4.944613575935363770e-01
-3.716802895069122314e-01
-7.312678098678588867e-01
-1.195318341255187988e+00
-3.289059102535247803e-01
-1.123843669891357422e+00
-5.805848240852355957e-01
-4.275184869766235352e-01
-3.425437211990356445e-01
-9.141042232513427734e-01
1.183180093765258789e+00
3.953760862350463867e-02
-1.254680275917053223e+00
3.226980209350585938e+00
7.757109403610229492e-02
2.621200084686279297e+00
7.107640504837036133e-01
-3.249378204345703125e+00
6.408419609069824219e-01
-1.112992525100708008e+00
-1.403222680091857910e+00
-1.720811724662780762e-01
-4.813310205936431885e-01
-1.381083846092224121e+00
-2.160699367523193359e+00
-2.282007694244384766e+00
-2.875442504882812500e+00
-3.583077192306518555e+00
1.409843325614929199e+00
-2.420072078704833984e+00
-8.024752140045166016e-01
-2.356230497360229492e+00
-1.663902640342712402e+00
-6.510109901428222656e-01
-9.985217452049255371e-01
-1.688436269760131836e+00
1.784944057464599609e+00
2.729220390319824219e-01
-1.777383565902709961e+00
3.964658677577972412e-01
-2.134499549865722656e+00
-1.494897007942199707e+00
9.556547999382019043e-01
-2.730767250061035156e+00
-1.385102987289428711e+00
-1.256139755249023438e+00
1.177980184555053711e+00
6.620171666145324707e-01
-1.264140725135803223e+00
1.046316027641296387e+00
-7.896360158920288086e-01
-1.311384439468383789e+00
-1.995616078376770020e+00
-1.370534896850585938e+00
-6.603596210479736328e-01
-1.003585755825042725e-01
-8.192287683486938477e-01
-4.755957126617431641e-01
3.913758993148803711e-01
-1.824721932411193848e+00
-1.243531703948974609e-03
2.139895915985107422e+00
-8.652148246765136719e-01
-5.301125049591064453e-01
-1.848325729370117188e+00
-5.865168571472167969e-01
-1.468954920768737793e+00
-9.326629638671875000e-01
-1.537055969238281250e-01
-7.367553114891052246e-01
-8.994721174240112305e-01
-1.380162477493286133e+00
-2.960089206695556641e+00
-8.794371485710144043e-01
-2.159827947616577148e+00
-6.967890262603759766e-01
8.913993835449218750e-01
-2.105098962783813477e-01
-1.247505784034729004e+00
-3.716495037078857422e-01
-1.052084684371948242e+00
-7.500621080398559570e-01
5.010247230529785156e-02
4.258939027786254883e-01
1.589985489845275879e-01
-1.694362878799438477e+00
-2.090095281600952148e+00
4.455550909042358398e-01
3.441498875617980957e-01
-5.604364275932312012e-01
-5.102187395095825195e-02
4.021937251091003418e-01
-9.427756071090698242e-01
-2.147007465362548828e+00
-2.293986082077026367e-02
-7.882013916969299316e-02
-2.492238283157348633e+00
-1.255713582038879395e+00
4.322456717491149902e-01
-6.583797931671142578e-01
-2.986171543598175049e-01
-2.648508548736572266e+00
3.620166778564453125e-01
7.939253449440002441e-01
1.068344712257385254e+00
9.408968687057495117e-02
-1.220488905906677246e+00
-1.258618474006652832e+00
-8.687269687652587891e-02
-1.866280555725097656e+00
-7.145265340805053711e-01
3.685572743415832520e-02
-5.957520008087158203e-01
-5.874499082565307617e-01
-1.228463292121887207e+00
-1.826004683971405029e-01
2.318281382322311401e-01
-1.195585370063781738e+00
-1.919933557510375977e+00
-1.772766858339309692e-01
-9.783664941787719727e-01
-1.103490829467773438e+00
-1.323164463043212891e+00
-6.357253789901733398e-01
-1.288849830627441406e+00
-2.703964233398437500e+00
-1.274047374725341797e+00
-2.092228889465332031e+00
-6.884968280792236328e-01
-1.531777620315551758e+00
-8.628895282745361328e-01
-1.459163188934326172e+00
-1.483616113662719727e+00
2.217601299285888672e+00
-5.854500532150268555e-01
-1.704919934272766113e+00
-8.740178346633911133e-01
1.177993535995483398e+00
-6.755417585372924805e-01
-5.096344351768493652e-01
-8.530120849609375000e-01
-1.390267252922058105e+00
-1.217582941055297852e+00
-1.009719669818878174e-01
8.076946139335632324e-01
-1.060627937316894531e+00
-9.369417428970336914e-01
-2.168929100036621094e+00
-1.444265365600585938e+00
-6.456094980239868164e-02
-8.744755983352661133e-01
-1.794923305511474609e+00
-1.205922365188598633e+00
-8.229989409446716309e-01
-1.426784247159957886e-01
-1.450040698051452637e+00
-1.004233837127685547e+00
-1.595003128051757812e+00
-7.093085050582885742e-01
-1.938830316066741943e-01
6.100341677665710449e-01
-6.914907693862915039e-02
-4.188756644725799561e-01
1.186236143112182617e+00
-1.163821816444396973e+00
-1.797164559364318848e+00
9.568970799446105957e-01
-8.968451023101806641e-01
-9.176182746887207031e-02
-1.451499938964843750e+00
-9.968218803405761719e-01
-1.583012342453002930e-01
-1.542360305786132812e+00
-1.206812143325805664e+00
-2.296530246734619141e+00
-2.784888505935668945e+00
-1.650743484497070312e+00
2.155005931854248047e-02
-8.560177683830261230e-02
4.971651732921600342e-01
-8.288835287094116211e-01
-2.709369361400604248e-01
-1.475899457931518555e+00
-1.279265165328979492e+00
-1.548517823219299316e+00
-5.902408957481384277e-01
3.930887579917907715e-01
2.431024312973022461e-01
6.572548151016235352e-01
-1.251276493072509766e+00
-2.684306859970092773e+00
-1.256460666656494141e+00
-1.159648776054382324e+00
7.155053615570068359e-01
1.656735390424728394e-01
1.571687698364257812e+00
-1.199081182479858398e+00
-1.757172495126724243e-01
6.459549665451049805e-01
1.184890270233154297e-01
3.571941256523132324e-01
3.091496825218200684e-01
-2.657696247100830078e+00
-3.148840069770812988e-01
6.586490869522094727e-01
-1.543117523193359375e+00
1.857371330261230469e-01
3.329980373382568359e-02
-1.495754957199096680e+00
5.606721639633178711e-01
8.138960003852844238e-01
-1.191207170486450195e-01
-1.152342319488525391e+00
-1.998678445816040039e-01
1.053806185722351074e+00
-8.522747755050659180e-01
-1.328053712844848633e+00
-1.063522338867187500e+00
-5.651135444641113281e-01
-6.295278072357177734e-01
-1.541280984878540039e+00
5.524028539657592773e-01
1.895069479942321777e-01
-9.592927694320678711e-01
-1.998080253601074219e+00
-1.528585910797119141e+00
2.455446124076843262e-01
-1.227867484092712402e+00
-1.929624825716018677e-01
-1.246197581291198730e+00
-2.418535947799682617e-02
-6.800850629806518555e-01
-1.715972304344177246e+00
-2.003980398178100586e+00
-1.849508583545684814e-01
-1.374480605125427246e+00
-9.428788423538208008e-01
-1.189113140106201172e+00
-2.156128883361816406e-01
-1.739098429679870605e-01
-1.460438728332519531e+00
-9.841198921203613281e-01
-5.391705632209777832e-01
-1.574677944183349609e+00
-1.676746249198913574e+00
6.474272012710571289e-01
-2.033774852752685547e+00
-9.130107164382934570e-01
-7.913118600845336914e-01
-1.250352859497070312e+00
-2.302860975265502930e+00
-1.264732599258422852e+00
9.193885326385498047e-01
2.096577882766723633e-01
4.717945754528045654e-01
-1.467856526374816895e+00
-1.015536069869995117e+00
-1.321462869644165039e+00
-1.972109913825988770e+00
-2.281425237655639648e+00
-1.294401526451110840e+00
-2.335066795349121094e-01
-1.222049832344055176e+00
2.455514669418334961e-02
-1.008757352828979492e-01
7.284821271896362305e-01
-1.082523703575134277e+00
9.072548151016235352e-02
-1.378464937210083008e+00
1.328659772872924805e+00
5.583149194717407227e-02
-1.670210838317871094e+00
-9.575648307800292969e-01
-4.034789204597473145e-01
1.695964634418487549e-01
1.795735061168670654e-01
-1.164397478103637695e+00
8.342206478118896484e-03
-1.421428561210632324e+00
-3.689412474632263184e-01
2.138682842254638672e+00
1.710951328277587891e-02
-2.411682367324829102e+00
-1.801091790199279785e+00
-6.307440996170043945e-01
-7.031607627868652344e-02
-2.302214622497558594e+00
-3.536697030067443848e-01
-8.536624312400817871e-01
-1.943248271942138672e+00
3.359264612197875977e+00
-2.190004348754882812e+00
-8.559980243444442749e-02
-5.053157210350036621e-01
-1.431598901748657227e+00
1.196768522262573242e+00
-8.749249577522277832e-01
-1.580260753631591797e+00
-1.165024042129516602e+00
-1.487495779991149902e+00
-8.575118780136108398e-01
-6.478426456451416016e-01
-2.442542076110839844e+00
-1.386023283004760742e+00
-4.695358276367187500e-01
4.401641190052032471e-01
-2.718826055526733398e+00
-8.252404928207397461e-01
-2.171435356140136719e+00
-1.981822252273559570e-01
-2.518775939941406250e+00
-1.360087394714355469e-01
1.517891883850097656e+00
2.880081534385681152e-01
-1.142367720603942871e+00
-1.981885433197021484e+00
-1.932726383209228516e+00
1.308696717023849487e-01
-1.410505056381225586e+00
-9.561948776245117188e-01
9.545162916183471680e-01
-1.919370889663696289e-01
1.868206262588500977e-01
-3.575677871704101562e-01
-1.704745531082153320e+00
4.909892976284027100e-01
4.564032256603240967e-01
-1.621832132339477539e+00
-2.470472574234008789e+00
-1.087503671646118164e+00
-7.493360042572021484e-01
4.660900533199310303e-01
-1.501608252525329590e+00
-1.496418714523315430e-01
-1.204087853431701660e+00
1.955226659774780273e-01
-1.983168363571166992e+00
1.104480743408203125e+00
-9.065737724304199219e-01
-6.521404981613159180e-01
8.931349515914916992e-01
-2.905757427215576172e-01
-1.029811382293701172e+00
-2.479464054107666016e+00
3.827789425849914551e-02
1.850112676620483398e-01
1.001867651939392090e+00
-9.665133953094482422e-01
2.540662288665771484e-01
-1.588929891586303711e+00
1.495760321617126465e+00
8.832292556762695312e-01
2.269067168235778809e-01
-9.777739644050598145e-01
-1.578341007232666016e+00
-2.715960502624511719e+00
-1.107154846191406250e+00
-5.566697120666503906e-01
7.692949771881103516e-01
-1.397685289382934570e+00
6.113412976264953613e-01
-1.368470668792724609e+00
-2.153335332870483398e+00
-9.144532084465026855e-01
5.985021591186523438e-01
-2.590822577476501465e-01
-1.124758124351501465e-01
-8.928873538970947266e-01
-5.019760131835937500e-02
-1.078292369842529297e+00
-2.164380311965942383e+00
-2.813846111297607422e+00
2.346939295530319214e-01
-4.090129137039184570e-01
-1.229978203773498535e+00
-5.256451368331909180e-01
-4.940465390682220459e-01
-2.340700149536132812e+00
-3.869385719299316406e-01
-1.256430506706237793e+00
-2.172413825988769531e+00
7.453514933586120605e-01
-1.890190124511718750e+00
6.963691115379333496e-01
-1.139187693595886230e+00
-8.401067852973937988e-01
-1.820458531379699707e+00
7.311834096908569336e-01
-1.385914921760559082e+00
-4.266536831855773926e-01
6.030046939849853516e-02
-6.922307014465332031e-01
-7.679800987243652344e-01
3.363860845565795898e-01
-1.164113402366638184e+00
-2.256905078887939453e+00
2.507123351097106934e-01
-1.415128707885742188e-01
-4.608403444290161133e-01
1.861225962638854980e-01
6.422820091247558594e-01
5.624071359634399414e-01
8.270033597946166992e-01
-1.294210195541381836e+00
-7.589331269264221191e-01
-2.517595052719116211e+00
-1.343831419944763184e+00
-1.442824244499206543e+00
-2.139301776885986328e+00
-1.814684867858886719e-01
1.164756417274475098e-01
-3.877418339252471924e-01
3.529660701751708984e+00
-3.586439192295074463e-01
-1.240987539291381836e+00
-4.820328950881958008e-01
-1.292220234870910645e+00
-8.318029642105102539e-01
-5.512637495994567871e-01
-1.606857776641845703e+00
7.753377556800842285e-01
9.820847511291503906e-01
-3.429155349731445312e-01
2.796263694763183594e-01
-1.483022570610046387e+00
-2.982397675514221191e-01
-1.060972690582275391e+00
-1.994413733482360840e+00
3.682634234428405762e-01
-1.852573633193969727e+00
-1.063360095024108887e+00
-1.600778341293334961e+00
-4.484610855579376221e-01
-2.023372650146484375e+00
2.433572530746459961e+00
5.700274109840393066e-01
-3.011999607086181641e+00
-1.614479303359985352e+00
2.001578569412231445e+00
-3.393851995468139648e+00
-2.851223647594451904e-01
4.668623208999633789e-01
-5.280992388725280762e-01
-2.524238586425781250e+00
-5.843111872673034668e-01
-8.988760709762573242e-01
8.117270469665527344e-02
-1.454735755920410156e+00
-1.150473833084106445e+00
6.023429632186889648e-01
-1.094458818435668945e+00
-1.600993871688842773e+00
9.481072425842285156e-01
-1.464966416358947754e+00
-1.047764658927917480e+00
-3.594287931919097900e-01
-3.328258991241455078e-01
-1.841318607330322266e+00
-3.107246398925781250e+00
-2.064883708953857422e+00
5.295742154121398926e-01
-1.232405424118041992e+00
-6.866206526756286621e-01
2.119650840759277344e+00
-5.394763946533203125e-01
6.646736264228820801e-01
9.446713924407958984e-01
-5.153116583824157715e-02
-1.470108389854431152e+00
-1.029270291328430176e+00
5.901618003845214844e-01
-7.454431056976318359e-02
1.300256490707397461e+00
-1.098706126213073730e+00
-2.603032350540161133e+00
-2.702427864074707031e+00
-1.296879649162292480e-01
2.431516647338867188e-01
-7.769681811332702637e-01
-5.360998511314392090e-01
-1.785342335700988770e+00
8.607518672943115234e-02
-3.098083734512329102e+00
-4.860178232192993164e-01
-7.338886260986328125e-01
-5.426102876663208008e-02
-1.960036516189575195e+00
-1.450009107589721680e+00
8.162257671356201172e-01
-1.450181603431701660e+00
-1.360956907272338867e+00
4.144245684146881104e-01
-1.567190408706665039e+00
-1.209329962730407715e+00
-2.337292432785034180e-01
-1.047925353050231934e+00
-1.488940954208374023e+00
-1.189018726348876953e+00
-1.137762308120727539e+00
-1.278945565223693848e+00
-1.001610159873962402e+00
1.372330427169799805e+00
2.613175213336944580e-01
-6.019328832626342773e-01
2.184181690216064453e+00
1.752999424934387207e-01
1.357849240303039551e-01
-1.131075620651245117e-02
-8.743103742599487305e-01
-3.062712907791137695e+00
-2.536991357803344727e+00
-2.027966499328613281e+00
-2.139489352703094482e-01
6.810431480407714844e-01
-1.048347473144531250e+00
-3.329102993011474609e-01
-1.280410528182983398e+00
-1.345513701438903809e+00
7.312364578247070312e-01
-1.490914821624755859e-01
-1.023530364036560059e+00
-4.048626422882080078e-01
-1.554383993148803711e+00
-1.322198867797851562e+00
-1.212557792663574219e+00
-1.515161037445068359e+00
-1.447255849838256836e+00
-1.966106414794921875e+00
8.610787987709045410e-01
-3.666378259658813477e-01
-2.197096049785614014e-01
2.483178973197937012e-01
-2.077992260456085205e-01
-2.556490898132324219e+00
-1.379289150238037109e+00
-1.170255422592163086e+00
-1.367571234703063965e+00
-1.425507545471191406e+00
-9.799557924270629883e-01
-1.140430569648742676e+00
-6.114304661750793457e-01
-1.135416150093078613e+00
-1.115663349628448486e-01
-1.864769697189331055e+00
3.834742307662963867e-01
-1.433983922004699707e+00
-2.837677717208862305e+00
-9.576928615570068359e-01
2.342392802238464355e-01
-2.019255012273788452e-01
5.159236192703247070e-01
5.889711380004882812e-01
-1.221938371658325195e+00
-1.703868150711059570e+00
8.114708065986633301e-01
-1.140131950378417969e+00
-1.104136228561401367e+00
-9.989167451858520508e-01
-1.024907350540161133e+00
-2.772889614105224609e+00
-6.159000396728515625e-01
-8.739181756973266602e-01
-1.467412948608398438e+00
6.429320573806762695e-02
-8.280145525932312012e-01
1.639264583587646484e+00
-2.298026561737060547e+00
1.050334930419921875e+00
-9.755605459213256836e-02
-1.640130996704101562e+00
-3.414999246597290039e+00
-2.009974956512451172e+00
-1.375808238983154297e+00
-5.964083671569824219e-01
-1.655956625938415527e+00
-2.192227602005004883e+00
-1.649958252906799316e+00
-3.537284135818481445e-01
-2.384049415588378906e+00
-1.085391044616699219e-01
-1.640186309814453125e+00
-6.662141084671020508e-01
-4.278340339660644531e+00
-3.099636435508728027e-01
-3.070139408111572266e+00
-1.460551857948303223e+00
1.033681035041809082e+00
-5.504485368728637695e-01
7.569448947906494141e-01
1.143056869506835938e+00
-1.425322413444519043e+00
-7.505364418029785156e-01
-2.492277145385742188e+00
-2.469087362289428711e+00
-1.869259953498840332e+00
-1.820594549179077148e+00
-9.202136397361755371e-01
-1.681533098220825195e+00
-8.949108123779296875e-01
1.092965602874755859e-01
-9.540860056877136230e-01
-6.051307320594787598e-01
-1.458657622337341309e+00
-1.477714657783508301e+00
-2.480183839797973633e+00
-1.039857864379882812e+00
-9.860284924507141113e-01
-4.906342327594757080e-01
-9.739152789115905762e-01
-4.893701970577239990e-01
-4.241324663162231445e-01
9.280971884727478027e-01
1.159308552742004395e-01
-6.035245656967163086e-01
-7.787633538246154785e-01
-1.764007449150085449e+00
6.502903699874877930e-01
-2.442605495452880859e+00
-1.522608995437622070e+00
-2.875538825988769531e+00
-1.826494693756103516e+00
-4.285030961036682129e-01
-2.503305971622467041e-01
-1.459356546401977539e+00
-1.042369246482849121e+00
-1.319626808166503906e+00
-5.112397074699401855e-01
-3.316232442855834961e+00
-7.065220475196838379e-01
-1.005684018135070801e+00
-3.502718448638916016e+00
-1.795596361160278320e+00
7.276920676231384277e-01
-2.378746271133422852e-01
9.007506966590881348e-01
-4.031075477600097656e+00
-8.257713317871093750e-01
-1.160764575004577637e+00
-1.008263587951660156e+00
-8.736462593078613281e-01
1.651508808135986328e-01
1.750067710876464844e+00
-2.766764760017395020e-01
-4.402791559696197510e-01
-4.655224680900573730e-01
3.116979598999023438e-01
-1.370229959487915039e+00
-7.844557762145996094e-01
-3.769752383232116699e-01
-9.860376119613647461e-01
-7.969433665275573730e-01
-1.944141536951065063e-01
4.322266578674316406e-01
-2.175869047641754150e-01
-6.382495164871215820e-02
-1.721583604812622070e-01
-2.112797021865844727e+00
-3.129544556140899658e-01
-2.179750680923461914e+00
-1.855056285858154297e+00
-7.424352169036865234e-01
6.816465854644775391e-01
3.711829483509063721e-01
-2.247788429260253906e+00
6.103141903877258301e-01
-1.940810203552246094e+00
-8.522199392318725586e-01
1.422019720077514648e+00
-1.842133879661560059e+00
-1.359677791595458984e+00
1.776753902435302734e+00
-3.783140182495117188e-01
-6.912698745727539062e-01
-1.537957549095153809e+00
-1.107642889022827148e+00
-3.931394219398498535e-01
-5.050933957099914551e-01
7.501208782196044922e-02
-1.759621381759643555e+00
9.567378759384155273e-01
-1.099533796310424805e+00
-1.716937065124511719e+00
7.938414812088012695e-01
2.124851703643798828e+00
-1.126373529434204102e+00
1.429739713668823242e+00
-1.548867940902709961e+00
7.524789571762084961e-01
-3.951320648193359375e-01
-6.767474412918090820e-01
2.525539100170135498e-01
-6.410013437271118164e-01
