-1.365225195884704590e+00
-4.239647090435028076e-01
-7.669416666030883789e-01
-6.946310997009277344e-01
-9.308548569679260254e-01
-1.793318390846252441e-01
-5.159978866577148438e-01
-4.429774284362792969e+00
-1.272436618804931641e+00
7.547456026077270508e-02
-1.064589977264404297e+00
1.754455327987670898e+00
-7.558163404464721680e-01
-5.730816125869750977e-01
-1.583114385604858398e+00
-1.985155344009399414e+00
-8.380925655364990234e-02
9.092425107955932617e-01
-1.281631350517272949e+00
-7.958647608757019043e-02
-2.038971334695816040e-01
-2.120167016983032227e-01
1.320629715919494629e+00
-1.740228891372680664e+00
-1.069292783737182617e+00
1.793150305747985840e-01
-5.879185199737548828e-01
-8.973306417465209961e-01
-2.722887039184570312e+00
-3.029468059539794922e-01
-1.238775610923767090e+00
-1.139574527740478516e+00
-9.019517302513122559e-01
4.194315671920776367e-01
2.654883265495300293e-02
-5.339731574058532715e-01
-2.058780193328857422e-01
-1.284939765930175781e+00
-1.605868339538574219e-01
1.748111963272094727e+00
1.969348192214965820e-01
-8.132657408714294434e-01
1.781668365001678467e-01
-2.849570512771606445e+00
-3.086455464363098145e-01
5.117583274841308594e-01
-2.277582287788391113e-01
1.553448200225830078e+00
-9.363895654678344727e-01
-1.666449308395385742e+00
7.157831192016601562e-01
3.964556157588958740e-01
-8.141745328903198242e-01
3.645706176757812500e-01
-2.563875317573547363e-01
1.051695227622985840e+00
-2.948523759841918945e-01
-1.030318737030029297e+00
-2.230180740356445312e+00
-1.644066691398620605e+00
-2.324993133544921875e+00
-4.742610454559326172e-01
-1.618054807186126709e-01
-1.773730516433715820e-01
-5.664324760437011719e-01
-2.922355651855468750e+00
-1.843245983123779297e+00
5.419173240661621094e-01
8.315461277961730957e-01
-2.369986176490783691e-01
-8.008414506912231445e-01
1.088547945022583008e+00
-1.064881980419158936e-01
-2.169978141784667969e+00
-1.146029829978942871e+00
-1.564615488052368164e+00
-1.054724454879760742e+00
8.993968367576599121e-02
-2.532513856887817383e+00
-9.842904210090637207e-01
-3.046525716781616211e-01
-6.553164720535278320e-01
-6.717662811279296875e-01
-6.273203492164611816e-01
4.472607374191284180e-02
-4.899727702140808105e-01
-6.241744756698608398e-02
-2.323156595230102539e+00
2.319975197315216064e-01
-1.184706687927246094e+00
-5.769048929214477539e-01
-5.431467294692993164e-01
-8.248127698898315430e-01
4.478291273117065430e-01
-2.211914539337158203e+00
-2.553248882293701172e+00
-4.396702945232391357e-01
-1.945026397705078125e+00
-1.475992321968078613e+00
-7.355259656906127930e-01
6.423984766006469727e-01
-3.249580562114715576e-01
-1.567070484161376953e-01
-5.274409055709838867e-01
1.452360391616821289e+00
-4.625605344772338867e-01
9.473274350166320801e-01
8.213975429534912109e-01
-5.323618650436401367e-02
-1.007939338684082031e+00
-8.685071468353271484e-01
-1.511287689208984375e-01
-1.082028865814208984e+00
2.733559533953666687e-02
-1.335763454437255859e+00
-1.223573684692382812e+00
-1.352628946304321289e+00
-1.419160008430480957e+00
-2.194454669952392578e-01
-6.878504753112792969e-01
-1.749017953872680664e+00
-3.404844760894775391e+00
-1.463356375694274902e+00
6.437903642654418945e-01
-1.509808182716369629e+00
2.282499790191650391e+00
-6.893010735511779785e-01
1.510975956916809082e-01
-2.709023952484130859e+00
1.185927271842956543e+00
-5.425531864166259766e-01
-6.142812371253967285e-01
-1.236404895782470703e+00
1.612174987792968750e+00
-4.307668209075927734e-01
-4.365814328193664551e-01
2.633402347564697266e-01
-1.243949413299560547e+00
-8.785504698753356934e-01
-5.902249217033386230e-01
-1.940966546535491943e-01
-1.000195264816284180e+00
1.300708770751953125e+00
-2.650165081024169922e+00
2.930125594139099121e-01
-1.933568477630615234e+00
-9.086524844169616699e-01
-2.240502536296844482e-01
-1.488228440284729004e+00
-1.277764439582824707e+00
8.468270301818847656e-01
2.394644975662231445e+00
-1.067619681358337402e+00
-1.557071208953857422e+00
-7.506179213523864746e-01
-2.962916374206542969e+00
-2.224059343338012695e+00
1.279087781906127930e+00
-1.008550643920898438e+00
-1.388220787048339844e-01
-7.150008082389831543e-01
-2.896905243396759033e-01
-2.524581909179687500e+00
-1.228296458721160889e-01
-8.486131429672241211e-01
-1.867282867431640625e+00
-3.270960152149200439e-01
-1.410799741744995117e+00
-1.836643695831298828e+00
-9.110714197158813477e-01
-1.109169363975524902e+00
-1.194622278213500977e+00
9.719730615615844727e-01
-2.210910797119140625e+00
-7.432100772857666016e-01
-2.627415180206298828e+00
-9.677945971488952637e-01
3.354389369487762451e-01
-1.397477746009826660e+00
-2.493252038955688477e+00
-2.462192773818969727e-01
-2.060525178909301758e+00
-1.095884323120117188e+00
9.257547259330749512e-01
-1.511188298463821411e-01
4.607408642768859863e-01
4.698443412780761719e-01
-2.096116542816162109e+00
-1.215992808341979980e+00
5.681288242340087891e-01
8.729523420333862305e-01
-7.988528609275817871e-01
-5.267274975776672363e-01
-4.308174252510070801e-01
-2.268804907798767090e-01
-2.135540962219238281e+00
-1.960338830947875977e+00
1.268120050430297852e+00
-3.368437290191650391e-02
1.352094292640686035e+00
3.644343614578247070e-01
-9.768367409706115723e-01
-1.174124479293823242e+00
1.346101522445678711e+00
-8.963804244995117188e-01
-1.659223437309265137e+00
-1.600784897804260254e+00
7.689795494079589844e-01
-1.045091629028320312e+00
-2.492928266525268555e+00
-1.287434339523315430e+00
5.239072442054748535e-01
-9.483899474143981934e-01
-4.697327017784118652e-01
-2.547811269760131836e-01
-9.566460251808166504e-01
-1.094771862030029297e+00
-1.044188737869262695e+00
-1.496227264404296875e+00
-1.220636844635009766e+00
-7.486147880554199219e-01
5.164879560470581055e-01
-3.202267885208129883e-01
1.373616218566894531e+00
-1.257023096084594727e+00
9.539139270782470703e-02
1.933329820632934570e+00
-1.723500370979309082e+00
-4.872393608093261719e-02
-1.799691677093505859e+00
2.161656320095062256e-01
-8.930480480194091797e-02
-1.528782010078430176e+00
-1.745628476142883301e+00
-5.743337869644165039e-01
6.208482980728149414e-01
-1.468310594558715820e+00
-8.809343576431274414e-01
1.251984834671020508e-01
-6.080144643783569336e-01
-7.996206283569335938e-01
1.972240447998046875e+00
6.978702545166015625e-02
-8.180817365646362305e-01
-4.968686699867248535e-01
1.164088368415832520e+00
-4.791937470436096191e-01
-1.284903407096862793e+00
2.403380870819091797e-01
-1.637091398239135742e+00
1.239703536033630371e+00
-1.097820043563842773e+00
-1.316468358039855957e+00
1.387904047966003418e+00
-2.467288017272949219e+00
-1.251935720443725586e+00
-2.269603013992309570e+00
5.522193908691406250e-01
-2.696851730346679688e+00
-1.501741170883178711e+00
-1.650988936424255371e+00
1.152051687240600586e+00
-1.742406368255615234e+00
-8.684282302856445312e-01
-1.319099664688110352e+00
-1.075229644775390625e+00
-1.535934686660766602e+00
-1.085249543190002441e+00
3.647872805595397949e-01
-2.081880331039428711e+00
-3.475214838981628418e-01
-1.747721433639526367e-01
1.238936901092529297e+00
-8.637304902076721191e-01
1.195038080215454102e+00
5.107574462890625000e-01
-8.828367590904235840e-01
-1.922622323036193848e+00
7.356184720993041992e-02
-4.684539884328842163e-02
8.863884806632995605e-01
-2.993690490722656250e+00
-1.119174480438232422e+00
-3.111932873725891113e-01
-1.873451471328735352e-02
-6.930015087127685547e-01
-2.241879463195800781e+00
-6.514855027198791504e-01
-1.120301604270935059e+00
-5.917732715606689453e-01
-3.056725859642028809e-01
-6.574121117591857910e-01
8.838534355163574219e-02
-6.557815074920654297e-01
-2.385985374450683594e+00
-1.552046179771423340e+00
9.129804372787475586e-02
8.187914490699768066e-01
-1.187988281250000000e+00
-9.136734008789062500e-01
-7.881048917770385742e-01
-4.306716442108154297e+00
2.555151224136352539e+00
-1.904327034950256348e+00
-1.898823499679565430e+00
-3.324433088302612305e+00
-1.379614114761352539e+00
7.875928878784179688e-01
-1.473354578018188477e+00
2.388534545898437500e+00
-1.230916976928710938e+00
-2.422065258026123047e+00
-5.455891489982604980e-01
9.002798199653625488e-01
8.530582785606384277e-01
-1.156012296676635742e+00
-3.355489373207092285e-01
-9.947582483291625977e-01
-1.031615018844604492e+00
-3.571787178516387939e-01
8.033785223960876465e-01
-9.740369319915771484e-01
-2.651259303092956543e-02
-9.346842765808105469e-01
-4.084454774856567383e-01
-8.021823167800903320e-01
1.475014448165893555e+00
6.919838786125183105e-01
-4.875916838645935059e-01
-5.915785431861877441e-01
1.015607863664627075e-01
-5.692340731620788574e-01
-3.858333528041839600e-01
-9.507917165756225586e-01
4.009897708892822266e-01
-1.732393503189086914e+00
-8.089920282363891602e-01
-4.368493556976318359e-01
-1.427411437034606934e-01
-1.314154267311096191e-01
-9.880017042160034180e-01
-1.444219946861267090e+00
-1.018346309661865234e+00
-1.837295293807983398e+00
-3.110683679580688477e+00
-9.764081835746765137e-01
-1.163175106048583984e+00
1.000046849250793457e+00
-6.402342319488525391e-01
-9.377315640449523926e-01
3.885975480079650879e-01
-6.561478376388549805e-01
-1.423647403717041016e+00
-1.969867706298828125e+00
-1.804780721664428711e+00
-1.196029186248779297e+00
-8.030310273170471191e-01
-2.232574224472045898e-01
-2.399842739105224609e+00
-2.404833316802978516e+00
-1.354025244712829590e+00
-1.358839273452758789e+00
-9.406135678291320801e-01
-2.481977701187133789e+00
-5.260986685752868652e-01
-9.912865161895751953e-01
-6.691285967826843262e-01
3.715206086635589600e-01
5.530817508697509766e-01
4.087927341461181641e-01
2.013003826141357422e-02
-3.593461215496063232e-01
-1.827378749847412109e+00
1.632140278816223145e-01
5.593709349632263184e-01
-1.544286012649536133e-01
-9.840439558029174805e-01
-4.850220680236816406e-02
3.411237001419067383e-01
-7.934522628784179688e-02
-1.820895195007324219e+00
-1.061851739883422852e+00
5.151465535163879395e-02
-3.234166800975799561e-01
-1.243892192840576172e+00
-1.517758488655090332e+00
-1.886814832687377930e-02
-1.483881473541259766e+00
-1.129397749900817871e+00
-1.481481671333312988e+00
8.956927061080932617e-01
-6.654235124588012695e-01
-2.492512702941894531e+00
-1.175630331039428711e+00
3.914259374141693115e-01
-2.559171915054321289e-01
-9.969409108161926270e-01
-1.366500139236450195e+00
-1.752468585968017578e+00
6.594199538230895996e-01
-5.814990401268005371e-02
-3.059159278869628906e+00
-4.052384376525878906e+00
-9.620728492736816406e-01
-1.103157281875610352e+00
-1.035457015037536621e+00
-3.271048665046691895e-01
-5.335038304328918457e-01
1.203430175781250000e+00
6.580191254615783691e-01
-1.033612251281738281e+00
7.112458348274230957e-01
-1.117185235023498535e+00
4.089534282684326172e-03
8.708333969116210938e-01
-8.037405014038085938e-01
-1.610998988151550293e+00
-1.279966831207275391e-01
-1.131146788597106934e+00
2.629187583923339844e+00
-1.435154795646667480e+00
-1.392932772636413574e+00
-9.670315384864807129e-01
-4.933438301086425781e-01
-1.491537094116210938e+00
-1.107697963714599609e+00
-2.831663370132446289e+00
-7.134325504302978516e-01
-2.220336198806762695e-01
1.005546689033508301e+00
-2.485310554504394531e+00
-1.843185186386108398e+00
-1.704971909523010254e+00
-1.356950759887695312e+00
-1.019497156143188477e+00
-1.705656528472900391e+00
-2.252320289611816406e+00
1.294508814811706543e+00
-6.665129661560058594e-01
-1.529128432273864746e+00
1.523065567016601562e-02
-3.852236747741699219e+00
-2.242468833923339844e+00
-2.349338531494140625e+00
2.092522978782653809e-01
-1.939812183380126953e+00
-1.432067155838012695e-01
-6.715365648269653320e-01
-1.265683770179748535e-01
-1.455254793167114258e+00
3.647143244743347168e-01
-5.484436750411987305e-01
-1.348636865615844727e+00
-9.797744154930114746e-01
-1.853997468948364258e+00
-1.286074280738830566e+00
-1.232323527336120605e+00
1.048560380935668945e+00
5.373856425285339355e-01
-7.995753288269042969e-01
-1.088632106781005859e+00
7.205359935760498047e-01
1.746237277984619141e-01
-1.064174175262451172e+00
-3.932974934577941895e-01
-9.466922283172607422e-01
3.305946826934814453e+00
-3.059755861759185791e-01
5.470665097236633301e-01
3.178884685039520264e-01
1.008694171905517578e+00
-7.557871341705322266e-01
-7.144389152526855469e-01
-8.915399909019470215e-01
2.645985186100006104e-01
-2.141649007797241211e+00
-1.568602800369262695e+00
-1.295450687408447266e+00
1.287908852100372314e-01
3.831896185874938965e-01
1.461784243583679199e-01
-6.709200143814086914e-01
-1.703717708587646484e-01
-2.349027395248413086e+00
-8.744397759437561035e-01
-2.009215354919433594e-01
-1.533006191253662109e+00
-1.075779080390930176e+00
-2.587901115417480469e+00
-8.956679105758666992e-01
5.580531954765319824e-01
-1.212291240692138672e+00
-1.809031963348388672e-01
-4.797464609146118164e-01
-1.023310661315917969e+00
-1.373770236968994141e+00
1.296820640563964844e-01
6.048631668090820312e-02
3.002566337585449219e+00
-1.095893979072570801e-01
-2.652643918991088867e+00
-6.840951442718505859e-01
3.790372610092163086e-02
6.671448945999145508e-01
-1.172873497009277344e+00
3.157394528388977051e-01
-1.319539994001388550e-01
-1.177154660224914551e+00
7.064726352691650391e-01
-2.603525400161743164e+00
9.902144074440002441e-01
-5.015535652637481689e-02
-8.513277769088745117e-01
-1.370154619216918945e+00
2.323927402496337891e+00
-1.474691033363342285e+00
4.122940897941589355e-01
1.877755522727966309e-01
1.264290809631347656e+00
-1.230492115020751953e+00
-2.795720338821411133e+00
-1.241479277610778809e+00
-4.830473661422729492e-02
-4.930627942085266113e-01
2.683694958686828613e-01
-4.954686164855957031e-01
-9.263418912887573242e-01
3.305903077125549316e-02
-1.739771366119384766e+00
-1.861926198005676270e+00
-2.263596057891845703e-01
-1.300502300262451172e+00
2.072061538696289062e+00
3.236444711685180664e+00
3.856107592582702637e-01
-1.844646573066711426e+00
-3.510409593582153320e-02
1.274321675300598145e-01
-1.517768800258636475e-01
-1.548646211624145508e+00
-9.803702235221862793e-01
-1.213641405105590820e+00
-5.855717658996582031e-01
-5.812247991561889648e-01
-5.917844772338867188e-01
-7.644659280776977539e-01
-1.286338806152343750e+00
-4.231382012367248535e-01
-1.309278607368469238e+00
-1.119693160057067871e+00
1.087250113487243652e+00
6.669936180114746094e-01
-3.174052238464355469e+00
-7.273453474044799805e-01
-2.754563808441162109e+00
-4.789239168167114258e-01
-5.446308255195617676e-01
-2.567888975143432617e+00
-3.129861056804656982e-01
-1.934922099113464355e+00
-3.127538859844207764e-01
5.852919220924377441e-01
-4.230284690856933594e-01
-4.686344265937805176e-01
5.551619529724121094e-01
-3.417441248893737793e-01
1.143718957901000977e+00
-1.821518898010253906e+00
-8.305132389068603516e-01
-9.276812076568603516e-01
1.055126190185546875e+00
-2.067104101181030273e+00
-9.836177825927734375e-01
5.251662433147430420e-02
-3.786289691925048828e-02
7.349507808685302734e-01
-6.730315089225769043e-01
-3.274435043334960938e+00
8.496140241622924805e-01
-1.433934211730957031e+00
-3.116696476936340332e-01
-4.754928350448608398e-01
-3.547518730163574219e+00
-1.218095302581787109e+00
-7.044522762298583984e-01
3.137904703617095947e-01
-2.174555301666259766e+00
-1.313486218452453613e+00
4.480983614921569824e-01
4.813164770603179932e-01
-2.065894007682800293e-01
1.459480524063110352e-01
2.348059415817260742e+00
-6.910156011581420898e-01
-1.670426249504089355e+00
-9.918038547039031982e-02
1.841595888137817383e+00
3.227626800537109375e+00
-9.945106506347656250e-01
-1.563202977180480957e+00
-3.351129889488220215e-01
6.689629554748535156e-01
-1.015141487121582031e+00
-2.491647005081176758e-01
-5.818030834197998047e-01
6.418964266777038574e-01
-2.915010154247283936e-01
2.711337804794311523e-01
-5.231803059577941895e-01
-4.320136308670043945e-01
-2.279531002044677734e+00
-5.941857099533081055e-01
-8.250367641448974609e-01
-1.787674427032470703e+00
-2.032907009124755859e+00
-1.687942028045654297e+00
-9.584188461303710938e-02
3.743008971214294434e-01
4.100106358528137207e-01
-1.674015522003173828e-01
-1.426202774047851562e+00
1.907332897186279297e+00
-1.539982318878173828e+00
-1.207911014556884766e+00
-1.880666971206665039e+00
8.374758958816528320e-01
1.497768998146057129e+00
-1.184300184249877930e+00
-8.232262134552001953e-01
-8.359670639038085938e-02
2.569119930267333984e-01
-6.374140977859497070e-01
3.533496856689453125e-01
7.872765660285949707e-01
-1.919664263725280762e+00
-8.099203109741210938e-01
-8.721559047698974609e-01
-1.577524662017822266e+00
-2.029939651489257812e+00
-1.995337009429931641e+00
-1.308181405067443848e+00
-5.699475407600402832e-01
-1.443251013755798340e+00
-8.251469135284423828e-01
-7.531574368476867676e-02
-7.720440626144409180e-01
-2.880999445915222168e-01
-4.029469490051269531e-01
-5.580916404724121094e-01
-1.107795119285583496e+00
-9.812773466110229492e-01
-2.937267541885375977e+00
9.503316283226013184e-01
-2.223381996154785156e+00
-2.874229550361633301e-01
-9.229147434234619141e-02
-2.046571969985961914e-01
-2.712223231792449951e-01
-1.009914636611938477e+00
4.602570533752441406e-01
1.446848273277282715e+00
8.929529190063476562e-01
2.307574748992919922e-01
-9.261756539344787598e-01
8.304116725921630859e-01
-2.907919883728027344e-01
-4.892622232437133789e-01
-1.273660540580749512e+00
2.838936746120452881e-01
-1.456417322158813477e+00
-1.116643071174621582e+00
5.792927145957946777e-01
1.707374155521392822e-01
2.457627654075622559e-01
-1.016443967819213867e+00
-7.982012033462524414e-01
3.094018697738647461e-01
-1.960523366928100586e+00
-1.877883911132812500e+00
-1.625131130218505859e+00
5.845589041709899902e-01
-5.508016347885131836e-01
-8.514215946197509766e-01
-4.274939298629760742e-01
-3.155447840690612793e-01
-1.210655331611633301e+00
4.147388935089111328e-01
-1.407434821128845215e+00
-1.205248117446899414e+00
-1.744640946388244629e+00
-2.621782541275024414e+00
-2.166235923767089844e+00
-2.351536989212036133e+00
