-3.693991899490356445e-01
-2.251795530319213867e+00
-1.065462350845336914e+00
-1.312293410301208496e+00
3.844907581806182861e-01
-2.497601509094238281e+00
-1.269084811210632324e+00
-1.547036409378051758e+00
-4.674916565418243408e-01
-1.788424253463745117e+00
-1.286062955856323242e+00
-1.787601947784423828e+00
-1.534010887145996094e+00
-9.892531633377075195e-01
-2.092136383056640625e+00
5.123004913330078125e-01
3.868475914001464844e+00
-1.505223751068115234e+00
-1.922010183334350586e+00
-7.240008711814880371e-01
-5.367221236228942871e-01
-1.694616377353668213e-01
-1.916285991668701172e+00
-1.681429624557495117e+00
-1.767617225646972656e+00
-1.036786437034606934e+00
1.722527503967285156e+00
1.071771383285522461e+00
3.983600735664367676e-01
-1.079772353172302246e+00
-8.011291027069091797e-01
-1.313264250755310059e+00
-1.025510549545288086e+00
-1.819299221038818359e+00
-2.402950048446655273e+00
-2.719143033027648926e-01
3.099578320980072021e-01
-5.881651639938354492e-01
-2.546678304672241211e+00
-1.886037349700927734e+00
-1.139415979385375977e+00
-8.237160444259643555e-01
-2.246766090393066406e-01
2.643889188766479492e-02
-1.390413641929626465e+00
-8.277881145477294922e-01
-5.676620006561279297e-01
7.369478344917297363e-01
-6.152396202087402344e-01
1.008153796195983887e+00
-1.512680053710937500e+00
-3.745437264442443848e-01
-2.073727607727050781e+00
-1.199959397315979004e+00
-1.376108407974243164e+00
1.284523606300354004e+00
3.656100034713745117e-01
-1.801373243331909180e+00
-4.274082779884338379e-01
-1.585838079452514648e+00
-4.059219360351562500e-01
-1.297091484069824219e+00
-2.556041479110717773e-01
-1.057425260543823242e+00
-2.386307001113891602e+00
-1.768233180046081543e+00
-3.369400203227996826e-01
-2.237204790115356445e+00
-1.149655103683471680e+00
-1.102568387985229492e+00
-2.740727961063385010e-01
4.181788861751556396e-01
-1.177332878112792969e+00
3.944048285484313965e-01
8.281565904617309570e-01
-3.849943876266479492e-01
1.388015151023864746e-01
-1.831434249877929688e+00
-9.756048917770385742e-01
-8.311699032783508301e-01
-2.857290506362915039e-01
-3.035180330276489258e+00
-2.072346448898315430e+00
-1.356287717819213867e+00
-2.191466331481933594e+00
-1.974976420402526855e+00
1.322795867919921875e+00
1.389679789543151855e+00
-7.845488190650939941e-01
3.497657775878906250e-01
-1.156105637550354004e+00
-2.263031482696533203e+00
-1.954969048500061035e+00
-1.237385869026184082e+00
3.421390652656555176e-01
-1.668738126754760742e+00
-1.441150546073913574e+00
-1.633479595184326172e-01
-1.408377766609191895e+00
-2.343400239944458008e+00
-1.008608579635620117e+00
-1.486794352531433105e-01
-1.638249874114990234e+00
1.454126596450805664e+00
3.183700144290924072e-02
-5.995386838912963867e-01
-1.350593209266662598e+00
-9.250326752662658691e-01
5.291711091995239258e-01
-1.440682053565979004e+00
-8.957129716873168945e-02
-4.466748237609863281e-01
-1.785387516021728516e+00
-3.999469280242919922e-01
-1.425369381904602051e+00
-4.387588500976562500e-01
-2.238754749298095703e+00
-3.704403042793273926e-01
4.443308115005493164e-01
-6.915512084960937500e-01
-2.596829414367675781e+00
-2.656005144119262695e+00
-2.028966426849365234e+00
4.198907613754272461e-01
9.872018694877624512e-01
-1.209928393363952637e-01
-2.457137584686279297e+00
-7.826673984527587891e-01
-1.668994665145874023e+00
-2.633371353149414062e+00
-1.001679897308349609e+00
-1.934128701686859131e-01
-6.608784794807434082e-01
2.359522581100463867e+00
-5.618495345115661621e-01
-2.279729545116424561e-01
2.031713485717773438e+00
-2.058360278606414795e-01
-1.707955837249755859e+00
1.516536176204681396e-01
-1.689391613006591797e+00
-1.213348150253295898e+00
-1.047350764274597168e+00
-7.180433273315429688e-01
1.164378643035888672e+00
-2.340286970138549805e-01
-1.119937300682067871e+00
-6.682556271553039551e-01
-7.801439762115478516e-01
-1.667457580566406250e+00
2.219694614410400391e+00
-1.752948760986328125e-02
-4.725421071052551270e-01
5.366886854171752930e-01
-1.890248179435729980e+00
-1.471700429916381836e+00
-8.361491560935974121e-01
1.854054033756256104e-01
-1.449969172477722168e+00
1.077011346817016602e+00
-2.025802135467529297e+00
-8.773477077484130859e-01
1.551825761795043945e+00
-2.563398480415344238e-01
-2.491161823272705078e-01
-2.026592493057250977e+00
-1.058274745941162109e+00
6.395049095153808594e-01
-2.050544261932373047e+00
-1.666256070137023926e+00
-2.376847982406616211e+00
-8.219620585441589355e-01
-5.898773670196533203e-01
-2.348118424415588379e-01
-4.974953234195709229e-01
1.135666131973266602e+00
2.476156711578369141e+00
5.817621946334838867e-01
-3.119666278362274170e-01
-1.874595284461975098e-01
-1.118592858314514160e+00
-6.727909445762634277e-01
-1.082079410552978516e+00
5.823532938957214355e-01
-1.592807471752166748e-01
-3.408116400241851807e-01
-2.387801170349121094e+00
-8.341181278228759766e-01
3.469426631927490234e-01
1.765030503273010254e+00
-9.927642345428466797e-02
-2.086619138717651367e-01
3.881807029247283936e-01
-8.486461639404296875e-02
-7.028561234474182129e-01
3.884178996086120605e-01
9.873423576354980469e-01
-2.306891918182373047e+00
4.464249014854431152e-01
-1.393893003463745117e+00
-1.578129768371582031e+00
1.954289197921752930e+00
-1.232822299003601074e+00
7.937489151954650879e-01
-1.851925849914550781e+00
1.151654958724975586e+00
-3.464719653129577637e-01
-1.378312826156616211e+00
-7.914149761199951172e-02
-1.017644047737121582e+00
-3.218273162841796875e+00
6.681653261184692383e-01
-9.028506278991699219e-01
-1.833709001541137695e+00
-1.109027624130249023e+00
-1.530760049819946289e+00
-1.887556314468383789e+00
-4.615873098373413086e-02
-9.327149391174316406e-02
-2.784733295440673828e+00
-1.190233111381530762e+00
8.909602165222167969e-01
-1.766693592071533203e+00
-1.634801030158996582e+00
-1.187446236610412598e+00
2.741628885269165039e-02
-7.447493076324462891e-02
-8.102742433547973633e-01
-1.319197893142700195e+00
-3.574939668178558350e-01
-1.108310699462890625e+00
-2.194518089294433594e+00
2.189072370529174805e-01
-8.332442045211791992e-01
-1.285635828971862793e+00
1.232462525367736816e+00
-8.129038810729980469e-01
-2.451308369636535645e-01
4.590333700180053711e-01
-2.528065919876098633e+00
-9.778215885162353516e-01
-1.384440898895263672e+00
-9.961056709289550781e-02
-1.134690046310424805e+00
-2.013343811035156250e+00
-3.737932682037353516e+00
6.008046269416809082e-01
-1.794865608215332031e+00
-1.415847778320312500e+00
-5.026128292083740234e-01
-1.085102677345275879e+00
-7.557795047760009766e-01
-1.663210391998291016e+00
1.196459531784057617e-01
-2.368868350982666016e+00
1.963326930999755859e-01
-2.728451728820800781e+00
-3.004682064056396484e+00
-1.826701641082763672e+00
-1.201336622238159180e+00
-1.697386026382446289e+00
-1.752883195877075195e-01
3.498637974262237549e-01
-8.912633657455444336e-01
-3.509898900985717773e+00
3.346507996320724487e-02
4.714070260524749756e-02
-1.339783668518066406e+00
8.588872551918029785e-01
1.578905284404754639e-01
-1.858894228935241699e+00
6.080552339553833008e-01
-5.069636106491088867e-01
5.407800674438476562e-01
1.282114267349243164e+00
-1.708611845970153809e+00
-4.615379571914672852e-01
6.921515464782714844e-01
-1.210386753082275391e+00
-4.818012714385986328e-01
-1.067189335823059082e+00
-2.136488437652587891e+00
-1.087038040161132812e+00
-2.149169147014617920e-01
-1.644814848899841309e+00
-5.404673814773559570e-01
-2.198499202728271484e+00
-1.099989414215087891e+00
-8.526511192321777344e-01
-1.698422193527221680e+00
-1.020745754241943359e+00
-2.166355133056640625e+00
1.274978518486022949e-01
-7.997069954872131348e-01
4.737174510955810547e-02
2.132330536842346191e-01
-2.543688774108886719e+00
-8.133581876754760742e-01
5.272054672241210938e-01
2.052000463008880615e-01
-2.771600723266601562e+00
2.121192455291748047e+00
-1.504267305135726929e-01
9.313321709632873535e-01
-7.291759848594665527e-01
-1.231481313705444336e+00
-1.487745642662048340e+00
-2.560421526432037354e-01
-1.878439188003540039e-01
-1.580998778343200684e+00
-3.114202022552490234e-01
-4.545645117759704590e-01
5.744116902351379395e-01
-9.272797107696533203e-01
-1.566915273666381836e+00
-1.482438683509826660e+00
-1.187319755554199219e+00
-1.940999031066894531e+00
-2.936092913150787354e-01
5.481362342834472656e-01
-5.013878345489501953e-01
-1.959186673164367676e+00
-2.579705238342285156e+00
-1.585085391998291016e+00
-1.714996218681335449e+00
1.608679294586181641e+00
-1.545400619506835938e-01
3.460453748703002930e-01
-1.773572444915771484e+00
-1.216984510421752930e+00
-4.862447679042816162e-01
1.035482585430145264e-01
3.279849290847778320e-01
-1.121156573295593262e+00
-2.535782337188720703e+00
-8.594731688499450684e-01
6.646952629089355469e-01
-1.337565541267395020e+00
6.393944025039672852e-01
-9.832310080528259277e-01
-7.714331746101379395e-01
3.356137275695800781e-01
3.697169721126556396e-01
-1.659422278404235840e+00
-1.501632481813430786e-01
4.469678878784179688e+00
-4.623199701309204102e-01
-1.399040818214416504e-01
-1.364966392517089844e+00
-6.037933826446533203e-01
5.204828977584838867e-01
-2.585654258728027344e+00
-1.752617955207824707e+00
-1.625894308090209961e-01
-3.048293113708496094e+00
-3.014588356018066406e-02
7.325678467750549316e-01
-3.440276086330413818e-01
-7.522221803665161133e-01
-1.624881744384765625e+00
4.608179926872253418e-01
-1.529220938682556152e-01
1.890780925750732422e+00
-2.282970666885375977e+00
1.517286896705627441e-01
-1.017254471778869629e+00
-1.236349701881408691e+00
-1.310189008712768555e+00
-3.659382820129394531e+00
-4.699044823646545410e-01
-8.487254381179809570e-03
-1.818919181823730469e-01
-1.554394721984863281e+00
-7.192942500114440918e-01
3.818151652812957764e-01
1.597480416297912598e+00
1.362167835235595703e+00
-6.803774833679199219e-01
-2.589506149291992188e+00
-1.850304484367370605e+00
-5.250993371009826660e-02
-8.102976083755493164e-01
-1.058761239051818848e+00
-2.263923168182373047e+00
-1.292922258377075195e+00
-7.451837658882141113e-01
-1.086968064308166504e+00
-3.834106028079986572e-02
-1.640056371688842773e-01
-1.711248874664306641e+00
-1.951697945594787598e+00
4.587726593017578125e-01
-3.855801224708557129e-01
-7.670694589614868164e-01
-4.691537618637084961e-01
-1.235795021057128906e+00
-1.395355463027954102e+00
-1.238399028778076172e+00
-1.210365533828735352e+00
-8.059420585632324219e-01
4.713319242000579834e-01
-1.513995826244354248e-01
-4.902601540088653564e-01
-5.130975246429443359e-01
-1.509148716926574707e+00
7.525675296783447266e-01
-3.648921847343444824e-01
-1.351220965385437012e+00
-2.601133584976196289e-01
1.611947715282440186e-01
-3.699203729629516602e-01
-1.848885774612426758e+00
-8.073439002037048340e-01
2.175269365310668945e+00
-1.655720949172973633e+00
-3.702694475650787354e-01
-1.432873606681823730e+00
-8.498057126998901367e-01
4.459537565708160400e-01
-9.423495531082153320e-01
-1.841761469841003418e+00
5.661414265632629395e-01
-1.057522892951965332e+00
-6.825463175773620605e-01
-1.006302833557128906e-01
1.406826972961425781e-01
-3.507059812545776367e-01
-3.175281882286071777e-01
-1.244901180267333984e+00
-1.961239218711853027e+00
-2.001441240310668945e+00
-5.860547423362731934e-01
-2.478881597518920898e+00
-4.870488941669464111e-01
-1.577516555786132812e+00
-8.277139663696289062e-01
5.441703200340270996e-01
-1.918303966522216797e+00
-1.841222286224365234e+00
-1.737133264541625977e+00
-5.275251865386962891e-01
-1.208260297775268555e+00
-9.302476644515991211e-01
-5.331262946128845215e-01
-5.117834806442260742e-01
-1.357543110847473145e+00
-1.255624055862426758e+00
-8.509126901626586914e-01
-2.500113844871520996e-01
-2.375834941864013672e+00
-5.547759532928466797e-01
-4.700410366058349609e-02
-1.386887431144714355e-01
-9.001427888870239258e-02
-7.850645780563354492e-01
3.260222196578979492e+00
-1.145570278167724609e+00
-1.041458249092102051e-01
1.185125708580017090e-01
-1.013023138046264648e+00
-7.196814566850662231e-02
-1.305715918540954590e+00
1.643368005752563477e-01
-2.622141361236572266e+00
-7.588901519775390625e-01
-1.528110980987548828e+00
1.744326502084732056e-01
2.506251931190490723e-01
-9.533077478408813477e-02
2.576642036437988281e-01
-6.192600131034851074e-01
1.053775191307067871e+00
4.607671499252319336e-01
-3.267488479614257812e-01
-2.026920080184936523e+00
-8.140550851821899414e-01
1.843440413475036621e+00
-1.629643082618713379e+00
-1.766235113143920898e+00
-1.978628277778625488e+00
6.985605955123901367e-01
-1.021557807922363281e+00
6.849888563156127930e-01
-5.040315985679626465e-01
-7.966876029968261719e-01
-1.643057465553283691e+00
-2.224049329757690430e+00
-1.072148203849792480e+00
1.610942125320434570e+00
-6.661362051963806152e-01
-1.290073871612548828e+00
-5.954880714416503906e-01
-6.743812561035156250e-01
-1.235156059265136719e+00
4.662491083145141602e-01
-2.768985509872436523e+00
-1.255670309066772461e+00
5.816844105720520020e-01
-1.861185431480407715e-01
-8.912213444709777832e-01
-2.204071044921875000e+00
1.212538719177246094e+00
-1.570327520370483398e+00
-1.739554047584533691e+00
-1.932997465133666992e+00
-8.677427172660827637e-01
-1.144979596138000488e+00
-2.106884717941284180e-01
8.484417796134948730e-01
-1.268539428710937500e+00
-1.821933507919311523e+00
-5.713357925415039062e-01
-1.527012348175048828e+00
-1.207296848297119141e+00
-1.007333636283874512e+00
-2.850128412246704102e-01
-6.014221906661987305e-01
2.169435024261474609e+00
-8.064156770706176758e-01
-8.589267730712890625e-01
-1.450583934783935547e+00
-1.636587977409362793e-01
-3.640410304069519043e-01
-2.148624897003173828e+00
-1.583865880966186523e+00
-1.414203882217407227e+00
-1.200828552246093750e-01
-1.501738548278808594e+00
-1.490261316299438477e+00
-1.410934448242187500e+00
-4.777574539184570312e-02
2.129899978637695312e+00
-1.413260102272033691e-01
-1.515058159828186035e+00
-1.661896228790283203e+00
-1.896919369697570801e+00
-9.570440649986267090e-01
-1.172034621238708496e+00
-5.099258422851562500e-01
-5.998247861862182617e-01
-3.183494567871093750e+00
-6.054647564888000488e-01
-8.017692565917968750e-01
-3.842234611511230469e-01
-1.654344081878662109e+00
-6.683441996574401855e-01
-1.176932692527770996e+00
2.108432292938232422e+00
-8.186258077621459961e-01
7.840800881385803223e-01
7.347720265388488770e-01
-1.548917531967163086e+00
-8.838848471641540527e-01
-5.115377902984619141e+00
-1.817918181419372559e+00
-5.503490567207336426e-01
-1.172147989273071289e+00
-1.238559365272521973e+00
-1.247509479522705078e+00
-2.915367603302001953e+00
-5.375751852989196777e-01
-2.736939489841461182e-01
-1.385605812072753906e+00
-2.253457903861999512e-01
-2.940160930156707764e-01
6.470732688903808594e-01
-1.895877838134765625e+00
-1.222537755966186523e+00
-1.027412772178649902e+00
-1.138158679008483887e+00
-1.423390865325927734e+00
2.919457912445068359e+00
6.595690250396728516e-01
-5.194531679153442383e-01
-1.729708671569824219e+00
-1.175469517707824707e+00
-3.105485439300537109e-01
-1.414007544517517090e+00
-1.985440611839294434e+00
-2.286799430847167969e+00
-1.183302879333496094e+00
-2.332020282745361328e+00
-8.163148164749145508e-02
-1.709278583526611328e+00
-5.036332607269287109e-01
-1.362810373306274414e+00
-1.321128964424133301e+00
-2.402898788452148438e+00
-1.111633419990539551e+00
-1.021663665771484375e+00
-7.185622453689575195e-01
-1.360126018524169922e+00
-9.757156968116760254e-01
-1.356418013572692871e+00
-1.897192716598510742e+00
-2.351130723953247070e+00
-5.707108974456787109e-02
4.499023854732513428e-01
-8.590605854988098145e-01
-1.751573085784912109e+00
-1.396586775779724121e+00
-7.356477975845336914e-01
-5.110954642295837402e-01
-1.622175931930541992e+00
8.100478649139404297e-01
6.781582832336425781e-01
-9.207144975662231445e-01
-1.152206301689147949e+00
-8.406513333320617676e-01
-2.422333002090454102e+00
-1.776335358619689941e+00
3.699581027030944824e-01
-1.188369393348693848e+00
-5.486878752708435059e-01
-5.165159702301025391e-03
-9.205188155174255371e-01
-1.346047282218933105e+00
-4.089514613151550293e-01
-2.199337482452392578e+00
-1.337359905242919922e+00
1.105430126190185547e+00
-7.507334947586059570e-01
-1.945850610733032227e+00
-1.912275195121765137e+00
-5.081815719604492188e-01
2.416389584541320801e-01
-9.879171848297119141e-01
-2.174027442932128906e+00
-1.608596324920654297e+00
-1.336854219436645508e+00
1.356998443603515625e+00
-2.780556678771972656e-01
-2.266445636749267578e+00
4.330525696277618408e-01
3.187852501869201660e-01
-9.467063546180725098e-01
1.341539859771728516e+00
-3.622885704040527344e+00
1.411759972572326660e+00
-7.449998855590820312e-01
-3.377920389175415039e-01
3.967930078506469727e-01
-8.591878414154052734e-01
3.872205615043640137e-01
-5.048493742942810059e-01
-9.628353118896484375e-01
-5.287767648696899414e-01
-2.028353214263916016e-01
2.160089731216430664e+00
1.103369116783142090e+00
-1.198007583618164062e+00
-2.254292070865631104e-01
-1.145283222198486328e+00
1.106724977493286133e+00
3.581146299839019775e-01
-1.536032199859619141e+00
-1.664239883422851562e+00
2.530741691589355469e-02
-4.319681525230407715e-01
-1.677886486053466797e+00
-1.291624069213867188e+00
-2.074583530426025391e+00
-7.105352878570556641e-01
2.135825157165527344e+00
-1.928924322128295898e+00
-8.671700954437255859e-01
-9.084616303443908691e-01
-7.454708814620971680e-01
-2.032874822616577148e+00
6.270732879638671875e-01
1.622284531593322754e+00
-1.146065115928649902e+00
9.789620041847229004e-01
-2.747058868408203125e-01
1.691106855869293213e-01
-1.141580820083618164e+00
-2.524601817131042480e-01
-1.397055864334106445e+00
-7.648217678070068359e-01
-1.634002208709716797e+00
-4.534279406070709229e-01
-7.101503014564514160e-01
7.629407048225402832e-01
-5.328570008277893066e-01
-2.395918369293212891e-01
-1.046453595161437988e+00
-6.017404794692993164e-01
-1.423176765441894531e+00
9.121040105819702148e-01
5.311907529830932617e-01
-8.508194684982299805e-01
-6.982007622718811035e-01
2.513874053955078125e+00
