2.456057548522949219e+00
9.279153347015380859e-01
2.793044090270996094e+00
2.951642274856567383e+00
2.772871494293212891e+00
5.000000000000000000e+00
1.460675954818725586e+00
3.814572095870971680e-01
5.000000000000000000e+00
6.838982105255126953e-01
1.410682559013366699e+00
1.160466432571411133e+00
3.543744564056396484e+00
-5.743412971496582031e-01
-2.934784591197967529e-01
5.000000000000000000e+00
1.755201578140258789e+00
9.994489550590515137e-01
3.254217624664306641e+00
4.077828407287597656e+00
-6.867742538452148438e-02
2.654638767242431641e+00
1.295044541358947754e+00
3.926680326461791992e+00
-1.541504740715026855e+00
4.333623886108398438e+00
1.415310621261596680e+00
4.270277500152587891e+00
3.589491605758666992e+00
-4.631384015083312988e-01
-4.232578277587890625e-01
-3.299497365951538086e-01
-1.208519935607910156e-02
6.409408450126647949e-01
4.205909729003906250e+00
1.525013327598571777e+00
9.499160051345825195e-01
7.404950261116027832e-01
-1.802797317504882812e-01
-2.706347942352294922e+00
-2.441684603691101074e-01
2.611408233642578125e+00
-2.741196751594543457e-02
3.564576864242553711e+00
5.000000000000000000e+00
4.909833908081054688e+00
3.001991987228393555e+00
3.586509943008422852e+00
4.532528400421142578e+00
4.823969364166259766e+00
5.000000000000000000e+00
2.288015127182006836e+00
-1.407666802406311035e+00
-1.280771136283874512e+00
4.248297691345214844e+00
3.440666198730468750e+00
-1.905686736106872559e+00
-6.649223566055297852e-01
1.024328708648681641e+00
-2.174280643463134766e+00
-6.649962663650512695e-01
-1.429557204246520996e+00
1.772686839103698730e+00
1.284940719604492188e+00
4.636796474456787109e+00
1.670961618423461914e+00
4.531485557556152344e+00
2.624398708343505859e+00
2.566394090652465820e+00
-8.333461880683898926e-01
5.000000000000000000e+00
-2.679824829101562500e-01
-1.253250598907470703e+00
1.345808267593383789e+00
-1.129077672958374023e+00
3.768519401550292969e+00
8.113936185836791992e-01
-8.417778015136718750e-01
2.135043144226074219e+00
-1.178696274757385254e+00
5.000000000000000000e+00
4.132046103477478027e-01
-2.732303440570831299e-01
2.538938522338867188e+00
-4.903987050056457520e-01
1.639118313789367676e+00
1.678130388259887695e+00
3.724900245666503906e+00
1.896950721740722656e+00
-1.459832191467285156e+00
5.000000000000000000e+00
-3.062031865119934082e-01
4.435285568237304688e+00
1.204437255859375000e+00
3.069734811782836914e+00
4.376717090606689453e+00
-1.799170732498168945e+00
-1.504323244094848633e+00
5.000000000000000000e+00
-1.296389341354370117e+00
-1.854355216026306152e+00
-4.573714733123779297e-01
2.901661396026611328e+00
-1.026958465576171875e+00
-8.467473983764648438e-01
-2.455872744321823120e-01
1.438723206520080566e+00
6.837095022201538086e-01
2.968676090240478516e+00
3.249931812286376953e+00
-1.883533835411071777e+00
4.756978034973144531e+00
-4.029082655906677246e-01
4.908171653747558594e+00
1.078984260559082031e+00
3.991899490356445312e-01
5.000000000000000000e+00
1.624574065208435059e+00
2.701723814010620117e+00
5.000000000000000000e+00
4.206282138824462891e+00
2.134398937225341797e+00
-1.314160823822021484e+00
-7.397356629371643066e-01
-1.868195056915283203e+00
3.677469253540039062e+00
-4.353615939617156982e-01
1.102817535400390625e+00
5.000000000000000000e+00
6.802123785018920898e-01
4.864589214324951172e+00
3.980238199234008789e+00
2.035985708236694336e+00
1.100363969802856445e+00
4.935410499572753906e+00
4.949642181396484375e+00
-8.047789335250854492e-02
2.703002214431762695e+00
2.210024118423461914e+00
-6.612925529479980469e-01
8.018063306808471680e-01
1.134691119194030762e+00
2.909479618072509766e+00
5.000000000000000000e+00
1.274419069290161133e+00
-6.418582797050476074e-01
-2.267755508422851562e+00
1.108798146247863770e+00
-1.008404374122619629e+00
-1.315508008003234863e+00
4.647370338439941406e+00
7.636476755142211914e-01
3.594755411148071289e+00
4.303186893463134766e+00
4.933953285217285156e+00
-9.019006490707397461e-01
8.188439011573791504e-01
-7.054973840713500977e-01
1.186426877975463867e-01
-4.755228757858276367e-01
-1.735282421112060547e+00
-5.027950406074523926e-01
1.056068181991577148e+00
5.000000000000000000e+00
-2.162133753299713135e-01
-4.989625215530395508e-01
3.616520166397094727e+00
-6.937999725341796875e-01
1.797408223152160645e+00
3.981081247329711914e-01
5.000000000000000000e+00
-5.731825232505798340e-01
7.646654844284057617e-01
7.980500161647796631e-02
-1.553636193275451660e+00
-9.191296100616455078e-01
5.000000000000000000e+00
4.101673364639282227e-01
-9.004374742507934570e-01
5.000000000000000000e+00
5.000000000000000000e+00
5.000000000000000000e+00
1.270626544952392578e+00
-1.086948394775390625e+00
5.000000000000000000e+00
-3.881182670593261719e+00
-9.710965752601623535e-01
1.563103437423706055e+00
5.753167271614074707e-01
2.573564052581787109e+00
4.602953195571899414e-01
3.783652305603027344e+00
4.080114364624023438e+00
6.965267658233642578e-01
1.891454458236694336e+00
-2.006249904632568359e+00
2.892575502395629883e+00
4.120336174964904785e-01
2.766486167907714844e+00
-8.785354495048522949e-01
3.034862995147705078e+00
-3.198218345642089844e-01
4.788001537322998047e+00
2.939878702163696289e-01
9.360191971063613892e-02
-5.445496439933776855e-01
6.236081123352050781e-01
-3.713845908641815186e-01
2.282056331634521484e+00
2.865582704544067383e+00
-8.819942474365234375e-01
3.799632787704467773e+00
1.011026382446289062e+00
5.000000000000000000e+00
2.464446067810058594e+00
1.605266928672790527e+00
-3.211333751678466797e-01
-1.508503437042236328e+00
1.605160236358642578e+00
4.347738265991210938e+00
1.421472311019897461e+00
3.169913530349731445e+00
-8.976159691810607910e-01
-4.229288101196289062e+00
4.851654767990112305e-01
2.927183628082275391e+00
3.212287902832031250e+00
-1.083292007446289062e+00
4.768232822418212891e+00
5.000000000000000000e+00
-4.019641876220703125e-02
-1.431145310401916504e+00
2.349958896636962891e+00
2.651832699775695801e-01
-3.525536656379699707e-01
-3.058573603630065918e-02
3.528341770172119141e+00
5.436446666717529297e-01
-1.044760346412658691e+00
-3.856170177459716797e-01
-1.243351936340332031e+00
5.000000000000000000e+00
3.028173148632049561e-01
4.521043300628662109e+00
-5.016447305679321289e-01
1.431754946708679199e+00
-1.411751389503479004e+00
2.350954532623291016e+00
-4.333930611610412598e-01
2.868815422058105469e+00
4.013469696044921875e+00
2.226121425628662109e-01
1.666258454322814941e+00
-2.816857099533081055e-01
-6.749445796012878418e-01
5.681455135345458984e-01
1.508916854858398438e+00
-4.095753431320190430e-01
1.812297701835632324e-01
2.233157157897949219e+00
4.595875740051269531e-02
-6.933755874633789062e-01
-1.087750077247619629e+00
2.661937475204467773e-02
4.424010276794433594e+00
-4.763005077838897705e-01
1.071778535842895508e-01
1.880750179290771484e+00
4.077040195465087891e+00
-2.482522428035736084e-01
5.000000000000000000e+00
1.083855152130126953e+00
5.000000000000000000e+00
-2.127850055694580078e-02
3.392400026321411133e+00
-7.709428668022155762e-01
6.143132448196411133e-01
1.730286121368408203e+00
-7.477124929428100586e-01
-2.661323547363281250e+00
2.811535298824310303e-01
-1.224237442016601562e+00
2.580698728561401367e+00
3.786486685276031494e-01
5.514642000198364258e-01
-6.200364232063293457e-01
4.536932945251464844e+00
4.902489662170410156e+00
-1.378710985183715820e+00
4.577013969421386719e+00
-1.037600636482238770e+00
-9.449580907821655273e-01
-1.193038582801818848e+00
5.000000000000000000e+00
3.235205888748168945e+00
5.286782979965209961e-01
5.000000000000000000e+00
-9.212886095046997070e-01
4.527288436889648438e+00
7.225915789604187012e-02
1.438820838928222656e+00
1.169045448303222656e+00
3.413193702697753906e+00
1.638480663299560547e+00
-1.274174213409423828e+00
5.000000000000000000e+00
3.430445671081542969e+00
-1.923416614532470703e+00
-1.383608222007751465e+00
4.493464946746826172e+00
-5.344241857528686523e-01
-2.839241623878479004e-01
4.934022903442382812e+00
7.789766788482666016e-01
2.251897811889648438e+00
1.542241573333740234e+00
8.338987231254577637e-01
-2.130152881145477295e-01
3.367650508880615234e-02
1.217651486396789551e+00
4.564812183380126953e-01
3.818989992141723633e+00
-1.664317846298217773e+00
-1.094358682632446289e+00
-7.187609076499938965e-01
-3.209104776382446289e+00
4.425881385803222656e+00
4.385248184204101562e+00
-1.830523729324340820e+00
5.000000000000000000e+00
2.262613773345947266e-01
2.078326702117919922e+00
3.694067955017089844e+00
4.247846603393554688e-01
-2.753757834434509277e-01
5.790730118751525879e-01
4.777483940124511719e+00
4.809395313262939453e+00
5.000000000000000000e+00
2.337723016738891602e+00
1.349125385284423828e+00
2.026502609252929688e+00
5.000000000000000000e+00
4.097428321838378906e+00
-1.483761429786682129e+00
5.000000000000000000e+00
4.316281676292419434e-01
-9.161026477813720703e-01
1.310652375221252441e+00
-1.073822975158691406e-01
5.000000000000000000e+00
2.008474349975585938e+00
5.000000000000000000e+00
6.317385435104370117e-01
1.175404071807861328e+00
1.496700048446655273e+00
4.734425544738769531e+00
2.860927104949951172e+00
2.757109165191650391e+00
5.000000000000000000e+00
5.000000000000000000e+00
3.034141063690185547e+00
-1.030197143554687500e+00
1.543338298797607422e+00
1.867649555206298828e+00
-3.043132066726684570e+00
3.020986318588256836e-01
5.000000000000000000e+00
5.000000000000000000e+00
1.760844707489013672e+00
-1.031649112701416016e-01
5.000000000000000000e+00
-2.716689705848693848e-01
3.229040861129760742e+00
9.128918647766113281e-01
2.113513946533203125e+00
1.752687394618988037e-01
4.268433570861816406e+00
4.271108627319335938e+00
-1.016621351242065430e+00
1.060484647750854492e+00
2.322566032409667969e+00
-4.191637039184570312e-02
-7.357326745986938477e-01
4.362304687500000000e+00
4.660003662109375000e+00
6.442379355430603027e-01
-1.833132505416870117e+00
4.247018814086914062e+00
3.478078365325927734e+00
1.628588438034057617e+00
4.954098165035247803e-02
4.752507686614990234e+00
7.366994619369506836e-01
-2.001193761825561523e-01
4.939195632934570312e+00
-6.345541477203369141e-01
-1.588416099548339844e+00
5.000000000000000000e+00
5.000000000000000000e+00
-9.622258543968200684e-01
9.822580814361572266e-01
4.178217887878417969e+00
2.304706275463104248e-01
-3.407269120216369629e-01
3.486289501190185547e+00
2.258847713470458984e+00
5.000000000000000000e+00
4.242292404174804688e+00
-6.938679218292236328e-01
-8.499119281768798828e-01
1.215167045593261719e-01
1.075324177742004395e+00
-3.674190640449523926e-01
4.361724853515625000e+00
-1.372804045677185059e+00
2.060631275177001953e+00
-1.573131084442138672e+00
3.916209697723388672e+00
1.927280902862548828e+00
3.125397920608520508e+00
3.229759693145751953e+00
-7.377354502677917480e-01
2.922416925430297852e+00
-1.089945673942565918e+00
-4.585683345794677734e-03
3.013886213302612305e+00
7.069170475006103516e-01
1.567960619926452637e+00
-2.107513546943664551e-01
-3.942971527576446533e-01
-1.906678199768066406e+00
2.173894405364990234e+00
2.841988503932952881e-01
-1.573660016059875488e+00
1.896122932434082031e+00
2.483778953552246094e+00
8.538346886634826660e-01
-1.595038652420043945e+00
9.202569127082824707e-01
1.360137164592742920e-01
4.705404281616210938e+00
2.733738660812377930e+00
3.912729024887084961e+00
9.375904798507690430e-01
-1.885237097740173340e+00
-1.636952906847000122e-01
4.496090888977050781e+00
5.000000000000000000e+00
4.682728648185729980e-02
2.765243530273437500e+00
9.281829595565795898e-01
-2.362355589866638184e-01
-6.570438146591186523e-01
-1.106924772262573242e+00
3.769731521606445312e-01
-6.020659208297729492e-01
4.412574768066406250e+00
3.458793640136718750e+00
-7.562272548675537109e-01
-5.665774345397949219e-01
2.634566307067871094e+00
5.000000000000000000e+00
-4.621623754501342773e-01
7.283205389976501465e-01
2.910841703414916992e-01
2.303350687026977539e+00
4.664650917053222656e+00
-1.823702752590179443e-01
2.682266235351562500e+00
2.854398727416992188e+00
5.000000000000000000e+00
5.000000000000000000e+00
-2.790275573730468750e+00
5.143282413482666016e-01
-7.617945671081542969e-01
1.646697521209716797e-03
-1.769458293914794922e+00
-1.164827346801757812e-01
4.137589454650878906e+00
3.863004207611083984e+00
2.008004426956176758e+00
2.598436117172241211e+00
5.000000000000000000e+00
5.717015266418457031e-01
3.113456487655639648e+00
3.559583187103271484e+00
1.527630925178527832e+00
5.000000000000000000e+00
3.698378086090087891e+00
5.000000000000000000e+00
-5.962035059928894043e-01
1.205966472625732422e+00
4.606605529785156250e+00
1.258423089981079102e+00
-2.615498304367065430e-01
-1.727081537246704102e+00
1.021682620048522949e+00
2.877275347709655762e-01
3.811488866806030273e+00
4.056950569152832031e+00
4.815191268920898438e+00
4.013149261474609375e+00
4.470782756805419922e+00
8.714222908020019531e-01
-7.538328170776367188e-01
-1.067718505859375000e+00
-1.968039512634277344e+00
5.000000000000000000e+00
-3.143754601478576660e-01
-5.047856569290161133e-01
1.505448818206787109e-01
5.000000000000000000e+00
-1.112904548645019531e+00
2.502558708190917969e+00
6.382363438606262207e-01
3.266714096069335938e+00
1.691704988479614258e+00
2.706245899200439453e+00
2.339092493057250977e+00
3.106228351593017578e+00
4.012634277343750000e+00
2.162048339843750000e+00
4.252341270446777344e+00
7.522038817405700684e-01
5.000000000000000000e+00
-4.862509369850158691e-01
2.503213286399841309e-01
4.433903694152832031e+00
2.091857671737670898e+00
-1.431926131248474121e+00
4.519928932189941406e+00
3.427240848541259766e+00
1.829161643981933594e-01
3.236533403396606445e+00
4.975536346435546875e+00
4.311846733093261719e+00
-1.962952613830566406e-01
-7.105984091758728027e-01
-9.062820076942443848e-01
-6.564174890518188477e-01
5.000000000000000000e+00
-7.238379120826721191e-01
2.318847417831420898e+00
1.547933697700500488e+00
3.442535877227783203e+00
-6.942577362060546875e-01
1.686910271644592285e+00
4.696663856506347656e+00
1.290723085403442383e-01
7.837482690811157227e-01
-8.018183708190917969e-02
5.000000000000000000e+00
-9.627593159675598145e-01
9.117975234985351562e-01
-2.268874645233154297e-01
8.969311118125915527e-01
1.378335475921630859e+00
-1.386644124984741211e+00
3.138888835906982422e+00
4.572299122810363770e-01
5.000000000000000000e+00
4.247846007347106934e-01
7.627713680267333984e-01
4.439690589904785156e+00
-1.033507585525512695e-01
7.298632264137268066e-01
2.352507829666137695e+00
4.815263748168945312e+00
-2.989679872989654541e-01
2.981284856796264648e-01
1.771137833595275879e+00
4.455498218536376953e+00
9.737524390220642090e-02
-9.482706785202026367e-01
4.817417144775390625e+00
5.000000000000000000e+00
4.175753593444824219e+00
8.267265558242797852e-01
6.935080289840698242e-01
4.666579723358154297e+00
4.464334487915039062e+00
4.373606681823730469e+00
3.785346984863281250e+00
8.082066774368286133e-01
3.345873653888702393e-01
4.278790950775146484e-01
5.000000000000000000e+00
3.006362915039062500e-01
-1.914509057998657227e+00
3.548322200775146484e+00
1.083317995071411133e+00
2.049114227294921875e+00
-1.614906668663024902e+00
2.139047384262084961e+00
5.000000000000000000e+00
5.000000000000000000e+00
4.857224464416503906e+00
2.078990459442138672e+00
-5.986360907554626465e-01
2.050770044326782227e+00
-1.295133709907531738e+00
4.262110710144042969e+00
3.718026876449584961e-01
1.520299613475799561e-01
1.006506085395812988e+00
6.531130671501159668e-01
4.685477018356323242e-01
-3.442071080207824707e-01
1.065884947776794434e+00
3.456835269927978516e+00
4.873802661895751953e+00
5.000000000000000000e+00
6.474286913871765137e-01
5.000000000000000000e+00
2.061647653579711914e+00
1.068940043449401855e+00
1.340524315834045410e+00
-1.175798416137695312e+00
-6.016034483909606934e-01
5.000000000000000000e+00
-7.419478893280029297e-02
8.466718196868896484e-01
1.549123406410217285e+00
7.718779444694519043e-01
2.922219276428222656e+00
-1.694104194641113281e+00
-1.998880982398986816e+00
3.414654970169067383e+00
9.561789035797119141e-02
4.721861839294433594e+00
2.686246871948242188e+00
5.000000000000000000e+00
4.864988327026367188e+00
4.629310131072998047e+00
9.148520231246948242e-01
4.102613449096679688e+00
5.000000000000000000e+00
-4.500294923782348633e-01
4.444127082824707031e+00
3.634634256362915039e+00
-9.265463948249816895e-01
4.780823290348052979e-01
5.300011634826660156e-01
-1.060997962951660156e+00
2.100176215171813965e-01
1.663805961608886719e+00
5.000000000000000000e+00
-7.918915152549743652e-01
6.877902150154113770e-02
1.162489652633666992e+00
5.000000000000000000e+00
2.838639974594116211e+00
-1.687048196792602539e+00
1.213505506515502930e+00
-2.192632675170898438e+00
3.928983688354492188e+00
4.838711738586425781e+00
5.000000000000000000e+00
5.000000000000000000e+00
-8.412378430366516113e-01
4.043008804321289062e+00
1.866558074951171875e+00
5.654482245445251465e-01
-6.518809199333190918e-01
1.181473731994628906e+00
2.829980850219726562e-02
3.726832389831542969e+00
1.012200355529785156e+00
-3.810160458087921143e-01
4.399877548217773438e+00
3.742851495742797852e+00
5.000000000000000000e+00
4.492055892944335938e+00
4.738959312438964844e+00
1.145470023155212402e+00
3.643187999725341797e+00
3.156763076782226562e+00
6.806204915046691895e-01
5.000000000000000000e+00
5.941298007965087891e-01
-4.611349105834960938e-01
1.301337242126464844e+00
4.544825077056884766e+00
1.233568191528320312e-01
4.657028317451477051e-01
-1.538819193840026855e+00
-4.117901921272277832e-01
3.929084062576293945e+00
-9.958094358444213867e-01
1.298775672912597656e+00
-2.036342024803161621e-01
4.450602531433105469e+00
