2.073544502258300781e+00
-1.002510666847229004e+00
1.183680415153503418e+00
4.963580131530761719e+00
-5.728781223297119141e-01
2.401938438415527344e+00
3.131922960281372070e+00
-1.275981426239013672e+00
7.487967610359191895e-01
-1.136974692344665527e-01
3.851161479949951172e+00
-3.897389173507690430e-01
9.242482185363769531e-01
1.779424071311950684e+00
-3.243211746215820312e+00
4.693847656250000000e+00
5.000000000000000000e+00
1.059179544448852539e+00
4.731669425964355469e+00
-1.370372056961059570e+00
9.257491827011108398e-01
-1.312056779861450195e+00
1.974269509315490723e+00
3.462962508201599121e-01
9.219630956649780273e-01
5.000000000000000000e+00
3.448723077774047852e+00
9.991105198860168457e-01
2.447966098785400391e+00
-5.594375729560852051e-02
4.150354862213134766e+00
-1.021452426910400391e+00
1.532556414604187012e+00
-5.022865533828735352e-01
3.071366071701049805e+00
-5.631809234619140625e-01
1.668902039527893066e+00
1.026760935783386230e+00
-4.799003303050994873e-01
1.977674007415771484e+00
1.319846153259277344e+00
2.398346662521362305e+00
-2.516749620437622070e+00
1.200999915599822998e-01
3.205717325210571289e+00
3.117081165313720703e+00
-2.295809388160705566e-01
2.397324800491333008e+00
2.049025893211364746e-01
4.360316276550292969e+00
5.000000000000000000e+00
3.810785293579101562e+00
-5.584330558776855469e-01
1.433483839035034180e+00
5.123026371002197266e-01
3.720355749130249023e+00
5.786256790161132812e-01
7.493330240249633789e-01
2.253942728042602539e+00
4.842660427093505859e+00
8.959532976150512695e-01
1.629913330078125000e+00
4.343910217285156250e+00
1.121433079242706299e-01
4.765207290649414062e+00
-3.490648567676544189e-01
-6.297276020050048828e-01
1.438080310821533203e+00
-1.472953557968139648e-01
-4.808948040008544922e-01
4.541337966918945312e+00
-1.120059013366699219e+00
-8.510564565658569336e-01
1.981368362903594971e-01
-2.579892635345458984e+00
1.570691347122192383e+00
-1.124044179916381836e+00
3.276184558868408203e+00
4.640644550323486328e+00
2.772897481918334961e+00
2.113109350204467773e+00
4.576828479766845703e+00
4.872273921966552734e+00
-1.082122921943664551e+00
-1.679739952087402344e-01
3.985656738281250000e+00
-2.069821834564208984e+00
-2.016419410705566406e+00
8.302770256996154785e-01
4.323184490203857422e-01
-1.389699816703796387e+00
2.128398120403289795e-01
3.801066398620605469e+00
2.536087930202484131e-01
-1.172343254089355469e+00
1.545456647872924805e+00
-2.118417263031005859e+00
5.128899812698364258e-01
3.475788354873657227e+00
4.154222488403320312e+00
1.815862417221069336e+00
5.000000000000000000e+00
7.203494906425476074e-01
-9.407622814178466797e-01
2.463138818740844727e+00
4.712355136871337891e-01
4.654322624206542969e+00
2.845613718032836914e+00
5.000000000000000000e+00
5.000000000000000000e+00
-8.808413743972778320e-01
1.212318539619445801e-01
2.740487575531005859e+00
1.368116855621337891e+00
4.067310094833374023e-01
3.388402938842773438e+00
4.224421024322509766e+00
4.819231033325195312e+00
9.710822701454162598e-01
7.022652029991149902e-01
-9.089946746826171875e-01
1.539108276367187500e+00
2.423240542411804199e-01
1.512508988380432129e-01
1.186416387557983398e+00
-3.248265981674194336e-01
5.370482206344604492e-01
-1.857621967792510986e-01
2.019683122634887695e+00
2.614970684051513672e+00
1.586298823356628418e+00
3.617257118225097656e+00
-4.229360222816467285e-01
5.000000000000000000e+00
5.000000000000000000e+00
1.712211489677429199e+00
-8.411992788314819336e-01
1.729044675827026367e+00
-6.394703388214111328e-01
2.768746614456176758e+00
4.502928733825683594e+00
-1.750464439392089844e+00
-6.345393657684326172e-01
4.528955459594726562e+00
3.138388633728027344e+00
-1.638075470924377441e+00
-2.042875289916992188e-01
-2.351152300834655762e-01
-1.724683642387390137e+00
-2.763562679290771484e+00
-2.694016933441162109e+00
-9.700769186019897461e-01
5.000000000000000000e+00
-7.137503027915954590e-01
-1.679809987545013428e-01
-1.788683235645294189e-01
2.654187440872192383e+00
1.692296385765075684e+00
-2.188088417053222656e+00
1.738491296768188477e+00
-1.740748524665832520e+00
-4.692861437797546387e-01
-4.618554115295410156e-01
1.512616276741027832e+00
4.834043502807617188e+00
-2.369623184204101562e-01
1.275400161743164062e+00
1.772413492202758789e+00
4.771035194396972656e+00
-2.036001920700073242e+00
1.824263334274291992e+00
1.899742245674133301e+00
2.344055891036987305e+00
1.903095245361328125e+00
5.000000000000000000e+00
5.904198288917541504e-01
-4.736480414867401123e-01
1.468836188316345215e+00
4.832937240600585938e+00
2.124052047729492188e+00
4.931575775146484375e+00
4.831420898437500000e+00
1.834690928459167480e+00
4.527268409729003906e+00
5.000000000000000000e+00
1.856844305992126465e+00
2.095441341400146484e+00
-9.769997000694274902e-01
5.000000000000000000e+00
-2.370541095733642578e+00
3.581906557083129883e-01
-1.897305250167846680e-01
2.046102046966552734e+00
-5.699428319931030273e-01
4.191324710845947266e-01
-9.776922464370727539e-01
-5.074192285537719727e-01
1.573845744132995605e+00
4.899888038635253906e-01
2.206131696701049805e+00
1.390404701232910156e+00
5.000000000000000000e+00
-4.022724032402038574e-01
8.250273466110229492e-01
1.372165203094482422e+00
5.000000000000000000e+00
1.665499448776245117e+00
8.469820022583007812e-03
1.867353558540344238e+00
2.836830317974090576e-01
1.866010189056396484e+00
2.230055570602416992e+00
-1.687457799911499023e+00
2.925453901290893555e+00
4.754718303680419922e+00
-2.001596450805664062e+00
-1.421907901763916016e+00
-1.706226468086242676e-01
5.000000000000000000e+00
4.232949256896972656e+00
8.228126764297485352e-01
2.592456817626953125e+00
6.405788660049438477e-01
1.916019082069396973e+00
7.168865203857421875e-01
3.500386714935302734e+00
5.000000000000000000e+00
-1.634557962417602539e+00
-8.314032554626464844e-01
4.333780288696289062e+00
-1.069640636444091797e+00
4.479660034179687500e+00
1.554033279418945312e+00
1.056521296501159668e+00
3.307379722595214844e+00
1.217237234115600586e+00
4.404941558837890625e+00
-5.978353023529052734e-01
2.232393741607666016e+00
4.636793613433837891e+00
4.703926086425781250e+00
3.006416797637939453e+00
-1.046395301818847656e-02
1.499757170677185059e-01
1.445293784141540527e+00
4.443185329437255859e+00
-1.679368495941162109e+00
1.153031349182128906e+00
2.122633695602416992e+00
-1.086293220520019531e+00
-3.730711638927459717e-01
1.504465341567993164e+00
-8.346903324127197266e-02
4.762290954589843750e+00
9.909162521362304688e-01
3.530975818634033203e+00
4.758462905883789062e+00
-1.852851748466491699e+00
4.614400386810302734e+00
3.372276306152343750e+00
-5.834257602691650391e-01
5.000000000000000000e+00
3.137487888336181641e+00
2.013493180274963379e-01
-1.075721144676208496e+00
-4.882609248161315918e-01
-6.125181913375854492e-01
2.450654268264770508e+00
4.250640392303466797e+00
-1.925185561180114746e+00
-3.663913905620574951e-01
-2.149770021438598633e+00
2.919468402862548828e+00
3.455135822296142578e+00
-1.400514125823974609e+00
-1.707594394683837891e+00
-1.164258718490600586e+00
5.269694924354553223e-01
2.227544784545898438e+00
1.249613761901855469e-01
-1.069432497024536133e-01
-2.665603637695312500e+00
-1.450634241104125977e+00
5.000000000000000000e+00
5.000000000000000000e+00
-4.934014081954956055e-01
5.000000000000000000e+00
4.386657714843750000e+00
5.000000000000000000e+00
-7.064712047576904297e-02
3.539326190948486328e+00
-2.488809823989868164e-01
2.220276832580566406e+00
3.250314712524414062e+00
-9.487860202789306641e-01
2.683757305145263672e+00
5.000000000000000000e+00
-8.885340094566345215e-01
4.683492481708526611e-01
1.494170784950256348e+00
-3.803542256355285645e-02
3.858444929122924805e+00
5.000000000000000000e+00
3.711865901947021484e+00
-2.262716531753540039e+00
1.360941410064697266e+00
3.486895561218261719e-02
2.140833616256713867e+00
-5.959715247154235840e-01
5.000000000000000000e+00
5.000000000000000000e+00
-1.254617571830749512e-01
-1.732763409614562988e+00
-5.223206281661987305e-01
7.357409596443176270e-01
1.548253536224365234e+00
1.749609708786010742e-01
6.103501915931701660e-01
3.650404930114746094e+00
4.539607048034667969e+00
5.000000000000000000e+00
4.396551251411437988e-01
7.321503162384033203e-01
2.728259086608886719e+00
-2.005970716476440430e+00
3.342298507690429688e+00
-5.183095932006835938e-01
4.799343109130859375e+00
3.311433553695678711e+00
2.824922084808349609e+00
4.387643337249755859e+00
3.159175634384155273e+00
5.000000000000000000e+00
-1.156071066856384277e+00
2.326273679733276367e+00
2.401792287826538086e+00
-4.857385158538818359e-01
2.633339464664459229e-01
-1.536780595779418945e+00
5.000000000000000000e+00
2.657832622528076172e+00
3.528669357299804688e+00
-3.039859771728515625e+00
-4.799801111221313477e-02
5.000000000000000000e+00
3.025490760803222656e+00
3.550258874893188477e-01
4.990664958953857422e+00
2.775454282760620117e+00
2.518325805664062500e+00
1.479912519454956055e+00
4.967879295349121094e+00
-1.887887239456176758e+00
1.002261400222778320e+00
1.964701652526855469e+00
-2.621742486953735352e+00
1.387285590171813965e+00
5.000000000000000000e+00
-7.784817814826965332e-01
-3.601540923118591309e-01
5.000000000000000000e+00
2.051242589950561523e+00
-7.161853909492492676e-01
-3.740098476409912109e-01
-2.004668474197387695e+00
2.289773464202880859e+00
-5.219336152076721191e-01
5.000000000000000000e+00
-2.854663610458374023e+00
4.007111191749572754e-01
5.000000000000000000e+00
3.278464317321777344e+00
5.000000000000000000e+00
-1.519024968147277832e-01
3.103941679000854492e+00
-8.400979638099670410e-02
3.753831386566162109e-01
6.102604866027832031e-01
8.775139451026916504e-01
3.437948703765869141e+00
1.993775725364685059e+00
5.632909536361694336e-01
-9.097355604171752930e-01
5.000000000000000000e+00
5.000000000000000000e+00
1.567539572715759277e-02
2.254183769226074219e+00
2.153430700302124023e+00
8.014451861381530762e-01
-1.809281110763549805e+00
-6.370151042938232422e-01
1.700696587562561035e+00
3.307208299636840820e+00
-4.473254978656768799e-01
-5.745040178298950195e-01
-3.022180795669555664e+00
-1.653629302978515625e+00
6.000037789344787598e-01
1.924360275268554688e+00
3.971830844879150391e+00
2.375144004821777344e+00
-7.538704872131347656e-01
4.143238067626953125e-02
1.301496028900146484e-01
5.000000000000000000e+00
1.491042256355285645e+00
1.590034484863281250e+00
3.602565765380859375e+00
-1.680536746978759766e+00
5.000000000000000000e+00
-8.292049169540405273e-01
1.583696246147155762e+00
6.941866874694824219e-02
2.776206016540527344e+00
5.000000000000000000e+00
4.264358520507812500e+00
5.000000000000000000e+00
-5.434069633483886719e-01
4.602257728576660156e+00
3.220837116241455078e-01
4.480440139770507812e+00
5.000000000000000000e+00
4.745017051696777344e+00
-9.204409122467041016e-01
-1.582544207572937012e+00
-8.212554454803466797e-01
1.614994287490844727e+00
-3.689981698989868164e-01
-1.441795945167541504e+00
2.090524673461914062e+00
-4.428509473800659180e-01
-1.315530300140380859e+00
4.030578732490539551e-01
4.657825231552124023e-01
5.000000000000000000e+00
-1.558053374290466309e+00
4.100380837917327881e-01
5.000000000000000000e+00
1.549957275390625000e+00
4.607267379760742188e+00
-7.411198616027832031e-01
4.859414577484130859e+00
4.407090187072753906e+00
1.077035069465637207e-02
3.986724853515625000e+00
-1.477558374404907227e+00
-4.635416269302368164e-01
1.936838030815124512e-01
5.000000000000000000e+00
2.806184768676757812e+00
-6.141215562820434570e-01
1.092200279235839844e+00
1.314586162567138672e+00
4.202252388000488281e+00
5.000000000000000000e+00
3.405379295349121094e+00
1.230386376380920410e+00
3.655128717422485352e+00
7.396857738494873047e-01
6.220063567161560059e-01
3.373867988586425781e+00
-7.483516335487365723e-01
5.000000000000000000e+00
4.704133987426757812e+00
-1.364677786827087402e+00
3.841416358947753906e+00
2.271652936935424805e+00
2.635586738586425781e+00
1.041624903678894043e+00
-4.126127362251281738e-01
3.836910247802734375e+00
-7.640305161476135254e-01
-7.671118378639221191e-01
5.000000000000000000e+00
5.000000000000000000e+00
-4.315831363201141357e-01
4.298567295074462891e+00
-6.514352560043334961e-01
4.614163398742675781e+00
2.046530723571777344e+00
2.808793067932128906e+00
5.000000000000000000e+00
3.103948354721069336e+00
-8.912515640258789062e-01
-9.265190362930297852e-02
4.226014137268066406e+00
-4.024722576141357422e-01
6.615051031112670898e-01
1.401288747787475586e+00
-8.888624906539916992e-01
-1.128986239433288574e+00
4.273027420043945312e+00
2.674797534942626953e+00
1.837184429168701172e+00
-1.332239747047424316e+00
-9.702220559120178223e-01
4.200149536132812500e+00
-9.791660308837890625e-02
5.000000000000000000e+00
-2.081388950347900391e+00
-1.446449160575866699e-01
-1.631973981857299805e+00
-1.483130455017089844e+00
9.533623456954956055e-01
4.292148590087890625e+00
-1.325973749160766602e+00
4.586750984191894531e+00
-1.127250194549560547e+00
1.928164243698120117e+00
-3.239765167236328125e-01
9.016370773315429688e-01
-1.355336427688598633e+00
-7.841932773590087891e-01
-2.272825241088867188e-01
1.924812674522399902e+00
1.794464111328125000e+00
4.852397918701171875e+00
-1.535310268402099609e+00
5.000000000000000000e+00
3.573188781738281250e+00
-1.823394894599914551e-01
5.000000000000000000e+00
5.000000000000000000e+00
-1.767052769660949707e+00
5.000000000000000000e+00
2.083327770233154297e+00
-3.028566837310791016e-01
7.926644682884216309e-01
7.359981536865234375e-04
-2.171998500823974609e+00
-1.300255775451660156e+00
-1.150559782981872559e+00
-1.526048898696899414e+00
4.194669723510742188e+00
-2.361192703247070312e+00
-7.972478866577148438e-03
-1.253881335258483887e+00
1.457434296607971191e+00
-9.712331295013427734e-01
3.079839706420898438e+00
-1.190347433090209961e+00
3.836695909500122070e+00
2.761083245277404785e-01
4.367858767509460449e-01
3.361528873443603516e+00
2.731281518936157227e+00
-8.747409582138061523e-01
3.666012287139892578e-01
6.955501437187194824e-01
3.083004474639892578e+00
8.650586009025573730e-01
-9.752177596092224121e-01
1.767149865627288818e-01
-1.120901823043823242e+00
5.000000000000000000e+00
1.143259882926940918e+00
2.448617935180664062e+00
2.197621345520019531e+00
4.325818538665771484e+00
9.252169132232666016e-01
2.179435253143310547e+00
3.274170875549316406e+00
-4.605520069599151611e-01
4.404318332672119141e+00
5.000000000000000000e+00
1.062501788139343262e+00
4.219922065734863281e+00
-7.103228569030761719e-01
1.472963333129882812e+00
2.347568988800048828e+00
1.023837685585021973e+00
-9.818182587623596191e-01
4.554556846618652344e+00
5.000000000000000000e+00
-8.486370444297790527e-01
-1.794632077217102051e+00
1.576068162918090820e+00
-4.936034977436065674e-02
7.088188529014587402e-01
3.417072772979736328e+00
5.030318498611450195e-01
2.922772169113159180e+00
3.175989866256713867e+00
-1.590000271797180176e+00
-2.562382221221923828e-01
5.000000000000000000e+00
4.368979454040527344e+00
-3.187897205352783203e+00
4.962322235107421875e+00
1.274316787719726562e+00
1.376010656356811523e+00
4.093518733978271484e+00
3.089015185832977295e-02
-6.690310239791870117e-01
5.000000000000000000e+00
8.365665078163146973e-01
3.449928522109985352e+00
5.000000000000000000e+00
5.858552455902099609e-02
5.000000000000000000e+00
-3.808162212371826172e-01
4.707506656646728516e+00
1.790371537208557129e+00
1.072642445564270020e+00
-1.207426667213439941e+00
-9.890661835670471191e-01
-2.412510871887207031e+00
1.733238220214843750e+00
-8.678578734397888184e-01
-2.877479493618011475e-01
-9.267620444297790527e-01
-2.233809947967529297e+00
5.000000000000000000e+00
1.611831784248352051e+00
5.000000000000000000e+00
1.969477415084838867e+00
2.555731534957885742e-01
-4.842431545257568359e-01
5.300036668777465820e-01
2.294190168380737305e+00
-6.626558303833007812e-01
-1.683092355728149414e+00
5.926990509033203125e-02
-1.559171915054321289e+00
-1.378661632537841797e+00
2.686379194259643555e+00
-4.967519342899322510e-01
4.434562683105468750e+00
-7.596472501754760742e-01
-4.511697292327880859e-01
3.217342138290405273e+00
4.969527244567871094e+00
-4.471112489700317383e-01
-8.557727932929992676e-01
-2.007792472839355469e+00
4.563551425933837891e+00
-1.087645411491394043e+00
1.531387567520141602e+00
-1.326202630996704102e+00
-1.676372885704040527e-01
2.014100551605224609e+00
5.000000000000000000e+00
5.000000000000000000e+00
1.405406951904296875e+00
-1.414780259132385254e+00
-6.760516166687011719e-01
2.809862136840820312e+00
2.807336807250976562e+00
-4.147898554801940918e-01
4.126439094543457031e+00
-1.591089844703674316e+00
6.098352670669555664e-01
4.897160053253173828e+00
3.396800518035888672e+00
5.000000000000000000e+00
4.879617094993591309e-01
1.274997740983963013e-01
5.000000000000000000e+00
1.431774854660034180e+00
2.064739465713500977e-01
5.914413928985595703e-01
2.188226580619812012e-01
-2.731230258941650391e-01
7.825860977172851562e-01
1.521955132484436035e-01
4.433701038360595703e+00
1.421427875757217407e-01
1.667317867279052734e+00
2.271830439567565918e-01
4.595224380493164062e+00
5.000000000000000000e+00
4.459861516952514648e-01
8.186817169189453125e-03
3.837288856506347656e+00
3.329348087310791016e+00
3.139806985855102539e+00
-1.476261615753173828e-01
5.743008852005004883e-01
5.000000000000000000e+00
-1.438577055931091309e+00
3.731212615966796875e+00
3.889094591140747070e-01
-3.798006534576416016e+00
3.212416410446166992e+00
1.699610471725463867e+00
1.796004295349121094e+00
4.538616180419921875e+00
-1.587001085281372070e+00
-1.190830469131469727e+00
3.042728900909423828e+00
3.484285593032836914e+00
-6.426256895065307617e-02
-6.336706280708312988e-01
