-1.539071917533874512e+00
-1.935609221458435059e+00
-1.023380875587463379e+00
-3.528601884841918945e+00
-9.324961304664611816e-01
-1.002968072891235352e+00
-3.289937973022460938e-03
-1.463481187820434570e+00
-3.938046395778656006e-01
-2.907908201217651367e+00
-3.956394791603088379e-01
-1.988545894622802734e+00
-1.520964264869689941e+00
-4.258551597595214844e-01
-1.853482365608215332e+00
-1.432251214981079102e+00
-2.866401433944702148e+00
3.293577432632446289e-01
-2.304113864898681641e+00
-8.132723569869995117e-01
-2.205585718154907227e+00
-1.736459970474243164e+00
-1.611780047416687012e+00
-1.356224536895751953e+00
1.254025399684906006e-01
-1.077820539474487305e+00
-6.064017415046691895e-01
-4.045064449310302734e-01
-4.377721548080444336e-01
-5.491698980331420898e-01
1.396380186080932617e+00
-4.135684669017791748e-01
1.051845550537109375e+00
-9.337005019187927246e-02
2.489259839057922363e-01
-8.805551379919052124e-02
-1.257783174514770508e+00
5.500760674476623535e-02
-5.624376535415649414e-01
6.296826601028442383e-01
-1.069033622741699219e+00
-1.369634270668029785e+00
-6.695387363433837891e-01
-1.255010247230529785e+00
-1.359100580215454102e+00
-1.223603248596191406e+00
-1.288906574249267578e+00
2.491972446441650391e-01
-9.058556556701660156e-01
-8.159260153770446777e-01
-1.464372396469116211e+00
-1.570635318756103516e+00
-7.219648361206054688e-01
-6.256222128868103027e-01
8.132718801498413086e-01
-5.786259174346923828e-01
-1.110036253929138184e+00
-4.824811220169067383e-02
-7.639244198799133301e-01
-5.085641145706176758e-01
-2.261157751083374023e+00
-1.047520160675048828e+00
-3.140789747238159180e+00
4.247047007083892822e-02
-1.287445068359375000e+00
-6.552384495735168457e-01
-1.109097242355346680e+00
2.182042121887207031e+00
6.893863677978515625e-01
-9.146449565887451172e-01
6.858215332031250000e-01
-2.387636184692382812e+00
-3.528665900230407715e-01
8.574727773666381836e-01
-1.075867533683776855e+00
-8.506730794906616211e-01
-3.242500722408294678e-01
5.882237553596496582e-01
-1.045219540596008301e+00
-9.984834194183349609e-01
4.218798279762268066e-01
-1.580665111541748047e+00
-6.109300255775451660e-01
-6.026312708854675293e-02
-1.157111406326293945e+00
-2.321657180786132812e+00
-4.777015447616577148e-01
-3.785777986049652100e-01
2.273448109626770020e-01
-7.706457376480102539e-01
3.121298313140869141e+00
-2.761488556861877441e-01
-5.321358442306518555e-01
-1.663352847099304199e+00
6.609219312667846680e-02
-1.143249750137329102e+00
-4.478489756584167480e-01
1.662008166313171387e-01
-1.527391076087951660e+00
-2.455595016479492188e+00
-5.910472869873046875e-01
-1.113623976707458496e+00
-6.953930854797363281e-02
-9.768667221069335938e-01
3.362494707107543945e-01
-2.181959152221679688e+00
-2.967558383941650391e+00
-5.923871695995330811e-02
5.856173038482666016e-01
-6.525261402130126953e-01
2.976561784744262695e+00
-7.258899211883544922e-01
-4.675901532173156738e-01
-5.789402723312377930e-01
-5.378223657608032227e-01
-2.062539100646972656e+00
1.237064599990844727e-03
-1.957778930664062500e+00
-5.424083471298217773e-01
-3.478628993034362793e-01
-6.802393794059753418e-01
-1.074799060821533203e+00
-2.158076465129852295e-01
-8.820968270301818848e-01
-1.793711185455322266e+00
4.459930658340454102e-01
-9.427361488342285156e-01
-1.852426648139953613e+00
-6.122888326644897461e-01
-1.360710859298706055e+00
-8.963407278060913086e-01
-1.831843852996826172e+00
6.601272225379943848e-01
-1.209295511245727539e+00
8.420439362525939941e-01
-1.499213695526123047e+00
-4.822090566158294678e-01
2.684849023818969727e+00
-2.076522827148437500e+00
-1.110510706901550293e+00
-4.304802417755126953e-01
-8.280769586563110352e-01
-1.041332483291625977e+00
-1.832571029663085938e+00
3.344247341156005859e-01
-1.345446467399597168e+00
-1.152710556983947754e+00
-1.090108752250671387e+00
-2.456972122192382812e+00
-1.169925212860107422e+00
5.709592700004577637e-01
-1.934043049812316895e+00
-7.281774282455444336e-01
-1.887473464012145996e-01
-1.199859499931335449e+00
-1.264541864395141602e+00
-7.369705438613891602e-01
-2.367035388946533203e+00
-1.491780996322631836e+00
6.339186429977416992e-01
-4.938968420028686523e-01
-1.651300907135009766e+00
1.508137226104736328e+00
-1.973365545272827148e+00
-2.965764999389648438e-01
9.632999897003173828e-01
-1.285849094390869141e+00
-1.389131188392639160e+00
-1.061624526977539062e+00
5.002421140670776367e-01
-9.574340581893920898e-01
-1.578171402215957642e-01
-8.637600541114807129e-01
-1.283701807260513306e-01
-7.002853155136108398e-01
-6.045206189155578613e-01
2.501927912235260010e-01
-2.465928196907043457e-01
-1.048209547996520996e+00
3.347780406475067139e-01
-1.034184813499450684e+00
-1.537961721420288086e+00
3.719017505645751953e-01
-1.790481448173522949e+00
-1.775899887084960938e+00
6.183862686157226562e-02
-8.234496116638183594e-01
-1.960892200469970703e+00
-1.223301649093627930e+00
-7.115826010704040527e-01
-8.640198707580566406e-01
-1.287540435791015625e+00
-2.060595989227294922e+00
-1.572175502777099609e+00
2.097551822662353516e-01
-7.500733435153961182e-02
-1.578131198883056641e+00
-1.227984428405761719e+00
-1.590764760971069336e+00
-4.378259778022766113e-01
7.730929255485534668e-01
1.941759109497070312e+00
-1.313302040100097656e+00
-2.508302927017211914e-01
1.593910694122314453e+00
1.542052268981933594e+00
-1.826722860336303711e+00
-5.551551580429077148e-01
-7.434489130973815918e-01
-2.608968734741210938e+00
-8.020200729370117188e-01
-6.128054857254028320e-01
-9.733891487121582031e-01
-2.201716661453247070e+00
-1.191861152648925781e+00
1.754308223724365234e+00
-5.164963603019714355e-01
-1.719302833080291748e-01
2.012416720390319824e-01
-7.781354188919067383e-01
-1.197331786155700684e+00
-2.003566265106201172e+00
-7.893519997596740723e-01
-1.965582609176635742e+00
8.644878864288330078e-02
1.733655095100402832e+00
-4.919940233230590820e-02
-9.678514003753662109e-01
3.558993339538574219e-03
-6.559216976165771484e-01
-1.822854280471801758e+00
-1.662127017974853516e+00
-9.745960235595703125e-01
-1.645827889442443848e+00
-2.413716554641723633e+00
2.848217487335205078e-01
-1.059924364089965820e+00
-1.421555519104003906e+00
-1.087836980819702148e+00
-8.481653928756713867e-01
-2.062578946352005005e-01
-1.453555345535278320e+00
-2.564854621887207031e+00
-2.208255290985107422e+00
-1.282613635063171387e+00
-2.475479841232299805e+00
-6.264629960060119629e-01
2.078974723815917969e+00
7.425948381423950195e-01
-1.179529905319213867e+00
-2.797398090362548828e+00
1.416121959686279297e+00
-1.368528842926025391e+00
2.861113548278808594e-01
-7.388868331909179688e-01
1.947574734687805176e+00
-1.335149288177490234e+00
-5.119731426239013672e+00
-2.045609354972839355e-01
-3.723348975181579590e-01
-4.237005114555358887e-01
-1.385707497596740723e+00
3.980902433395385742e-01
-2.962124645709991455e-01
-1.970568418502807617e+00
-1.743502616882324219e+00
-1.146674394607543945e+00
6.554194688796997070e-01
-1.685357689857482910e-01
-1.414276242256164551e+00
9.061753749847412109e-01
-6.804495453834533691e-01
-1.083583474159240723e+00
-8.757275342941284180e-02
-2.636279463768005371e-01
-2.263329029083251953e+00
-1.770158052444458008e+00
-3.964232504367828369e-01
1.203247904777526855e-02
-1.179076552391052246e+00
1.303009390830993652e-01
4.014434218406677246e-01
6.481919288635253906e-01
9.971681833267211914e-01
5.046389102935791016e-01
-5.000245571136474609e-02
-8.852130174636840820e-02
4.287868738174438477e-02
-5.520305633544921875e-01
-3.328638076782226562e+00
-8.615386486053466797e-01
-9.182271957397460938e-01
-1.800069093704223633e+00
-1.489360570907592773e+00
1.552574634552001953e+00
-1.698744297027587891e-01
-2.314664125442504883e+00
-1.041479825973510742e+00
-1.206637620925903320e+00
-1.699849605560302734e+00
-1.053425073623657227e+00
-1.272361874580383301e+00
-2.408504009246826172e+00
-2.275228738784790039e+00
2.116381525993347168e-01
-3.237235546112060547e+00
3.736598491668701172e-01
-4.323610663414001465e-01
1.759203672409057617e-01
2.097033709287643433e-01
-5.016075372695922852e-01
-2.626798152923583984e+00
2.454842925071716309e-01
-2.739385068416595459e-01
-3.345113992691040039e-01
-4.470415711402893066e-01
-2.948285579681396484e+00
-1.635988235473632812e+00
-1.506139397621154785e+00
-1.688699722290039062e+00
-5.632160902023315430e-01
-4.558343887329101562e-01
-2.512187063694000244e-01
9.379765987396240234e-01
-5.769927501678466797e-01
-9.299433231353759766e-01
5.982819795608520508e-01
7.842819094657897949e-01
-7.017625570297241211e-01
-1.712284088134765625e+00
-9.008756875991821289e-01
-1.384300947189331055e+00
-1.203801393508911133e+00
5.285537242889404297e-02
-2.571782171726226807e-01
-1.940175592899322510e-01
-2.839237689971923828e+00
-6.108430027961730957e-01
-2.142295837402343750e+00
-8.209351301193237305e-01
-4.203050732612609863e-01
-1.241444826126098633e+00
-1.170172810554504395e+00
-2.190069198608398438e+00
-4.319312572479248047e-01
-1.376229405403137207e+00
-1.435567259788513184e+00
1.626425385475158691e+00
-1.003972411155700684e+00
-2.394624471664428711e+00
-1.477991342544555664e-01
-1.747965812683105469e+00
-2.537171363830566406e+00
-1.821192741394042969e+00
4.854043722152709961e-01
-3.174226284027099609e+00
-1.659482121467590332e-01
2.198066711425781250e-01
-4.930278658866882324e-01
-1.061502099037170410e+00
-4.944051206111907959e-01
-6.363913416862487793e-01
-9.644221067428588867e-01
-1.643728733062744141e+00
-2.398498058319091797e+00
-4.853342771530151367e-01
-8.382810354232788086e-01
-1.142332553863525391e+00
1.244882822036743164e+00
7.890610098838806152e-01
-1.037046313285827637e-03
-2.273535490036010742e+00
-7.055512070655822754e-01
1.817893981933593750e-01
-4.565189480781555176e-01
-1.976969480514526367e+00
2.310936927795410156e+00
-1.526759624481201172e+00
-7.464233636856079102e-01
-1.661745309829711914e+00
-4.602453112602233887e-01
2.411069273948669434e-01
-2.902042865753173828e-02
-1.366437911987304688e+00
1.348024487495422363e+00
1.545631289482116699e-01
-2.969328463077545166e-01
-2.354442834854125977e+00
-1.624063968658447266e+00
1.304229140281677246e+00
-1.887807726860046387e+00
-6.337177753448486328e-01
-1.961691856384277344e+00
-4.991408288478851318e-01
-1.520264387130737305e+00
1.103024482727050781e-01
-2.194422721862792969e+00
-4.740904867649078369e-01
-2.325791716575622559e-01
-1.374516963958740234e+00
1.349222898483276367e+00
-1.689428448677062988e+00
-2.762654304504394531e+00
-1.654399633407592773e-01
-3.924741744995117188e-01
2.843296229839324951e-01
-3.316505432128906250e+00
-3.270713686943054199e-01
-2.317704439163208008e+00
-1.238096952438354492e+00
-7.503597736358642578e-01
-1.012522339820861816e+00
-1.395924091339111328e-01
-1.445209980010986328e-02
7.811118364334106445e-01
-5.088216066360473633e-02
-2.506546497344970703e+00
-2.749866485595703125e+00
-2.111283063888549805e+00
-2.559786319732666016e+00
-1.064249515533447266e+00
7.702493071556091309e-01
2.482061386108398438e-01
-1.254954457283020020e+00
-2.086124181747436523e+00
-6.844963431358337402e-01
-1.158666968345642090e+00
-1.863152503967285156e+00
3.150665760040283203e-02
2.803198695182800293e-01
-5.512728691101074219e-01
-3.934286832809448242e-01
-2.387809514999389648e+00
5.384585261344909668e-02
-1.530341744422912598e+00
-1.384869098663330078e+00
9.302976131439208984e-01
8.380713462829589844e-01
1.980807483196258545e-01
-4.853548407554626465e-01
-2.292855262756347656e+00
-5.549286007881164551e-01
-1.947517991065979004e+00
1.746895551681518555e+00
-2.444429695606231689e-01
-1.299884796142578125e+00
-2.275784254074096680e+00
-1.031744599342346191e+00
-3.351866722106933594e+00
-8.374528884887695312e-01
-2.395871639251708984e+00
-3.951137661933898926e-01
-1.045993447303771973e+00
3.946328163146972656e-02
-6.638373732566833496e-01
-2.426361083984375000e+00
1.238038659095764160e+00
-1.321340203285217285e+00
1.949232816696166992e-02
4.936608672142028809e-01
2.019200801849365234e+00
6.856645345687866211e-01
-1.939394354820251465e+00
-1.002610445022583008e+00
-1.281876087188720703e+00
-4.419037997722625732e-01
-1.096617937088012695e+00
-1.912406921386718750e+00
6.520438790321350098e-01
-3.496118783950805664e-01
-1.332883238792419434e-01
-7.200677394866943359e-01
-1.367650747299194336e+00
1.106994152069091797e+00
-1.356153249740600586e+00
-1.201376795768737793e+00
-1.809378147125244141e+00
-1.880499362945556641e+00
-1.763494968414306641e+00
3.111624717712402344e-01
-5.302153825759887695e-01
-2.159786224365234375e-02
4.468509554862976074e-01
-6.337496638298034668e-01
7.991276681423187256e-02
-5.435761213302612305e-01
-1.812966823577880859e+00
-1.686684727668762207e+00
-1.879434585571289062e+00
-1.604490995407104492e+00
-6.547710895538330078e-01
-2.142901420593261719e+00
-6.188894510269165039e-01
-1.146429061889648438e+00
-5.767339468002319336e-02
-1.486895382404327393e-01
-5.179420709609985352e-01
-1.506759166717529297e+00
-1.062143325805664062e+00
-2.022193431854248047e+00
-1.936010837554931641e+00
1.451144218444824219e-01
-5.247294902801513672e-03
-1.385259747505187988e+00
-8.123130798339843750e-01
1.091933250427246094e-01
-1.279386401176452637e+00
1.168942451477050781e-01
-7.168850898742675781e-01
1.805289387702941895e-01
-8.765831589698791504e-01
-2.303842067718505859e+00
-5.754013061523437500e-01
1.064334869384765625e+00
1.306009292602539062e+00
9.658704996109008789e-01
-2.419656991958618164e+00
-6.320469379425048828e-01
-9.194868803024291992e-01
-1.322821378707885742e+00
-1.001691102981567383e+00
-4.541356563568115234e-01
-1.610916376113891602e+00
-1.651841998100280762e+00
-1.082582116127014160e+00
-1.453800439834594727e+00
1.077245950698852539e+00
-1.009774804115295410e+00
2.652137517929077148e+00
-2.163532733917236328e+00
-3.584752082824707031e-01
-6.661907434463500977e-01
-9.766776561737060547e-01
-1.054026126861572266e+00
-2.505402565002441406e+00
3.912605643272399902e-01
-2.203261375427246094e+00
-5.188584923744201660e-01
2.928406000137329102e-01
-9.029210805892944336e-01
-1.132631301879882812e+00
-1.496650934219360352e+00
-2.676897644996643066e-01
-1.378835439682006836e+00
-8.952809572219848633e-01
-5.458859205245971680e-01
-2.192723274230957031e+00
-1.102341055870056152e+00
-2.091772556304931641e+00
-6.358516216278076172e-01
-1.670624017715454102e-01
-1.135811328887939453e+00
7.975137829780578613e-01
-5.241906642913818359e-01
-5.288190841674804688e-01
-3.213917016983032227e-01
-7.598571181297302246e-01
-1.541976332664489746e+00
2.900503873825073242e-01
-9.119159579277038574e-01
-2.199895858764648438e+00
-3.156390488147735596e-01
1.331001520156860352e-02
-2.268914461135864258e+00
-8.090689182281494141e-01
-6.082888841629028320e-01
-1.199555039405822754e+00
-8.830010890960693359e-01
-2.445234775543212891e+00
-1.483574032783508301e+00
3.359926939010620117e-01
-1.975619316101074219e+00
-6.190080642700195312e-01
8.295652866363525391e-01
-1.826247215270996094e+00
-2.216646373271942139e-01
-7.544990181922912598e-01
-2.553517818450927734e+00
-2.085422992706298828e+00
-2.160316944122314453e+00
-2.391580820083618164e+00
-1.354323148727416992e+00
-1.022391319274902344e+00
-1.205412149429321289e+00
1.385859370231628418e+00
-6.614358425140380859e-01
-1.984575390815734863e+00
1.418639898300170898e+00
-2.022789001464843750e+00
-3.559064865112304688e-01
-1.612039804458618164e+00
4.928460121154785156e-01
-4.908500909805297852e-01
-7.642682790756225586e-01
-1.482420444488525391e+00
7.520971298217773438e-01
-1.243963003158569336e+00
-6.149865984916687012e-01
-1.121854543685913086e+00
-1.044851660728454590e+00
6.465693116188049316e-01
-1.146959304809570312e+00
-2.731633424758911133e+00
-2.692281007766723633e-01
-1.035350084304809570e+00
-1.428049087524414062e+00
2.782953381538391113e-01
-1.082408428192138672e-01
-7.750204205513000488e-01
-4.963102936744689941e-01
-9.956559538841247559e-02
-1.011186599731445312e+00
-9.104860424995422363e-01
-4.154429435729980469e-01
-1.129464507102966309e-01
-6.558725833892822266e-01
-1.388145685195922852e+00
-8.784772753715515137e-01
2.501863002777099609e+00
8.986878395080566406e-02
-1.586652874946594238e+00
1.650165557861328125e+00
1.226159214973449707e+00
-2.332866907119750977e+00
-1.875977993011474609e+00
-8.252238035202026367e-01
-4.400283813476562500e+00
-2.338733911514282227e+00
-1.183472990989685059e+00
-1.422348737716674805e+00
-3.785111308097839355e-01
-1.555936217308044434e+00
-2.747394561767578125e+00
-2.117010116577148438e+00
-5.784670710563659668e-01
-1.864962220191955566e+00
-1.934933662414550781e-02
5.177724361419677734e-01
3.922244310379028320e-01
-2.096459627151489258e+00
-9.884870052337646484e-02
-3.748971819877624512e-01
-5.786697864532470703e-01
-3.057772219181060791e-01
5.121418833732604980e-02
2.964513003826141357e-01
-4.174664020538330078e-01
1.987144470214843750e+00
-5.961174964904785156e-01
-2.663876295089721680e+00
1.841906189918518066e+00
-1.873954534530639648e+00
-1.933380961418151855e+00
-2.021873474121093750e+00
-8.216619491577148438e-01
-9.010256528854370117e-01
1.712815165519714355e-01
-7.429018020629882812e-01
-7.742171287536621094e-01
7.960040569305419922e-01
-2.292156696319580078e+00
-5.475388169288635254e-01
-8.061301708221435547e-01
-1.622461557388305664e+00
-1.123270034790039062e+00
-4.287255764007568359e+00
-1.339367747306823730e+00
-1.466410875320434570e+00
-6.197516918182373047e-01
-4.661033153533935547e+00
-7.649011015892028809e-01
-1.659427046775817871e+00
-1.972426652908325195e+00
1.786872386932373047e+00
-1.396273612976074219e+00
2.348179817199707031e-01
-1.637114584445953369e-01
-1.047253489494323730e+00
8.137662410736083984e-01
2.657523155212402344e-01
-1.606849551200866699e+00
-2.129911661148071289e+00
-2.719797134399414062e+00
-3.167140483856201172e-02
-1.054191589355468750e+00
-1.956475138664245605e+00
-5.076809525489807129e-01
4.920247495174407959e-01
-1.384778261184692383e+00
-1.947182416915893555e-02
-1.585464954376220703e+00
-4.579157829284667969e-01
1.413886785507202148e+00
