-6.590284705162048340e-01
-1.611453294754028320e+00
-1.711292386054992676e+00
-1.724240541458129883e+00
-1.587202310562133789e+00
-8.027285337448120117e-02
-1.791112422943115234e+00
1.411569237709045410e+00
-5.851285457611083984e-01
-7.879952192306518555e-01
-1.278406143188476562e+00
-4.271854758262634277e-01
-1.149154663085937500e+00
-5.336083769798278809e-01
-4.120415449142456055e-02
-1.577592611312866211e+00
-1.018759250640869141e+00
1.075485795736312866e-01
-2.354513406753540039e+00
-1.367088317871093750e+00
-2.017008543014526367e+00
-3.153426945209503174e-01
9.262211322784423828e-01
-1.064738512039184570e+00
-6.951521039009094238e-01
-1.179394006729125977e+00
-1.394157409667968750e+00
-1.131340265274047852e+00
-3.030549287796020508e-01
-2.009590625762939453e+00
-8.858530521392822266e-01
-5.193085670471191406e-01
-2.634153604507446289e+00
5.699051022529602051e-01
-1.805299222469329834e-01
-1.892606616020202637e+00
-3.723618388175964355e-01
-6.099686622619628906e-01
-1.107741594314575195e-01
-6.415715217590332031e-01
-1.336462259292602539e+00
-1.324145793914794922e-01
-1.243486404418945312e+00
-1.762647390365600586e+00
-1.237187862396240234e+00
-1.552053391933441162e-01
6.520113945007324219e-01
-1.440333127975463867e-01
2.801523208618164062e+00
-1.418387591838836670e-01
4.343582987785339355e-01
-9.196866750717163086e-01
1.113320350646972656e+00
-9.682765007019042969e-01
-1.971485495567321777e+00
-3.029805421829223633e-01
-1.147208452224731445e+00
-1.757584571838378906e+00
1.934863328933715820e+00
-2.188699007034301758e+00
-1.013059735298156738e+00
5.869865417480468750e-02
-2.207216620445251465e-01
-1.405096530914306641e+00
-2.488254308700561523e+00
7.005275487899780273e-01
-3.039762973785400391e-01
-6.408211588859558105e-01
-1.968637704849243164e-01
-2.423452734947204590e-01
-6.284691095352172852e-01
5.869671106338500977e-01
7.466894388198852539e-02
-7.595964670181274414e-01
-1.894809722900390625e+00
1.407949090003967285e+00
-6.470334529876708984e-01
1.514185190200805664e+00
-4.604989886283874512e-01
-1.565289497375488281e+00
-1.646348595619201660e+00
-2.344014644622802734e+00
-4.871453642845153809e-01
-1.465458631515502930e+00
-1.013960838317871094e+00
-3.452792406082153320e+00
-1.978590965270996094e+00
-1.026679158210754395e+00
-1.475103139877319336e+00
1.112128734588623047e+00
-1.190181732177734375e+00
-8.624421954154968262e-01
-1.452901363372802734e+00
5.492663383483886719e-01
-4.379153251647949219e-01
-1.854263186454772949e+00
-7.360636591911315918e-01
-6.420041322708129883e-01
-5.738180279731750488e-01
-3.858595490455627441e-01
-1.234246611595153809e+00
-1.317968606948852539e+00
-1.740835905075073242e+00
-9.425824880599975586e-01
-1.208723783493041992e+00
-1.455301165580749512e+00
-7.612883448600769043e-01
-3.170462131500244141e+00
-6.090453267097473145e-01
-1.780202150344848633e+00
-2.259535789489746094e+00
-1.176512479782104492e+00
1.650480747222900391e+00
-1.671917676925659180e+00
-1.976148486137390137e+00
-8.183884620666503906e-02
-1.567355394363403320e+00
6.012384295463562012e-01
2.916022539138793945e-01
1.508473157882690430e-01
-1.511311054229736328e+00
-8.495835661888122559e-01
8.995480537414550781e-01
-1.009192228317260742e+00
-6.223164200782775879e-01
-1.343545556068420410e+00
-4.780142307281494141e-01
-9.144701957702636719e-01
2.612948894500732422e+00
-1.701488256454467773e+00
-9.624335169792175293e-01
-1.408754587173461914e+00
8.877422213554382324e-01
-1.640650779008865356e-01
-1.771457433700561523e+00
-7.288408279418945312e-01
1.346216082572937012e+00
-1.697664976119995117e+00
4.543721675872802734e-02
2.282019108533859253e-01
3.437599539756774902e-01
6.509711146354675293e-01
-1.309358000755310059e+00
1.127063035964965820e-01
-1.051470637321472168e-01
-1.591650843620300293e+00
-3.110182881355285645e-01
-7.131593227386474609e-01
-1.625706434249877930e+00
-1.761804461479187012e+00
-1.640588879585266113e+00
-2.478206634521484375e+00
-1.765494048595428467e-01
-1.189265251159667969e+00
5.117373466491699219e-01
-7.946571111679077148e-01
-2.088209629058837891e+00
-1.376874208450317383e+00
-1.359565734863281250e+00
-1.570742130279541016e+00
-1.056766510009765625e+00
-9.467150568962097168e-01
-4.668818712234497070e-01
-1.511829614639282227e+00
-3.265741169452667236e-01
7.296856641769409180e-01
-1.953935325145721436e-01
-4.901562929153442383e-01
-2.688297510147094727e+00
-8.710302114486694336e-01
-5.840610265731811523e-01
-1.692484855651855469e+00
-8.912526965141296387e-01
8.006629943847656250e-01
-4.593185186386108398e-01
-1.890264302492141724e-01
-2.742675542831420898e-01
-7.232127189636230469e-01
-5.958555340766906738e-01
6.243996620178222656e-01
-6.909215450286865234e-02
-1.327512025833129883e+00
-1.546202182769775391e+00
-5.678803920745849609e-01
1.314032196998596191e+00
-3.899346590042114258e-01
-1.437144994735717773e+00
-1.988299131393432617e+00
-3.467211723327636719e+00
-1.428613305091857910e+00
-4.234452247619628906e-01
6.513164043426513672e-01
7.212334871292114258e-01
-5.692412257194519043e-01
-6.064681410789489746e-01
-1.726627588272094727e+00
-3.051451444625854492e-01
7.632293701171875000e-01
-5.836348533630371094e-01
-1.287378191947937012e+00
9.069421291351318359e-01
-2.226143836975097656e+00
-1.991923093795776367e+00
3.836649060249328613e-01
6.793779134750366211e-01
-2.749505043029785156e+00
9.618639945983886719e-01
-2.131234705448150635e-01
1.750062465667724609e+00
2.042269229888916016e+00
-1.137665033340454102e+00
-7.332457304000854492e-01
-4.642384052276611328e-01
-5.662834048271179199e-01
-5.600271224975585938e-01
-1.399844050407409668e+00
-6.548845171928405762e-01
-1.705644607543945312e+00
2.604982256889343262e-01
-1.018818378448486328e+00
-7.216109633445739746e-01
-1.692807197570800781e+00
-1.435485482215881348e+00
-1.262487173080444336e-01
-1.089513540267944336e+00
-6.978352069854736328e-01
7.456054091453552246e-01
5.692303776741027832e-01
-4.767439365386962891e-01
-7.476468682289123535e-01
-8.190035223960876465e-01
-5.288722515106201172e-01
-9.552148580551147461e-01
1.297408789396286011e-01
1.190028667449951172e+00
-2.784586906433105469e+00
-5.410125255584716797e-01
-1.405714273452758789e+00
-7.217830419540405273e-01
-2.586818218231201172e+00
-2.942246496677398682e-01
-2.454078674316406250e+00
5.960053205490112305e-02
-3.462301492691040039e+00
3.407504558563232422e-01
-2.948726654052734375e+00
-5.929883718490600586e-01
-1.915152788162231445e+00
1.435830712318420410e+00
-1.072197914123535156e+00
-7.624868154525756836e-01
-3.021229505538940430e-01
-1.148496985435485840e+00
-1.186138868331909180e+00
-9.007234573364257812e-01
-2.028476238250732422e+00
2.139256596565246582e-01
-1.229978501796722412e-01
-4.906412959098815918e-01
6.462754309177398682e-02
-1.803615570068359375e+00
-1.184861063957214355e+00
-1.579518198966979980e+00
-4.517992138862609863e-01
7.452960014343261719e-01
-2.545824289321899414e+00
-1.769421100616455078e+00
-1.867307901382446289e+00
3.258330821990966797e-01
-2.264243602752685547e+00
-4.364475011825561523e-01
1.692126393318176270e-01
-1.909663558006286621e+00
-4.242783784866333008e-01
-4.722883105278015137e-01
-7.401576042175292969e-01
9.362465143203735352e-01
-1.173268318176269531e+00
-1.352790236473083496e+00
9.330874681472778320e-01
-1.362382173538208008e-01
-1.848309278488159180e+00
-7.176815271377563477e-01
2.588535547256469727e-01
5.447662472724914551e-01
-2.124415636062622070e+00
6.917482614517211914e-01
-7.964200973510742188e-01
-1.960566639900207520e+00
1.106319725513458252e-01
-2.210397481918334961e+00
7.635947465896606445e-01
-1.415415525436401367e+00
-1.273588538169860840e+00
-4.595867097377777100e-01
-1.073010563850402832e+00
5.050011873245239258e-01
-2.073603630065917969e+00
-7.148425579071044922e-01
3.471819162368774414e-01
-4.461614191532135010e-01
-1.261857867240905762e+00
-8.566225767135620117e-01
3.338055610656738281e+00
3.059539198875427246e-02
-1.061580896377563477e+00
-3.705394744873046875e+00
-6.268775463104248047e-01
-1.795446395874023438e+00
-9.101641774177551270e-01
-2.686312794685363770e-01
-1.386505603790283203e+00
1.902678608894348145e-01
-5.132198929786682129e-01
-5.342168807983398438e-01
-1.535977125167846680e+00
-8.916628360748291016e-02
-9.681125879287719727e-01
-7.802851796150207520e-01
-1.946558594703674316e+00
-3.415980815887451172e+00
-9.777426719665527344e-03
-3.211976289749145508e+00
-3.502591848373413086e-01
-1.614812493324279785e+00
-2.500308513641357422e+00
-3.006565570831298828e+00
-8.882732391357421875e-01
-3.641260862350463867e-01
-1.608960032463073730e-01
-1.034435272216796875e+00
-1.361126899719238281e+00
-1.588281631469726562e+00
1.656002402305603027e-01
-2.131238937377929688e+00
-2.238480091094970703e+00
3.675896525382995605e-01
-5.353852510452270508e-01
3.501484692096710205e-01
-1.138396739959716797e+00
7.698683142662048340e-01
-8.585087060928344727e-01
-3.674751520156860352e-01
-1.382206320762634277e+00
6.641151309013366699e-01
-1.813322305679321289e-02
-3.229783535003662109e+00
-9.723430275917053223e-01
2.904214859008789062e-01
1.010445594787597656e+00
1.207809448242187500e-01
-4.249945282936096191e-01
-2.623062610626220703e+00
-2.956819534301757812e+00
-1.179088354110717773e+00
-5.785405635833740234e-02
-7.876943051815032959e-02
-9.878325462341308594e-02
-1.164445057511329651e-01
-1.926351547241210938e+00
-2.592830657958984375e+00
-2.967413902282714844e+00
-5.391799211502075195e-01
-5.961823463439941406e-01
-7.941967248916625977e-01
8.990038633346557617e-01
-1.308379411697387695e+00
7.936452627182006836e-01
-2.025516986846923828e+00
1.421753168106079102e-01
-3.976160287857055664e-01
-1.525026917457580566e+00
8.898227810859680176e-01
-2.507963180541992188e+00
-1.430181026458740234e+00
-1.981536984443664551e+00
-2.305865287780761719e-03
-1.394566774368286133e+00
-4.971349239349365234e-02
2.267301082611083984e-03
2.985773980617523193e-01
-8.432390689849853516e-01
-2.876649379730224609e+00
-9.365926980972290039e-01
-5.800321102142333984e-01
-7.103056907653808594e-01
-1.836277484893798828e+00
-1.427283883094787598e+00
-2.423810005187988281e+00
-1.118204593658447266e+00
-9.477778673171997070e-01
-1.131094455718994141e+00
-7.767863273620605469e-01
-2.420403361320495605e-01
-1.309651017189025879e+00
-3.043025732040405273e+00
-8.751084208488464355e-01
-2.705090761184692383e+00
2.824828147888183594e+00
-8.953574299812316895e-01
-1.202649593353271484e+00
-3.198988735675811768e-01
-4.484688341617584229e-01
1.309661269187927246e-01
1.069590806961059570e+00
8.208513259887695312e-02
-2.647626399993896484e+00
-1.589164972305297852e+00
-1.073295354843139648e+00
8.056324720382690430e-02
2.077135562896728516e+00
-1.731723427772521973e+00
-1.802361965179443359e+00
5.382409095764160156e-01
-1.395963907241821289e+00
-5.137220621109008789e-01
4.635924100875854492e-02
-2.110857725143432617e+00
-1.370316505432128906e+00
-1.070979356765747070e+00
1.290797233581542969e+00
2.132532894611358643e-01
5.865816473960876465e-01
-1.863780260086059570e+00
-1.068417668342590332e+00
-6.363058090209960938e-01
-1.207877635955810547e+00
1.179375052452087402e+00
-1.027804017066955566e-01
-5.772958397865295410e-01
-7.505153417587280273e-01
1.149553656578063965e+00
-1.513263225555419922e+00
-1.123933434486389160e+00
-4.720955491065979004e-01
-2.031462788581848145e-01
-1.635670423507690430e+00
-3.149871826171875000e-01
3.334501385688781738e-01
-1.019669413566589355e+00
7.064586877822875977e-01
-1.334444642066955566e+00
-6.555746197700500488e-01
-1.534912347793579102e+00
-2.814276695251464844e+00
-2.297309041023254395e-01
-1.316400527954101562e+00
-1.914068460464477539e-01
-1.038231611251831055e+00
-1.830542325973510742e+00
6.310294866561889648e-01
2.964593172073364258e-01
6.040697097778320312e-01
-4.095368981361389160e-01
-1.098874211311340332e-01
-1.401100635528564453e+00
-2.256932497024536133e+00
-1.853733062744140625e+00
-1.910659968852996826e-01
-1.102792501449584961e+00
-1.932804822921752930e+00
-2.051688194274902344e+00
-6.033393144607543945e-01
1.076490402221679688e+00
-1.576969861984252930e+00
-1.289375662803649902e+00
1.068049430847167969e+00
-2.957584857940673828e+00
4.456391632556915283e-01
-8.690053224563598633e-02
-6.409422159194946289e-01
-1.222914695739746094e+00
-1.182056307792663574e+00
-1.362524747848510742e+00
6.863712072372436523e-01
5.609630346298217773e-01
5.766167044639587402e-01
-2.136949300765991211e+00
1.930379867553710938e-02
-1.508572101593017578e+00
2.585328817367553711e-01
-8.431709408760070801e-01
-2.693085193634033203e+00
-1.003668069839477539e+00
-4.196258783340454102e-01
-3.189668655395507812e-01
1.449572443962097168e-01
1.027975678443908691e-01
-5.105959177017211914e-01
-2.793738365173339844e+00
6.167949438095092773e-01
-4.201257705688476562e+00
-4.303069710731506348e-01
2.399311661720275879e-01
-1.807038426399230957e+00
-5.061835646629333496e-01
-3.258493542671203613e-01
-2.236713171005249023e+00
9.431846141815185547e-01
-2.472812414169311523e+00
-9.071947634220123291e-02
-1.003085613250732422e+00
-1.253443717956542969e+00
-1.425640881061553955e-01
-2.417109966278076172e+00
-1.219566345214843750e+00
-3.749020099639892578e-01
-1.002182483673095703e+00
-2.628828287124633789e-01
-1.175246715545654297e+00
-1.099128246307373047e+00
-1.252772808074951172e-01
-8.246481418609619141e-01
-7.121402025222778320e-01
-7.839518189430236816e-01
-2.266943216323852539e+00
-3.506338000297546387e-01
-1.461058020591735840e+00
1.675871253013610840e+00
-9.659128189086914062e-01
9.968462586402893066e-01
-2.333034515380859375e+00
-3.718674778938293457e-01
8.287649750709533691e-01
-7.708947658538818359e-01
-4.017796993255615234e+00
3.445925712585449219e-01
-1.459594964981079102e+00
-1.997817993164062500e+00
1.398638486862182617e+00
-2.019425392150878906e+00
-9.579935073852539062e-01
7.538670301437377930e-01
-8.729518651962280273e-01
-4.197565615177154541e-01
-7.135369777679443359e-01
-9.439258575439453125e-01
-2.288275480270385742e+00
-4.904838800430297852e-01
-2.209115326404571533e-01
-1.271941781044006348e+00
-3.289878964424133301e-01
-2.410620212554931641e+00
-9.114304780960083008e-01
-7.620315551757812500e-01
-2.145272970199584961e+00
1.622163355350494385e-01
-1.261382341384887695e+00
-1.498877763748168945e+00
-1.133063316345214844e+00
-1.592986941337585449e+00
-1.206208944320678711e+00
-8.491790890693664551e-01
6.728192567825317383e-01
-1.741116285324096680e+00
-2.617695629596710205e-01
-2.742293357849121094e+00
-5.626791119575500488e-01
-2.187349796295166016e+00
-1.506358981132507324e+00
-1.454060554504394531e+00
-9.205899238586425781e-01
-9.982247352600097656e-01
-1.144523024559020996e+00
9.015904664993286133e-01
-1.024185657501220703e+00
-1.196916460990905762e+00
-8.069099187850952148e-01
2.074857234954833984e+00
-9.637400507926940918e-02
7.318561077117919922e-01
-1.175688385963439941e+00
-6.000838279724121094e-01
-2.264620542526245117e+00
-2.479486465454101562e+00
-1.398573994636535645e+00
-9.594480991363525391e-01
-6.585704684257507324e-01
-1.178385496139526367e+00
-1.934031128883361816e+00
-1.177170515060424805e+00
1.462499499320983887e-01
-1.149287700653076172e+00
-1.737718343734741211e+00
-9.757879376411437988e-01
-1.398801922798156738e+00
-5.494949817657470703e-01
-9.979214072227478027e-01
-1.585699558258056641e+00
-2.069876909255981445e+00
-1.066506981849670410e+00
-7.278276681900024414e-01
-2.061658382415771484e+00
3.626077175140380859e-01
-1.649356961250305176e+00
-2.337305068969726562e+00
-1.274102091789245605e+00
-7.979022860527038574e-01
-1.195793390274047852e+00
-1.266511440277099609e+00
1.064056515693664551e+00
-1.382257342338562012e-01
2.479910403490066528e-01
-9.275865554809570312e-01
-1.322724938392639160e+00
6.550283432006835938e-01
8.726642727851867676e-01
-2.278602600097656250e+00
-2.353250980377197266e-03
7.247748970985412598e-01
-6.026797890663146973e-01
-5.915859937667846680e-01
-1.294307559728622437e-01
-5.115534663200378418e-01
-1.252203702926635742e+00
-6.728543043136596680e-01
-2.997280359268188477e-01
1.496801972389221191e-01
-3.423876762390136719e-01
-1.437652826309204102e+00
-1.752758979797363281e+00
-1.129085719585418701e-01
-1.205193042755126953e+00
-1.421016097068786621e+00
-3.020076990127563477e+00
5.176326036453247070e-01
-3.063396692276000977e+00
-2.264422178268432617e-02
-5.359058976173400879e-01
-1.876013755798339844e+00
-1.792236447334289551e+00
-2.524292469024658203e-02
-1.329721093177795410e+00
1.963832616806030273e+00
-1.520193934440612793e+00
-2.308230876922607422e+00
-7.193560600280761719e-01
-2.532593011856079102e+00
-1.656754493713378906e+00
-3.738323450088500977e-01
1.287356019020080566e-02
-2.094892740249633789e+00
1.309646487236022949e+00
5.031204223632812500e-01
-1.608145594596862793e+00
-2.607913255691528320e+00
1.754448175430297852e+00
6.902629137039184570e-01
-1.119792222976684570e+00
-1.887745559215545654e-01
-1.162178397178649902e+00
-7.497296333312988281e-01
-5.785571038722991943e-02
-1.088410139083862305e+00
-1.035639643669128418e-02
-5.216234326362609863e-01
-9.145517349243164062e-01
-2.052412986755371094e+00
1.330263137817382812e+00
-2.557967901229858398e-01
-6.942195296287536621e-01
-1.023402452468872070e+00
-5.347285270690917969e-01
2.499500036239624023e+00
1.462645053863525391e+00
-5.833948850631713867e-01
-4.635615944862365723e-01
-5.457108020782470703e-01
-1.546404600143432617e+00
-1.995245099067687988e+00
-1.569638729095458984e+00
-1.445663094520568848e+00
2.919773459434509277e-01
4.163742065429687500e-03
3.909062743186950684e-01
-5.802074074745178223e-01
-2.263109087944030762e-01
-3.908848762512207031e-01
1.715945959091186523e+00
-2.430843114852905273e-01
-4.830585718154907227e-01
-4.501264095306396484e-01
-1.889344215393066406e+00
-9.097955822944641113e-01
-1.843922734260559082e-01
-7.223391532897949219e-01
-2.485765218734741211e+00
-1.388939738273620605e+00
-1.121381163597106934e+00
-1.509778380393981934e+00
-4.993686079978942871e-01
-1.273331642150878906e-01
1.928301334381103516e+00
