-1.256112217903137207e+00
-1.548553943634033203e+00
2.909187078475952148e+00
4.809641361236572266e+00
3.900089025497436523e+00
2.372094392776489258e-01
4.189898490905761719e+00
-2.662961483001708984e-01
-1.647420227527618408e-01
-7.251935601234436035e-01
-9.353029727935791016e-01
-6.334381103515625000e-01
7.694849371910095215e-01
2.712839603424072266e+00
1.703143954277038574e+00
2.744433879852294922e+00
4.778569221496582031e+00
3.347840785980224609e+00
5.000000000000000000e+00
-1.984625577926635742e+00
3.651897907257080078e+00
2.324324607849121094e+00
5.000000000000000000e+00
3.427649140357971191e-01
4.683113098144531250e+00
1.558158040046691895e+00
9.344735741615295410e-01
2.861660480499267578e+00
4.740341186523437500e+00
-1.164448380470275879e+00
5.277437567710876465e-01
-3.407514691352844238e-01
5.000000000000000000e+00
5.000000000000000000e+00
9.019404649734497070e-01
4.615931510925292969e+00
-5.402684211730957031e-01
-3.259739875793457031e-01
-2.504122972488403320e+00
1.445318460464477539e+00
2.559340715408325195e+00
1.182368755340576172e+00
8.062931299209594727e-01
3.957927525043487549e-01
4.528796672821044922e+00
3.008040428161621094e+00
1.937202930450439453e+00
5.130122303962707520e-01
5.000000000000000000e+00
5.000000000000000000e+00
5.820617079734802246e-01
9.187841415405273438e-02
-2.764138579368591309e-01
-1.011070251464843750e+00
4.550116062164306641e-01
5.000000000000000000e+00
4.566624641418457031e+00
7.429037094116210938e-01
4.403162956237792969e+00
2.718009948730468750e+00
5.000000000000000000e+00
-7.882583141326904297e-01
3.054595947265625000e+00
-2.251282334327697754e-01
5.000000000000000000e+00
-2.411612272262573242e-01
4.237982630729675293e-01
-2.161152362823486328e+00
1.788258790969848633e+00
-8.482384085655212402e-01
1.377806186676025391e+00
-5.005577802658081055e-01
5.000000000000000000e+00
2.224442720413208008e+00
1.353347778320312500e+00
3.799482822418212891e+00
8.103783726692199707e-01
5.615008473396301270e-01
1.022446513175964355e+00
-1.583178341388702393e-01
-6.009384393692016602e-01
4.928430080413818359e+00
2.585216522216796875e+00
2.770344972610473633e+00
-8.734628558158874512e-02
-5.425184249877929688e+00
-1.390872895717620850e-01
9.348000288009643555e-01
3.807280063629150391e+00
-1.685190200805664062e+00
1.129911065101623535e+00
5.000000000000000000e+00
4.602671623229980469e+00
2.126368045806884766e+00
8.154879808425903320e-01
5.000000000000000000e+00
4.161367893218994141e+00
5.000000000000000000e+00
5.000000000000000000e+00
-8.109725713729858398e-01
3.563015460968017578e-01
1.825572013854980469e+00
1.652927875518798828e+00
4.734197616577148438e+00
1.313443660736083984e+00
-6.953216791152954102e-01
3.220239400863647461e+00
-1.756925821304321289e+00
-4.438706636428833008e-01
5.000000000000000000e+00
5.000000000000000000e+00
5.000000000000000000e+00
1.649661183357238770e+00
-2.572611331939697266e+00
-1.148520588874816895e+00
3.581713199615478516e+00
5.024495124816894531e-01
2.675806522369384766e+00
-1.864716410636901855e-01
1.717789649963378906e+00
2.925073623657226562e+00
2.155485153198242188e-01
5.000000000000000000e+00
2.587217569351196289e+00
-8.406602144241333008e-01
-2.265033245086669922e+00
4.633153915405273438e+00
1.465291500091552734e+00
-2.247123003005981445e+00
5.464473366737365723e-01
-5.820925831794738770e-01
-1.526880979537963867e+00
2.999205589294433594e+00
4.302265167236328125e+00
8.291051387786865234e-01
5.000000000000000000e+00
-1.340839743614196777e+00
1.393015861511230469e+00
-1.051413655281066895e+00
2.345052719116210938e+00
4.890322089195251465e-01
2.911834716796875000e-01
2.919174194335937500e+00
-1.582229256629943848e+00
-2.231173515319824219e-01
-5.819848775863647461e-01
4.712270259857177734e+00
5.000000000000000000e+00
2.442812323570251465e-01
3.303418874740600586e+00
5.318043231964111328e-01
4.054149150848388672e+00
4.039347171783447266e-01
3.905822753906250000e+00
4.614079475402832031e+00
1.097084403038024902e+00
3.584087610244750977e+00
1.596420168876647949e+00
4.835915565490722656e-01
-1.333615183830261230e-01
3.116640567779541016e+00
-4.369168281555175781e-01
-2.722437679767608643e-01
5.000000000000000000e+00
2.155197143554687500e+00
5.000000000000000000e+00
-2.335564196109771729e-01
-1.329260349273681641e+00
1.068279147148132324e+00
3.425893485546112061e-01
-1.392618417739868164e+00
-1.144580841064453125e+00
1.602784156799316406e+00
-2.312066853046417236e-01
-1.796566963195800781e+00
3.460797786712646484e+00
3.814606666564941406e-01
3.020535945892333984e+00
2.526124000549316406e+00
-1.781896591186523438e+00
5.000000000000000000e+00
6.720016598701477051e-01
5.014768838882446289e-01
1.896643638610839844e+00
7.818080186843872070e-01
5.000000000000000000e+00
2.338275671005249023e+00
2.702246904373168945e-01
-4.987232089042663574e-01
-2.771761894226074219e+00
5.000000000000000000e+00
5.000000000000000000e+00
-1.428527832031250000e+00
-1.468110322952270508e+00
2.132120370864868164e+00
2.422936707735061646e-01
-1.199211597442626953e+00
5.708056688308715820e-01
1.759145975112915039e+00
-8.428177833557128906e-01
4.896880149841308594e+00
3.630475044250488281e+00
2.960961759090423584e-01
8.940752744674682617e-01
5.000000000000000000e+00
1.805183768272399902e+00
4.985754489898681641e+00
3.042095184326171875e+00
7.000173330307006836e-01
5.286341905593872070e-02
9.202445149421691895e-01
-7.085281610488891602e-01
-1.614810228347778320e+00
5.777308940887451172e-01
3.709167718887329102e+00
5.000000000000000000e+00
2.657169342041015625e+00
-6.066161394119262695e-01
5.391086339950561523e-01
2.422736644744873047e+00
5.000000000000000000e+00
3.535685062408447266e+00
2.754756212234497070e-01
2.136654138565063477e+00
5.000000000000000000e+00
-4.798316359519958496e-01
2.875858545303344727e+00
7.815638780593872070e-01
5.000000000000000000e+00
2.328438162803649902e-01
3.863568782806396484e+00
3.353207588195800781e+00
2.645134210586547852e+00
-5.717200636863708496e-01
4.700623035430908203e+00
-1.066874265670776367e+00
2.845938205718994141e+00
5.000000000000000000e+00
2.236840724945068359e+00
2.218136072158813477e+00
2.090587854385375977e+00
-1.361134767532348633e+00
2.233304381370544434e-01
-1.953933238983154297e-01
1.964352011680603027e+00
1.692547321319580078e+00
2.702614068984985352e-01
3.464042663574218750e+00
2.047215938568115234e+00
1.515662431716918945e+00
1.025153279304504395e+00
2.004319906234741211e+00
-1.521154642105102539e-01
3.048056125640869141e+00
8.697574138641357422e-01
8.246250152587890625e-01
-3.331117630004882812e-01
-9.603011608123779297e-01
2.084685325622558594e+00
3.686770200729370117e+00
-8.640157580375671387e-01
2.113659381866455078e+00
3.520157814025878906e+00
3.988871335983276367e+00
-1.782950758934020996e+00
-2.645044088363647461e+00
3.764575123786926270e-01
-5.238047838211059570e-01
5.000000000000000000e+00
2.994565963745117188e+00
4.599785804748535156e+00
5.000000000000000000e+00
-2.468436658382415771e-01
-1.322916150093078613e+00
-1.460099667310714722e-01
7.867592573165893555e-01
5.000000000000000000e+00
4.527618408203125000e+00
7.008659839630126953e-01
1.603515267372131348e+00
2.913643836975097656e+00
2.015574455261230469e+00
2.471581995487213135e-01
-1.410661578178405762e+00
-1.566385746002197266e+00
1.673098802566528320e+00
4.760833263397216797e+00
1.173883676528930664e-03
6.925030946731567383e-01
5.000000000000000000e+00
-1.285806536674499512e+00
1.520472764968872070e-01
4.731075763702392578e+00
5.000000000000000000e+00
-2.604362010955810547e+00
1.179972290992736816e+00
-1.525536775588989258e+00
2.306699991226196289e+00
-8.203276991844177246e-01
5.000000000000000000e+00
-5.665823221206665039e-01
-9.701544046401977539e-02
2.613846540451049805e+00
-6.786493062973022461e-01
-1.039041996002197266e+00
3.829944133758544922e-01
6.405178904533386230e-01
-2.951619923114776611e-01
4.456599950790405273e-01
3.245214700698852539e+00
6.360856890678405762e-01
1.111868619918823242e-01
5.000000000000000000e+00
1.691313087940216064e-01
-4.721770584583282471e-01
1.082406759262084961e+00
1.051569342613220215e+00
-8.227780461311340332e-01
3.800733089447021484e+00
1.824692606925964355e+00
1.303539276123046875e+00
-1.167979001998901367e+00
-1.841419816017150879e+00
-1.008027672767639160e+00
5.000000000000000000e+00
-6.817768096923828125e+00
-1.599344134330749512e+00
3.146257162094116211e+00
1.904317140579223633e+00
4.470539569854736328e+00
4.281150341033935547e+00
-1.255710840225219727e+00
4.000503540039062500e+00
3.604971885681152344e+00
-1.152841567993164062e+00
4.486939311027526855e-01
1.595508098602294922e+00
5.000000000000000000e+00
-2.033461928367614746e-01
-1.737913727760314941e+00
-9.698938131332397461e-01
-9.085651040077209473e-01
5.000000000000000000e+00
1.492234945297241211e+00
1.450080633163452148e+00
1.185408592224121094e+00
9.582079052925109863e-01
-4.167586565017700195e-03
2.423002004623413086e+00
1.774183034896850586e+00
-1.132824063301086426e+00
4.278561592102050781e+00
5.000000000000000000e+00
-1.216807484626770020e+00
1.736744880676269531e+00
-9.014383554458618164e-01
4.359894752502441406e+00
4.270335674285888672e+00
5.000000000000000000e+00
3.855002641677856445e+00
3.913707256317138672e+00
-5.518990755081176758e-01
5.000000000000000000e+00
1.948859572410583496e+00
7.287657260894775391e-02
-3.672952651977539062e-01
3.503337502479553223e-01
1.526825070381164551e+00
2.590714931488037109e+00
4.323060512542724609e+00
8.501850366592407227e-01
8.377888202667236328e-01
-1.784254312515258789e+00
4.184083938598632812e+00
2.499204635620117188e+00
-4.819428026676177979e-01
3.938301086425781250e+00
8.195198774337768555e-01
-4.815717339515686035e-01
4.502210140228271484e+00
-1.349310636520385742e+00
-3.900775313377380371e-01
1.872123479843139648e+00
9.218595623970031738e-01
1.250848889350891113e+00
2.176181316375732422e+00
-8.221929669380187988e-01
4.863249659538269043e-01
-6.809705495834350586e-01
6.550869941711425781e-01
4.786178469657897949e-01
4.619441509246826172e+00
5.000000000000000000e+00
1.443394303321838379e+00
5.000000000000000000e+00
5.000000000000000000e+00
-1.150667786598205566e+00
-9.239850640296936035e-01
-8.764634728431701660e-01
5.276013612747192383e-01
-1.269536018371582031e+00
-1.058215975761413574e+00
1.923127889633178711e+00
5.000000000000000000e+00
7.177769541740417480e-01
9.897998571395874023e-01
3.456215858459472656e+00
2.357357025146484375e+00
-2.646003246307373047e+00
5.000000000000000000e+00
2.097522497177124023e+00
2.749593734741210938e+00
5.000000000000000000e+00
-5.003333091735839844e-02
3.154581308364868164e+00
7.054766416549682617e-01
-5.473253130912780762e-02
1.694300174713134766e-01
2.298083782196044922e+00
-1.113161206245422363e+00
3.372884511947631836e+00
1.273459792137145996e-01
4.377586364746093750e+00
8.183679580688476562e-01
3.078670501708984375e+00
5.000000000000000000e+00
-1.367134928703308105e+00
3.534433841705322266e-01
-5.446606874465942383e-01
3.781936168670654297e+00
9.134371876716613770e-01
2.216788530349731445e+00
-2.891966104507446289e-01
5.000000000000000000e+00
5.000000000000000000e+00
3.420584678649902344e+00
1.881198525428771973e+00
1.017727375030517578e+00
2.524416923522949219e+00
-2.211480617523193359e+00
-1.256886601448059082e+00
4.623970985412597656e+00
5.000000000000000000e+00
-1.135052680969238281e+00
2.090679645538330078e+00
-1.418946981430053711e-01
3.368982672691345215e-01
5.000000000000000000e+00
1.011773467063903809e+00
1.696274042129516602e+00
5.000000000000000000e+00
8.733475208282470703e-02
4.534116744995117188e+00
-9.781073331832885742e-01
4.239462852478027344e+00
7.583822309970855713e-02
1.872407197952270508e-01
-1.141944766044616699e+00
-2.053975820541381836e+00
-1.296684026718139648e+00
4.207452297210693359e+00
5.000000000000000000e+00
3.338551282882690430e+00
5.000000000000000000e+00
1.698203325271606445e+00
5.000000000000000000e+00
9.296690225601196289e-01
4.019021987915039062e-01
-1.023503780364990234e+00
1.201701164245605469e+00
-1.614658087491989136e-01
-1.433098316192626953e-02
3.905438184738159180e+00
-7.547968029975891113e-01
4.658271074295043945e-01
-7.190681099891662598e-01
-1.483337759971618652e+00
1.706032156944274902e+00
-3.726450204849243164e-01
-2.888604164123535156e+00
5.000000000000000000e+00
1.168164610862731934e+00
1.284265518188476562e+00
2.598752975463867188e-01
8.729147315025329590e-01
7.084880471229553223e-01
3.921765089035034180e+00
2.317091703414916992e+00
5.000000000000000000e+00
1.178339242935180664e+00
4.881172657012939453e+00
4.653737545013427734e+00
5.000000000000000000e+00
-1.408902883529663086e+00
3.616230010986328125e+00
-1.481764912605285645e-01
5.000000000000000000e+00
1.317701458930969238e+00
4.160221576690673828e+00
2.086452007293701172e+00
-1.482112407684326172e+00
3.123880863189697266e+00
1.658761620521545410e+00
2.034265518188476562e+00
-1.028260707855224609e+00
3.450002193450927734e+00
1.269972920417785645e+00
2.324741840362548828e+00
4.673327922821044922e+00
2.731814146041870117e+00
1.634912252426147461e+00
5.000000000000000000e+00
2.986938953399658203e-01
3.084299087524414062e+00
-3.985079526901245117e-01
1.480120420455932617e+00
-1.177429676055908203e+00
1.302340269088745117e+00
5.000000000000000000e+00
-1.973611831665039062e+00
6.982503533363342285e-01
9.966254234313964844e-02
4.021480560302734375e+00
2.178858757019042969e+00
2.536715984344482422e+00
2.723534584045410156e+00
-1.083068251609802246e-01
-1.204220294952392578e+00
-1.348291397094726562e+00
-1.209259033203125000e-01
-8.307219147682189941e-01
3.675770759582519531e+00
1.376133203506469727e+00
-7.480218410491943359e-01
2.847855985164642334e-01
4.961383819580078125e+00
-1.102056980133056641e+00
8.661179542541503906e-01
5.000000000000000000e+00
5.517549514770507812e-01
3.388721942901611328e+00
1.877716302871704102e+00
1.571320295333862305e-01
4.357448101043701172e+00
1.319031476974487305e+00
3.715639591217041016e+00
-7.141091823577880859e-01
5.000000000000000000e+00
-2.281081676483154297e-01
6.061657071113586426e-01
2.769734859466552734e-01
1.275682449340820312e-02
5.000000000000000000e+00
3.258926868438720703e-01
-6.503145694732666016e-01
-5.767468214035034180e-01
4.848177909851074219e+00
-2.111389040946960449e-01
2.461873531341552734e+00
-2.877943515777587891e+00
-1.386882305145263672e+00
1.501817703247070312e+00
4.788232803344726562e+00
-1.097350120544433594e-01
-3.069387435913085938e+00
4.483305931091308594e+00
3.523105144500732422e+00
-7.866817712783813477e-01
4.644648075103759766e+00
-1.913766860961914062e-01
-8.451325297355651855e-01
2.990354299545288086e+00
5.000000000000000000e+00
1.719689965248107910e+00
-2.212382555007934570e+00
-7.027732133865356445e-01
-1.774904012680053711e+00
-2.873533070087432861e-01
-7.837409377098083496e-01
2.692362546920776367e+00
1.754802465438842773e+00
3.690497159957885742e+00
-6.066519618034362793e-01
4.170499801635742188e+00
5.000000000000000000e+00
3.376443386077880859e+00
5.000000000000000000e+00
3.426050543785095215e-01
-1.988747596740722656e+00
1.283099174499511719e+00
6.867632865905761719e-01
-4.760111570358276367e-01
4.548265457153320312e+00
-8.699977397918701172e-02
1.607245683670043945e+00
-1.860086679458618164e+00
-3.714874267578125000e+00
5.000000000000000000e+00
-8.870356678962707520e-01
-4.153584837913513184e-01
-1.111744403839111328e+00
3.978303909301757812e+00
3.586414456367492676e-01
3.779599368572235107e-01
-1.183822393417358398e+00
-6.169450283050537109e-01
2.445430040359497070e+00
-2.480677366256713867e+00
2.149293422698974609e+00
5.000000000000000000e+00
1.876215338706970215e-01
5.000000000000000000e+00
5.000000000000000000e+00
4.980623722076416016e-01
-1.199320793151855469e+00
4.449595451354980469e+00
-2.482239454984664917e-01
5.000000000000000000e+00
5.000000000000000000e+00
-1.115406155586242676e-01
3.867382049560546875e+00
-3.291265666484832764e-01
-1.722723007202148438e+00
5.000000000000000000e+00
-1.525744199752807617e-01
-2.353452444076538086e+00
-1.856554448604583740e-01
-2.470276594161987305e+00
2.571534633636474609e+00
3.176424026489257812e+00
1.646685600280761719e+00
2.312034130096435547e+00
-1.904793858528137207e+00
-2.526365518569946289e-01
1.336420297622680664e+00
-1.461223840713500977e+00
3.449712395668029785e-01
-1.088766932487487793e+00
-1.824460029602050781e+00
1.507129192352294922e+00
1.503584146499633789e+00
9.486081600189208984e-01
-8.314698934555053711e-01
5.000000000000000000e+00
1.159300327301025391e+00
-8.747578859329223633e-01
4.561341285705566406e+00
4.717142105102539062e+00
4.531387805938720703e+00
-2.932908535003662109e+00
-6.527900695800781250e-03
9.283770322799682617e-01
-2.785121202468872070e-01
-1.236188530921936035e+00
3.383257865905761719e+00
2.299272418022155762e-01
4.926743030548095703e+00
2.028750181198120117e-01
2.026661396026611328e+00
5.000000000000000000e+00
1.535336136817932129e+00
-6.478372812271118164e-01
-2.439135789871215820e+00
-2.116194367408752441e-02
4.363090038299560547e+00
5.000000000000000000e+00
2.603352546691894531e+00
1.330872178077697754e+00
4.646961688995361328e+00
9.230457544326782227e-01
-1.537448167800903320e-01
1.341422677040100098e+00
4.490652084350585938e+00
8.655904531478881836e-01
5.000000000000000000e+00
4.298509120941162109e+00
-2.503490447998046875e-01
1.326629400253295898e+00
-3.496496975421905518e-01
1.263955235481262207e-01
5.589489936828613281e-01
6.188350915908813477e-02
3.127624988555908203e+00
1.402881979942321777e+00
1.122755408287048340e-01
-4.740899801254272461e-01
-1.894120454788208008e+00
2.078062295913696289e-01
-1.378258347511291504e+00
4.095037460327148438e+00
5.000000000000000000e+00
-1.625499486923217773e+00
-1.529946923255920410e+00
