-1.676399111747741699e+00
1.659346222877502441e-01
-1.033286690711975098e+00
-2.109559774398803711e+00
5.394636392593383789e-01
-1.868287682533264160e+00
-4.100844562053680420e-01
-6.950383186340332031e-01
8.238839358091354370e-02
-1.334033012390136719e+00
-2.603618144989013672e+00
-1.609912514686584473e+00
-5.162158012390136719e-01
-1.489150524139404297e+00
-3.372247219085693359e-01
-1.857496619224548340e+00
-1.926138758659362793e+00
-4.375775158405303955e-01
-2.932864427566528320e-01
-1.434495925903320312e+00
-1.375882148742675781e+00
-1.017868518829345703e+00
7.469758987426757812e-01
-5.080485939979553223e-01
-1.216658830642700195e+00
4.663108587265014648e-01
-2.211021184921264648e-01
1.705142557621002197e-01
-1.523608446121215820e+00
-1.123218417167663574e+00
-9.478570222854614258e-01
-5.757998824119567871e-01
1.065449476242065430e+00
-1.535275220870971680e+00
-2.104001283645629883e+00
-8.993265032768249512e-02
-1.976824760437011719e+00
-7.494083046913146973e-01
-2.918248414993286133e+00
-7.527098655700683594e-01
-1.817449688911437988e+00
-7.696507573127746582e-01
-1.064934372901916504e+00
6.544556021690368652e-01
-8.392423987388610840e-01
2.301478385925292969e-02
1.220653176307678223e+00
3.205469369888305664e+00
-1.089763760566711426e+00
-1.790517807006835938e+00
-1.364274978637695312e+00
1.428639888763427734e-01
-2.271225452423095703e+00
-1.226578474044799805e+00
9.085285663604736328e-02
-1.561914920806884766e+00
-4.986572861671447754e-01
-2.429713726043701172e+00
-1.708641052246093750e-01
8.834173679351806641e-01
-1.198381423950195312e+00
-6.395250558853149414e-01
-6.035435199737548828e-01
-4.814248681068420410e-01
8.269977569580078125e-02
-1.822991371154785156e-01
-5.169910788536071777e-01
-2.073957920074462891e-01
5.073025226593017578e-01
-1.170501589775085449e+00
-1.899058967828750610e-01
1.193319678306579590e+00
-8.663532733917236328e-01
-1.446675181388854980e+00
-9.715672731399536133e-01
-1.317949533462524414e+00
-5.173906087875366211e-01
1.219907402992248535e+00
-8.739178776741027832e-01
1.938437938690185547e+00
-7.780924439430236816e-03
-8.915483951568603516e-02
3.010468006134033203e+00
7.140747308731079102e-01
-1.042382240295410156e+00
-3.463076651096343994e-01
-4.603117704391479492e-01
-2.282768726348876953e+00
8.108206391334533691e-01
4.897193014621734619e-01
-2.275491714477539062e+00
1.823368668556213379e-01
-1.895798444747924805e+00
-1.781069874763488770e+00
2.116472423076629639e-01
3.702870011329650879e-02
-5.056759119033813477e-01
8.932020664215087891e-01
-3.776329755783081055e-01
-2.988339364528656006e-01
-3.968542814254760742e-01
5.347061157226562500e-01
-6.473867297172546387e-01
-1.207557082176208496e+00
-9.271352887153625488e-01
-1.112236499786376953e+00
-7.064050436019897461e-02
-1.270571351051330566e+00
-2.007622718811035156e+00
2.978829145431518555e-01
1.517751693725585938e+00
2.263862490653991699e-01
4.908952116966247559e-01
-1.628029227256774902e+00
4.127548336982727051e-01
-2.608207225799560547e+00
2.282504588365554810e-01
8.419168591499328613e-01
-6.622573137283325195e-01
4.694572985172271729e-01
-1.867711067199707031e+00
-5.270245075225830078e-01
-2.451530218124389648e+00
-8.712605834007263184e-01
-2.932147979736328125e-01
2.311010360717773438e-01
-6.815716028213500977e-01
1.728938817977905273e-01
-5.067914724349975586e-01
-1.732391357421875000e+00
-9.146925210952758789e-01
-1.480664730072021484e+00
-3.301101922988891602e-01
-4.801100790500640869e-01
1.381559133529663086e+00
7.772845029830932617e-01
7.616763710975646973e-01
1.060121417045593262e+00
-3.970462679862976074e-01
-1.856235504150390625e+00
1.393548846244812012e+00
-1.650229692459106445e-01
3.469383120536804199e-01
-2.486961632966995239e-01
-2.055290460586547852e+00
-2.733912467956542969e-01
-3.362111747264862061e-01
-7.215515375137329102e-01
8.996546268463134766e-02
-1.686800479888916016e+00
-7.617295980453491211e-01
-1.206015110015869141e+00
-9.625201225280761719e-01
8.336545228958129883e-01
4.075342416763305664e-02
-1.403786897659301758e+00
-1.405934572219848633e+00
3.177532553672790527e-01
-2.611147165298461914e-01
-2.446740865707397461e-01
-6.027881503105163574e-01
-2.187616825103759766e+00
-7.549594640731811523e-01
6.467950344085693359e-01
-6.444386839866638184e-01
1.594932794570922852e+00
-1.655446529388427734e+00
-1.125122070312500000e+00
4.830913245677947998e-02
1.200006961822509766e+00
1.753481030464172363e-01
-1.069610834121704102e+00
-1.296726822853088379e+00
-3.956257104873657227e-01
-1.653387546539306641e+00
-1.470312476158142090e-01
-2.558446526527404785e-01
-1.288099050521850586e+00
1.429003477096557617e-02
-1.942267298698425293e+00
-7.660772800445556641e-01
-1.858071804046630859e+00
7.172063589096069336e-01
-2.341984510421752930e+00
-2.424699306488037109e+00
-1.768031597137451172e+00
-3.135645985603332520e-01
-7.000298500061035156e-01
9.907694458961486816e-01
-2.728490829467773438e-01
1.961502313613891602e+00
-2.002918243408203125e+00
-1.258241176605224609e+00
1.643285155296325684e-02
-5.551011562347412109e-01
-1.992515921592712402e+00
-1.495010018348693848e+00
-2.721887230873107910e-01
-1.099013090133666992e+00
-1.316907167434692383e+00
-9.413721561431884766e-01
-2.182898998260498047e+00
-2.193064391613006592e-01
-4.854597449302673340e-01
3.104546546936035156e+00
-1.368311643600463867e+00
1.260239601135253906e+00
-1.021785736083984375e+00
-4.547788500785827637e-01
9.981220960617065430e-01
-2.262872934341430664e+00
-2.108589410781860352e+00
3.669348955154418945e-01
-8.270596861839294434e-01
-3.604162037372589111e-01
-3.173489093780517578e+00
-2.187665462493896484e+00
-1.446051239967346191e+00
-1.953593254089355469e+00
-2.244237184524536133e+00
-1.448431849479675293e+00
-6.516937613487243652e-01
-5.077003836631774902e-01
-8.234900236129760742e-01
-4.125462770462036133e-01
5.773887634277343750e-01
1.629830598831176758e-01
-6.574931144714355469e-01
1.190796494483947754e+00
-1.171311140060424805e+00
-1.995851993560791016e+00
-2.460626840591430664e+00
-2.297502994537353516e+00
-1.676431775093078613e+00
8.556047081947326660e-02
-1.432989835739135742e-01
-1.266202628612518311e-01
-3.153691530227661133e+00
-8.713335990905761719e-01
1.495739221572875977e-01
-2.222273349761962891e-01
-1.543043375015258789e+00
-2.403815031051635742e+00
-5.240492820739746094e-01
-2.695642948150634766e+00
1.774169355630874634e-01
-1.229508042335510254e+00
-5.904388427734375000e-01
1.041855812072753906e-01
-7.467262148857116699e-01
-5.949471592903137207e-01
-6.540359258651733398e-01
-5.953859090805053711e-01
-1.079348564147949219e+00
-1.014122009277343750e+00
-6.331031322479248047e-01
-3.396149873733520508e+00
2.032400071620941162e-01
-1.193912982940673828e+00
-1.141279697418212891e+00
7.257068157196044922e-01
-8.006502389907836914e-01
-4.374517500400543213e-01
-6.330320835113525391e-01
-1.064329862594604492e+00
9.214149117469787598e-01
2.690115571022033691e-01
-6.372087597846984863e-01
-9.972315430641174316e-01
-3.498868942260742188e+00
-8.285790085792541504e-01
-1.674686670303344727e-01
8.905390501022338867e-01
-1.316054344177246094e+00
-8.595416545867919922e-01
-1.040488243103027344e+00
-1.579918980598449707e+00
-2.124281406402587891e+00
-1.768206834793090820e+00
-1.361854553222656250e+00
9.679858684539794922e-01
1.377606272697448730e+00
-2.994435787200927734e+00
-1.431413650512695312e+00
-9.101206064224243164e-01
-1.572534799575805664e+00
-1.956074237823486328e+00
-2.715535402297973633e+00
-8.933288455009460449e-01
-5.065284729003906250e+00
3.987365365028381348e-01
-3.449584245681762695e-01
-1.883680820465087891e-01
-1.366928815841674805e+00
-1.678789019584655762e+00
2.301846981048583984e+00
2.103376626968383789e+00
-8.235888481140136719e-01
5.550029277801513672e-01
7.169011831283569336e-01
1.531199455261230469e+00
-5.324406623840332031e-01
9.353581070899963379e-02
-1.266721248626708984e+00
-2.494312524795532227e+00
-6.579782962799072266e-01
-2.752623558044433594e+00
-5.761986970901489258e-01
-7.618303298950195312e-01
-9.970313310623168945e-02
-2.875837326049804688e+00
6.004784703254699707e-01
-1.174838185310363770e+00
-2.775122523307800293e-01
-2.367902755737304688e+00
-3.360015630722045898e+00
-3.014013171195983887e-01
-7.895654439926147461e-01
-1.183934688568115234e+00
-7.755936980247497559e-01
-3.698679804801940918e-01
-7.346373200416564941e-01
-1.175024032592773438e+00
-6.517016291618347168e-01
-1.607094556093215942e-01
-4.892258048057556152e-01
4.904883205890655518e-01
-1.291282892227172852e+00
2.024681568145751953e-01
1.587791204452514648e+00
8.312458992004394531e-01
-9.471080899238586426e-01
-8.146517276763916016e-01
6.656038761138916016e-02
3.474122285842895508e-01
-1.609516859054565430e+00
-1.397763967514038086e+00
-1.080625653266906738e+00
1.191514730453491211e-02
-1.962617039680480957e-01
-1.603622674942016602e+00
-3.741247057914733887e-01
-8.297306895256042480e-01
-5.533814430236816406e-01
-1.255707502365112305e+00
-7.398285865783691406e-01
-4.060915708541870117e-01
-1.095942139625549316e+00
2.257281839847564697e-01
-2.758647203445434570e+00
3.784228086471557617e+00
6.200119853019714355e-01
-1.725200414657592773e+00
-1.456517934799194336e+00
-6.046028137207031250e-01
-2.133038520812988281e+00
-6.486138701438903809e-01
-3.325371742248535156e-01
-1.313764452934265137e-01
-1.498603105545043945e+00
2.094595432281494141e+00
-5.574057102203369141e-01
-1.415646433830261230e+00
-1.022353291511535645e+00
1.083403825759887695e-02
-8.039537072181701660e-01
-1.154909610748291016e+00
-1.295616030693054199e+00
1.014410257339477539e-01
2.739270210266113281e+00
-1.094842553138732910e+00
-3.187997817993164062e+00
-2.697835683822631836e+00
-7.936693429946899414e-01
-9.395452141761779785e-01
-1.119500041007995605e+00
-2.624061703681945801e-02
-1.232022166252136230e+00
-1.278270125389099121e+00
-3.895880579948425293e-01
-6.626193523406982422e-01
1.843365430831909180e-01
-1.436796188354492188e+00
4.017674922943115234e-02
2.758136987686157227e-01
2.501972913742065430e+00
-7.822698354721069336e-01
-1.216732859611511230e+00
-2.051796913146972656e-01
-7.050713300704956055e-01
-1.428965687751770020e+00
-1.419411420822143555e+00
-1.461723327636718750e+00
-1.975506782531738281e+00
-9.823673963546752930e-01
-1.009931683540344238e+00
-2.171935558319091797e+00
-2.792731761932373047e+00
4.233524799346923828e-01
-4.272322654724121094e-01
-1.132292985916137695e+00
-2.547553777694702148e+00
-9.831072688102722168e-01
1.774333596229553223e+00
-2.932126522064208984e+00
-2.537327289581298828e+00
-1.420499563217163086e+00
-1.789305925369262695e+00
-5.364896655082702637e-01
3.834454715251922607e-01
6.200075149536132812e-03
1.844642162322998047e-01
-7.931299209594726562e-01
-7.976218461990356445e-01
-1.507046222686767578e+00
-2.227381706237792969e+00
-1.946005582809448242e+00
-9.851061105728149414e-01
-1.294688463211059570e+00
1.023059189319610596e-01
3.500713706016540527e-01
-8.689375519752502441e-01
-2.350575029850006104e-01
-4.069867134094238281e+00
3.541299700736999512e-02
-6.651262044906616211e-01
-7.521451711654663086e-01
1.081654429435729980e-01
-8.984188437461853027e-01
3.667007982730865479e-01
-2.150469779968261719e+00
-2.691246032714843750e+00
-1.414550423622131348e+00
-5.296538472175598145e-01
-4.796192049980163574e-02
2.211024761199951172e-01
-3.559435606002807617e-01
-1.535124301910400391e+00
-1.177160501480102539e+00
-7.475602626800537109e-01
-1.304496645927429199e+00
-2.357340335845947266e+00
-8.213906288146972656e-01
-1.934896409511566162e-01
-3.440659344196319580e-01
8.930590152740478516e-01
3.459160923957824707e-01
-3.821465969085693359e-01
9.502938985824584961e-01
6.224397420883178711e-01
1.526247859001159668e+00
-1.753460884094238281e+00
3.012681007385253906e-01
-5.024849176406860352e-01
-6.422361135482788086e-01
-2.626913309097290039e+00
9.560954570770263672e-01
-8.942035436630249023e-01
-1.678283333778381348e+00
6.176875829696655273e-01
-6.885582804679870605e-01
2.756164073944091797e+00
-3.116451501846313477e-01
-1.101808309555053711e+00
-1.108595967292785645e+00
-5.735230445861816406e-02
-1.468099474906921387e+00
-1.170877218246459961e+00
-2.553551673889160156e+00
4.183823764324188232e-01
-1.379718065261840820e+00
-6.330034732818603516e-01
-2.396842837333679199e-02
-8.105500936508178711e-01
-3.719289898872375488e-01
-2.268694162368774414e+00
-5.714058279991149902e-01
-2.625478267669677734e+00
-1.088308095932006836e+00
-6.918255090713500977e-01
-4.705762863159179688e-01
-1.007296800613403320e+00
5.392284393310546875e-01
-8.021240234375000000e-01
1.076611876487731934e-02
-1.504782915115356445e+00
-4.225493371486663818e-01
-5.025832653045654297e-01
-9.286739826202392578e-01
4.528132677078247070e-01
-3.109725117683410645e-01
3.089756965637207031e-01
-3.706015050411224365e-01
-7.625095248222351074e-01
-1.114229261875152588e-01
-2.483063220977783203e+00
-1.949862718582153320e+00
-1.161074042320251465e+00
1.382208466529846191e-01
-8.458507061004638672e-02
-2.345645129680633545e-01
-2.156549453735351562e+00
-8.834749460220336914e-03
3.183999061584472656e-01
-1.652454853057861328e+00
-1.309583306312561035e+00
9.306865930557250977e-02
-1.550257086753845215e+00
-1.918736696243286133e+00
-6.073490977287292480e-01
-1.546872556209564209e-01
-1.782852649688720703e+00
-1.003968238830566406e+00
-2.776140570640563965e-01
-2.019263803958892822e-01
3.372452557086944580e-01
1.340139627456665039e+00
-2.021414518356323242e+00
-8.645417690277099609e-01
-1.325609564781188965e+00
-9.083325862884521484e-01
-8.234887719154357910e-01
-2.011934518814086914e+00
-1.168912053108215332e+00
1.284654140472412109e+00
-4.473050832748413086e-01
-7.897958755493164062e-01
2.520684719085693359e+00
-4.492861330509185791e-01
-9.869492053985595703e-01
5.280653238296508789e-01
-3.975973129272460938e-01
-1.050112247467041016e+00
-5.583941936492919922e-01
-1.624415516853332520e+00
-2.629519939422607422e+00
-1.888547420501708984e+00
-6.169074773788452148e-01
-1.601769447326660156e+00
-2.201643466949462891e+00
-2.460628032684326172e+00
-1.820041179656982422e+00
-1.292709589004516602e+00
-2.544759273529052734e+00
-4.380745410919189453e+00
-8.445695638656616211e-01
-9.946671724319458008e-01
6.083327531814575195e-02
-7.212877273559570312e-01
-1.624998450279235840e-02
-6.182619929313659668e-01
-8.575881123542785645e-01
-8.007818460464477539e-01
7.946144938468933105e-01
7.451300621032714844e-01
-1.722965598106384277e+00
9.855419397354125977e-01
-1.534245014190673828e+00
-1.382308602333068848e+00
-7.018895149230957031e-01
-1.546654701232910156e+00
2.516993999481201172e+00
-7.145897150039672852e-01
-1.603015661239624023e-01
-1.202777147293090820e+00
-3.752615451812744141e-01
-1.144871711730957031e+00
-2.757877111434936523e-01
-2.458598375320434570e+00
-1.879708051681518555e+00
3.173758089542388916e-01
-1.104964613914489746e+00
1.632093191146850586e+00
-3.763275146484375000e-01
-2.369981408119201660e-01
-1.901077032089233398e+00
5.085526704788208008e-01
-1.890958786010742188e+00
-1.572538733482360840e+00
-1.183259963989257812e+00
-8.942998051643371582e-01
-8.767586946487426758e-02
9.354329705238342285e-01
-1.084484934806823730e+00
-2.011414527893066406e+00
-2.203319787979125977e+00
1.021524071693420410e-01
-5.249748229980468750e-01
2.390958666801452637e-01
-7.509099245071411133e-01
2.881135940551757812e-01
-8.115850687026977539e-01
1.629952192306518555e-01
7.846852540969848633e-01
-1.055950760841369629e+00
6.737023591995239258e-03
-1.121045112609863281e+00
-9.662986993789672852e-01
-1.100093841552734375e+00
-5.580334663391113281e-01
4.398864805698394775e-01
-7.042506933212280273e-01
-7.476859092712402344e-01
7.517175078392028809e-01
4.628385305404663086e-01
-4.832049906253814697e-01
-2.155570983886718750e+00
-6.322867870330810547e-01
-1.729430437088012695e+00
-1.233995079994201660e+00
-9.486629962921142578e-01
-2.854885101318359375e+00
-1.408155679702758789e+00
4.244868457317352295e-02
-6.456787586212158203e-01
-9.457253813743591309e-01
-1.824196100234985352e+00
-2.840986847877502441e-02
5.869953632354736328e-01
8.539539575576782227e-01
-9.890823364257812500e-01
-4.601611495018005371e-01
8.315156698226928711e-01
9.531988501548767090e-01
-1.622720599174499512e+00
-2.047395706176757812e+00
-5.717033147811889648e-01
-6.188374757766723633e-01
-1.792959213256835938e+00
-1.416369199752807617e+00
6.489703059196472168e-01
-1.216038107872009277e+00
-1.161066889762878418e+00
-6.817255020141601562e-01
-2.552999734878540039e+00
-1.888478994369506836e+00
5.243914723396301270e-01
-2.449928820133209229e-01
-1.334870576858520508e+00
-9.998288154602050781e-01
-1.278940796852111816e+00
-2.388828992843627930e+00
-2.807934045791625977e+00
-3.429145216941833496e-01
6.118197441101074219e-01
-1.940932273864746094e+00
1.902019977569580078e-02
2.109026312828063965e-01
-3.142538547515869141e+00
-1.206234216690063477e+00
1.890122890472412109e-01
3.608525991439819336e-01
-2.681125402450561523e-01
-8.985965251922607422e-01
-1.016316890716552734e+00
1.867147326469421387e+00
-1.194709092378616333e-01
-2.369456291198730469e+00
-1.017683506011962891e+00
-1.133370041847229004e+00
-1.099977493286132812e+00
-4.433166682720184326e-01
-1.550967216491699219e+00
2.010489940643310547e+00
-1.027904152870178223e+00
-8.015805482864379883e-01
-2.040792107582092285e-01
-5.859928131103515625e-01
-5.577346086502075195e-01
-6.481382250785827637e-01
-3.482078909873962402e-01
-2.081262111663818359e+00
-1.062231898307800293e+00
-6.916129589080810547e-02
-2.067592620849609375e+00
-4.820838570594787598e-01
-1.909676790237426758e+00
-2.547217607498168945e-01
1.556972265243530273e+00
2.017255723476409912e-01
-9.066680073738098145e-01
-1.318902969360351562e+00
-1.921071290969848633e+00
5.608188509941101074e-01
1.713669300079345703e-02
-2.407848358154296875e+00
-9.060386419296264648e-01
-6.731766462326049805e-01
-2.662983417510986328e+00
-6.642856001853942871e-01
-9.116822481155395508e-02
-9.632586240768432617e-01
-4.866139888763427734e-01
