-6.629043817520141602e-01
1.264842510223388672e+00
4.870546340942382812e+00
-7.690972089767456055e-01
1.891449213027954102e+00
-7.022278904914855957e-01
-4.221605062484741211e-01
3.960015058517456055e+00
4.273117065429687500e+00
5.000000000000000000e+00
1.421002745628356934e-01
9.994170069694519043e-01
-8.141510486602783203e-01
1.754377961158752441e+00
4.155275344848632812e+00
-5.532240867614746094e-02
3.002770185470581055e+00
1.293979883193969727e+00
5.798292160034179688e-01
2.567334651947021484e+00
2.417874813079833984e+00
-1.603646516799926758e+00
-1.049643158912658691e+00
-6.173815131187438965e-01
1.072483658790588379e+00
8.754635453224182129e-01
2.025521397590637207e-01
5.000000000000000000e+00
4.760481834411621094e+00
8.267451524734497070e-01
1.718168020248413086e+00
4.072303771972656250e-01
5.041726231575012207e-01
8.534666299819946289e-01
-6.611493825912475586e-01
-1.716097593307495117e+00
1.569541573524475098e+00
2.686805963516235352e+00
-3.568035364151000977e-02
3.469558954238891602e+00
5.000000000000000000e+00
4.556781768798828125e+00
2.962146043777465820e+00
-1.129032373428344727e-01
2.120029926300048828e+00
1.404543995857238770e+00
1.079160690307617188e+00
1.594357848167419434e+00
5.000000000000000000e+00
-6.859791278839111328e-01
1.019968509674072266e+00
2.019790649414062500e+00
2.407487034797668457e-01
-3.399727344512939453e-01
6.965203285217285156e-01
-2.253043174743652344e+00
-5.027924776077270508e-01
3.804420232772827148e+00
4.993528842926025391e+00
4.755111217498779297e+00
3.548908948898315430e+00
3.411835670471191406e+00
1.912333250045776367e+00
-1.148432850837707520e+00
-1.998255729675292969e+00
7.733098268508911133e-01
-4.827383458614349365e-01
-2.130281925201416016e+00
-1.196781754493713379e+00
-2.172670841217041016e+00
9.042664766311645508e-01
3.667237043380737305e+00
2.393591403961181641e+00
1.163983106613159180e+00
4.397498369216918945e-01
5.000000000000000000e+00
9.836568236351013184e-01
5.000000000000000000e+00
5.530127882957458496e-01
-3.886509537696838379e-01
1.019263505935668945e+00
-8.630889654159545898e-02
4.129534959793090820e-01
9.456493854522705078e-01
5.000000000000000000e+00
-1.577891707420349121e-01
4.626965045928955078e+00
-7.222217917442321777e-01
5.000000000000000000e+00
-3.108054399490356445e-01
1.001724481582641602e+00
7.669519186019897461e-01
-3.602991700172424316e-01
1.917015790939331055e+00
-1.765069067478179932e-01
8.103157281875610352e-01
4.821318984031677246e-01
-4.663584828376770020e-01
3.401812553405761719e+00
-4.133181273937225342e-01
4.991714954376220703e-01
-1.777606964111328125e+00
1.013899803161621094e+00
3.596744537353515625e+00
3.193127632141113281e+00
9.701502323150634766e-02
-2.301473617553710938e+00
4.354269981384277344e+00
-3.703776597976684570e-01
1.252362847328186035e+00
6.363520622253417969e-01
2.274559497833251953e+00
2.700891494750976562e+00
2.035984516143798828e+00
-7.017654180526733398e-01
1.360313177108764648e+00
1.883854269981384277e+00
4.913216590881347656e+00
2.706771135330200195e+00
1.029495954513549805e+00
5.000000000000000000e+00
4.401818752288818359e+00
2.468316793441772461e+00
3.211255073547363281e-01
-5.918712615966796875e-01
-1.359199881553649902e+00
3.637993812561035156e+00
-7.435122132301330566e-01
4.294996738433837891e+00
3.464030504226684570e+00
-1.204344034194946289e+00
3.068899810314178467e-01
-5.389088392257690430e-01
-1.801499128341674805e+00
5.000000000000000000e+00
3.557364940643310547e+00
6.921923160552978516e-02
6.551147103309631348e-01
2.743305683135986328e+00
5.575469732284545898e-01
-1.332236051559448242e+00
1.651061892509460449e+00
1.563295602798461914e+00
3.804755687713623047e+00
5.000000000000000000e+00
5.000000000000000000e+00
-2.112947463989257812e+00
-3.154759705066680908e-01
1.358162403106689453e+00
4.929816246032714844e+00
5.000000000000000000e+00
1.384098291397094727e+00
4.202008247375488281e-02
-9.125624299049377441e-01
1.984308958053588867e+00
3.723809242248535156e+00
1.103322148323059082e+00
3.719399690628051758e+00
1.420174598693847656e+00
2.256911516189575195e+00
-1.086198806762695312e+00
-9.789219498634338379e-01
-1.128448128700256348e+00
-2.541370630264282227e+00
3.911058425903320312e+00
5.000000000000000000e+00
5.000000000000000000e+00
4.439762532711029053e-01
5.000000000000000000e+00
5.000000000000000000e+00
3.506587982177734375e+00
3.170714378356933594e-01
-9.806394577026367188e-01
2.502164125442504883e+00
3.667213916778564453e+00
-7.295603752136230469e-01
5.000000000000000000e+00
-5.152884721755981445e-01
1.301197886466979980e+00
-1.064503073692321777e+00
3.266511440277099609e+00
5.000000000000000000e+00
-5.526694774627685547e+00
-4.325091838836669922e-01
1.268604516983032227e+00
3.163324117660522461e+00
4.958419799804687500e+00
2.781100273132324219e-01
-1.391897678375244141e+00
3.660588502883911133e+00
1.587632894515991211e-01
-6.832646131515502930e-01
1.332716941833496094e-01
3.872736930847167969e+00
1.375478148460388184e+00
5.000000000000000000e+00
5.000000000000000000e+00
1.936927795410156250e+00
-1.624320387840270996e+00
-2.213051021099090576e-01
2.051651000976562500e+00
4.078939437866210938e+00
4.468468189239501953e+00
6.536579132080078125e-01
-1.559097290039062500e+00
4.840231895446777344e+00
-2.760452032089233398e-02
-1.500335216522216797e+00
-9.675374627113342285e-02
6.862985491752624512e-01
-4.227214455604553223e-01
-6.626847982406616211e-01
2.879908561706542969e+00
4.910674571990966797e+00
8.082708120346069336e-01
3.386641502380371094e+00
5.000000000000000000e+00
4.874294281005859375e+00
-5.606317520141601562e-01
5.000000000000000000e+00
1.920757055282592773e+00
5.795585513114929199e-01
-5.199509859085083008e-01
-7.696206569671630859e-01
3.182147026062011719e+00
-1.699167490005493164e+00
4.945346355438232422e+00
-1.189478754997253418e+00
3.348671197891235352e+00
3.323872566223144531e+00
6.295747756958007812e-01
5.603002309799194336e-01
1.222080707550048828e+00
2.569259166717529297e+00
5.000000000000000000e+00
1.284712195396423340e+00
1.418391227722167969e+00
4.090942442417144775e-01
2.647222995758056641e+00
1.662127494812011719e+00
1.346703767776489258e-01
-1.196256518363952637e+00
2.667902231216430664e+00
1.113311171531677246e+00
-6.240674853324890137e-02
6.801691055297851562e-01
-1.942199945449829102e+00
-5.790197849273681641e-02
-9.030458331108093262e-02
-2.087219953536987305e-01
-2.846857547760009766e+00
4.371387004852294922e+00
-6.686354875564575195e-01
1.382590055465698242e+00
1.263201236724853516e-03
4.945301055908203125e+00
-1.926391005516052246e+00
-1.435832381248474121e+00
-1.260704398155212402e+00
-6.920127272605895996e-01
-1.546274304389953613e+00
1.669464945793151855e+00
1.081895828247070312e+00
-1.777850270271301270e+00
1.245077490806579590e+00
-1.649538397789001465e+00
5.849707126617431641e-02
2.711102962493896484e+00
4.265027046203613281e+00
1.283705830574035645e-01
3.197101593017578125e+00
3.790241718292236328e+00
-6.070369482040405273e-02
4.333976745605468750e+00
-5.578157305717468262e-02
3.845505237579345703e+00
2.146640419960021973e-02
1.854656338691711426e-01
5.000000000000000000e+00
5.000000000000000000e+00
-2.347770035266876221e-01
3.733309805393218994e-01
8.820590376853942871e-01
3.352989196777343750e+00
1.758838295936584473e-01
5.000000000000000000e+00
2.708391189575195312e+00
-3.216799795627593994e-01
5.700012445449829102e-01
5.903387665748596191e-01
5.000000000000000000e+00
-4.141477346420288086e-01
2.801213741302490234e+00
5.000000000000000000e+00
-6.497420310974121094e+00
3.436070919036865234e+00
4.376824378967285156e+00
-2.159456729888916016e+00
4.908781051635742188e+00
-6.448284387588500977e-01
-2.945614457130432129e-01
-9.705324769020080566e-01
-6.363290548324584961e-01
-2.048229575157165527e-01
-1.638743638992309570e+00
1.946581959724426270e+00
-2.094928026199340820e+00
5.066515803337097168e-01
5.128991007804870605e-01
2.698375701904296875e+00
-1.391108036041259766e+00
-8.219305872917175293e-01
1.012543439865112305e+00
5.000000000000000000e+00
-8.909552693367004395e-01
-6.514271497726440430e-01
5.000000000000000000e+00
-2.708112716674804688e+00
2.077921390533447266e+00
2.083354949951171875e+00
6.759306788444519043e-01
2.338144302368164062e+00
4.468432426452636719e+00
-5.908490419387817383e-01
-1.530638933181762695e+00
-1.677046179771423340e+00
-1.622308254241943359e+00
-3.201421737670898438e+00
3.242655992507934570e+00
5.000000000000000000e+00
-1.033309459686279297e+00
-1.519359469413757324e+00
2.106348514556884766e+00
1.299744844436645508e-01
5.614944696426391602e-01
-2.879358530044555664e-01
6.048480868339538574e-01
-5.852363109588623047e-01
3.132385492324829102e+00
2.008618116378784180e+00
3.390636444091796875e+00
-8.092240095138549805e-01
5.694397687911987305e-01
-4.583123326301574707e-01
-1.281344532966613770e+00
-1.176774978637695312e+00
8.001961708068847656e-01
-1.157558679580688477e+00
3.178823947906494141e+00
-4.639536440372467041e-01
2.337338447570800781e+00
-6.417497992515563965e-01
1.690897703170776367e+00
4.697480797767639160e-01
5.000000000000000000e+00
-2.920837163925170898e+00
-2.056537866592407227e-01
4.149466037750244141e+00
3.312661170959472656e+00
-3.004475116729736328e+00
-2.213725805282592773e+00
1.821055531501770020e+00
3.459313869476318359e+00
-1.356863975524902344e+00
3.166525363922119141e+00
1.648635745048522949e+00
-1.124405503273010254e+00
1.593699693679809570e+00
1.001249551773071289e+00
1.084843635559082031e+00
4.664971828460693359e+00
-1.522460699081420898e+00
3.440271854400634766e+00
3.350337505340576172e+00
2.086736440658569336e+00
-5.162681341171264648e-01
-1.932778239250183105e+00
5.000000000000000000e+00
2.995309591293334961e+00
1.218357205390930176e+00
-2.155987918376922607e-01
4.983185291290283203e+00
5.000000000000000000e+00
2.323286533355712891e+00
1.785161018371582031e+00
-6.664651632308959961e-01
5.000000000000000000e+00
-2.600834369659423828e-01
-1.055777668952941895e+00
-1.292777061462402344e-01
5.000000000000000000e+00
-1.820336341857910156e+00
1.374977469444274902e+00
3.849329948425292969e+00
-5.304794311523437500e-01
3.560114383697509766e+00
1.073969364166259766e+00
2.167626619338989258e+00
5.256644487380981445e-01
1.484770774841308594e+00
2.756015300750732422e+00
5.000000000000000000e+00
4.804687500000000000e+00
-1.798985600471496582e-01
-1.074290275573730469e-02
5.000000000000000000e+00
-8.980953097343444824e-01
3.387675523757934570e+00
1.459037899971008301e+00
2.760985851287841797e+00
4.099357604980468750e+00
9.059985876083374023e-01
1.594704747200012207e+00
-2.206108570098876953e+00
-1.639512062072753906e+00
1.864286065101623535e+00
3.783218860626220703e+00
3.399270474910736084e-01
5.000000000000000000e+00
5.000000000000000000e+00
5.000000000000000000e+00
1.758205890655517578e+00
1.351093053817749023e+00
2.171860456466674805e+00
4.133611679077148438e+00
-2.998618483543395996e-01
5.000000000000000000e+00
1.466801404953002930e+00
-1.461238026618957520e+00
-1.276327848434448242e+00
1.743823289871215820e-01
5.000000000000000000e+00
4.610537528991699219e+00
2.332505226135253906e+00
1.065868437290191650e-01
-2.092862367630004883e+00
-3.962579250335693359e+00
2.047868728637695312e+00
-1.477595090866088867e+00
5.000000000000000000e+00
-1.620326280593872070e+00
1.490088224411010742e+00
1.027996182441711426e+00
4.694085121154785156e+00
5.000000000000000000e+00
-1.690867245197296143e-01
3.795674324035644531e+00
2.662042617797851562e+00
1.558517515659332275e-01
3.061650991439819336e-01
-4.210437536239624023e-01
-1.448196053504943848e+00
-4.582809209823608398e-01
5.000000000000000000e+00
5.000000000000000000e+00
-1.309505581855773926e+00
5.000000000000000000e+00
5.368772149085998535e-01
1.773058414459228516e+00
4.840428829193115234e+00
7.608680129051208496e-01
7.340123653411865234e-01
4.434026718139648438e+00
1.538679242134094238e+00
-1.550896406173706055e+00
2.790410518646240234e+00
3.796232223510742188e+00
-2.133429050445556641e+00
-1.422791004180908203e+00
-5.533189177513122559e-01
3.103335857391357422e+00
7.961775660514831543e-01
3.336735963821411133e+00
8.695561885833740234e-01
-4.021167755126953125e-01
5.000000000000000000e+00
-1.209622859954833984e+00
5.000000000000000000e+00
4.265484809875488281e+00
1.879552006721496582e-02
1.785278201103210449e+00
5.000000000000000000e+00
2.097573757171630859e+00
-3.791559338569641113e-01
3.175970077514648438e+00
2.373191833496093750e+00
3.541681051254272461e+00
4.950639724731445312e+00
7.975529432296752930e-01
7.379230856895446777e-02
-3.724872469902038574e-01
-1.351924896240234375e+00
1.520956158638000488e-01
-8.261557817459106445e-01
3.250890254974365234e+00
-2.148822307586669922e+00
1.876263380050659180e+00
2.875308036804199219e+00
-1.078944087028503418e+00
2.889074563980102539e+00
2.551135778427124023e+00
-3.762036561965942383e-01
8.797687292098999023e-01
-7.611395716667175293e-01
4.617434442043304443e-01
4.525664806365966797e+00
2.718569040298461914e-01
2.308672666549682617e-02
4.333984851837158203e+00
5.897954702377319336e-01
-7.248064279556274414e-01
1.186187386512756348e+00
-2.988481044769287109e+00
4.816650390625000000e+00
1.559194922447204590e+00
1.170115351676940918e+00
3.712925910949707031e+00
2.560647964477539062e+00
4.586719989776611328e+00
4.187008380889892578e+00
2.618654966354370117e-01
-1.589738011360168457e+00
4.339715957641601562e+00
3.552006006240844727e+00
-3.417342424392700195e+00
-6.095162630081176758e-01
4.509529113769531250e+00
-1.245980024337768555e+00
-3.186339139938354492e-01
2.379702568054199219e+00
5.635554790496826172e-01
3.268176555633544922e+00
3.993459463119506836e+00
4.901512622833251953e+00
3.659654617309570312e+00
-4.466141462326049805e-01
-4.405893981456756592e-01
-1.411913633346557617e+00
3.548260688781738281e+00
-3.096719384193420410e-01
1.076835751533508301e+00
-2.607203125953674316e-01
4.330044746398925781e+00
8.527402877807617188e-01
7.149853110313415527e-01
2.892935514450073242e+00
4.058085083961486816e-01
2.106136798858642578e+00
3.429191112518310547e+00
1.200353384017944336e+00
5.334749221801757812e-01
3.202175140380859375e+00
-1.419392347335815430e+00
1.036987781524658203e+00
1.703870773315429688e+00
4.839077591896057129e-01
4.418318271636962891e+00
1.554110050201416016e-01
5.000000000000000000e+00
3.920988559722900391e+00
5.000000000000000000e+00
4.555820941925048828e+00
-1.204399704933166504e+00
-6.263363361358642578e-02
5.000000000000000000e+00
4.661754131317138672e+00
3.127215147018432617e+00
2.883276939392089844e+00
5.000000000000000000e+00
3.958813667297363281e+00
5.000000000000000000e+00
3.274616241455078125e+00
5.000000000000000000e+00
-1.953508615493774414e+00
2.539726734161376953e+00
-2.466216802597045898e+00
3.459214687347412109e+00
-2.382743597030639648e+00
8.858606219291687012e-01
1.883104801177978516e+00
-3.824716508388519287e-01
-2.195066213607788086e-02
4.448952674865722656e+00
-1.414513230323791504e+00
4.220154762268066406e+00
2.324126243591308594e+00
1.747437000274658203e+00
-1.769115328788757324e-01
2.767877578735351562e+00
5.000000000000000000e+00
5.000000000000000000e+00
3.737241029739379883e+00
-1.460507512092590332e-01
1.842260837554931641e+00
4.395260810852050781e+00
3.991023540496826172e+00
4.675633430480957031e+00
1.570391416549682617e+00
5.000000000000000000e+00
2.705620050430297852e+00
2.906747817993164062e+00
-6.999096870422363281e-01
-1.515612721443176270e+00
-6.548861861228942871e-01
-1.834862709045410156e+00
-1.421398878097534180e+00
4.734872341156005859e+00
3.604682683944702148e+00
-9.539859890937805176e-01
-1.264869213104248047e+00
4.807323932647705078e+00
2.211996793746948242e+00
3.606785297393798828e+00
-8.446274995803833008e-01
-9.936547279357910156e-01
4.644319534301757812e+00
-2.909458875656127930e-01
-9.281545877456665039e-01
-2.470154285430908203e+00
1.964078307151794434e+00
-9.959042072296142578e-03
2.284609556198120117e+00
2.299603462219238281e+00
4.646322250366210938e+00
-2.121202349662780762e-01
-7.385627627372741699e-01
5.997745394706726074e-01
4.539516448974609375e+00
3.174480676651000977e+00
4.855247974395751953e+00
-2.842423915863037109e-01
3.857031822204589844e+00
-7.690967321395874023e-01
1.710471153259277344e+00
-1.572224378585815430e+00
4.996012687683105469e+00
2.601267576217651367e+00
-2.084354758262634277e-01
5.531532764434814453e-01
2.653764247894287109e+00
4.933474063873291016e+00
3.057184219360351562e+00
2.991865634918212891e+00
1.218180894851684570e+00
-1.603833675384521484e+00
2.298342704772949219e+00
-1.308124303817749023e+00
3.722780942916870117e-02
1.125374794006347656e+00
2.454365968704223633e+00
2.705887794494628906e+00
5.000000000000000000e+00
-6.581175327301025391e-02
2.503926277160644531e+00
-5.559594035148620605e-01
-1.059337973594665527e+00
1.977755188941955566e+00
5.000000000000000000e+00
4.066552639007568359e+00
2.561112642288208008e-01
-9.262582063674926758e-01
4.615111351013183594e+00
1.627242445945739746e+00
-3.543261885643005371e-01
5.226844549179077148e-01
-1.219857215881347656e+00
2.546504974365234375e+00
1.424322128295898438e+00
3.169685602188110352e-01
1.460153698921203613e+00
1.846864223480224609e+00
-1.086839437484741211e+00
4.743508815765380859e+00
-5.016922950744628906e-01
5.000000000000000000e+00
1.316336870193481445e+00
5.000000000000000000e+00
5.000000000000000000e+00
1.026098728179931641e-01
-3.820195794105529785e-02
2.321382761001586914e+00
2.166544914245605469e+00
1.574298501014709473e+00
-2.368445634841918945e+00
4.385286808013916016e+00
3.313646078109741211e+00
1.226941347122192383e-01
-3.203031420707702637e-01
3.057384729385375977e+00
4.058873176574707031e+00
4.350761890411376953e+00
4.589057922363281250e+00
-1.991897225379943848e-01
