3.119820833206176758e+00
-1.666706204414367676e+00
4.460247516632080078e+00
4.997988224029541016e+00
7.701653242111206055e-01
-1.608266592025756836e+00
5.000000000000000000e+00
-3.972329497337341309e-01
1.462595701217651367e+00
-1.433177292346954346e-01
1.112647056579589844e+00
5.000000000000000000e+00
1.003770828247070312e+00
-1.154651403427124023e+00
-1.520229816436767578e+00
2.512001514434814453e+00
-1.237166166305541992e+00
1.132004857063293457e+00
3.243862152099609375e+00
-2.467786312103271484e+00
3.546283245086669922e+00
-5.545208454132080078e-01
4.350843906402587891e+00
-1.333228826522827148e+00
3.518516063690185547e+00
-1.178855895996093750e+00
-1.805549979209899902e+00
3.664525747299194336e-01
-2.879740297794342041e-01
2.596739292144775391e+00
-3.456691503524780273e-01
5.000000000000000000e+00
3.012149333953857422e+00
-1.706044912338256836e+00
2.571535587310791016e+00
2.942601442337036133e+00
1.326938390731811523e+00
-1.397601723670959473e+00
-6.421153545379638672e-01
4.485321044921875000e+00
3.504937648773193359e+00
3.683898210525512695e+00
5.000000000000000000e+00
-6.046136021614074707e-01
3.140994071960449219e+00
-1.248122453689575195e+00
4.180674552917480469e+00
1.259587883949279785e+00
-1.074646711349487305e-01
1.458651304244995117e+00
1.599282741546630859e+00
-1.445636510848999023e+00
2.789800167083740234e+00
-2.914271354675292969e-01
-1.453849077224731445e+00
2.289355516433715820e+00
5.000000000000000000e+00
8.362573385238647461e-02
1.889394760131835938e+00
2.508017063140869141e+00
5.000000000000000000e+00
4.382090091705322266e+00
5.000000000000000000e+00
3.615821003913879395e-01
-1.292801380157470703e+00
2.509094953536987305e+00
-7.825397849082946777e-01
1.890841126441955566e-02
-2.577058672904968262e-01
1.817308425903320312e+00
-2.151345014572143555e-01
2.111382782459259033e-02
1.840447902679443359e+00
-2.066489458084106445e-01
1.752567410469055176e+00
3.438626289367675781e+00
5.000000000000000000e+00
5.000000000000000000e+00
9.165897369384765625e-01
2.568339109420776367e+00
9.821701049804687500e-02
2.000846385955810547e+00
1.346671104431152344e+00
-1.444590091705322266e-02
1.223382234573364258e+00
1.356692552566528320e+00
2.922841548919677734e+00
-1.969410777091979980e-01
-4.958829879760742188e-01
-1.078589558601379395e+00
-6.064851880073547363e-01
5.000000000000000000e+00
-1.883003413677215576e-01
-1.121903181076049805e+00
-2.485942840576171875e+00
3.784131765365600586e+00
-8.835597634315490723e-01
5.000000000000000000e+00
-6.374872922897338867e-01
3.450528144836425781e+00
-1.910099267959594727e+00
2.977367162704467773e+00
-9.102541804313659668e-01
3.962172031402587891e+00
3.732330322265625000e+00
2.107888221740722656e+00
-1.335417509078979492e+00
4.522972106933593750e+00
4.901772975921630859e+00
-5.164227485656738281e-01
1.705535411834716797e+00
-3.127402067184448242e-02
-8.073290586471557617e-01
-1.197802186012268066e+00
1.857644557952880859e+00
2.002575993537902832e-01
-1.522449731826782227e+00
1.003930687904357910e+00
4.466624259948730469e+00
2.054940938949584961e+00
5.000000000000000000e+00
1.052098870277404785e-01
-1.252536177635192871e+00
3.802689075469970703e+00
1.701817989349365234e+00
5.000000000000000000e+00
5.000000000000000000e+00
-8.276645541191101074e-01
4.610904216766357422e+00
4.646614074707031250e+00
5.000000000000000000e+00
2.219385862350463867e+00
-8.076006770133972168e-01
3.994914054870605469e+00
3.407690763473510742e+00
7.516500353813171387e-01
4.855448246002197266e+00
5.000000000000000000e+00
3.168107986450195312e+00
-5.859233140945434570e-01
4.953179836273193359e+00
-3.288364410400390625e-02
-1.329698324203491211e+00
-1.422995924949645996e-01
-1.960992813110351562e-01
4.839711189270019531e+00
5.090777277946472168e-01
1.835774898529052734e+00
-1.904015779495239258e+00
-3.429192304611206055e-02
4.723551750183105469e+00
1.751860141754150391e+00
-7.583261132240295410e-01
3.196353673934936523e+00
-5.511320829391479492e-01
-9.060343503952026367e-01
9.875497817993164062e-01
-1.363327383995056152e+00
4.173802852630615234e+00
4.839113235473632812e+00
9.299235939979553223e-01
2.682949304580688477e+00
4.402719438076019287e-01
1.083601117134094238e+00
4.841981530189514160e-01
4.343667030334472656e+00
1.733292818069458008e+00
-1.804963827133178711e+00
4.063166618347167969e+00
2.824753999710083008e+00
5.920291543006896973e-01
-4.185543060302734375e-01
4.356754779815673828e+00
3.475277900695800781e+00
1.249055385589599609e+00
3.608251571655273438e+00
-1.177272558212280273e+00
-6.755963563919067383e-01
-8.880735039710998535e-01
4.540756940841674805e-01
3.828201532363891602e+00
-7.587295770645141602e-02
3.148876190185546875e+00
7.116115093231201172e-02
-1.684594392776489258e+00
-2.413145005702972412e-01
4.399281501770019531e+00
5.000000000000000000e+00
3.772866725921630859e-01
3.702894687652587891e+00
-3.353625535964965820e-03
-1.212346792221069336e+00
5.853401422500610352e-01
5.000000000000000000e+00
3.180008649826049805e+00
4.629426002502441406e+00
-5.493881702423095703e-01
1.505305051803588867e+00
-1.163356065750122070e+00
3.956493377685546875e+00
1.276214718818664551e-01
6.292938590049743652e-01
3.401488065719604492e-02
3.391836881637573242e-01
3.626234769821166992e+00
5.000000000000000000e+00
-9.802985787391662598e-01
-1.058363199234008789e+00
4.520554065704345703e+00
3.732413291931152344e+00
8.173094987869262695e-01
1.462005138397216797e+00
-3.870656192302703857e-01
-1.608086347579956055e+00
-2.996122360229492188e+00
4.138135433197021484e+00
-4.908689856529235840e-01
1.237836241722106934e+00
-6.886783838272094727e-01
-1.631555795669555664e+00
2.377841472625732422e+00
5.000000000000000000e+00
8.228015899658203125e-01
5.049734711647033691e-01
-1.302650332450866699e+00
-8.822286128997802734e-01
4.274015903472900391e+00
4.692785263061523438e+00
-2.725068569183349609e+00
4.130031585693359375e+00
4.972909927368164062e+00
1.076745986938476562e-01
5.000000000000000000e+00
-6.193259954452514648e-01
-1.323081254959106445e-01
1.383687853813171387e-01
3.501610755920410156e+00
4.500851631164550781e+00
-5.082359910011291504e-02
2.240645408630371094e+00
5.000000000000000000e+00
-1.947568655014038086e+00
4.981011390686035156e+00
1.947533965110778809e+00
1.425858020782470703e+00
4.797460079193115234e+00
4.019306659698486328e+00
4.923557281494140625e+00
4.690316200256347656e+00
4.339107513427734375e+00
4.597866058349609375e+00
-2.521044254302978516e+00
-8.159360289573669434e-02
9.237059950828552246e-01
-8.193583488464355469e-01
1.013453245162963867e+00
9.642235636711120605e-01
2.081523895263671875e+00
-1.227037072181701660e+00
8.299689292907714844e-01
1.007062077522277832e+00
4.967276453971862793e-01
5.000000000000000000e+00
3.591480851173400879e-01
-3.601306676864624023e-01
4.985416412353515625e+00
1.595825791358947754e+00
6.151522397994995117e-01
6.188421249389648438e-01
-4.096267521381378174e-01
1.617048740386962891e+00
2.585783004760742188e+00
4.441022872924804688e+00
5.000000000000000000e+00
-2.363417625427246094e+00
1.827981114387512207e+00
1.525636672973632812e+00
1.409222602844238281e+00
-2.540582716464996338e-01
1.033604502677917480e+00
3.548622608184814453e+00
-2.183203935623168945e+00
-3.258012533187866211e+00
1.901275873184204102e+00
5.000000000000000000e+00
1.033779501914978027e+00
-5.524758100509643555e-01
5.000000000000000000e+00
3.822326183319091797e+00
-1.117553830146789551e+00
2.462875843048095703e+00
8.618688583374023438e-01
-1.092303752899169922e+00
-4.567812383174896240e-01
8.722354173660278320e-01
4.695147991180419922e+00
4.567095637321472168e-01
-5.040392279624938965e-01
-7.649053335189819336e-01
-4.756654798984527588e-01
3.436127185821533203e+00
5.000000000000000000e+00
5.237145423889160156e-01
-1.610804200172424316e-01
4.204492568969726562e+00
4.253233909606933594e+00
-2.954666018486022949e-01
-1.314976453781127930e+00
-1.160602688789367676e+00
-3.721901774406433105e-01
1.212751984596252441e+00
1.137541532516479492e+00
1.163997173309326172e+00
-3.572390675544738770e-01
-1.274364590644836426e-01
-6.355576515197753906e-01
-4.720446765422821045e-01
9.374234080314636230e-02
2.002198934555053711e+00
3.551759243011474609e+00
-4.415436387062072754e-01
-2.669539451599121094e-01
5.000000000000000000e+00
-9.374347925186157227e-01
3.406684637069702148e+00
-9.956266880035400391e-01
3.316067457199096680e-01
2.616872310638427734e+00
-1.322241306304931641e+00
-7.910180091857910156e-01
2.789661407470703125e+00
3.650231599807739258e+00
9.982016682624816895e-01
2.272755146026611328e+00
5.000000000000000000e+00
-2.253994345664978027e-01
-6.982444524765014648e-01
2.337697148323059082e-01
-2.088577270507812500e+00
5.335595011711120605e-01
1.144851446151733398e-01
2.658025741577148438e+00
2.321097850799560547e+00
-2.497635185718536377e-01
-1.711951255798339844e+00
-1.035336613655090332e+00
-1.150197982788085938e+00
3.924116492271423340e-01
-5.208853483200073242e-01
-6.061314344406127930e-01
4.231489181518554688e+00
-6.329042911529541016e-01
5.000000000000000000e+00
5.000000000000000000e+00
1.630631089210510254e-01
5.000000000000000000e+00
3.220921516418457031e+00
-7.813805341720581055e-01
3.166127920150756836e+00
5.000000000000000000e+00
-2.339804410934448242e+00
-3.351503610610961914e-01
-3.905864953994750977e-01
4.200945854187011719e+00
-2.793923616409301758e-01
-3.227290511131286621e-01
-9.032088518142700195e-01
5.000000000000000000e+00
-7.485890388488769531e-01
-1.322196960449218750e+00
-6.462539434432983398e-01
4.245317459106445312e+00
-1.755976676940917969e-01
3.226545810699462891e+00
-2.624680399894714355e-01
7.554283142089843750e-01
-1.188113331794738770e+00
-1.020488977432250977e+00
-8.612478971481323242e-01
3.196992874145507812e+00
-3.209967613220214844e-01
5.000000000000000000e+00
3.702026009559631348e-01
1.729255557060241699e+00
6.002892255783081055e-01
5.000000000000000000e+00
4.034184455871582031e+00
4.851623535156250000e+00
3.235893487930297852e+00
5.000000000000000000e+00
-7.774797081947326660e-01
2.072347402572631836e+00
3.836733341217041016e+00
1.631763219833374023e+00
-4.405722916126251221e-01
1.469679117202758789e+00
-1.185779333114624023e+00
-1.278560996055603027e+00
3.757195234298706055e+00
-1.451697707176208496e+00
-2.294968366622924805e-01
1.880221486091613770e+00
-1.244037985801696777e+00
-9.343218207359313965e-01
-4.123118817806243896e-01
3.571273386478424072e-01
-6.022257804870605469e-01
4.039036750793457031e+00
4.074282646179199219e-01
4.354440689086914062e+00
9.807285070419311523e-01
-1.480055570602416992e+00
9.087945818901062012e-01
-3.263567686080932617e-01
1.512070775032043457e+00
4.639629364013671875e+00
5.000000000000000000e+00
-1.078696012496948242e+00
-1.362977385520935059e+00
4.999890804290771484e+00
5.000000000000000000e+00
3.280897617340087891e+00
-6.077334284782409668e-01
1.569551229476928711e-02
1.749379873275756836e+00
4.454196453094482422e+00
-1.730880141258239746e+00
-1.158656835556030273e+00
4.663989067077636719e+00
3.884598731994628906e+00
1.645836830139160156e-01
2.505162954330444336e+00
1.191563159227371216e-01
1.056015133857727051e+00
2.910173892974853516e+00
-5.374431610107421875e-03
-4.877507388591766357e-01
4.047496795654296875e+00
4.368593692779541016e+00
-1.249203920364379883e+00
3.621986865997314453e+00
4.374897480010986328e+00
-8.700730204582214355e-01
-1.589395761489868164e+00
1.741609573364257812e+00
-2.747708797454833984e+00
-3.095339298248291016e+00
5.000000000000000000e+00
-5.973165035247802734e-01
2.569502353668212891e+00
4.338449001312255859e+00
4.195366859436035156e+00
4.658311843872070312e+00
1.404597997665405273e+00
1.014330148696899414e+00
5.000000000000000000e+00
4.396011233329772949e-01
5.124731063842773438e-01
-2.004233598709106445e-01
-7.469371557235717773e-01
-1.647738933563232422e+00
8.408027887344360352e-01
5.000000000000000000e+00
-2.474141120910644531e-01
2.753139734268188477e-01
-1.724633216857910156e+00
2.304339408874511719e+00
3.361556529998779297e+00
5.000000000000000000e+00
2.656577825546264648e+00
-9.720003604888916016e-02
4.645629882812500000e+00
1.015189290046691895e+00
8.636104464530944824e-01
-7.991150617599487305e-01
9.700776338577270508e-01
3.807216405868530273e+00
2.169365644454956055e+00
3.235510349273681641e+00
1.612833738327026367e-01
2.547820329666137695e+00
4.380074501037597656e+00
1.419454813003540039e+00
2.762742042541503906e+00
-1.200833082199096680e+00
5.000000000000000000e+00
4.030963897705078125e+00
1.914162039756774902e-01
7.718756794929504395e-02
-5.074827671051025391e-01
4.841481208801269531e+00
1.038486123085021973e+00
1.516615152359008789e-01
-9.213278889656066895e-01
-2.321757674217224121e-01
1.109001994132995605e+00
2.945060729980468750e+00
2.837125778198242188e+00
-6.092424988746643066e-01
6.882542371749877930e-01
-6.664512753486633301e-01
6.177258491516113281e-01
4.829582214355468750e+00
-1.384268760681152344e+00
2.829466104507446289e+00
5.000000000000000000e+00
5.000000000000000000e+00
-1.647069811820983887e+00
-1.644860982894897461e+00
4.380795001983642578e+00
4.798748970031738281e+00
-1.833352088928222656e+00
2.757793426513671875e+00
9.467095732688903809e-01
5.000000000000000000e+00
-1.299798011779785156e+00
5.000000000000000000e+00
1.486998796463012695e+00
-1.204881906509399414e+00
4.229457855224609375e+00
-8.784581422805786133e-01
3.440545082092285156e+00
3.606618642807006836e+00
3.087937355041503906e+00
6.038446426391601562e-01
-4.830352365970611572e-01
-4.731693863868713379e-02
8.530382513999938965e-01
1.189582347869873047e+00
-1.003817558288574219e+00
3.969559669494628906e+00
-3.812266290187835693e-01
-2.663677215576171875e+00
7.584866881370544434e-01
-6.671605110168457031e-01
1.814821958541870117e+00
1.426998138427734375e+00
5.000000000000000000e+00
-6.968277096748352051e-01
5.000000000000000000e+00
-1.633383512496948242e+00
1.057754278182983398e+00
-7.237675786018371582e-01
6.852059364318847656e-01
-2.815605401992797852e-01
-7.155576944351196289e-01
2.763582229614257812e+00
-2.578551173210144043e-01
1.178265094757080078e+00
4.463407516479492188e+00
4.509821891784667969e+00
5.000000000000000000e+00
2.797899246215820312e+00
4.256848335266113281e+00
3.759731054306030273e+00
-1.681045770645141602e+00
1.373797953128814697e-01
2.926238179206848145e-01
1.259139299392700195e+00
-6.393716931343078613e-01
5.000000000000000000e+00
-1.322641015052795410e+00
5.184363126754760742e-01
-2.988705933094024658e-01
2.357284784317016602e+00
5.000000000000000000e+00
5.000000000000000000e+00
9.554150700569152832e-02
-1.296478986740112305e+00
2.160349845886230469e+00
-1.160526514053344727e+00
5.000000000000000000e+00
5.000000000000000000e+00
8.421876430511474609e-01
-6.245892494916915894e-02
4.709293365478515625e+00
2.640838146209716797e+00
1.807750701904296875e+00
5.000000000000000000e+00
5.000000000000000000e+00
3.154857397079467773e+00
1.019762516021728516e+00
4.820190906524658203e+00
-2.069655895233154297e+00
1.494944572448730469e+00
-6.378793716430664062e-01
4.971533715724945068e-01
2.712590217590332031e+00
5.000000000000000000e+00
1.818398594856262207e+00
4.337929248809814453e+00
2.753746986389160156e+00
4.897727012634277344e+00
5.000000000000000000e+00
-4.427556991577148438e-01
4.995859622955322266e+00
7.886189222335815430e-01
-9.922686219215393066e-01
6.104499697685241699e-01
4.730010032653808594e+00
5.000000000000000000e+00
4.034424126148223877e-01
1.994087457656860352e+00
5.332496166229248047e-01
-1.223128437995910645e+00
5.000000000000000000e+00
4.143010139465332031e+00
3.668343067169189453e+00
-7.551884651184082031e-01
9.647268056869506836e-02
-7.128202915191650391e-02
4.850089073181152344e+00
1.251721978187561035e-01
4.285202503204345703e+00
-1.836905717849731445e+00
6.990691423416137695e-01
3.377341508865356445e+00
1.361450672149658203e+00
5.000000000000000000e+00
4.472818374633789062e+00
5.000000000000000000e+00
1.240638494491577148e+00
3.164467811584472656e+00
-5.803735256195068359e-01
2.239939689636230469e+00
1.399874836206436157e-01
-8.861013054847717285e-01
-9.402272105216979980e-01
1.783525645732879639e-01
1.841017246246337891e+00
-5.504764318466186523e-01
2.758757591247558594e+00
3.626000404357910156e+00
-4.694743752479553223e-01
5.000000000000000000e+00
-1.745760202407836914e+00
5.000000000000000000e+00
4.780158996582031250e+00
1.988967657089233398e+00
5.000000000000000000e+00
-1.443034410476684570e-02
-1.268359422683715820e-01
-2.204993486404418945e+00
2.361655473709106445e+00
3.268151879310607910e-01
-9.843637943267822266e-01
-1.032401800155639648e+00
4.764450073242187500e+00
-5.193005204200744629e-01
1.912484049797058105e+00
2.568178653717041016e+00
-6.422786712646484375e-01
2.334419250488281250e+00
5.000000000000000000e+00
2.243413925170898438e+00
-6.245196461677551270e-01
8.562266826629638672e-01
-1.271100044250488281e+00
1.522191166877746582e-01
4.474088191986083984e+00
-1.004562497138977051e+00
7.296040058135986328e-01
-7.156153917312622070e-01
4.239890098571777344e+00
8.471386432647705078e-01
-2.257084846496582031e-01
-5.108178853988647461e-01
-2.568653583526611328e+00
-4.699593782424926758e-02
-1.155071020126342773e+00
8.709195852279663086e-01
5.000000000000000000e+00
1.479721188545227051e+00
5.000000000000000000e+00
5.000000000000000000e+00
1.026438832283020020e+00
-9.841800928115844727e-01
3.670224905014038086e+00
4.712228775024414062e+00
-8.885762691497802734e-01
-1.070592045783996582e+00
-5.681282043457031250e+00
-8.643543720245361328e-01
4.740886688232421875e+00
5.000000000000000000e+00
5.081253051757812500e-01
8.329290151596069336e-02
4.337868213653564453e+00
-2.077773809432983398e-01
2.414790153503417969e+00
6.183826923370361328e-01
-2.882384061813354492e-01
-2.101284027099609375e+00
