-1.243461847305297852e+00
-4.318465232849121094e+00
-1.761727333068847656e+00
5.725954771041870117e-01
-5.725106596946716309e-01
-8.400484323501586914e-01
-1.111258149147033691e+00
-5.101323127746582031e-02
-1.464836299419403076e-01
-8.484717607498168945e-01
-1.108225226402282715e+00
7.627311944961547852e-01
-4.397387504577636719e-01
-5.750908851623535156e-01
-2.040135383605957031e+00
-1.369123339653015137e+00
-7.784676551818847656e-01
1.098714828491210938e+00
-1.414713859558105469e+00
-1.291939735412597656e+00
-1.457383155822753906e+00
-9.326401948928833008e-01
-1.710900068283081055e+00
8.127347230911254883e-01
-1.326233863830566406e+00
-4.643141925334930420e-01
-1.800466060638427734e+00
-2.412213683128356934e-01
-7.614020109176635742e-01
-2.834743261337280273e+00
-1.120346784591674805e-01
-2.205591201782226562e-01
-1.347332715988159180e+00
-9.928829073905944824e-01
-1.715531587600708008e+00
-1.525282859802246094e-01
1.949361324310302734e+00
7.287480235099792480e-01
-2.936671733856201172e+00
-6.933956146240234375e-01
-1.863490462303161621e+00
-4.954352378845214844e-01
6.551080942153930664e-02
-7.652471959590911865e-02
1.847502589225769043e-01
-1.805839657783508301e+00
-5.030871033668518066e-01
2.916067838668823242e+00
-1.531313776969909668e+00
-7.493045330047607422e-01
6.173800826072692871e-01
4.485179185867309570e-01
-1.998515129089355469e-01
7.352207303047180176e-01
-1.045748353004455566e+00
7.910413742065429688e-01
-1.201805233955383301e+00
-1.176898598670959473e+00
-1.064215898513793945e+00
-1.385633945465087891e-01
-1.224696993827819824e+00
-1.686720967292785645e+00
-2.359002590179443359e+00
-1.145020365715026855e+00
-7.310649752616882324e-01
-2.467485427856445312e+00
-8.718515038490295410e-01
-1.332140326499938965e+00
-7.115602493286132812e-01
-1.491551637649536133e+00
-2.763693809509277344e+00
-1.850147545337677002e-01
2.822083234786987305e-01
2.546030282974243164e-01
-7.207655906677246094e-02
2.134624004364013672e+00
-3.812648653984069824e-01
1.350212097167968750e+00
-6.858270764350891113e-01
-1.845289945602416992e+00
-3.669123053550720215e-01
-8.668398857116699219e-02
-9.026725292205810547e-01
3.161384463310241699e-01
-5.423073768615722656e-01
1.600552797317504883e+00
-6.765748262405395508e-01
-1.855800986289978027e+00
-1.693633079528808594e+00
-1.809197187423706055e+00
-1.391311526298522949e+00
-4.568868875503540039e-02
2.381197512149810791e-01
-2.078880786895751953e+00
1.201098680496215820e+00
-1.655375957489013672e+00
-7.090491056442260742e-02
-1.137943506240844727e+00
-1.199923872947692871e+00
5.545854568481445312e-02
1.582751870155334473e-01
-1.571048974990844727e+00
4.138830900192260742e-01
-1.605719327926635742e+00
-2.926492691040039062e-01
1.279460310935974121e+00
-1.788234710693359375e-02
-8.011156916618347168e-01
-2.318907022476196289e+00
3.163080811500549316e-01
-1.153894066810607910e+00
-1.592910766601562500e+00
-9.447906613349914551e-01
-1.061022996902465820e+00
6.416198015213012695e-01
-1.918923616409301758e+00
-1.560592889785766602e+00
8.900721073150634766e-01
-1.309101343154907227e+00
-2.557612895965576172e+00
-3.067950308322906494e-01
-1.833291411399841309e+00
-1.073262453079223633e+00
-2.854235172271728516e-01
5.843502879142761230e-01
-8.303965330123901367e-01
-2.478503227233886719e+00
-9.954127073287963867e-01
5.998775362968444824e-01
1.913329362869262695e+00
-2.349060058593750000e+00
3.925395905971527100e-01
-1.927693247795104980e+00
-1.446452379226684570e+00
8.852524757385253906e-01
2.073727250099182129e-01
-1.606104373931884766e+00
1.027110099792480469e+00
2.815375924110412598e-01
-4.204227328300476074e-01
-1.548702716827392578e-01
-7.474281787872314453e-01
-8.248059153556823730e-01
-8.890092372894287109e-01
1.918539047241210938e+00
-2.419034957885742188e+00
-6.972353458404541016e-01
-2.443388104438781738e-01
-8.860703706741333008e-01
-1.558538198471069336e+00
-1.139542341232299805e+00
-1.785192608833312988e+00
1.741481304168701172e+00
-1.168614029884338379e-01
2.603611946105957031e-01
5.347978472709655762e-01
-6.577168107032775879e-01
-8.679676055908203125e-01
6.105793714523315430e-01
6.755787134170532227e-02
-5.646659135818481445e-01
-2.739682435989379883e+00
2.044507741928100586e+00
-3.939743041992187500e-01
-1.086749553680419922e+00
3.438596129417419434e-01
-3.052143752574920654e-01
-1.124297380447387695e+00
-9.300429821014404297e-01
7.999352216720581055e-01
-9.589564800262451172e-01
-3.034574508666992188e+00
-9.566795825958251953e-01
-6.980162858963012695e-01
-7.056741714477539062e-01
5.574236512184143066e-01
-1.798899650573730469e+00
-2.879513502120971680e+00
-1.156231403350830078e+00
-6.721468567848205566e-01
-2.901918888092041016e-01
8.851056694984436035e-01
-2.147832155227661133e+00
-2.688078880310058594e-01
-3.789122700691223145e-01
7.556122541427612305e-02
-8.756338953971862793e-01
-2.264154672622680664e+00
-8.677506446838378906e-02
1.036343097686767578e+00
-6.401759386062622070e-01
2.044548094272613525e-02
-9.403205513954162598e-01
-5.556492805480957031e-01
6.168025732040405273e-01
-5.111190080642700195e-01
-4.381639063358306885e-01
-3.592334985733032227e-01
1.729188084602355957e+00
-2.160654306411743164e+00
-1.875514984130859375e+00
-1.665024280548095703e+00
-3.668519854545593262e-01
-5.541485548019409180e-01
-2.024652957916259766e+00
-1.812392592430114746e+00
2.346181869506835938e-01
-1.039696931838989258e+00
-1.047030091285705566e+00
-1.924168348312377930e+00
1.620726108551025391e+00
-1.904619932174682617e+00
1.532631516456604004e-01
-6.499612331390380859e-02
-4.384876191616058350e-01
-2.079901099205017090e-01
1.156528592109680176e+00
8.965056538581848145e-01
-1.529083490371704102e+00
-2.173616886138916016e+00
6.846435666084289551e-01
-2.438709735870361328e-01
-9.802182912826538086e-01
1.753451824188232422e+00
-2.513306856155395508e+00
-1.173204183578491211e+00
-1.606064736843109131e-01
-9.434832334518432617e-01
-3.666818141937255859e-02
1.697512030601501465e+00
-3.838529586791992188e-01
-8.987630605697631836e-01
-2.396569252014160156e+00
-6.513651609420776367e-01
7.049483060836791992e-02
-1.980055093765258789e+00
-5.618524551391601562e-01
-1.318996787071228027e+00
-4.608651995658874512e-01
9.588077664375305176e-01
-1.309625625610351562e+00
-1.941659688949584961e+00
8.767664432525634766e-01
-9.422199726104736328e-01
-1.706032752990722656e+00
-1.240318536758422852e+00
-5.914568901062011719e-02
-2.493484973907470703e+00
-7.763796448707580566e-01
-4.562641084194183350e-01
-1.669572234153747559e+00
9.628304839134216309e-01
-1.841232657432556152e+00
1.067813873291015625e+00
-6.616070866584777832e-01
-1.455296754837036133e+00
4.165030121803283691e-01
9.967925548553466797e-01
-5.357028841972351074e-01
1.326531767845153809e-01
-2.127894639968872070e+00
-1.096267700195312500e+00
-3.158878326416015625e+00
6.349773406982421875e-01
-1.392117738723754883e+00
-3.176156997680664062e+00
-4.754524827003479004e-01
-1.831210255622863770e+00
-5.326875448226928711e-01
-7.153251767158508301e-02
3.448962569236755371e-01
-2.513880729675292969e+00
-1.456174373626708984e+00
-4.851723909378051758e-01
-4.592759609222412109e-01
-7.860816121101379395e-01
1.836703062057495117e+00
-6.941268444061279297e-01
-5.024499893188476562e-01
-3.802732229232788086e-01
-1.665971755981445312e+00
9.809918403625488281e-01
-5.220181941986083984e-01
-1.539000272750854492e+00
-1.127380132675170898e-01
-1.357253074645996094e+00
-1.255923151969909668e+00
5.325012207031250000e-01
9.422871470451354980e-02
-2.055925130844116211e+00
-2.902425527572631836e+00
1.047854900360107422e+00
-3.372007012367248535e-01
4.605546593666076660e-01
-1.559481501579284668e+00
-8.379924297332763672e-01
-1.935522079467773438e+00
-4.692297577857971191e-01
-8.855123519897460938e-01
-1.330680489540100098e+00
-1.725140333175659180e+00
1.410266757011413574e-01
6.124162673950195312e-02
3.598920106887817383e-01
-1.127868413925170898e+00
-1.842247247695922852e+00
-4.526494443416595459e-01
-8.961879014968872070e-01
-3.496187925338745117e-01
-7.375317215919494629e-01
3.153539896011352539e-01
-4.000936746597290039e-01
-7.587734460830688477e-01
-2.398889064788818359e-01
-3.143006563186645508e-02
-4.885321259498596191e-01
-2.374026179313659668e-01
-1.959005594253540039e+00
3.242065906524658203e-01
-4.093965590000152588e-01
6.896808147430419922e-01
4.455311894416809082e-01
-1.076256513595581055e+00
-1.242478132247924805e+00
-2.256759405136108398e+00
-1.944296598434448242e+00
-8.621140718460083008e-01
-9.148712158203125000e-01
3.437239825725555420e-01
-2.691872119903564453e+00
-1.279112339019775391e+00
-1.074895143508911133e+00
-1.449788689613342285e+00
-1.687390446662902832e+00
-2.149456977844238281e+00
-5.844846963882446289e-01
-1.477979063987731934e+00
-1.526713967323303223e+00
-1.760803699493408203e+00
-1.495283126831054688e+00
-2.579867362976074219e+00
1.971319317817687988e-01
-1.227907419204711914e+00
-4.728092253208160400e-01
8.760790824890136719e-01
-7.453736066818237305e-01
1.366172552108764648e+00
9.250886440277099609e-01
-7.384021282196044922e-01
5.620210170745849609e-01
1.176480889320373535e+00
-1.834312438964843750e+00
-3.016289234161376953e+00
-1.586512327194213867e+00
5.982190370559692383e-02
-1.623956084251403809e+00
9.335437417030334473e-01
-8.419923782348632812e-01
-1.059939384460449219e+00
7.646082639694213867e-01
-2.401559829711914062e+00
-8.752322793006896973e-01
7.227625250816345215e-01
1.235303282737731934e-01
-9.875881671905517578e-02
5.624758005142211914e-01
-2.100793361663818359e+00
-1.974983453750610352e+00
-1.075795531272888184e+00
-2.293691635131835938e+00
6.578685045242309570e-01
7.496324777603149414e-01
-8.777879476547241211e-01
-2.660100698471069336e+00
-1.238257050514221191e+00
-2.690099239349365234e+00
-2.756927728652954102e+00
-1.372030973434448242e+00
5.448775291442871094e-01
6.398522853851318359e-01
-9.270900487899780273e-01
-1.350699663162231445e-01
2.141973972320556641e+00
8.191204071044921875e-02
1.857647299766540527e-01
-3.118248581886291504e-01
-1.941036343574523926e+00
-5.463746786117553711e-01
-2.149163722991943359e+00
-5.137880444526672363e-01
-6.723282933235168457e-01
-1.364832520484924316e+00
-2.522784233093261719e+00
-1.032090187072753906e-01
-1.904719591140747070e+00
-1.113813757896423340e+00
-1.278506517410278320e+00
-2.094939231872558594e+00
-1.435161113739013672e+00
-1.615634441375732422e+00
-1.140064477920532227e+00
3.644007444381713867e-02
-1.151191115379333496e+00
-1.563013076782226562e+00
-4.114335775375366211e-01
5.559821724891662598e-01
-1.045351028442382812e+00
7.166573405265808105e-01
-9.342314004898071289e-01
1.079590201377868652e+00
2.363264560699462891e-01
-3.440062046051025391e+00
1.009434223175048828e+00
-2.528193712234497070e+00
2.953958511352539062e-01
-1.622999906539916992e+00
-1.634590744972229004e+00
-6.359814405441284180e-01
2.405650615692138672e-01
-9.340028762817382812e-01
-4.816288948059082031e-01
-1.742537260055541992e+00
-1.292786598205566406e+00
-6.267272233963012695e-01
-1.486209034919738770e+00
-1.109852552413940430e+00
-1.264854192733764648e+00
-2.976024627685546875e+00
1.697464883327484131e-01
-2.403428554534912109e-01
-1.209913611412048340e+00
-6.113028526306152344e-01
2.031851112842559814e-01
-1.260791897773742676e+00
-1.552308499813079834e-01
-1.168269872665405273e+00
-8.987305164337158203e-01
-1.851891994476318359e+00
-2.689008116722106934e-01
-3.007867336273193359e-01
-5.911445617675781250e-02
-3.185168743133544922e+00
-1.639246106147766113e+00
-1.924119710922241211e+00
5.008839964866638184e-01
-9.434547424316406250e-01
-2.416285514831542969e+00
9.353500604629516602e-02
-6.089299917221069336e-01
3.600627183914184570e+00
7.385051250457763672e-01
-8.112853169441223145e-01
-1.096620678901672363e+00
-4.619699716567993164e-01
6.322324275970458984e-02
5.362881422042846680e-01
-1.714690923690795898e+00
4.669228196144104004e-02
-1.521765947341918945e+00
-1.170123517513275146e-01
-6.587171554565429688e-02
-1.885262250900268555e+00
-1.671631813049316406e+00
-3.667828738689422607e-01
-5.251421928405761719e-01
6.005800366401672363e-01
-1.377334952354431152e+00
-1.566210985183715820e+00
-1.913555741310119629e+00
-2.028790712356567383e+00
-2.053294777870178223e-01
7.176201343536376953e-01
-1.276623725891113281e+00
-8.949229121208190918e-01
-8.098335266113281250e-01
-1.338749408721923828e+00
-1.533775329589843750e+00
-4.220105409622192383e-01
-3.087081432342529297e+00
4.608418643474578857e-01
-2.862019062042236328e+00
-3.988983035087585449e-01
3.620328009128570557e-01
-9.990898370742797852e-01
-1.340673446655273438e+00
-1.659425020217895508e+00
-2.468185901641845703e+00
-1.046521306037902832e+00
1.364302635192871094e-01
1.210543274879455566e+00
-5.941554307937622070e-01
-9.048637151718139648e-01
1.527842521667480469e+00
-9.051251411437988281e-02
-2.644313335418701172e+00
1.176617980003356934e+00
4.929320514202117920e-01
-2.133577466011047363e-01
-8.217700719833374023e-01
6.333249807357788086e-01
-9.986414909362792969e-01
-3.070466518402099609e+00
-1.180876851081848145e+00
-1.499861955642700195e+00
-1.075596451759338379e+00
-6.009815931320190430e-01
-8.830426931381225586e-01
-2.339102029800415039e+00
-9.083459377288818359e-01
-1.828196644783020020e+00
-6.164151430130004883e-01
4.650728106498718262e-01
-1.312250614166259766e+00
-1.060721516609191895e+00
-1.570649385452270508e+00
-8.875769376754760742e-01
1.034913420677185059e+00
-9.028562307357788086e-01
-9.984439611434936523e-01
2.051999092102050781e+00
-1.228686571121215820e+00
-3.325845479965209961e+00
-1.684951066970825195e+00
7.451963424682617188e-02
6.592990159988403320e-01
7.970511913299560547e-03
-9.180303812026977539e-01
1.535377621650695801e+00
-9.027267098426818848e-01
-1.311335563659667969e+00
-1.203305602073669434e+00
-4.813489019870758057e-01
-6.505308151245117188e-01
1.647711992263793945e+00
-3.244835138320922852e-01
-2.635150194168090820e+00
-1.310072779655456543e+00
-1.128754615783691406e+00
-7.715874910354614258e-01
-3.468868732452392578e+00
-1.563598155975341797e+00
3.967993259429931641e-01
-1.096823096275329590e+00
-7.161189317703247070e-01
-1.729023694992065430e+00
-9.612670540809631348e-01
-1.132069706916809082e+00
1.876370310783386230e-01
1.041836380958557129e+00
-2.080618381500244141e+00
-2.282363891601562500e+00
4.546940028667449951e-01
-4.069961309432983398e-01
6.429004669189453125e-01
-1.768784880638122559e+00
-1.398018121719360352e+00
8.999788761138916016e-02
9.877500534057617188e-01
1.457096695899963379e+00
-1.366050362586975098e+00
-5.429908037185668945e-01
-1.160145759582519531e+00
1.509505033493041992e+00
3.870421051979064941e-01
-6.630719900131225586e-01
-1.490901708602905273e+00
-7.161051034927368164e-01
-2.926945686340332031e+00
-7.431598305702209473e-01
-3.892974257469177246e-01
-1.131533265113830566e+00
1.329772353172302246e+00
-1.091110706329345703e+00
-1.529491424560546875e+00
-1.106482982635498047e+00
-4.401779472827911377e-01
-1.310330867767333984e+00
-6.104216575622558594e-01
-1.620936870574951172e+00
-7.759653925895690918e-01
-1.593119978904724121e+00
-1.137854814529418945e+00
1.132865905761718750e+00
-1.046670198440551758e+00
-1.481002807617187500e+00
-3.333548903465270996e-01
2.717893123626708984e-01
3.229672908782958984e-01
-2.475323677062988281e+00
-8.914651274681091309e-01
-1.305420398712158203e+00
-1.310969591140747070e-01
4.411995410919189453e-01
-1.302400827407836914e+00
4.525351524353027344e-02
-1.903030514717102051e+00
-2.821281909942626953e+00
-1.039958000183105469e+00
-4.365251064300537109e-01
-8.860867023468017578e-01
1.400910615921020508e-01
1.081824541091918945e+00
1.502248048782348633e+00
-1.894429683685302734e+00
-4.294941425323486328e-01
1.434652686119079590e+00
-1.676107168197631836e+00
-1.276674032211303711e+00
7.347899079322814941e-01
-1.986002802848815918e+00
-2.961498260498046875e+00
4.155719280242919922e-02
-1.693043828010559082e+00
4.624382853507995605e-01
1.189987063407897949e+00
-1.847553551197052002e-01
-1.596212983131408691e-01
-8.309381008148193359e-01
-1.896346211433410645e-01
1.526474952697753906e+00
-2.830889225006103516e-01
-7.736811041831970215e-01
-1.392898321151733398e+00
-1.250196695327758789e+00
-1.036631703376770020e+00
2.563502192497253418e-01
-1.214573621749877930e+00
-5.173593759536743164e-01
3.180014848709106445e+00
-2.116340875625610352e+00
-1.416412234306335449e+00
-3.127588927745819092e-01
-1.655950427055358887e+00
-1.813713788986206055e+00
-2.043996572494506836e+00
5.743810534477233887e-02
2.730626165866851807e-01
3.420042693614959717e-01
-4.183296263217926025e-01
-1.194001913070678711e+00
-1.300294399261474609e+00
-1.391038179397583008e+00
-1.216311931610107422e+00
-2.173648118972778320e+00
-1.035265207290649414e+00
-1.129405736923217773e+00
-1.931111216545104980e+00
-1.338923692703247070e+00
-4.614655971527099609e-01
4.821165204048156738e-01
-1.991479754447937012e+00
1.368141770362854004e-01
2.643340229988098145e-01
-1.561104059219360352e-01
1.492607951164245605e+00
-7.676371335983276367e-01
-8.063291311264038086e-01
6.483812928199768066e-01
-1.469741702079772949e+00
3.765958249568939209e-01
-1.261964559555053711e+00
-1.205352544784545898e+00
-9.484826326370239258e-01
-5.803847312927246094e-01
1.409911513328552246e-01
-9.283190965652465820e-01
-6.237782239913940430e-01
-8.591686487197875977e-01
-2.868950366973876953e+00
-2.604700326919555664e+00
-2.959222793579101562e+00
-7.543549537658691406e-01
-1.598525881767272949e+00
-8.057817816734313965e-01
1.073852896690368652e+00
-4.146874248981475830e-01
5.695174932479858398e-01
8.145866394042968750e-01
-9.225175976753234863e-01
-5.278202891349792480e-01
-1.419585943222045898e+00
-3.349590897560119629e-01
-5.661129951477050781e-01
-1.846246480941772461e+00
-2.090108871459960938e+00
-5.525990724563598633e-01
-1.091978311538696289e+00
-1.284904122352600098e+00
-1.641425013542175293e+00
-2.548755645751953125e+00
-6.537294387817382812e-01
6.093872785568237305e-01
-1.681051015853881836e+00
