-1.622736215591430664e+00
-1.866458415985107422e+00
-5.753869414329528809e-01
6.288984417915344238e-01
-6.914122104644775391e-01
-3.728885650634765625e-01
5.933015346527099609e-01
-6.948931217193603516e-01
-1.058541417121887207e+00
-1.428200721740722656e+00
-1.673784852027893066e+00
-1.577177405357360840e+00
-1.133540153503417969e+00
-6.513627171516418457e-01
-1.693651676177978516e+00
-6.398466229438781738e-01
-9.407492280006408691e-01
6.540497541427612305e-01
-2.280405044555664062e+00
-2.559512853622436523e-01
-2.042139768600463867e-01
-1.373542070388793945e+00
-1.505427598953247070e+00
-2.724279880523681641e+00
9.340505599975585938e-01
3.947525024414062500e-01
-1.416666388511657715e+00
-1.211774945259094238e+00
1.222118616104125977e+00
-1.815362334251403809e+00
-5.981826782226562500e-01
-1.203619480133056641e+00
-6.813495159149169922e-01
-1.856887936592102051e-01
-1.246451854705810547e+00
-1.256261944770812988e+00
-3.684236526489257812e+00
-9.804745912551879883e-01
-4.507845938205718994e-01
-5.074283480644226074e-01
-1.623855590820312500e+00
1.188028097152709961e+00
-7.990471720695495605e-01
1.586712598800659180e+00
9.185022711753845215e-01
-1.000885248184204102e+00
-2.686898231506347656e+00
2.435892820358276367e-02
-4.366025626659393311e-01
2.548243403434753418e-01
-6.294707059860229492e-01
-2.569396018981933594e+00
3.163509368896484375e-01
-7.613498568534851074e-01
-1.617220878601074219e+00
-1.804530024528503418e-01
-6.208845376968383789e-01
-2.243055105209350586e+00
-5.611122846603393555e-01
1.012207984924316406e+00
-1.314306855201721191e+00
1.683324873447418213e-01
-1.668158888816833496e+00
-2.360516071319580078e+00
-1.777784943580627441e+00
-9.015260636806488037e-02
-7.043457031250000000e-02
-9.719583988189697266e-01
-1.209307193756103516e+00
-1.981946945190429688e+00
-2.355549335479736328e-01
-1.726194739341735840e+00
1.961039185523986816e+00
4.300171732902526855e-01
-1.529868602752685547e+00
-1.625153541564941406e+00
-2.491614818572998047e+00
-5.133457183837890625e-01
-2.361684322357177734e+00
1.692747712135314941e+00
-1.995264291763305664e+00
-2.518695116043090820e+00
8.699147403240203857e-02
-1.720759749412536621e+00
-4.547663927078247070e-01
-7.266168594360351562e-01
3.043024539947509766e+00
-8.028675317764282227e-01
-1.326793432235717773e+00
-2.276284694671630859e+00
-1.274585247039794922e+00
-2.463503837585449219e+00
1.310694575309753418e+00
-1.836624383926391602e+00
-2.431210041046142578e+00
-1.515625715255737305e+00
-6.424273848533630371e-01
6.076459884643554688e-01
-1.996652483940124512e-01
7.538003325462341309e-01
-9.231709241867065430e-01
-2.774834156036376953e+00
-1.156195998191833496e+00
-1.355869174003601074e+00
6.130299568176269531e-01
-1.292260766029357910e+00
-4.683051109313964844e+00
-1.486836373805999756e-01
2.374059438705444336e+00
-3.612520933151245117e+00
9.726428985595703125e-01
2.626174688339233398e-02
-4.591208696365356445e-01
5.127260684967041016e-01
2.000687599182128906e+00
9.357724189758300781e-01
-9.339491128921508789e-01
-1.193604230880737305e+00
-7.253727912902832031e-01
1.705251932144165039e-01
-1.266961455345153809e+00
4.759944081306457520e-01
-1.002246856689453125e+00
-5.169945955276489258e-02
1.311706304550170898e+00
-9.964736104011535645e-01
-3.356301784515380859e-01
3.098846077919006348e-01
-1.200112998485565186e-01
-8.540161252021789551e-01
-8.803671598434448242e-01
-1.632000803947448730e+00
2.104074001312255859e+00
-1.244931697845458984e+00
3.238730430603027344e+00
3.538737297058105469e-01
-9.628999233245849609e-01
-2.079022645950317383e+00
-3.902636170387268066e-01
-7.698447704315185547e-01
9.965077042579650879e-01
-1.963260173797607422e+00
-1.993645429611206055e+00
-1.127142906188964844e-01
-6.511667966842651367e-01
-1.655619144439697266e+00
-2.635343313217163086e+00
1.810842394828796387e+00
-1.334417462348937988e+00
-1.256339669227600098e+00
-3.875966072082519531e-01
-1.509267330169677734e+00
3.149551391601562500e+00
-2.883666753768920898e-01
-1.239756822586059570e+00
-2.347592115402221680e+00
-6.008735299110412598e-01
-2.761938571929931641e-01
-1.817913651466369629e+00
-1.209112882614135742e+00
-7.016804814338684082e-01
-9.370765686035156250e-01
2.793333530426025391e-01
-7.724416255950927734e-01
6.898956894874572754e-01
-1.202677965164184570e+00
-8.536336421966552734e-01
-8.715121150016784668e-01
-3.498128354549407959e-01
2.911090850830078125e-03
-1.340414524078369141e+00
4.655656218528747559e-02
-1.391600370407104492e+00
-1.210774779319763184e+00
-2.652159452438354492e+00
-1.282351493835449219e+00
-1.863232851028442383e+00
9.638878703117370605e-01
-1.082007408142089844e+00
-2.855612635612487793e-01
-9.875549077987670898e-01
-3.313074111938476562e-01
1.065721988677978516e+00
-1.079873919486999512e+00
-9.074727296829223633e-01
-3.783776760101318359e-01
-5.322648286819458008e-01
7.320635318756103516e-01
-1.710398316383361816e+00
8.903166651725769043e-01
7.876348495483398438e-01
-1.927340507507324219e+00
-8.599804043769836426e-01
-6.788078546524047852e-01
-7.251695394515991211e-01
-1.551957368850708008e+00
-2.425285816192626953e+00
-2.766523838043212891e+00
-1.852310180664062500e+00
1.222453951835632324e+00
-1.331786036491394043e+00
-1.793633699417114258e+00
-9.532814621925354004e-01
-1.028380513191223145e+00
-6.951558589935302734e-01
-1.035055041313171387e+00
-1.059014678001403809e+00
-9.111793637275695801e-01
1.282671093940734863e-01
1.594572424888610840e+00
-2.212341547012329102e+00
-1.370147466659545898e+00
1.026277184486389160e+00
-2.469615459442138672e+00
-8.266632556915283203e-01
-1.055491924285888672e+00
-3.046173453330993652e-01
-3.196767807006835938e+00
-1.847777128219604492e+00
-1.902849435806274414e+00
-1.634736537933349609e+00
-4.043598771095275879e-01
-6.406528949737548828e-01
7.688238620758056641e-01
2.380758762359619141e+00
-5.297828316688537598e-01
-7.737940549850463867e-02
-6.269214749336242676e-01
-6.609895229339599609e-01
-1.350105285644531250e+00
-1.124005079269409180e+00
-3.625392913818359375e-03
-1.034143209457397461e+00
1.956013739109039307e-01
-1.029639124870300293e+00
-1.380792379379272461e+00
-9.673196077346801758e-01
-4.058814048767089844e-02
-7.064782381057739258e-01
7.872723937034606934e-01
-1.175749659538269043e+00
1.500345230102539062e+00
3.323726654052734375e+00
9.594011902809143066e-01
-7.121159434318542480e-01
-2.999600172042846680e-01
-6.354185342788696289e-01
-1.619740009307861328e+00
6.095308065414428711e-01
-1.546585857868194580e-01
-3.099105358123779297e-01
-1.752601861953735352e-01
-2.031991481781005859e+00
-7.887434959411621094e-02
-1.211444377899169922e+00
-8.706520199775695801e-01
1.843793392181396484e-01
-7.059416174888610840e-01
-1.165766954421997070e+00
-2.113528251647949219e-01
-1.919679880142211914e+00
-1.684502363204956055e-01
-2.280193567276000977e-01
-1.642550945281982422e+00
-1.621297240257263184e+00
1.409012973308563232e-01
-1.544071078300476074e+00
-7.973068952560424805e-01
-1.377592444419860840e+00
-8.088605403900146484e-01
-2.365809917449951172e+00
-7.974193692207336426e-01
-1.702023148536682129e+00
-1.606893301010131836e+00
-2.144805431365966797e+00
6.483991146087646484e-01
-4.127560853958129883e-01
-1.415255546569824219e+00
-1.316665887832641602e+00
2.098760008811950684e-01
-9.025511145591735840e-01
-2.040319442749023438e-01
-2.236030578613281250e+00
1.999042034149169922e-01
-1.943449974060058594e-01
-1.951229333877563477e+00
-7.474079132080078125e-01
-1.108025550842285156e+00
1.450339555740356445e-01
-2.052707672119140625e-01
6.449142694473266602e-01
-1.082945942878723145e+00
-2.970234155654907227e-01
-9.687180519104003906e-01
-1.043472528457641602e+00
-2.362798690795898438e+00
-8.541114330291748047e-01
-1.407135486602783203e+00
-1.029283046722412109e+00
-4.090276360511779785e-01
1.530928850173950195e+00
6.143848896026611328e-01
-1.651477217674255371e+00
-9.071337580680847168e-01
-1.488323330879211426e+00
-2.200194358825683594e+00
-1.368908882141113281e-01
-2.672140598297119141e-01
2.052977085113525391e-01
9.845817685127258301e-01
-8.089905977249145508e-01
-3.100666284561157227e+00
1.210602641105651855e+00
-2.742958068847656250e+00
-1.922953128814697266e-02
-2.323796033859252930e+00
-1.097773790359497070e+00
-5.695011615753173828e-01
-1.296296596527099609e+00
-1.160548686981201172e+00
-7.037522792816162109e-01
-5.257259607315063477e-01
1.406510949134826660e+00
2.659606933593750000e-01
-2.128702998161315918e-01
4.284423589706420898e-01
-1.568229079246520996e+00
-1.757638931274414062e+00
1.010108828544616699e+00
-5.116425752639770508e-01
-1.201142907142639160e+00
9.504582881927490234e-01
-4.831172227859497070e-01
-3.699963569641113281e+00
-1.913119107484817505e-01
3.455244898796081543e-01
-1.297278404235839844e+00
9.690207242965698242e-02
2.099176883697509766e+00
-2.269361972808837891e+00
-1.467193603515625000e+00
-1.268839597702026367e+00
-1.138487339019775391e+00
2.453687191009521484e-01
2.394056320190429688e-01
-1.376164317131042480e+00
5.259848833084106445e-01
8.385381102561950684e-01
-2.232788324356079102e+00
-1.968636512756347656e-01
-8.319984078407287598e-01
-2.377657890319824219e+00
1.856259822845458984e+00
-1.771497607231140137e+00
-7.609468698501586914e-02
-2.242446899414062500e+00
-1.886499166488647461e+00
-3.251278400421142578e-01
-1.176934242248535156e+00
1.017934083938598633e-01
2.847160696983337402e-01
-1.131223678588867188e+00
-2.783471345901489258e-02
-1.130610227584838867e+00
1.593348979949951172e+00
-1.045485377311706543e+00
-9.781998395919799805e-02
-1.141335248947143555e+00
-2.066215753555297852e+00
-9.455897808074951172e-01
-2.135168313980102539e+00
-1.413799285888671875e+00
-1.294617176055908203e+00
7.587345242500305176e-01
6.200501322746276855e-01
-1.696975469589233398e+00
7.993766069412231445e-01
-7.171841859817504883e-01
-1.989988982677459717e-02
-1.573053359985351562e+00
-1.917453408241271973e+00
3.543132543563842773e-01
-7.411332130432128906e-01
-5.557915568351745605e-01
3.135566711425781250e+00
-2.685778617858886719e+00
6.164857745170593262e-01
4.770362377166748047e-01
-8.801773786544799805e-01
-2.575360536575317383e-01
-1.327328920364379883e+00
-5.128935575485229492e-01
-6.505571603775024414e-01
-2.734045982360839844e-01
1.639460802078247070e+00
-6.024801731109619141e-01
-4.644812941551208496e-01
-1.322696447372436523e+00
-1.009076684713363647e-01
-1.141523838043212891e+00
2.875542044639587402e-01
7.464187145233154297e-01
4.714969098567962646e-01
5.117039680480957031e-01
-1.641335248947143555e+00
-1.996395349502563477e+00
-7.889302968978881836e-01
-1.012808322906494141e+00
-8.844125270843505859e-02
-1.791766524314880371e+00
-1.688621997833251953e+00
-1.490184307098388672e+00
8.067348599433898926e-02
-1.040674567222595215e+00
7.259726524353027344e-03
2.720936059951782227e+00
-1.974426150321960449e+00
-4.496486783027648926e-01
-8.343963623046875000e-01
1.405935525894165039e+00
-5.786613821983337402e-01
-8.112990856170654297e-01
-2.574806213378906250e+00
3.086223125457763672e+00
-8.508543372154235840e-01
-4.224014580249786377e-01
1.975531816482543945e+00
-6.205325126647949219e-01
-7.668923139572143555e-01
-1.125008583068847656e+00
6.870000362396240234e-01
-4.425576031208038330e-01
-1.438383340835571289e+00
-1.129425287246704102e+00
4.356625974178314209e-01
1.210652112960815430e+00
-2.111514210700988770e-01
-8.855375051498413086e-01
-1.901005625724792480e+00
-2.514116525650024414e+00
-2.317980766296386719e+00
-8.152159452438354492e-01
-1.088760614395141602e+00
-6.243996024131774902e-01
9.448809623718261719e-01
3.993358016014099121e-01
-1.808798313140869141e+00
-2.844487667083740234e+00
1.008729338645935059e-01
-1.248713731765747070e+00
-1.617714047431945801e+00
4.277522563934326172e-01
-1.204079389572143555e-01
-1.628620386123657227e+00
1.912474632263183594e-03
-1.600106358528137207e+00
2.050966024398803711e-01
-1.866120576858520508e+00
-7.366929054260253906e-01
-3.178296685218811035e-01
1.749011874198913574e-02
7.829046249389648438e-01
-9.807134866714477539e-01
-2.790104150772094727e+00
-5.071215629577636719e-01
-1.399679064750671387e+00
3.737027347087860107e-01
-1.822572350502014160e+00
-3.814417123794555664e-02
4.545572102069854736e-01
-1.417196035385131836e+00
5.096506327390670776e-02
-2.945289015769958496e-02
1.351760029792785645e-01
-1.530580282211303711e+00
-1.719586372375488281e+00
-1.221776723861694336e+00
5.909645557403564453e-01
9.586986303329467773e-01
-4.277247488498687744e-01
-6.957674026489257812e-01
-1.665894985198974609e-01
-7.323269844055175781e-01
-2.846742391586303711e+00
2.425106763839721680e-01
1.963570117950439453e+00
5.234642624855041504e-01
-1.496002197265625000e+00
-2.010189771652221680e+00
-2.386330127716064453e+00
-1.408611893653869629e+00
-2.394587993621826172e+00
-1.947567462921142578e-01
-1.113625288009643555e+00
6.512222290039062500e-01
-3.122347831726074219e+00
-7.862342596054077148e-01
-1.334828257560729980e+00
-1.332968592643737793e+00
-2.889493107795715332e-02
2.984729111194610596e-01
-5.762095004320144653e-02
-2.023954868316650391e+00
-2.646629571914672852e+00
3.491449952125549316e-01
-7.921783924102783203e-01
-1.620785117149353027e+00
-5.699978470802307129e-01
-9.933833479881286621e-01
1.192605495452880859e+00
-1.649816632270812988e+00
-4.162672162055969238e-01
-8.184879422187805176e-01
-1.563251018524169922e+00
-2.620995044708251953e-03
-2.129962921142578125e+00
-7.810658216476440430e-01
-5.533566474914550781e-01
-4.623748660087585449e-01
-3.192647397518157959e-01
7.246803641319274902e-01
3.047320246696472168e-02
-2.098172903060913086e+00
-1.663628697395324707e+00
-2.339477062225341797e+00
-3.254179239273071289e+00
-7.125859856605529785e-01
-1.034100890159606934e+00
-9.677639007568359375e-01
8.870133161544799805e-01
-1.649760484695434570e+00
1.635623693466186523e+00
7.382220029830932617e-01
-2.263025760650634766e+00
3.408685028553009033e-01
-2.335031628608703613e-01
-6.602363586425781250e-01
-2.262364864349365234e+00
-2.413199245929718018e-01
2.305187284946441650e-02
-1.027087807655334473e+00
2.667703032493591309e-01
-1.407317519187927246e-01
-9.441237449645996094e-01
1.298474431037902832e+00
-7.552170753479003906e-01
1.285934567451477051e+00
-1.806635260581970215e-01
-1.543964862823486328e+00
-5.405956506729125977e-01
-1.727583885192871094e+00
-1.016433358192443848e+00
-2.523963451385498047e+00
-1.888698101043701172e+00
-5.759527683258056641e-01
-1.705804586410522461e+00
-7.288081049919128418e-01
1.214913725852966309e+00
7.547335624694824219e-01
-2.040332555770874023e-01
-1.643312692642211914e+00
-4.517722129821777344e-02
-1.533068656921386719e+00
3.912469148635864258e-01
-1.714439690113067627e-01
6.546308994293212891e-01
-2.474548578262329102e+00
5.666908621788024902e-01
-1.003732085227966309e-01
1.996347606182098389e-01
-8.233075141906738281e-01
-7.870739698410034180e-01
-7.160763740539550781e-01
-6.603544950485229492e-02
1.199416756629943848e+00
-2.577811002731323242e+00
-1.001442909240722656e+00
1.107079982757568359e-01
-9.055769443511962891e-01
-2.212509155273437500e+00
6.861373782157897949e-01
-8.872300386428833008e-01
-1.317010879516601562e+00
-8.980565071105957031e-01
8.023535609245300293e-01
-1.537243127822875977e+00
6.598435640335083008e-01
-1.466439962387084961e-01
-6.187222003936767578e-01
1.166320562362670898e+00
-1.152741909027099609e-02
-2.250833511352539062e-01
-2.978196740150451660e-01
-5.559920072555541992e-01
-5.950674414634704590e-01
-6.689019203186035156e-01
-2.109529733657836914e+00
-1.719690561294555664e-01
-1.636122584342956543e+00
-9.163950085639953613e-01
-2.251674532890319824e-01
-1.974450111389160156e+00
-2.105302572250366211e+00
-3.480284214019775391e-01
-6.844990253448486328e-01
4.673092365264892578e-01
-1.154967665672302246e+00
1.563347578048706055e-01
8.761696815490722656e-01
-6.980322003364562988e-01
-2.130076646804809570e+00
-5.564180612564086914e-01
-7.385601401329040527e-01
-1.936977386474609375e+00
-1.600015640258789062e+00
-9.662519097328186035e-01
-1.471809387207031250e+00
-2.148868083953857422e+00
9.688869118690490723e-01
1.084568500518798828e-01
-2.093031406402587891e+00
5.750377178192138672e-01
-9.327706098556518555e-01
-2.490124404430389404e-01
-1.836826324462890625e+00
-2.302447557449340820e+00
-1.428078174591064453e+00
-4.995411336421966553e-01
-6.695041060447692871e-01
5.616995096206665039e-01
-5.496031045913696289e-01
-1.404843330383300781e+00
6.416386365890502930e-02
-1.325255632400512695e+00
1.120235025882720947e-02
-8.093346953392028809e-01
-2.211403846740722656e+00
-1.564061880111694336e+00
4.445618987083435059e-01
-2.280003309249877930e+00
-3.398301601409912109e-01
-7.401651740074157715e-01
-2.180071353912353516e+00
-1.620661258697509766e+00
-1.867571115493774414e+00
6.762207299470901489e-02
-4.625921845436096191e-01
1.044510602951049805e-01
-7.513464093208312988e-01
-5.546838045120239258e-02
1.165056228637695312e-01
9.067065715789794922e-01
-1.594408869743347168e+00
-4.687292575836181641e-01
-2.725435793399810791e-01
-4.572508931159973145e-01
-7.591480016708374023e-01
1.244313716888427734e+00
-7.229658365249633789e-01
-1.431189775466918945e-01
-4.467182159423828125e-01
-2.864993214607238770e-01
-1.070018053054809570e+00
-7.608674764633178711e-01
-1.917632818222045898e-01
-1.956713080406188965e+00
-1.277038574218750000e+00
-1.026506662368774414e+00
-1.484314084053039551e+00
-1.841341614723205566e+00
-8.582984805107116699e-01
-1.658692955970764160e-01
1.088926076889038086e+00
-8.547624349594116211e-01
-1.648910522460937500e+00
-2.727513790130615234e+00
-1.511471271514892578e+00
-1.760725378990173340e+00
-1.265791416168212891e+00
1.608171343803405762e+00
-1.154186725616455078e+00
-4.742462933063507080e-01
-2.442019939422607422e+00
1.085170269012451172e+00
9.220632314682006836e-01
6.360455751419067383e-01
-4.499202370643615723e-01
-2.598242759704589844e-01
-2.528192520141601562e+00
3.903672099113464355e-03
-1.390031218528747559e+00
-2.283017635345458984e+00
4.685248434543609619e-02
