4.378649234771728516e+00
-5.313419103622436523e-01
2.440165996551513672e+00
-2.339358329772949219e+00
4.532105445861816406e+00
2.650654554367065430e+00
7.502171397209167480e-02
-3.216260373592376709e-01
-1.919778943061828613e+00
-1.440679550170898438e+00
-1.049112558364868164e+00
4.603019714355468750e+00
4.307794570922851562e+00
-1.078787565231323242e+00
8.504511713981628418e-01
2.321064233779907227e+00
9.633331894874572754e-01
2.205405950546264648e+00
-1.146515965461730957e+00
3.638824224472045898e+00
4.405906677246093750e+00
-6.420769095420837402e-01
-2.252063751220703125e-01
1.273199439048767090e+00
3.026984691619873047e+00
-5.635010004043579102e-01
4.784599781036376953e+00
-5.719238519668579102e-01
4.639045715332031250e+00
7.089430093765258789e-01
-9.143025875091552734e-01
5.000000000000000000e+00
-1.252599477767944336e+00
-8.477321267127990723e-02
4.729734897613525391e+00
1.977306842803955078e+00
3.266522884368896484e+00
2.967575192451477051e-01
2.521405696868896484e+00
2.907501697540283203e+00
1.634554624557495117e+00
2.298879384994506836e+00
-8.826547861099243164e-01
5.000000000000000000e+00
-8.471608161926269531e-02
4.290285587310791016e+00
3.484892368316650391e+00
3.451051473617553711e+00
4.399975776672363281e+00
5.000000000000000000e+00
5.000000000000000000e+00
1.034997701644897461e+00
-4.005841016769409180e-01
2.410879611968994141e+00
5.000000000000000000e+00
-1.679767847061157227e+00
4.322234630584716797e+00
-1.062420725822448730e+00
2.928115367889404297e+00
4.129993438720703125e+00
4.466164112091064453e+00
4.961960792541503906e+00
6.372015476226806641e-01
-1.223065614700317383e+00
4.343554019927978516e+00
2.203497886657714844e+00
3.612074375152587891e+00
5.000000000000000000e+00
1.375697135925292969e+00
3.591012001037597656e+00
3.204607963562011719e+00
-9.008693695068359375e-02
-1.226366400718688965e+00
-6.735795140266418457e-01
1.831138134002685547e+00
4.627372026443481445e-01
-7.621479034423828125e-01
-4.536406397819519043e-01
4.936282157897949219e+00
2.192069768905639648e+00
2.650732278823852539e+00
2.460068464279174805e+00
5.000000000000000000e+00
3.990402460098266602e+00
9.410765171051025391e-01
1.800716400146484375e+00
5.000000000000000000e+00
-2.930109500885009766e-01
7.369232177734375000e-01
-4.736819267272949219e-01
2.159141063690185547e+00
-2.053984880447387695e+00
4.417174339294433594e+00
-2.706879377365112305e-02
-3.288174569606781006e-01
-2.026343822479248047e+00
2.201949357986450195e-01
2.578052997589111328e+00
-1.378731966018676758e+00
-2.070146799087524414e+00
2.745727539062500000e+00
5.129193067550659180e-01
4.457908630371093750e+00
-5.747920274734497070e-02
2.036234378814697266e+00
1.773545503616333008e+00
-1.293839454650878906e+00
2.347533106803894043e-01
3.584355831146240234e+00
-1.757911682128906250e+00
4.442332744598388672e+00
-5.280809402465820312e-01
1.706377267837524414e+00
5.000000000000000000e+00
4.567084312438964844e+00
1.403204798698425293e+00
1.406348347663879395e+00
4.455301284790039062e+00
-1.981742978096008301e+00
5.000000000000000000e+00
5.000000000000000000e+00
1.201433539390563965e+00
-5.535902976989746094e-01
-6.793387532234191895e-01
2.820619583129882812e+00
4.556507110595703125e+00
3.690510272979736328e+00
3.936741590499877930e+00
5.112351179122924805e-01
-7.000120878219604492e-01
2.719607591629028320e+00
1.281284809112548828e+00
-8.081032037734985352e-01
1.044241786003112793e+00
4.536560058593750000e+00
3.665328502655029297e+00
-7.647991180419921875e-03
5.000000000000000000e+00
-5.395255088806152344e-01
4.726577758789062500e+00
-9.987659454345703125e-01
-4.274386465549468994e-01
2.215334892272949219e+00
-8.513505458831787109e-01
-1.490993201732635498e-01
8.943405747413635254e-01
1.415491819381713867e+00
1.464901089668273926e+00
4.204160690307617188e+00
5.000000000000000000e+00
5.000000000000000000e+00
-2.480650663375854492e+00
1.975565910339355469e+00
5.924172401428222656e-01
1.289047598838806152e+00
-2.069011926651000977e-01
5.000000000000000000e+00
2.731555461883544922e+00
1.336250424385070801e+00
5.000000000000000000e+00
4.103929996490478516e+00
-2.275317192077636719e+00
-8.602888584136962891e-01
1.113906025886535645e+00
4.164216041564941406e+00
3.162322759628295898e+00
1.089610219001770020e+00
1.753643751144409180e-01
-1.092786312103271484e+00
3.565420150756835938e+00
1.046823978424072266e+00
3.363452851772308350e-01
4.194878578186035156e+00
2.902115583419799805e+00
2.548038959503173828e-01
9.685622453689575195e-01
-1.806772708892822266e+00
-3.907972872257232666e-01
-1.046166896820068359e+00
-1.161558032035827637e-01
-6.678063273429870605e-01
7.562619447708129883e-02
2.111856460571289062e+00
-5.684255361557006836e-01
4.333674907684326172e+00
3.992682695388793945e-01
5.000000000000000000e+00
-2.388888001441955566e-01
4.437579631805419922e+00
2.153655290603637695e-01
5.000000000000000000e+00
4.867233753204345703e+00
4.402574062347412109e+00
-8.721258640289306641e-01
-9.297114610671997070e-02
5.000000000000000000e+00
-5.649852156639099121e-01
3.596204280853271484e+00
3.350313186645507812e+00
3.465368509292602539e+00
3.458791255950927734e+00
3.812976598739624023e+00
4.954578399658203125e+00
5.195777416229248047e-01
3.731652736663818359e+00
-1.671164155006408691e+00
-1.079974651336669922e+00
-5.662149786949157715e-01
2.098003864288330078e+00
-6.514764785766601562e+00
4.757970333099365234e+00
-1.353867888450622559e+00
2.798240184783935547e+00
3.702890396118164062e+00
2.594391345977783203e+00
-1.853986620903015137e+00
6.550595164299011230e-02
1.745749711990356445e+00
2.262732982635498047e+00
5.000000000000000000e+00
4.364532470703125000e+00
-8.462738394737243652e-01
1.436764001846313477e+00
-1.222612500190734863e+00
7.309636473655700684e-01
2.580185174942016602e+00
-1.776027917861938477e+00
3.832567214965820312e+00
-4.211676120758056641e-02
5.000000000000000000e+00
5.000000000000000000e+00
2.710781991481781006e-01
1.483576655387878418e+00
-2.424697399139404297e+00
7.488449811935424805e-01
4.298334121704101562e-01
4.043182373046875000e+00
2.167494297027587891e+00
5.000000000000000000e+00
1.862619757652282715e+00
3.633536577224731445e+00
4.905561447143554688e+00
6.019788980484008789e-01
3.252375721931457520e-01
3.892260551452636719e+00
-1.214044332504272461e+00
6.858766078948974609e-01
-3.258853256702423096e-01
4.700452804565429688e+00
7.552268505096435547e-01
2.242151260375976562e+00
-1.004356741905212402e+00
6.608587503433227539e-02
-1.827387213706970215e-01
2.660862922668457031e+00
2.854781627655029297e+00
1.996501445770263672e+00
4.662765264511108398e-01
-1.176088809967041016e+00
2.528356313705444336e+00
2.830952644348144531e+00
2.090815544128417969e+00
4.481082916259765625e+00
5.000000000000000000e+00
2.056561708450317383e+00
4.477218627929687500e+00
3.245490550994873047e+00
-2.909576654434204102e+00
-4.498867988586425781e-01
2.960440874099731445e+00
4.668498039245605469e+00
3.164603233337402344e+00
-8.973146080970764160e-01
4.056890010833740234e-01
-1.181967020034790039e+00
-8.313417434692382812e-02
1.502286434173583984e+00
5.000000000000000000e+00
5.000000000000000000e+00
2.482950687408447266e+00
-2.575070858001708984e-01
1.864354491233825684e+00
2.249454975128173828e+00
2.915096282958984375e+00
3.270743608474731445e+00
2.269253253936767578e+00
-1.402632355690002441e+00
1.843388319015502930e+00
4.426007270812988281e+00
8.512749671936035156e-01
-7.551383972167968750e-01
2.672802209854125977e+00
3.143751025199890137e-01
-6.251317262649536133e-01
5.650535821914672852e-01
2.581667423248291016e+00
1.370638132095336914e+00
3.455954551696777344e+00
7.896089553833007812e-02
4.850180149078369141e+00
4.443915367126464844e+00
4.289849281311035156e+00
3.242603778839111328e+00
2.899086475372314453e+00
4.020254135131835938e+00
-5.798509120941162109e-01
3.978005647659301758e-01
4.608626842498779297e+00
-1.506903529167175293e+00
1.607126712799072266e+00
3.666865825653076172e+00
-5.474520325660705566e-01
-8.383470773696899414e-01
-2.266610562801361084e-01
8.367874622344970703e-01
5.000000000000000000e+00
1.152479529380798340e+00
3.590404033660888672e+00
1.598166942596435547e+00
3.544460833072662354e-01
1.468721151351928711e+00
-1.161196470260620117e+00
3.249501466751098633e+00
5.617867708206176758e-01
1.279399752616882324e+00
4.184291839599609375e+00
5.000000000000000000e+00
4.660705566406250000e+00
-2.674241364002227783e-01
-6.404699683189392090e-01
-4.610443115234375000e+00
4.286970138549804688e+00
-1.730899512767791748e-01
4.693942368030548096e-01
-1.559303045272827148e+00
-1.134813547134399414e+00
-6.131556630134582520e-01
-5.314752459526062012e-01
2.193975925445556641e+00
4.797369539737701416e-01
2.828434944152832031e+00
-7.753900289535522461e-01
-2.424622178077697754e-01
-2.169308364391326904e-01
2.396241903305053711e+00
4.764343500137329102e-01
1.051930189132690430e+00
3.069266080856323242e-01
2.268576622009277344e-01
-3.885386228561401367e+00
2.318528413772583008e+00
3.964624166488647461e+00
-2.118085920810699463e-01
1.327831625938415527e+00
1.429325580596923828e+00
1.496819972991943359e+00
-1.132852435111999512e+00
-1.572695970535278320e-01
1.478983163833618164e+00
1.286000967025756836e+00
4.438765525817871094e+00
3.062189102172851562e+00
3.182859182357788086e+00
-1.064007878303527832e-01
-4.054167866706848145e-01
-1.576531648635864258e+00
-9.754521846771240234e-01
5.842294692993164062e-01
9.507466554641723633e-01
2.306610584259033203e+00
1.853763461112976074e-01
1.825804948806762695e+00
2.713466167449951172e+00
2.751817703247070312e+00
6.802461147308349609e-01
5.108387470245361328e-01
2.936958789825439453e+00
3.376402378082275391e+00
1.712003946304321289e-01
-1.555343121290206909e-01
4.991141319274902344e+00
5.000000000000000000e+00
2.944952249526977539e+00
3.609207153320312500e+00
-1.324301242828369141e+00
5.000000000000000000e+00
1.872134089469909668e+00
7.639020085334777832e-01
9.870424270629882812e-01
3.693486213684082031e+00
5.000000000000000000e+00
2.141417503356933594e+00
6.128193140029907227e-01
-1.995492458343505859e+00
-2.662952423095703125e+00
-1.194818377494812012e+00
1.987457752227783203e+00
-8.546850085258483887e-01
-1.487577676773071289e+00
-1.351563930511474609e+00
2.736781120300292969e+00
-1.067871093750000000e+00
4.716986179351806641e+00
5.850206315517425537e-02
9.551289677619934082e-01
-5.549437999725341797e-01
5.000000000000000000e+00
2.413982450962066650e-01
-7.732272148132324219e-01
4.520302772521972656e+00
-8.779683709144592285e-02
3.114144802093505859e-01
-1.339297175407409668e+00
1.956563234329223633e+00
3.896151065826416016e+00
5.000000000000000000e+00
5.000000000000000000e+00
4.903627395629882812e+00
-5.654785633087158203e-01
-3.454339504241943359e-01
-9.759607315063476562e-01
2.392892360687255859e+00
-1.849308252334594727e+00
3.902357578277587891e+00
2.787857055664062500e-01
2.192841768264770508e+00
-4.356070756912231445e-01
2.019255876541137695e+00
4.815660476684570312e+00
8.544468879699707031e-01
-2.368543148040771484e+00
-7.627074718475341797e-01
-9.764121770858764648e-01
-2.534803748130798340e-01
2.813979148864746094e+00
-4.312548041343688965e-02
2.052090883255004883e+00
5.000000000000000000e+00
-4.451978206634521484e-02
3.468454778194427490e-01
4.901210784912109375e+00
3.221907854080200195e+00
1.294356584548950195e+00
1.360262155532836914e+00
-1.442362189292907715e+00
5.000000000000000000e+00
-1.617092847824096680e+00
2.743105411529541016e+00
5.000000000000000000e+00
-1.333878993988037109e+00
-5.782508850097656250e-02
2.811221361160278320e+00
5.000000000000000000e+00
2.232611656188964844e+00
2.800851345062255859e+00
1.146495938301086426e+00
2.519932985305786133e-01
-9.122189283370971680e-01
2.537149906158447266e+00
1.875490307807922363e+00
6.429466605186462402e-02
4.060119152069091797e+00
4.686421871185302734e+00
7.535105943679809570e-01
4.962131500244140625e+00
2.852194309234619141e+00
2.278669595718383789e+00
1.134344339370727539e+00
2.122156143188476562e+00
2.083745479583740234e+00
-3.849015235900878906e-01
5.000000000000000000e+00
-1.864637851715087891e+00
2.611611127853393555e+00
8.151829242706298828e-01
1.716991066932678223e+00
3.897183895111083984e+00
1.312977433204650879e+00
1.791345715522766113e+00
-7.873126864433288574e-01
3.972059488296508789e+00
-9.116687774658203125e-01
-3.524796366691589355e-01
-3.239613771438598633e-01
3.580566883087158203e+00
3.183719873428344727e+00
2.811982154846191406e+00
7.091810107231140137e-01
3.345265388488769531e+00
2.084519624710083008e+00
6.291729211807250977e-01
7.401879429817199707e-01
4.803556442260742188e+00
-3.097846210002899170e-01
-2.113714933395385742e+00
1.036898016929626465e+00
6.370605826377868652e-01
4.578162670135498047e+00
4.448437392711639404e-01
-1.724134445190429688e+00
3.465494632720947266e+00
1.922425270080566406e+00
5.000000000000000000e+00
-5.053939223289489746e-01
4.471059799194335938e+00
2.053003787994384766e+00
-2.828480303287506104e-01
2.411478519439697266e+00
3.693072319030761719e+00
1.028162479400634766e+00
-1.813731074333190918e+00
4.506476402282714844e+00
1.794513463973999023e+00
1.485256195068359375e+00
3.972514152526855469e+00
-9.000134468078613281e-01
4.620656967163085938e+00
4.477657794952392578e+00
4.907250404357910156e+00
-7.964957356452941895e-01
1.380728483200073242e+00
1.575106859207153320e+00
-1.559714078903198242e+00
4.081951141357421875e+00
-1.180299043655395508e+00
-7.242202758789062500e-01
2.437351703643798828e+00
1.437947154045104980e+00
-6.275449991226196289e-01
-3.361318111419677734e-01
4.704184532165527344e+00
5.000000000000000000e+00
4.195116043090820312e+00
-4.403467178344726562e-01
-1.980576515197753906e-01
2.050679206848144531e+00
-1.238321900367736816e+00
1.402419090270996094e+00
3.107052326202392578e+00
3.920837640762329102e+00
-2.763059616088867188e+00
1.092886567115783691e+00
-8.525279760360717773e-01
3.872867107391357422e+00
-5.732449293136596680e-01
-1.050736665725708008e+00
-3.433236777782440186e-01
-5.750462412834167480e-01
-1.270752787590026855e+00
3.394758462905883789e+00
5.776727199554443359e-01
1.863280534744262695e+00
5.000000000000000000e+00
-5.436102151870727539e-01
-1.488499343395233154e-01
-1.561072826385498047e+00
-1.565422534942626953e+00
7.679858207702636719e-01
-9.016489982604980469e-01
1.584419369697570801e+00
-3.269429802894592285e-01
5.000000000000000000e+00
1.177966237068176270e+00
-9.756060242652893066e-01
-1.932543516159057617e-02
1.016153931617736816e+00
-2.357250154018402100e-01
3.397341072559356689e-01
9.906444549560546875e-01
3.321943879127502441e-01
3.373576641082763672e+00
1.672941207885742188e+00
5.623001456260681152e-01
-6.279578804969787598e-01
5.000000000000000000e+00
5.000000000000000000e+00
4.214953422546386719e+00
-7.135641574859619141e-01
-5.393490195274353027e-01
4.944198727607727051e-01
-3.161895275115966797e-01
5.000000000000000000e+00
3.078760147094726562e+00
5.000000000000000000e+00
6.656962633132934570e-01
5.000000000000000000e+00
4.654659748077392578e+00
1.116386532783508301e+00
5.000000000000000000e+00
-1.045026898384094238e+00
3.861931085586547852e+00
-9.615397453308105469e-01
4.977011680603027344e+00
2.600732803344726562e+00
1.923154115676879883e+00
4.319809973239898682e-01
9.219381213188171387e-01
1.395359277725219727e+00
-9.542111754417419434e-01
-7.862951159477233887e-01
-1.759080141782760620e-01
1.178381443023681641e+00
1.225218176841735840e-02
2.261914253234863281e+00
5.000000000000000000e+00
-7.309632301330566406e-01
7.316410541534423828e-02
2.630112409591674805e+00
9.469839930534362793e-01
-2.015725970268249512e-01
3.460294008255004883e+00
-5.280631184577941895e-01
3.762597560882568359e+00
3.532560348510742188e+00
-5.800641775131225586e-01
-6.160283088684082031e-02
6.502857208251953125e-01
-1.150662422180175781e+00
1.054153919219970703e+00
2.891792297363281250e+00
-2.733896493911743164e+00
-5.604760050773620605e-01
-4.641902148723602295e-01
4.588221549987792969e+00
2.421373128890991211e-01
3.584818840026855469e+00
2.375500202178955078e+00
4.386511802673339844e+00
3.818618953227996826e-01
5.614784359931945801e-02
6.166156530380249023e-01
2.278601408004760742e+00
6.820614337921142578e-01
-1.730824470520019531e+00
3.764330387115478516e+00
2.936970233917236328e+00
2.220659494400024414e+00
5.000000000000000000e+00
4.286156296730041504e-01
-9.845751523971557617e-01
-4.162940979003906250e-01
-2.691352963447570801e-01
-1.624265551567077637e+00
4.703266620635986328e+00
1.479815244674682617e+00
1.402115345001220703e+00
-9.463896155357360840e-01
2.552401781082153320e+00
1.441726088523864746e+00
1.153780817985534668e-01
2.328078746795654297e+00
3.303835391998291016e+00
4.341160297393798828e+00
-1.821660995483398438e-01
1.815248012542724609e+00
-5.134764909744262695e-01
4.726345062255859375e+00
-1.334240913391113281e+00
-2.684288620948791504e-01
7.242918014526367188e-01
-1.229110717773437500e+00
2.341980338096618652e-01
4.366911888122558594e+00
1.453078985214233398e-01
-4.266170561313629150e-01
2.707983255386352539e+00
5.000000000000000000e+00
-1.388193964958190918e+00
3.762575387954711914e+00
-7.477096319198608398e-01
3.990601539611816406e+00
4.895792007446289062e+00
-4.933794736862182617e-01
2.042848348617553711e+00
4.323578357696533203e+00
1.113769173622131348e+00
2.875806570053100586e+00
-1.529211163520812988e+00
-3.455436706542968750e+00
2.811140537261962891e+00
5.000000000000000000e+00
7.171665430068969727e-01
1.214484095573425293e+00
-4.259096086025238037e-01
-1.253992319107055664e+00
-2.365342140197753906e+00
2.590956687927246094e+00
-9.725623726844787598e-01
-1.330056905746459961e+00
2.060724794864654541e-02
5.000000000000000000e+00
4.353975653648376465e-01
3.299700498580932617e+00
