4.100272357463836670e-01
-1.851563215255737305e+00
-1.047638773918151855e+00
-1.067468643188476562e+00
-1.199603319168090820e+00
-2.553118705749511719e+00
-1.435876369476318359e+00
-1.323480725288391113e+00
-1.128378152847290039e+00
-1.278489112854003906e+00
-2.328394889831542969e+00
6.720244884490966797e-02
-8.281912207603454590e-01
-5.454806685447692871e-01
-8.481342196464538574e-01
-1.289266347885131836e+00
-1.029094219207763672e+00
-5.369955301284790039e-01
-2.144432783126831055e+00
-2.292509973049163818e-01
-1.559334278106689453e+00
1.075710356235504150e-01
4.926910698413848877e-01
-6.165990829467773438e-01
5.334339141845703125e-01
-4.976722002029418945e-01
-6.355744004249572754e-01
-2.468603134155273438e+00
-1.223608613014221191e+00
1.027470111846923828e+00
2.026466131210327148e+00
-8.395367860794067383e-01
-1.578797101974487305e-01
-2.919006943702697754e-01
-7.253495454788208008e-01
1.618368625640869141e+00
-1.019385904073715210e-01
-4.955163598060607910e-02
-2.174522399902343750e+00
-1.001778841018676758e+00
-3.668707907199859619e-01
-1.870669126510620117e+00
-2.746574878692626953e+00
-1.029225826263427734e+00
2.338118791580200195e+00
-5.766888856887817383e-01
-1.811425089836120605e-01
-6.087076663970947266e-01
-1.511517763137817383e+00
-8.882637023925781250e-01
-2.236744403839111328e+00
-6.928377747535705566e-01
-2.720872879028320312e+00
-1.029105067253112793e+00
2.198601007461547852e+00
5.628621578216552734e-01
-1.983149051666259766e-01
-4.292204678058624268e-01
-1.875276565551757812e+00
1.726062297821044922e+00
-1.219067811965942383e+00
-1.165871620178222656e+00
-2.241517305374145508e+00
-1.826997518539428711e+00
-5.083091259002685547e-01
-6.700212955474853516e-01
-1.064272165298461914e+00
-2.499797582626342773e+00
-1.569397091865539551e+00
-1.406130552291870117e+00
-1.274082660675048828e-01
-8.766341209411621094e-01
7.470043897628784180e-01
-3.396987915039062500e-03
-1.238934516906738281e+00
-1.153316855430603027e+00
1.549650281667709351e-01
-1.355876088142395020e+00
-1.445494890213012695e+00
1.859695613384246826e-01
-6.592617034912109375e-01
-1.849972248077392578e+00
2.510086297988891602e-01
-3.817906677722930908e-01
-2.592581748962402344e+00
9.073672294616699219e-01
1.863322377204895020e+00
-2.696657657623291016e+00
-1.157623052597045898e+00
-5.069225430488586426e-01
-2.420224696397781372e-01
-8.285723924636840820e-01
-2.909967422485351562e+00
-9.238271713256835938e-01
4.202691018581390381e-01
-1.022314548492431641e+00
1.423014163970947266e+00
-7.534745931625366211e-01
-2.311124801635742188e+00
-9.457430243492126465e-01
-1.194897294044494629e+00
-7.867068052291870117e-01
-1.148075461387634277e+00
2.633563756942749023e+00
-9.394752979278564453e-01
-1.803475975990295410e+00
-9.283903241157531738e-01
-2.444741964340209961e+00
-1.991942286491394043e+00
-5.403053760528564453e-01
-1.942909002304077148e+00
4.665970802307128906e-01
-1.781552672386169434e+00
-8.788063526153564453e-01
-7.568110823631286621e-01
4.538863897323608398e-01
-1.499549508094787598e+00
-7.025375366210937500e-01
-2.543683052062988281e+00
-3.131539821624755859e+00
-9.881708025932312012e-01
-9.720272421836853027e-01
6.781111955642700195e-01
5.180340409278869629e-01
2.479024529457092285e-01
-3.445596456527709961e+00
7.269963622093200684e-01
-2.381121635437011719e+00
-2.406813502311706543e-01
-1.616405010223388672e+00
-1.506610751152038574e+00
-2.688152194023132324e-01
-2.335936546325683594e+00
-1.900954246520996094e+00
-1.391437053680419922e+00
-1.553576827049255371e+00
-7.315139770507812500e-01
-1.795391798019409180e+00
1.301875114440917969e-01
1.103781938552856445e+00
-9.505426883697509766e-02
4.420685768127441406e-02
-4.616060853004455566e-01
-8.045295476913452148e-01
-7.919976711273193359e-01
4.717139601707458496e-01
1.835820078849792480e+00
-3.212479054927825928e-01
2.339516133069992065e-01
-2.856855154037475586e+00
-3.367340564727783203e-02
1.453815102577209473e+00
-1.384272575378417969e+00
-1.176543116569519043e+00
-7.471073865890502930e-01
-1.008118987083435059e-01
-1.268484830856323242e+00
-1.154596805572509766e+00
-8.157715201377868652e-01
-2.181187629699707031e+00
2.167232751846313477e+00
5.016753673553466797e-01
-1.229842305183410645e+00
-3.775209188461303711e+00
-6.792429685592651367e-01
-1.686549425125122070e+00
-3.542357087135314941e-01
6.116312146186828613e-01
-3.033037900924682617e+00
-1.609322071075439453e+00
-4.299420416355133057e-01
-2.186886668205261230e-01
-1.142627358436584473e+00
5.434250235557556152e-01
-1.206953406333923340e+00
3.470510244369506836e-02
-1.836893558502197266e-01
7.203063368797302246e-01
4.979904890060424805e-01
-7.074995040893554688e-01
-8.575514554977416992e-01
-1.843249678611755371e+00
-1.206053137779235840e+00
-6.597216129302978516e-01
7.898734807968139648e-01
-3.259212970733642578e-01
1.174814462661743164e+00
6.546849012374877930e-01
-2.971096634864807129e-01
8.003306388854980469e-01
-4.121689498424530029e-01
-3.989096879959106445e-01
-1.234995365142822266e+00
1.739586353302001953e+00
-6.242387890815734863e-01
-9.932723641395568848e-01
-1.986620306968688965e+00
-9.340813755989074707e-01
-1.115542292594909668e+00
7.462117671966552734e-01
5.376234054565429688e-01
-1.202775835990905762e+00
-1.413487434387207031e+00
-1.574682235717773438e+00
-1.303679227828979492e+00
-1.970498800277709961e+00
-1.475344002246856689e-01
-8.341222405433654785e-01
5.638828277587890625e-01
2.086308240890502930e+00
-1.073826432228088379e+00
-2.210305929183959961e+00
-1.937876105308532715e+00
-2.479544639587402344e+00
-8.298739194869995117e-01
-1.821086168289184570e+00
-3.521307110786437988e-01
-2.126918315887451172e+00
-5.725142359733581543e-02
-2.392601490020751953e+00
6.589540839195251465e-01
-1.044914722442626953e+00
-2.975327968597412109e+00
1.155698299407958984e+00
-1.376432180404663086e+00
-2.111014366149902344e+00
-9.548773765563964844e-01
-1.260909318923950195e+00
5.773255825042724609e-01
-5.331366062164306641e-01
-1.979250907897949219e+00
-1.620252132415771484e+00
-4.046950936317443848e-01
-2.388717234134674072e-01
-5.768748521804809570e-01
2.854256331920623779e-01
-1.806742310523986816e+00
-2.476966142654418945e+00
-2.523150444030761719e+00
-1.897510766983032227e+00
-1.315570831298828125e+00
-8.864515423774719238e-01
-1.265105724334716797e+00
-3.886775493621826172e+00
-1.371999025344848633e+00
8.686409592628479004e-01
4.120601713657379150e-01
-1.923514723777770996e+00
-6.011095643043518066e-02
-2.061449050903320312e+00
2.397069334983825684e-01
-1.828941702842712402e+00
-1.164442300796508789e+00
2.000387191772460938e+00
-6.220182180404663086e-01
-1.300118207931518555e+00
-2.744366168975830078e+00
-1.061790704727172852e+00
6.462924480438232422e-01
-4.080930352210998535e-01
1.049645423889160156e+00
-1.522028207778930664e+00
-9.450814723968505859e-01
-1.179934859275817871e+00
-1.755160331726074219e+00
8.043537735939025879e-01
-3.935977816581726074e-01
-1.113654851913452148e+00
-2.182261466979980469e+00
3.036422729492187500e-01
-2.257495820522308350e-01
-1.732934236526489258e+00
-5.819904804229736328e-02
3.031391203403472900e-01
1.981895685195922852e+00
-4.569432437419891357e-01
-2.947191715240478516e+00
2.320998907089233398e-01
-1.703033447265625000e-01
-2.356207370758056641e-02
-3.824301660060882568e-01
-2.465827703475952148e+00
-2.891820192337036133e+00
-1.063030362129211426e+00
-1.896825432777404785e+00
-9.005101323127746582e-01
-3.845790028572082520e-01
-2.918295621871948242e+00
-1.826571345329284668e+00
-1.696613311767578125e+00
-6.984590291976928711e-01
-1.031351566314697266e+00
4.883623123168945312e-01
-1.867948055267333984e+00
-1.324544429779052734e+00
1.865675210952758789e+00
3.180091083049774170e-01
-4.787548780441284180e-01
-7.371603846549987793e-01
-1.410452008247375488e+00
-1.354420185089111328e-01
-9.373550415039062500e-01
4.322265386581420898e-01
-1.489630699157714844e+00
-9.156007766723632812e-01
-4.812521040439605713e-01
-2.131927609443664551e-01
-3.260949611663818359e+00
-9.346983432769775391e-01
-3.022390604019165039e+00
-1.965726137161254883e+00
-7.289803028106689453e-02
-3.816723823547363281e-01
-4.848729372024536133e-01
-9.117366671562194824e-01
-1.684671759605407715e+00
-7.788315415382385254e-02
-5.761696696281433105e-01
-1.732553839683532715e+00
-1.220938801765441895e+00
-1.413631439208984375e+00
-1.877871274948120117e+00
-9.472677707672119141e-01
1.247078180313110352e+00
-1.317239761352539062e+00
-1.385587811470031738e+00
8.688712716102600098e-01
-1.697705507278442383e+00
-2.684217989444732666e-01
-6.535095572471618652e-01
4.394304752349853516e-01
-1.154251098632812500e+00
-1.212164878845214844e+00
-7.404691576957702637e-01
-1.998125314712524414e+00
-1.751114964485168457e+00
-1.872693181037902832e+00
-4.046268463134765625e-01
-1.497336506843566895e+00
-1.155436515808105469e+00
1.685530900955200195e+00
-1.632836937904357910e+00
1.310698628425598145e+00
-3.116440773010253906e+00
-1.616268873214721680e+00
4.641873836517333984e-01
-1.228008389472961426e+00
-1.842956542968750000e+00
8.924154043197631836e-01
6.790300607681274414e-01
-2.256470203399658203e+00
-1.358061313629150391e+00
-4.983342587947845459e-01
-1.360629081726074219e+00
-2.520402431488037109e+00
8.147919178009033203e-01
-3.318686962127685547e+00
-2.191419839859008789e+00
-2.077909469604492188e+00
-7.322211265563964844e-01
-6.451025009155273438e-01
-2.043881893157958984e+00
-1.821251153945922852e+00
-2.148811340332031250e+00
-1.439566373825073242e+00
-2.424966394901275635e-01
-8.794348835945129395e-01
2.747229933738708496e-01
1.491027832031250000e+00
5.654039978981018066e-01
-1.263132572174072266e+00
-1.469436526298522949e+00
-2.275810539722442627e-01
2.105077207088470459e-01
-4.263638556003570557e-01
-1.075415134429931641e+00
-7.332884073257446289e-01
7.191200554370880127e-02
-8.644776344299316406e-01
-1.771147966384887695e+00
-2.240665912628173828e+00
-1.623230695724487305e+00
-1.911776900291442871e+00
-1.694185256958007812e+00
-5.494367480278015137e-01
-5.532187223434448242e-01
8.184090852737426758e-01
-1.297276258468627930e+00
-1.788561582565307617e+00
2.608838379383087158e-01
-1.529926538467407227e+00
1.120749354362487793e+00
-2.027874946594238281e+00
-1.343088865280151367e+00
5.937380194664001465e-01
-2.424663305282592773e-02
1.154113411903381348e-01
-3.649505227804183960e-02
-2.384219646453857422e+00
-2.082133769989013672e+00
-1.237996816635131836e+00
-1.900853514671325684e+00
1.311167001724243164e+00
-1.074937343597412109e+00
-4.000517129898071289e-01
-2.993047237396240234e+00
2.975305616855621338e-01
-7.164852619171142578e-01
-1.323302507400512695e+00
-1.347294569015502930e+00
-1.044445276260375977e+00
-1.000448465347290039e+00
-7.431626319885253906e-02
-1.924955844879150391e-02
-1.297776341438293457e+00
-7.646948695182800293e-01
-2.874353528022766113e-01
-2.528931379318237305e+00
-8.160138726234436035e-01
-1.109253764152526855e+00
4.962960481643676758e-01
8.764872550964355469e-01
-2.684904336929321289e+00
-1.824886322021484375e+00
-1.741099119186401367e+00
-1.421371221542358398e+00
-1.283538341522216797e+00
-1.475690722465515137e+00
-2.608740329742431641e+00
-9.463587999343872070e-01
-2.263328582048416138e-01
-2.069410085678100586e-01
-4.166483283042907715e-01
8.254175186157226562e-01
-4.491878151893615723e-01
-8.233150243759155273e-01
-9.812507033348083496e-01
-5.345460176467895508e-01
-1.193990826606750488e+00
9.065095186233520508e-01
-3.870409727096557617e-01
-8.123798966407775879e-01
-1.031654357910156250e+00
-1.789840757846832275e-01
1.258343815803527832e+00
-9.948353767395019531e-01
-2.200333476066589355e-01
-2.915727615356445312e+00
-2.648097872734069824e-01
-1.547834396362304688e+00
-2.728181481361389160e-01
-8.549315929412841797e-01
-8.653227090835571289e-01
-1.190358519554138184e+00
-1.800587177276611328e+00
-5.565516352653503418e-01
1.012511134147644043e+00
-9.041963219642639160e-01
1.832948565483093262e+00
-2.552197933197021484e+00
-5.825589895248413086e-01
-3.005729675292968750e+00
-1.643475532531738281e+00
-1.440832138061523438e+00
8.897835016250610352e-01
-1.157887935638427734e+00
-1.304807066917419434e-01
-4.325789809226989746e-01
-1.333363771438598633e+00
-1.618710398674011230e+00
-1.619404315948486328e+00
-1.863132715225219727e-01
-9.305197596549987793e-01
-4.340146481990814209e-02
-3.363848686218261719e+00
-2.518761157989501953e+00
-2.295297384262084961e+00
-2.815767288208007812e+00
2.525392472743988037e-01
-1.080459475517272949e+00
-7.340716719627380371e-01
-1.491788506507873535e+00
-1.496277570724487305e+00
-1.245308995246887207e+00
-2.429463148117065430e+00
-1.782141685485839844e+00
-2.039990186691284180e+00
2.402768135070800781e-01
-2.253997802734375000e+00
-5.681614875793457031e-01
-1.158879756927490234e+00
-3.125153183937072754e-01
-1.825637698173522949e+00
-5.024034380912780762e-01
1.070721149444580078e-01
-1.578983306884765625e+00
-1.171127200126647949e+00
-1.119222879409790039e+00
1.061941266059875488e+00
1.301319599151611328e-01
-7.032275199890136719e-02
3.358168601989746094e-01
-9.511466026306152344e-01
2.225417137145996094e+00
4.127240180969238281e-01
-1.148496150970458984e+00
1.811549663543701172e+00
-1.946658134460449219e+00
-5.138618350028991699e-01
-8.356612920761108398e-01
9.393296837806701660e-01
-1.495796322822570801e+00
3.404361903667449951e-01
-1.161105513572692871e+00
-2.146380662918090820e+00
-1.298123478889465332e+00
7.855952978134155273e-01
-1.342076420783996582e+00
-1.774500370025634766e+00
-3.199475109577178955e-01
-1.227136492729187012e+00
1.431438624858856201e-01
-7.203979492187500000e-01
-2.374589443206787109e+00
-1.266847848892211914e+00
-4.436136484146118164e-01
-2.117120981216430664e+00
-1.459047079086303711e+00
-2.757171154022216797e+00
-7.241461277008056641e-01
-4.225852787494659424e-01
5.008811950683593750e-01
-1.322458982467651367e+00
-1.725234627723693848e+00
-7.502112388610839844e-01
-1.307329654693603516e+00
-2.015443325042724609e+00
-1.435337066650390625e-01
-2.262686252593994141e+00
1.582228541374206543e-01
-3.125833749771118164e+00
1.386640191078186035e+00
-6.410646438598632812e-01
3.044936954975128174e-01
-1.017788887023925781e+00
7.529231905937194824e-01
-8.884413242340087891e-01
-6.002109050750732422e-01
-1.786181569099426270e+00
1.835691928863525391e-01
-9.265401363372802734e-01
-4.670923948287963867e-01
4.077908396720886230e-01
1.412904858589172363e-01
-1.063259720802307129e+00
-1.407167673110961914e+00
-9.984312653541564941e-01
2.980443835258483887e-01
-2.135923862457275391e+00
1.000854372978210449e-02
-5.385680198669433594e-01
-7.054402232170104980e-01
1.657420396804809570e-01
-6.392851471900939941e-02
-9.173386096954345703e-01
-1.447060823440551758e+00
-1.403013586997985840e+00
-2.656398713588714600e-01
-2.535512745380401611e-01
4.075246453285217285e-01
-1.892952919006347656e-01
-1.676639318466186523e+00
-7.220035791397094727e-02
-1.366056323051452637e+00
-1.838512659072875977e+00
-5.343856215476989746e-01
-1.787412047386169434e+00
-1.005368947982788086e+00
-4.374311268329620361e-01
4.268404841423034668e-01
-6.824489831924438477e-01
3.131041228771209717e-01
-3.153024911880493164e-01
-3.425166904926300049e-01
-2.455272674560546875e+00
-1.741233348846435547e+00
-1.341500282287597656e+00
-1.804328083992004395e+00
-5.551270246505737305e-01
-1.507946491241455078e+00
8.194792270660400391e-01
5.236157774925231934e-02
-3.260629177093505859e+00
-5.025006532669067383e-01
2.487617731094360352e-01
-3.362764358520507812e+00
5.655002593994140625e-02
-1.140607357025146484e+00
-2.096104621887207031e+00
2.033092677593231201e-01
-1.909452199935913086e+00
-9.089770913124084473e-01
-1.356977939605712891e+00
-3.563575744628906250e-01
-6.809481382369995117e-01
-1.133899688720703125e+00
-1.872967362403869629e+00
-6.922178864479064941e-01
2.813438773155212402e-01
-4.967117309570312500e-01
-1.160500407218933105e+00
-1.291910171508789062e+00
7.487230300903320312e-01
7.128856778144836426e-01
2.038442492485046387e-01
-2.220294922590255737e-01
-2.033149242401123047e+00
1.567298650741577148e+00
-2.885639190673828125e+00
-2.402255535125732422e-01
-1.478549599647521973e+00
-1.274675130844116211e-03
-3.034646511077880859e-01
-6.222816109657287598e-01
-8.427349328994750977e-01
-2.282823473215103149e-01
2.320674061775207520e-02
-8.034203648567199707e-01
-6.085810661315917969e-01
-2.026656389236450195e+00
-2.755522429943084717e-01
4.710751771926879883e-01
9.157263040542602539e-01
-4.565304517745971680e-01
-2.556402206420898438e+00
-1.982030272483825684e+00
1.227439761161804199e+00
7.426903843879699707e-01
-3.373164176940917969e+00
-2.867219448089599609e-01
-1.805681228637695312e+00
-2.155559301376342773e+00
-6.363411545753479004e-01
-1.927748560905456543e+00
-1.799108386039733887e+00
-6.183584928512573242e-01
1.915320992469787598e+00
-2.168691158294677734e+00
-1.513842105865478516e+00
-2.748028755187988281e+00
1.875997185707092285e-01
4.324774444103240967e-01
-1.837395876646041870e-02
-2.724846839904785156e+00
3.930129408836364746e-01
-1.132440686225891113e+00
-6.622532010078430176e-02
1.072078585624694824e+00
5.497013926506042480e-01
8.073341846466064453e-02
-2.563349246978759766e+00
-2.217583179473876953e+00
-2.379413127899169922e+00
-6.897023916244506836e-01
1.279960513114929199e+00
6.534996628761291504e-02
6.051351428031921387e-01
-9.269480705261230469e-01
1.123531460762023926e-01
-5.741589665412902832e-01
2.014741897583007812e+00
-1.371461153030395508e-02
-1.621233701705932617e+00
-8.021569252014160156e-01
-9.362090826034545898e-01
5.985889434814453125e-01
-1.178191184997558594e+00
-1.769839286804199219e+00
-1.691909670829772949e+00
-1.378517031669616699e+00
-1.363421678543090820e+00
-5.831004381179809570e-01
-3.150988340377807617e+00
-2.768969774246215820e+00
-1.180869340896606445e+00
4.324980676174163818e-01
-3.045672774314880371e-01
7.151229381561279297e-01
-1.008735299110412598e+00
-2.096581459045410156e+00
6.885393857955932617e-01
-6.692836284637451172e-01
-1.952260971069335938e+00
