6.274819374084472656e-02
6.926095485687255859e-01
1.020107150077819824e+00
2.904749155044555664e+00
5.000000000000000000e+00
-3.533162117004394531e+00
7.428038120269775391e-02
-1.577928066253662109e+00
5.000000000000000000e+00
4.650342941284179688e+00
1.173013210296630859e+00
1.702469706535339355e+00
-5.467188358306884766e-01
4.231253147125244141e+00
2.945799827575683594e-01
-8.532523512840270996e-01
-1.060433745384216309e+00
2.048945426940917969e+00
6.386973857879638672e-01
4.399889111518859863e-01
-4.289354681968688965e-01
-8.180451989173889160e-01
-5.743643045425415039e-01
2.136554241180419922e+00
-1.406843543052673340e+00
3.371056556701660156e+00
-8.421276807785034180e-01
4.157892704010009766e+00
1.023645281791687012e+00
-9.285026788711547852e-01
-4.996993541717529297e-01
9.287704229354858398e-01
3.838639259338378906e+00
3.147107124328613281e+00
6.744202971458435059e-02
3.328194141387939453e+00
5.000000000000000000e+00
5.164548158645629883e-01
1.246119499206542969e+00
9.160374402999877930e-01
4.998220443725585938e+00
-9.636895358562469482e-02
4.305492401123046875e+00
2.700318336486816406e+00
5.000000000000000000e+00
-4.102755188941955566e-01
5.000000000000000000e+00
-6.990246176719665527e-01
4.084745407104492188e+00
7.858176827430725098e-01
4.925841331481933594e+00
5.329632163047790527e-01
6.454497575759887695e-02
3.811714172363281250e+00
2.764822483062744141e+00
-2.648031711578369141e-02
5.000000000000000000e+00
5.000000000000000000e+00
3.571633815765380859e+00
-3.978744149208068848e-01
-5.241081118583679199e-01
5.000000000000000000e+00
3.125382661819458008e-01
-8.608055710792541504e-01
1.287252545356750488e+00
5.000000000000000000e+00
-1.330552935600280762e+00
4.421894073486328125e+00
-1.048723936080932617e+00
-4.371752142906188965e-01
2.950010776519775391e+00
9.994364976882934570e-01
1.068109512329101562e+00
5.000000000000000000e+00
5.000000000000000000e+00
-2.142812728881835938e+00
2.147208213806152344e+00
4.924712657928466797e+00
3.349867463111877441e-02
1.899769783020019531e+00
3.670258522033691406e+00
-5.239585638046264648e-01
2.166566133499145508e+00
-5.917347669601440430e-01
2.606950998306274414e+00
1.118740797042846680e+00
-7.948790490627288818e-02
1.659122228622436523e+00
4.599379062652587891e+00
9.856108427047729492e-01
-2.490810632705688477e+00
1.728170394897460938e+00
1.013024210929870605e+00
-9.447928071022033691e-01
-2.428857088088989258e-01
4.275517463684082031e+00
3.627896785736083984e+00
3.950911760330200195e-01
3.298684358596801758e+00
5.000000000000000000e+00
1.736899375915527344e+00
1.300418496131896973e+00
5.000000000000000000e+00
1.507678270339965820e+00
4.757399559020996094e+00
6.978065371513366699e-01
4.272193431854248047e+00
5.474116802215576172e-01
1.168988943099975586e+00
1.840150594711303711e+00
-1.582224607467651367e+00
3.434610843658447266e+00
9.826338291168212891e-02
4.281810283660888672e+00
4.922693252563476562e+00
3.289007902145385742e+00
1.413490414619445801e+00
9.117038249969482422e-01
-1.652247548103332520e+00
-2.035169601440429688e-01
-7.958122491836547852e-01
3.642282724380493164e+00
-5.712389945983886719e-01
5.000000000000000000e+00
3.364616394042968750e+00
3.319983482360839844e+00
2.561127185821533203e+00
3.321347713470458984e+00
-1.636426150798797607e-01
3.246538639068603516e-01
-2.495191574096679688e+00
4.680425643920898438e+00
5.000000000000000000e+00
1.934442877769470215e+00
5.000000000000000000e+00
2.591952562332153320e+00
2.623317480087280273e+00
4.752552032470703125e+00
5.000000000000000000e+00
2.329069614410400391e+00
4.195070743560791016e+00
-2.881641983985900879e-01
3.671708583831787109e+00
-6.963849067687988281e-01
2.537263393402099609e+00
-1.096518516540527344e+00
-2.242676734924316406e+00
-2.437373161315917969e+00
2.589878559112548828e+00
1.622140049934387207e+00
-1.558896541595458984e+00
-2.109965801239013672e+00
1.475714445114135742e+00
-3.125066161155700684e-01
4.697150707244873047e+00
-1.255844354629516602e+00
-1.646139025688171387e+00
4.285482406616210938e+00
-2.819249033927917480e-01
-3.196192383766174316e-01
2.273185253143310547e+00
-1.194671869277954102e+00
-5.784411430358886719e-01
-1.154008507728576660e-01
5.588631629943847656e-01
3.370956420898437500e+00
-1.179643392562866211e+00
4.681203365325927734e-01
3.151715755462646484e+00
-6.558127999305725098e-01
3.072044134140014648e+00
-1.897028088569641113e-01
-2.072412073612213135e-01
-1.441506385803222656e+00
5.000000000000000000e+00
-1.492858290672302246e+00
2.338897705078125000e+00
1.972680807113647461e+00
1.730002045631408691e+00
3.303932666778564453e+00
-2.029425621032714844e+00
8.075538277626037598e-02
2.903071045875549316e-01
-6.889891028404235840e-01
5.000000000000000000e+00
-1.215835332870483398e+00
-1.218755960464477539e+00
-8.752736449241638184e-01
-3.793085515499114990e-01
1.752023935317993164e+00
1.345264077186584473e+00
5.000000000000000000e+00
1.613118886947631836e+00
3.166176378726959229e-01
-6.867917180061340332e-01
1.638532638549804688e+00
5.000000000000000000e+00
4.173863887786865234e+00
4.946524620056152344e+00
5.643661618232727051e-01
9.333313107490539551e-01
-1.202464699745178223e+00
4.601307868957519531e+00
4.790373325347900391e+00
-1.079172849655151367e+00
-6.109786033630371094e-01
1.890143871307373047e+00
5.002236366271972656e-01
8.312268257141113281e-01
9.973419904708862305e-01
2.588078975677490234e+00
6.381244063377380371e-01
5.000000000000000000e+00
-1.014500975608825684e+00
-2.030166089534759521e-01
3.905869126319885254e-01
5.000000000000000000e+00
4.784972190856933594e+00
-7.160386443138122559e-02
-1.626590013504028320e+00
3.556403636932373047e+00
-7.485147714614868164e-01
-1.260262489318847656e+00
-9.191470742225646973e-01
2.979166984558105469e+00
2.232180356979370117e+00
-5.808491110801696777e-01
4.428789138793945312e+00
7.386190891265869141e-01
5.000000000000000000e+00
-1.744544863700866699e+00
-1.039912581443786621e+00
1.054793715476989746e+00
3.299269676208496094e+00
1.388610363006591797e+00
1.144030332565307617e+00
-4.416251778602600098e-01
-4.904621839523315430e-01
1.253417730331420898e+00
1.727329492568969727e+00
-7.711989879608154297e-01
-7.767466306686401367e-01
2.352486133575439453e+00
-1.719310432672500610e-01
9.642685055732727051e-01
-8.272721171379089355e-01
-1.920323967933654785e+00
4.526665687561035156e+00
1.684153676033020020e-01
-4.641398191452026367e-01
-2.859852552413940430e+00
3.770457506179809570e+00
-1.241511225700378418e+00
-2.419288158416748047e-01
1.260906457901000977e-02
7.802392244338989258e-01
-1.892113685607910156e-02
1.988690495491027832e+00
3.607104778289794922e+00
-1.973873496055603027e+00
2.704802989959716797e+00
1.023239731788635254e+00
8.665873408317565918e-01
1.534709215164184570e+00
-3.455302119255065918e-01
3.223643779754638672e+00
-1.072888016700744629e+00
3.862969398498535156e+00
4.887104511260986328e+00
2.915169000625610352e+00
2.493988275527954102e+00
3.367892742156982422e+00
1.020333647727966309e+00
-1.389024853706359863e+00
5.070239305496215820e-02
2.028838634490966797e+00
4.666950225830078125e+00
2.804785251617431641e+00
5.000000000000000000e+00
1.684286475181579590e+00
-6.045763492584228516e-01
1.519167065620422363e+00
2.913653612136840820e+00
2.426361799240112305e+00
2.865837097167968750e+00
1.107068657875061035e-01
-1.828327894210815430e+00
5.000000000000000000e+00
1.716162204742431641e+00
4.935481071472167969e+00
6.629546880722045898e-01
1.562106728553771973e+00
6.535154581069946289e-02
-3.547146916389465332e-02
5.000000000000000000e+00
5.000000000000000000e+00
-1.828749775886535645e+00
-1.219883799552917480e+00
5.000000000000000000e+00
2.117773056030273438e+00
1.873556137084960938e+00
1.260949075222015381e-01
4.745119571685791016e+00
1.343713402748107910e+00
3.334465026855468750e-01
1.614708423614501953e+00
2.696032285690307617e+00
-9.840896129608154297e-01
5.000000000000000000e+00
4.155865192413330078e+00
4.005258560180664062e+00
1.521158933639526367e+00
3.880540132522583008e+00
5.000000000000000000e+00
2.179464697837829590e-02
2.010316848754882812e+00
4.316338062286376953e+00
-1.210891485214233398e+00
4.125502109527587891e+00
4.564808845520019531e+00
3.684699058532714844e+00
-5.598396301269531250e+00
-1.274727284908294678e-01
3.497553348541259766e+00
5.000000000000000000e+00
-1.211003303527832031e+00
5.245584845542907715e-01
1.191429615020751953e+00
5.000000000000000000e+00
-3.418755531311035156e-01
4.477674484252929688e+00
1.964193701744079590e+00
1.249739170074462891e+00
5.000000000000000000e+00
4.621633529663085938e+00
4.348580360412597656e+00
2.726058959960937500e+00
-1.824211478233337402e+00
2.549361705780029297e+00
5.000000000000000000e+00
-1.769170165061950684e+00
4.073337554931640625e+00
9.294554591178894043e-03
5.000000000000000000e+00
2.807039260864257812e+00
5.000000000000000000e+00
3.844490289688110352e+00
4.427801668643951416e-01
4.315086364746093750e+00
4.630568623542785645e-01
1.630432009696960449e-01
-8.520254492759704590e-01
-8.950665593147277832e-01
2.436255514621734619e-01
-2.339030265808105469e+00
4.942148685455322266e+00
3.761149406433105469e+00
-1.564406156539916992e+00
5.000000000000000000e+00
1.162711262702941895e+00
-1.906446814537048340e+00
3.760266304016113281e+00
3.724055767059326172e+00
5.000000000000000000e+00
6.535601019859313965e-01
-8.055680990219116211e-01
-2.670364379882812500e-01
9.551342725753784180e-01
-6.189083456993103027e-01
-1.365098714828491211e+00
1.171067714691162109e+00
3.190343976020812988e-01
-3.741112947463989258e-01
-9.903317689895629883e-02
2.058414459228515625e+00
4.829522132873535156e+00
5.000000000000000000e+00
-1.778474688529968262e+00
-1.314602971076965332e+00
1.736348390579223633e+00
5.000000000000000000e+00
2.798221111297607422e+00
2.537805557250976562e+00
1.706239819526672363e+00
4.995251178741455078e+00
3.026168346405029297e+00
5.000000000000000000e+00
2.401999473571777344e+00
-6.245155334472656250e-01
2.230225324630737305e+00
3.168340921401977539e+00
1.719561815261840820e+00
3.056550025939941406e+00
5.000000000000000000e+00
-8.358761668205261230e-01
7.291895747184753418e-01
5.694169402122497559e-01
1.514421939849853516e+00
5.000000000000000000e+00
2.368147969245910645e-01
-1.353798270225524902e+00
1.097544670104980469e+00
-6.766999959945678711e-01
-7.008989453315734863e-01
-2.090101838111877441e-01
-1.436774492263793945e+00
2.716717720031738281e+00
5.000000000000000000e+00
1.881933569908142090e+00
5.000000000000000000e+00
1.438576698303222656e+00
-6.698129177093505859e-01
3.278952836990356445e-01
-1.346632242202758789e-01
-4.334453344345092773e-01
2.036720752716064453e+00
-8.336793780326843262e-01
-1.643918514251708984e+00
2.912487983703613281e+00
5.000000000000000000e+00
4.142045974731445312e+00
5.865311026573181152e-01
-8.572844266891479492e-01
8.727194666862487793e-01
1.754175424575805664e+00
3.399837493896484375e+00
-7.331613898277282715e-01
4.475607872009277344e+00
5.000000000000000000e+00
2.792874872684478760e-01
-3.080767393112182617e-02
4.737644672393798828e+00
4.471191406250000000e+00
2.391529560089111328e+00
5.000000000000000000e+00
2.035957336425781250e+00
7.011619806289672852e-01
-1.129840970039367676e+00
3.671087741851806641e+00
3.464535236358642578e+00
5.000000000000000000e+00
1.113857507705688477e+00
1.086677312850952148e+00
-5.477495491504669189e-02
-1.841422557830810547e+00
-2.800949096679687500e+00
-5.952735543251037598e-01
3.223463058471679688e+00
-2.797535061836242676e-01
-1.828228831291198730e+00
-5.057387948036193848e-01
5.000000000000000000e+00
-8.289396166801452637e-01
3.466550588607788086e+00
5.766100287437438965e-01
-3.578272759914398193e-01
-1.377079010009765625e+00
4.084947109222412109e-01
3.768636703491210938e+00
5.000000000000000000e+00
5.000000000000000000e+00
5.000000000000000000e+00
1.187752842903137207e+00
3.565546274185180664e+00
2.156191825866699219e+00
3.893136024475097656e+00
3.124052286148071289e-02
2.178590297698974609e+00
4.728931427001953125e+00
7.781246900558471680e-01
-1.991306543350219727e+00
1.484832644462585449e+00
3.934439182281494141e+00
2.629549503326416016e+00
-9.946694374084472656e-01
4.767830073833465576e-01
2.548011302947998047e+00
7.718352675437927246e-01
3.687207698822021484e+00
2.989691972732543945e+00
1.776046276092529297e+00
4.503005981445312500e+00
9.865796566009521484e-01
-1.663641333580017090e+00
8.758840560913085938e-01
2.034968137741088867e+00
3.748642683029174805e+00
-6.126354932785034180e-01
9.990229010581970215e-01
1.916608810424804688e+00
-2.046320438385009766e-01
-3.383018970489501953e-01
-1.080457687377929688e+00
-4.927405357360839844e+00
4.686603844165802002e-01
4.420086860656738281e+00
-1.041754484176635742e+00
-3.252050876617431641e+00
4.522686004638671875e+00
3.921134710311889648e+00
3.636167049407958984e+00
2.573259115219116211e+00
-1.267597675323486328e+00
7.328355312347412109e-02
4.200539588928222656e+00
-6.149291992187500000e-03
5.567027330398559570e-01
3.851564645767211914e+00
1.011469483375549316e+00
-1.234030604362487793e+00
3.427672386169433594e-02
4.699718475341796875e+00
5.000000000000000000e+00
-7.294986844062805176e-01
2.414688110351562500e+00
6.181851029396057129e-01
2.261254787445068359e-01
-8.178839683532714844e-01
5.025213360786437988e-01
9.015980362892150879e-01
1.379893422126770020e-01
-2.002628445625305176e-01
-2.335215091705322266e+00
2.225775957107543945e+00
-6.838408708572387695e-01
4.852810859680175781e+00
-3.513494431972503662e-01
5.000000000000000000e+00
3.440289497375488281e+00
-1.255313158035278320e+00
-1.227169752120971680e+00
5.000000000000000000e+00
-1.344662427902221680e+00
3.106317996978759766e+00
-1.276090621948242188e+00
-8.616209030151367188e-01
1.429918527603149414e+00
5.000000000000000000e+00
-6.362334489822387695e-01
3.284410953521728516e+00
-1.411670207977294922e+00
1.542522907257080078e-01
-1.193448901176452637e+00
-4.160553812980651855e-01
-9.101284742355346680e-01
5.121542513370513916e-02
3.399306297302246094e+00
-1.291751861572265625e+00
-5.337716341018676758e-01
1.462981700897216797e+00
4.246261119842529297e+00
2.820506572723388672e+00
3.673949003219604492e+00
4.666277408599853516e+00
-2.123450994491577148e+00
-6.473526358604431152e-01
5.000000000000000000e+00
7.601441740989685059e-01
3.083973407745361328e+00
3.677197694778442383e-01
-8.803910613059997559e-01
5.000000000000000000e+00
-4.223673343658447266e-01
4.650643825531005859e+00
1.865223050117492676e+00
-1.406299710273742676e+00
2.329539358615875244e-01
3.562340736389160156e+00
-7.202240824699401855e-01
-2.371501445770263672e+00
1.133801460266113281e+00
4.100049495697021484e+00
4.694517612457275391e+00
5.000000000000000000e+00
-1.175458073616027832e+00
2.695512771606445312e+00
-1.078048825263977051e+00
-5.497120022773742676e-01
-5.801696181297302246e-01
5.000000000000000000e+00
2.332925796508789062e+00
2.819437086582183838e-01
-1.021756172180175781e+00
1.084274530410766602e+00
5.000000000000000000e+00
-1.389587044715881348e+00
3.969508647918701172e+00
-9.696071743965148926e-01
-7.056085467338562012e-01
1.239329338073730469e+00
6.709164381027221680e-01
-1.691955327987670898e+00
2.018358230590820312e+00
-1.559502363204956055e+00
5.000000000000000000e+00
1.705424308776855469e+00
5.000000000000000000e+00
-3.873591423034667969e-01
-1.564844846725463867e+00
5.000000000000000000e+00
1.893720865249633789e+00
-4.933919906616210938e-01
-9.900418519973754883e-01
4.148735404014587402e-01
4.063296318054199219e+00
1.563202619552612305e+00
-3.610547780990600586e-01
-1.970931053161621094e+00
-1.140059351921081543e+00
-2.717941403388977051e-01
3.993330240249633789e+00
1.034585833549499512e+00
4.467396259307861328e+00
2.898818969726562500e+00
-6.609264612197875977e-01
-8.506393432617187500e-02
4.829875469207763672e+00
-1.870631456375122070e+00
5.000000000000000000e+00
3.594424486160278320e+00
3.289816379547119141e+00
-4.505276978015899658e-01
5.000000000000000000e+00
4.341178894042968750e+00
-1.330800056457519531e+00
5.000000000000000000e+00
-1.208081126213073730e+00
1.274644136428833008e-01
5.000000000000000000e+00
-1.648427724838256836e+00
1.855106830596923828e+00
-1.735106110572814941e+00
4.205762863159179688e+00
1.036075592041015625e+00
3.478475332260131836e+00
4.874735176563262939e-01
1.346573114395141602e+00
3.261726498603820801e-01
-2.568113088607788086e+00
1.763475656509399414e+00
5.000000000000000000e+00
3.196682929992675781e+00
3.045076727867126465e-01
-2.214837074279785156e-01
2.264896154403686523e+00
-2.447772920131683350e-01
-1.306751132011413574e+00
3.733871936798095703e+00
4.682211875915527344e+00
1.022203326225280762e+00
-1.763069033622741699e-01
4.155935764312744141e+00
2.302955389022827148e+00
5.693393349647521973e-01
4.114218711853027344e+00
1.678623199462890625e+00
4.821381568908691406e+00
4.728447437286376953e+00
1.816420316696166992e+00
2.876125335693359375e+00
1.862818837165832520e+00
-5.146137475967407227e-01
4.126428365707397461e-01
-4.451969265937805176e-01
2.592641353607177734e+00
4.793070793151855469e+00
1.494711041450500488e+00
1.827078342437744141e+00
4.242362022399902344e+00
1.605723381042480469e+00
2.013821363449096680e+00
2.007490634918212891e+00
-5.959371328353881836e-01
3.878606557846069336e+00
4.888413429260253906e+00
4.304651260375976562e+00
5.000000000000000000e+00
-2.269805669784545898e-01
5.000000000000000000e+00
2.326514005661010742e+00
4.973731994628906250e+00
-1.985245347023010254e+00
-6.420671939849853516e-02
-4.805167913436889648e-01
-2.192852497100830078e+00
-1.756495237350463867e+00
-1.611904144287109375e+00
6.059060096740722656e-01
5.000000000000000000e+00
3.092441082000732422e+00
5.000000000000000000e+00
4.461082935333251953e+00
5.000000000000000000e+00
