-7.560392618179321289e-01
3.685971498489379883e-01
2.532758951187133789e+00
2.102389097213745117e+00
2.085543274879455566e-01
-1.504576921463012695e+00
4.459029197692871094e+00
-5.644488334655761719e-01
-5.527429580688476562e-01
2.861998677253723145e-01
4.288005828857421875e+00
-1.660551309585571289e+00
4.017690718173980713e-01
-6.563051939010620117e-01
3.742998123168945312e+00
1.732484102249145508e+00
1.532242536544799805e+00
4.148665904998779297e+00
7.024586200714111328e-02
-7.627962231636047363e-01
1.398816227912902832e+00
8.799580931663513184e-01
-5.710157752037048340e-01
4.143341064453125000e+00
1.678478360176086426e+00
-3.626865148544311523e-01
-1.251826405525207520e+00
-1.048380494117736816e+00
4.671468734741210938e+00
2.829058766365051270e-01
3.364027500152587891e+00
-2.603502869606018066e-01
3.431740045547485352e+00
-2.686561346054077148e-01
5.000000000000000000e+00
-9.619784951210021973e-01
-1.584398746490478516e-02
2.162744045257568359e+00
2.983882904052734375e+00
3.958496093750000000e+00
3.727684974670410156e+00
-4.022134244441986084e-01
1.722020149230957031e+00
4.026718616485595703e+00
6.336706280708312988e-01
1.766774654388427734e-01
-2.204535007476806641e+00
1.292387247085571289e+00
1.443538188934326172e+00
-1.368843317031860352e+00
-8.667751550674438477e-01
5.000000000000000000e+00
3.807538986206054688e+00
-1.390125989913940430e+00
3.032894372940063477e+00
6.722903251647949219e-01
-3.655094802379608154e-01
-1.593927979469299316e+00
1.569681763648986816e+00
-2.521696984767913818e-01
-2.321662902832031250e+00
5.000000000000000000e+00
-3.317975997924804688e-01
4.189823150634765625e+00
4.410206317901611328e+00
5.000000000000000000e+00
3.369169473648071289e+00
-1.906838536262512207e+00
6.353919506072998047e-01
-1.346313595771789551e+00
4.802089691162109375e+00
6.862546205520629883e-01
3.724707603454589844e+00
-1.212353706359863281e+00
-2.795480489730834961e+00
-2.081602513790130615e-01
1.884223461151123047e+00
5.000000000000000000e+00
-2.185963392257690430e-01
3.707373142242431641e-01
4.678128242492675781e+00
2.450404644012451172e+00
4.718310356140136719e+00
3.445726037025451660e-01
3.834996700286865234e+00
-5.517956018447875977e-01
3.151335716247558594e+00
-2.529938220977783203e+00
-9.356957674026489258e-01
-1.319055557250976562e-01
-1.581766963005065918e+00
5.000000000000000000e+00
3.495027065277099609e+00
2.385394573211669922e+00
-1.017510890960693359e-03
1.051934123039245605e+00
5.000000000000000000e+00
5.000000000000000000e+00
4.934952735900878906e+00
3.842360258102416992e+00
-1.859993934631347656e-01
4.710899353027343750e+00
4.427261352539062500e+00
4.418557167053222656e+00
-1.735361576080322266e+00
-1.044993042945861816e+00
-4.874437451362609863e-01
3.191525459289550781e+00
4.752243041992187500e+00
1.921571731567382812e+00
-7.943744063377380371e-01
3.641401290893554688e+00
4.002219676971435547e+00
-4.104993343353271484e-01
-1.175143718719482422e+00
2.613157749176025391e+00
-3.086823821067810059e-01
6.778116226196289062e-01
2.980469465255737305e+00
8.914179801940917969e-01
2.882416009902954102e+00
2.382135868072509766e+00
3.526329994201660156e+00
-5.823276638984680176e-01
4.155089378356933594e+00
4.058918952941894531e+00
-2.803513705730438232e-01
-4.046788215637207031e-01
-5.497052669525146484e-01
-7.332010269165039062e-01
5.000000000000000000e+00
2.542693138122558594e+00
4.074354171752929688e+00
-2.882304489612579346e-01
2.071793794631958008e+00
-3.831617236137390137e-01
2.167673349380493164e+00
5.000000000000000000e+00
1.197166204452514648e+00
-8.821017742156982422e-01
1.273825287818908691e+00
-4.062479436397552490e-01
3.974207162857055664e+00
5.000000000000000000e+00
-8.738420605659484863e-01
-4.880842268466949463e-01
-5.068391561508178711e-01
-6.812804937362670898e-01
3.888207972049713135e-01
-1.703748464584350586e+00
2.774907588958740234e+00
3.538436889648437500e+00
4.127824008464813232e-01
-1.802185297012329102e+00
-9.279490709304809570e-01
-7.510292530059814453e-01
1.676249980926513672e+00
5.000000000000000000e+00
2.279937744140625000e+00
-6.844013929367065430e-03
-1.868851631879806519e-01
5.000000000000000000e+00
-2.116357088088989258e+00
1.286410808563232422e+00
4.237111091613769531e+00
8.091612458229064941e-01
-1.441136121749877930e+00
4.632515907287597656e+00
4.453139305114746094e+00
4.613852977752685547e+00
4.269558429718017578e+00
1.186572074890136719e+00
4.015631079673767090e-01
1.135834097862243652e+00
4.092783927917480469e+00
2.987104892730712891e+00
9.226906299591064453e-02
4.341149032115936279e-01
-9.310469627380371094e-01
-1.437653183937072754e+00
2.262123227119445801e-01
1.927035808563232422e+00
4.093375205993652344e-01
-4.212427735328674316e-01
1.234855175018310547e+00
3.150389194488525391e+00
1.171191930770874023e-01
6.254539489746093750e-01
1.921472191810607910e+00
-1.891189813613891602e-01
1.468369364738464355e+00
8.956449031829833984e-01
4.387031078338623047e+00
2.515083312988281250e+00
1.231027245521545410e-01
1.169387221336364746e+00
5.000000000000000000e+00
5.000000000000000000e+00
2.900408506393432617e+00
4.283270359039306641e+00
4.992922544479370117e-01
1.773204803466796875e+00
2.089175701141357422e+00
5.983268022537231445e-01
5.000000000000000000e+00
-1.245627641677856445e+00
3.898011684417724609e+00
-1.302782893180847168e+00
5.000000000000000000e+00
9.026216268539428711e-01
-6.720364093780517578e-01
-3.212612271308898926e-01
5.000000000000000000e+00
7.679885625839233398e-01
5.000000000000000000e+00
9.751641750335693359e-01
-8.372830152511596680e-01
-3.086737394332885742e-01
2.725281238555908203e+00
5.000000000000000000e+00
4.591936588287353516e+00
1.728343605995178223e+00
-4.536218643188476562e-01
4.243735790252685547e+00
3.996927738189697266e+00
2.111141920089721680e+00
3.273263931274414062e+00
2.131551742553710938e+00
-1.135389089584350586e+00
4.120546817779541016e+00
5.000000000000000000e+00
-7.228190302848815918e-01
9.609419107437133789e-01
-7.168598771095275879e-01
-1.274039983749389648e+00
-2.460278272628784180e+00
-1.165435910224914551e-01
-2.793621420860290527e-01
4.830311298370361328e+00
-1.679788470268249512e+00
7.192851305007934570e-01
4.767160415649414062e+00
-1.093996644020080566e+00
2.545778751373291016e+00
3.042608499526977539e+00
-1.018969058990478516e+00
1.058588504791259766e+00
4.811242103576660156e+00
1.463114738464355469e+00
-1.272574543952941895e+00
3.633309602737426758e+00
-1.843142986297607422e+00
1.277117848396301270e+00
1.919987201690673828e+00
-9.119759798049926758e-01
3.466398715972900391e+00
-2.553265094757080078e+00
-2.672541141510009766e+00
5.000000000000000000e+00
2.055284976959228516e+00
5.000000000000000000e+00
9.349739551544189453e-01
1.794260025024414062e+00
-1.087591409683227539e+00
-1.055671215057373047e+00
4.605014801025390625e+00
-3.086405992507934570e-01
4.258631706237792969e+00
2.765304565429687500e+00
1.495838403701782227e+00
-2.760816514492034912e-01
1.814470529556274414e+00
-6.097347736358642578e-01
4.079054832458496094e+00
3.993839025497436523e+00
2.123091697692871094e+00
4.990394115447998047e+00
5.000000000000000000e+00
4.637764930725097656e+00
3.407866001129150391e+00
9.078407287597656250e-01
6.379745602607727051e-01
-4.529030323028564453e-01
1.277319908142089844e+00
1.161419510841369629e+00
5.000000000000000000e+00
8.025583624839782715e-01
-1.310828208923339844e+00
-3.941049277782440186e-01
-1.744116991758346558e-01
1.748430430889129639e-01
2.776797771453857422e+00
-1.161380410194396973e+00
1.431879997253417969e+00
1.485371828079223633e+00
-1.018147349357604980e+00
3.679334402084350586e+00
5.000000000000000000e+00
1.649811863899230957e-01
-6.113819479942321777e-01
-1.899282693862915039e+00
-6.397338509559631348e-01
-7.530261278152465820e-01
2.135682821273803711e+00
-9.841957688331604004e-02
-8.508726358413696289e-01
4.496244907379150391e+00
-1.171290636062622070e+00
2.649120330810546875e+00
3.378718137741088867e+00
4.340550422668457031e+00
9.413425922393798828e-01
-7.189570069313049316e-01
2.081369400024414062e+00
-4.760060608386993408e-01
-1.029099225997924805e-01
1.262484908103942871e+00
3.205753564834594727e+00
-2.489762783050537109e+00
2.639319181442260742e+00
-3.734588027000427246e-01
4.729657173156738281e+00
5.000000000000000000e+00
5.109162330627441406e-01
-8.795824646949768066e-02
4.444418907165527344e+00
-3.911750912666320801e-01
1.030540704727172852e+00
9.102241992950439453e-01
-1.846717119216918945e+00
-1.607893228530883789e+00
5.228266119956970215e-03
-1.712879896163940430e+00
-1.858743906021118164e+00
2.357413768768310547e+00
2.889173030853271484e-01
5.303930044174194336e-01
-1.242959976196289062e+00
1.374559104442596436e-01
-9.383475780487060547e-02
-4.696000516414642334e-01
4.420670986175537109e+00
1.927202492952346802e-01
6.427661776542663574e-01
-4.617738723754882812e-02
2.321729958057403564e-01
-1.132497549057006836e+00
5.000000000000000000e+00
-1.260863780975341797e+00
5.000000000000000000e+00
1.032413005828857422e+00
5.000000000000000000e+00
4.350413322448730469e+00
5.000000000000000000e+00
1.415175199508666992e+00
5.903012752532958984e-01
3.558215618133544922e+00
-9.584426879882812500e-03
2.691329956054687500e+00
3.502259850502014160e-01
-1.695387721061706543e+00
-7.444568276405334473e-01
2.516922473907470703e+00
-1.344758749008178711e+00
-1.540425062179565430e+00
5.000000000000000000e+00
1.785276889801025391e+00
-1.531399250030517578e+00
-3.490884602069854736e-01
5.000000000000000000e+00
5.000000000000000000e+00
1.151071548461914062e+00
1.676591277122497559e+00
2.279467821121215820e+00
1.975946307182312012e+00
-6.679895520210266113e-01
-5.041269063949584961e-01
5.000000000000000000e+00
-2.358875274658203125e+00
4.299682140350341797e+00
5.000000000000000000e+00
-5.137998461723327637e-01
-3.380389809608459473e-01
-7.514189481735229492e-01
3.746238708496093750e+00
3.462328195571899414e+00
-1.014902234077453613e+00
1.592916488647460938e+00
4.560201644897460938e+00
-3.164958357810974121e-01
1.313028812408447266e+00
-4.359745979309082031e-01
1.362931251525878906e+00
8.629162907600402832e-01
5.000000000000000000e+00
4.981221675872802734e+00
-1.752292990684509277e+00
4.649239540100097656e+00
2.290637969970703125e+00
4.374789237976074219e+00
-8.146670460700988770e-01
-7.837629318237304688e-02
3.879231452941894531e+00
4.548586845397949219e+00
-4.476918876171112061e-01
2.667125701904296875e+00
-3.582317829132080078e-01
1.573920249938964844e+00
6.037473678588867188e-03
5.000000000000000000e+00
-1.362588644027709961e+00
9.585356712341308594e-01
1.473379015922546387e+00
3.216407060623168945e+00
-8.797485828399658203e-01
8.407771587371826172e-01
3.740232467651367188e+00
-4.691244959831237793e-01
3.583442211151123047e+00
-2.285571575164794922e+00
1.994257211685180664e+00
4.447862625122070312e+00
6.616684198379516602e-01
5.000000000000000000e+00
-5.978617072105407715e-01
2.817977666854858398e-01
3.600651502609252930e+00
2.435162067413330078e+00
5.177029967308044434e-01
3.388917207717895508e+00
1.064432621002197266e+00
3.920898199081420898e+00
-3.276465237140655518e-01
5.712780952453613281e-01
-9.044182300567626953e-01
4.326344490051269531e+00
-2.518894672393798828e+00
3.240316629409790039e+00
4.343790054321289062e+00
3.517659187316894531e+00
-8.772146701812744141e-01
2.130390644073486328e+00
4.982052803039550781e+00
1.229104161262512207e+00
-1.868687987327575684e+00
5.000000000000000000e+00
-3.600455224514007568e-01
1.402785301208496094e+00
7.186012864112854004e-01
-2.320139408111572266e+00
-6.676101684570312500e-02
6.012587547302246094e-01
2.034884214401245117e+00
3.415630340576171875e+00
4.862288951873779297e+00
-2.192442119121551514e-01
4.187369823455810547e+00
1.499968647956848145e+00
2.662642002105712891e+00
1.120167255401611328e+00
2.742194652557373047e+00
-6.238255500793457031e-01
-2.020209074020385742e+00
-1.180720329284667969e+00
3.662333011627197266e+00
-1.373776197433471680e+00
1.359363555908203125e+00
3.539622068405151367e+00
6.147426366806030273e-01
-7.134889364242553711e-01
-2.099722862243652344e+00
-2.294850349426269531e-02
-1.572177171707153320e+00
2.050010681152343750e+00
-1.086450695991516113e+00
-1.250851154327392578e-01
5.000000000000000000e+00
2.593241930007934570e-01
8.231065273284912109e-01
4.823193550109863281e+00
3.606450080871582031e+00
4.276925563812255859e+00
-1.736764073371887207e+00
9.205350875854492188e-01
1.158784389495849609e+00
5.000000000000000000e+00
-5.610218048095703125e-01
-1.312941312789916992e-01
4.706480026245117188e+00
7.605246901512145996e-01
4.804962635040283203e+00
-2.717778205871582031e+00
2.312879562377929688e+00
5.000000000000000000e+00
5.000000000000000000e+00
-1.146765589714050293e+00
-5.473351478576660156e-01
3.469539165496826172e+00
3.146227896213531494e-01
3.444591760635375977e+00
3.804508209228515625e+00
-1.064850807189941406e+00
4.609854698181152344e+00
3.198068141937255859e-01
4.722990989685058594e+00
-1.030653834342956543e+00
5.861281156539916992e-01
3.238645076751708984e+00
3.962437868118286133e+00
5.000000000000000000e+00
-9.374539852142333984e-01
3.935898780822753906e+00
5.000000000000000000e+00
1.999754190444946289e+00
2.734424114227294922e+00
2.298167943954467773e-01
3.724569797515869141e+00
1.257474422454833984e+00
-1.351397514343261719e+00
1.215081572532653809e+00
-2.230585813522338867e+00
-1.857311844825744629e+00
-1.350192904472351074e+00
4.017818450927734375e+00
5.000000000000000000e+00
3.679551362991333008e+00
-1.346787333488464355e+00
4.464896202087402344e+00
5.920637845993041992e-01
5.000000000000000000e+00
-1.375184655189514160e-01
4.052251279354095459e-01
-5.133421421051025391e-01
5.269106030464172363e-01
-1.396397948265075684e-01
-1.860140264034271240e-01
5.000000000000000000e+00
3.615362882614135742e+00
4.452635765075683594e+00
3.171647787094116211e-01
5.000000000000000000e+00
-4.589892923831939697e-01
-5.942239761352539062e-01
3.634245395660400391e+00
1.034181118011474609e-01
4.351005077362060547e+00
-4.761591255664825439e-01
3.208560049533843994e-01
1.926491498947143555e+00
5.547127723693847656e-01
-1.320368409156799316e+00
-1.003395318984985352e+00
8.640536665916442871e-01
4.358467102050781250e+00
2.884859323501586914e+00
-3.722676336765289307e-01
-1.893069505691528320e+00
3.267461538314819336e+00
5.000000000000000000e+00
5.000000000000000000e+00
9.732130169868469238e-01
2.487327575683593750e+00
1.513133645057678223e+00
-1.650736808776855469e+00
8.471131324768066406e-02
4.032330989837646484e+00
-4.341503679752349854e-01
1.598572731018066406e+00
4.480451941490173340e-01
-1.196370363235473633e+00
2.869852304458618164e+00
5.000000000000000000e+00
-1.255428075790405273e+00
4.335538864135742188e+00
4.175912857055664062e+00
-1.049909591674804688e+00
-4.086824059486389160e-01
-8.183641433715820312e-01
-1.026385664939880371e+00
6.852891445159912109e-01
5.000000000000000000e+00
5.000000000000000000e+00
-1.450879335403442383e+00
-5.875533223152160645e-01
-2.988124847412109375e+00
1.132667541503906250e+00
1.492156505584716797e+00
6.825975179672241211e-01
3.194538116455078125e+00
4.167347908020019531e+00
-3.050407767295837402e-01
-1.240144491195678711e+00
-1.418315768241882324e+00
5.000000000000000000e+00
1.203435659408569336e+00
5.000000000000000000e+00
3.437063694000244141e-01
4.534421443939208984e+00
-9.441986680030822754e-01
4.395212233066558838e-01
5.000000000000000000e+00
4.947164654731750488e-02
3.817264318466186523e+00
1.541168689727783203e+00
3.199839353561401367e+00
2.713362216949462891e+00
6.027289628982543945e-01
4.132813811302185059e-01
-6.504356265068054199e-01
8.622338771820068359e-01
4.794730186462402344e+00
4.301022052764892578e+00
-1.017215251922607422e+00
2.252602577209472656e+00
1.210717856884002686e-02
5.000000000000000000e+00
-1.750645041465759277e+00
3.059925079345703125e+00
1.648885011672973633e+00
1.141922712326049805e+00
5.000000000000000000e+00
2.700643777847290039e+00
-1.107687473297119141e+00
4.385733127593994141e+00
2.617076039314270020e-01
4.557791233062744141e+00
4.588935852050781250e+00
3.224281311035156250e+00
-3.199455440044403076e-01
3.423356294631958008e+00
3.361460208892822266e+00
-3.300064802169799805e-02
1.217947363853454590e+00
6.213852167129516602e-01
5.000000000000000000e+00
-1.475581049919128418e+00
-2.309828281402587891e+00
-2.257461547851562500e+00
5.000000000000000000e+00
-1.924250483512878418e+00
1.496057868003845215e+00
2.810086727142333984e+00
-5.034056901931762695e-01
-2.503332614898681641e+00
-1.570873737335205078e+00
2.295996665954589844e+00
3.889532089233398438e-01
5.626968741416931152e-01
1.104351758956909180e+00
2.167866706848144531e+00
-4.964799284934997559e-01
2.064014434814453125e+00
-2.005419731140136719e-01
9.952670335769653320e-02
2.101642847061157227e+00
3.707023859024047852e+00
4.840182363986968994e-01
1.231646299362182617e+00
1.167429983615875244e-01
4.628750801086425781e+00
3.198965072631835938e+00
2.089131593704223633e+00
1.338031530380249023e+00
-3.141545057296752930e-01
5.000000000000000000e+00
-2.641481399536132812e+00
1.388886213302612305e+00
4.635813236236572266e-01
2.096250772476196289e+00
-9.817180633544921875e-01
-2.040273666381835938e+00
-2.976069450378417969e-01
1.589133143424987793e+00
3.161599040031433105e-01
-1.084640264511108398e+00
5.000000000000000000e+00
1.927237987518310547e+00
-2.473020076751708984e+00
-8.061456680297851562e-02
2.782889127731323242e+00
1.465805888175964355e+00
2.087386608123779297e+00
3.926409721374511719e+00
-1.879086732864379883e+00
-1.056872844696044922e+00
-2.846826314926147461e-01
-9.282516837120056152e-01
-6.004278659820556641e-01
2.587741374969482422e+00
-6.499760150909423828e-01
1.289875507354736328e+00
7.560631632804870605e-01
-2.376006543636322021e-01
