3.390751361846923828e+00
1.761987447738647461e+00
-1.283081471920013428e-01
6.824107170104980469e-01
-1.031443119049072266e+00
1.257989048957824707e+00
5.000000000000000000e+00
-1.448853254318237305e+00
4.348778724670410156e+00
3.685447216033935547e+00
2.684057712554931641e+00
1.928173661231994629e+00
5.000000000000000000e+00
1.563033103942871094e+00
4.982903003692626953e+00
1.322575807571411133e-01
-6.202289462089538574e-01
3.555965662002563477e+00
3.791267395019531250e+00
1.484139680862426758e+00
-9.947249889373779297e-01
1.040615200996398926e+00
4.735238075256347656e+00
2.598864316940307617e+00
5.000000000000000000e+00
1.745169162750244141e-01
1.648453712463378906e+00
1.124609470367431641e+00
-6.703969240188598633e-01
-7.926078438758850098e-01
3.436898469924926758e+00
4.526593208312988281e+00
-8.860886096954345703e-01
-5.228430032730102539e-01
-5.728291273117065430e-01
9.727836847305297852e-01
3.417995691299438477e+00
-4.056755900382995605e-01
3.851596117019653320e-01
2.929669380187988281e+00
5.000000000000000000e+00
3.842888355255126953e+00
5.000000000000000000e+00
4.520206451416015625e+00
2.156173706054687500e+00
3.579107761383056641e+00
2.328450441360473633e+00
1.924646377563476562e+00
-1.356350183486938477e+00
8.990902900695800781e-01
-6.561230421066284180e-01
9.956061840057373047e-04
-2.095518112182617188e-01
4.084744453430175781e+00
4.731312274932861328e+00
5.077853202819824219e-01
9.748017787933349609e-02
-5.818645954132080078e-01
5.000000000000000000e+00
-1.678601503372192383e-01
1.257866501808166504e+00
-1.568623542785644531e+00
8.017454743385314941e-01
-6.272871494293212891e-01
1.594807386398315430e+00
4.839223861694335938e+00
4.684094429016113281e+00
-2.465510845184326172e+00
2.867329716682434082e-01
-1.948234081268310547e+00
1.467174768447875977e+00
-5.821151733398437500e-01
1.343248605728149414e+00
-2.677175521850585938e+00
1.731705904006958008e+00
4.365074932575225830e-01
1.833190619945526123e-01
4.364800930023193359e+00
-1.454112410545349121e+00
3.016832828521728516e+00
1.233313798904418945e+00
2.900736808776855469e+00
2.770131111145019531e+00
-7.180175185203552246e-01
1.707846164703369141e+00
3.718930244445800781e+00
1.704780817031860352e+00
-5.739453434944152832e-02
-1.298371076583862305e+00
-8.286876082420349121e-01
4.954787731170654297e+00
-1.835196733474731445e+00
-2.669125080108642578e+00
4.660981178283691406e+00
3.145565509796142578e+00
3.827637910842895508e+00
-1.879404485225677490e-01
8.360468149185180664e-01
-1.422929465770721436e-01
-4.837751388549804688e-03
4.519221186637878418e-01
-5.868633985519409180e-01
5.000000000000000000e+00
2.775308609008789062e+00
-1.044891178607940674e-01
5.000000000000000000e+00
5.000000000000000000e+00
-5.654218792915344238e-01
2.158021926879882812e+00
5.000000000000000000e+00
-1.074657797813415527e+00
-9.382313489913940430e-02
-1.964110732078552246e+00
3.551161289215087891e-02
2.245665073394775391e+00
-5.762460827827453613e-01
1.464726626873016357e-01
5.000000000000000000e+00
1.300383508205413818e-01
-1.119317173957824707e+00
1.141358613967895508e+00
-6.265079975128173828e-02
5.000000000000000000e+00
4.207734167575836182e-01
-2.163632512092590332e-01
-1.381711959838867188e+00
-1.140197992324829102e+00
3.158710956573486328e+00
1.880544781684875488e+00
-1.397874832153320312e+00
9.314519166946411133e-01
-5.350120067596435547e+00
2.617838382720947266e-01
-1.968228816986083984e+00
4.321448802947998047e-01
3.944175720214843750e+00
1.931449651718139648e+00
-5.623269081115722656e-01
4.167042732238769531e+00
3.203387022018432617e+00
4.914196491241455078e+00
-1.057184696197509766e+00
4.146607398986816406e+00
-3.694872260093688965e-01
1.806373596191406250e+00
-1.338665008544921875e+00
-7.291779518127441406e+00
1.957099199295043945e+00
-3.579166412353515625e+00
1.981424331665039062e+00
-1.421487808227539062e+00
1.005232691764831543e+00
4.358810186386108398e-01
-3.619930446147918701e-01
1.267143249511718750e+00
3.599993705749511719e+00
3.098451137542724609e+00
-1.833383917808532715e+00
-1.140640020370483398e+00
5.000000000000000000e+00
4.254184722900390625e+00
3.553708553314208984e+00
2.492053031921386719e+00
-9.317328333854675293e-01
4.623010635375976562e+00
-1.202635765075683594e-01
4.890320301055908203e-01
5.000000000000000000e+00
5.000000000000000000e+00
-4.233052730560302734e-01
-1.028028726577758789e+00
-1.614384174346923828e+00
5.841174125671386719e-01
-2.116801261901855469e+00
3.444152474403381348e-01
9.183943271636962891e-01
2.577716350555419922e+00
3.582173824310302734e+00
3.763231039047241211e+00
5.769713521003723145e-01
2.695316076278686523e+00
3.476502656936645508e+00
-1.758048832416534424e-01
2.961438417434692383e+00
1.223635911941528320e+00
8.233937621116638184e-01
-8.703234195709228516e-01
1.729042649269104004e+00
-1.047660708427429199e+00
-1.740489721298217773e+00
-2.562521934509277344e+00
5.000000000000000000e+00
4.582461833953857422e+00
-3.025720417499542236e-01
3.087992429733276367e+00
6.541309356689453125e-01
-1.662640810012817383e+00
4.474462985992431641e+00
4.973956048488616943e-01
5.000000000000000000e+00
2.789111852645874023e+00
9.708838164806365967e-02
2.623359680175781250e+00
3.852473974227905273e+00
8.930524587631225586e-01
-5.952765345573425293e-01
5.000000000000000000e+00
4.012668609619140625e+00
8.846868872642517090e-01
4.486139297485351562e+00
4.290010929107666016e+00
7.489596605300903320e-01
1.340019464492797852e+00
-9.451550245285034180e-01
-1.225941777229309082e+00
2.912720918655395508e+00
2.067340373992919922e+00
1.644134879112243652e+00
-1.649014353752136230e-01
2.475708484649658203e+00
-2.148330807685852051e-01
2.189567327499389648e+00
6.408379077911376953e-01
6.291865110397338867e-01
-1.098510980606079102e+00
1.541190147399902344e-01
3.756573677062988281e+00
5.000000000000000000e+00
2.168774008750915527e-01
-3.808056712150573730e-01
6.622933745384216309e-01
-9.863159656524658203e-01
5.000000000000000000e+00
6.118226647377014160e-01
7.483989000320434570e-01
-9.392282366752624512e-01
3.619717121124267578e+00
-2.725940704345703125e+00
3.558670878410339355e-01
4.716976165771484375e+00
-9.938268661499023438e-01
-1.034561872482299805e+00
5.000000000000000000e+00
5.000000000000000000e+00
-5.916402339935302734e-01
2.380233287811279297e+00
1.403173208236694336e+00
3.457151412963867188e+00
3.792056083679199219e+00
2.831493616104125977e+00
3.710421800613403320e+00
8.430150151252746582e-01
5.000000000000000000e+00
-1.692023515701293945e+00
-1.909666776657104492e+00
1.086385965347290039e+00
5.000000000000000000e+00
3.723002433776855469e+00
-9.446308016777038574e-03
9.433169364929199219e-01
1.503581762313842773e+00
9.035337567329406738e-01
5.000000000000000000e+00
5.000000000000000000e+00
2.723893642425537109e+00
5.000000000000000000e+00
4.153837680816650391e+00
6.464152932167053223e-01
2.377403259277343750e+00
2.177210807800292969e+00
3.483382701873779297e+00
-1.816532850265502930e+00
2.967819690704345703e+00
-1.221264362335205078e+00
3.144793033599853516e+00
3.979502916336059570e+00
2.299934864044189453e+00
1.253763437271118164e-01
-9.569835662841796875e-02
-1.388727545738220215e+00
-1.085887432098388672e+00
-2.275289595127105713e-01
5.182242393493652344e-02
6.138893961906433105e-01
2.361968517303466797e+00
8.648882508277893066e-01
8.498421311378479004e-01
1.532145500183105469e+00
3.225562810897827148e+00
5.000000000000000000e+00
3.997664928436279297e+00
3.221090316772460938e+00
3.160582065582275391e+00
1.136385440826416016e+00
5.000000000000000000e+00
1.950401782989501953e+00
-2.984338700771331787e-01
2.688492298126220703e+00
3.318451642990112305e-01
5.000000000000000000e+00
2.023673295974731445e+00
2.106043696403503418e-02
3.386532545089721680e+00
3.825479507446289062e+00
-1.201053619384765625e+00
5.000000000000000000e+00
-1.082812070846557617e+00
4.864137172698974609e-01
-1.718676328659057617e+00
5.516827106475830078e-02
4.938489913940429688e+00
-1.580924034118652344e+00
-1.189096212387084961e+00
1.701193928718566895e+00
4.819280505180358887e-01
-6.121921539306640625e+00
-3.196951150894165039e-01
5.000000000000000000e+00
3.897781610488891602e+00
1.612040281295776367e+00
-8.895907402038574219e-01
6.027065515518188477e-01
-5.887878537178039551e-01
7.179073095321655273e-01
6.651035547256469727e-01
5.000000000000000000e+00
-1.542750000953674316e+00
3.673839807510375977e+00
1.197762131690979004e+00
5.353832244873046875e-01
2.609817028045654297e+00
2.041705369949340820e+00
5.000000000000000000e+00
5.000000000000000000e+00
-8.995302319526672363e-01
2.424474000930786133e+00
3.443760633468627930e+00
-7.484021782875061035e-02
4.334035396575927734e+00
-2.253426790237426758e+00
5.000000000000000000e+00
2.001975178718566895e-01
-1.283893108367919922e+00
1.721919059753417969e+00
-7.369691133499145508e-01
1.740914821624755859e+00
3.765850543975830078e+00
1.484878659248352051e+00
1.439748048782348633e+00
5.000000000000000000e+00
1.665731191635131836e+00
2.011261940002441406e+00
-2.907195687294006348e-02
-1.240794181823730469e+00
-8.805685043334960938e-01
1.479955315589904785e+00
-1.335689067840576172e+00
4.453335285186767578e+00
-1.529255509376525879e-01
1.113773584365844727e-01
-1.257774829864501953e+00
4.945135593414306641e+00
-2.123673558235168457e-01
-8.216295242309570312e-01
9.524685144424438477e-01
2.000735521316528320e+00
5.000000000000000000e+00
5.000000000000000000e+00
1.009710073471069336e+00
-1.480148911476135254e+00
4.862493038177490234e+00
2.421733856201171875e+00
1.772280931472778320e+00
5.000000000000000000e+00
1.211191534996032715e+00
-8.214968442916870117e-01
-9.408100843429565430e-01
-1.571255564689636230e+00
5.000000000000000000e+00
3.956889152526855469e+00
2.651641845703125000e+00
-5.250146389007568359e-01
-1.488442271947860718e-01
4.297798156738281250e+00
5.000000000000000000e+00
-1.486592292785644531e+00
1.678039908409118652e+00
-8.356205821037292480e-01
1.871354877948760986e-02
-1.834577322006225586e-02
1.993463754653930664e+00
-6.736984252929687500e-01
5.373230576515197754e-01
1.085585832595825195e+00
-7.701063156127929688e-02
1.426048874855041504e-01
2.714180946350097656e-01
2.109905719757080078e+00
-2.200771093368530273e+00
-1.499417901039123535e+00
1.569691419601440430e+00
-2.016356229782104492e+00
4.755114316940307617e-01
-5.665829181671142578e-01
-5.757008790969848633e-01
2.506829261779785156e+00
5.000000000000000000e+00
7.522251605987548828e-01
5.955593585968017578e-01
-6.118671298027038574e-01
1.334204912185668945e+00
2.734681606292724609e+00
-2.604887187480926514e-01
9.657561779022216797e-01
3.452744245529174805e+00
-8.400006890296936035e-01
5.000000000000000000e+00
4.579802036285400391e+00
1.947145223617553711e+00
4.166346073150634766e+00
4.032395839691162109e+00
2.890647649765014648e-01
-2.352931499481201172e+00
-6.007995605468750000e-01
2.045087575912475586e+00
5.000000000000000000e+00
2.838315486907958984e+00
3.936779022216796875e+00
5.000000000000000000e+00
-2.577633142471313477e+00
1.324088692665100098e+00
1.030057191848754883e+00
2.099864721298217773e+00
-2.413094043731689453e+00
-2.707189321517944336e-01
1.933356970548629761e-01
1.291043281555175781e+00
1.165076851844787598e+00
3.955757141113281250e+00
-2.038674116134643555e+00
9.222114682197570801e-01
1.004251837730407715e+00
3.128579258918762207e-01
-6.396586894989013672e-01
-2.273910284042358398e+00
2.216444969177246094e+00
9.117151498794555664e-01
1.354795217514038086e+00
2.262310504913330078e+00
1.283090561628341675e-01
1.357092380523681641e+00
2.077084064483642578e+00
2.623322010040283203e-01
1.441099882125854492e+00
2.631334543228149414e+00
-1.453457832336425781e+00
3.602593660354614258e+00
1.978961944580078125e+00
1.742969751358032227e+00
-3.855286240577697754e-01
5.000000000000000000e+00
-2.396806716918945312e+00
-1.661828637123107910e+00
4.958326339721679688e+00
-1.923641562461853027e+00
-2.303733825683593750e+00
2.804075479507446289e+00
5.000000000000000000e+00
3.077104806900024414e+00
1.947577476501464844e+00
-1.082564115524291992e+00
8.628726005554199219e-02
3.230636596679687500e+00
-1.927622318267822266e+00
4.342125892639160156e+00
-8.200571537017822266e-01
1.572203040122985840e+00
2.152710437774658203e+00
-9.752446413040161133e-01
-1.137227296829223633e+00
-1.512661337852478027e+00
1.569333553314208984e+00
-2.617317676544189453e+00
-1.441297531127929688e-01
-8.492276668548583984e-01
-8.911033272743225098e-01
1.250022292137145996e+00
3.477758646011352539e+00
-1.590321302413940430e+00
6.036225557327270508e-01
4.964835166931152344e+00
4.408194541931152344e+00
-4.480646252632141113e-01
4.824652671813964844e+00
2.831035137176513672e+00
5.000000000000000000e+00
2.302748203277587891e+00
-6.361100673675537109e-01
5.000000000000000000e+00
-5.908004045486450195e-01
-3.284803628921508789e-01
-2.478628158569335938e+00
-4.531809687614440918e-01
-1.990826725959777832e+00
2.095967292785644531e+00
5.000000000000000000e+00
7.921267151832580566e-01
5.000000000000000000e+00
1.295931339263916016e-01
-1.835412740707397461e+00
1.850023150444030762e+00
-2.176526784896850586e+00
5.000000000000000000e+00
-2.961962223052978516e-01
1.887274503707885742e+00
4.836559295654296875e+00
2.780564785003662109e+00
-8.100157976150512695e-01
4.549282550811767578e+00
1.810024023056030273e+00
4.756476402282714844e+00
1.956776380538940430e+00
6.407999992370605469e-02
-2.678244113922119141e-01
4.147005558013916016e+00
6.739466190338134766e-01
1.952836871147155762e+00
-9.784381389617919922e-01
3.176630139350891113e-01
1.187977552413940430e+00
8.486745357513427734e-01
5.000000000000000000e+00
9.170376062393188477e-01
1.605076313018798828e+00
4.341530799865722656e+00
-1.166306138038635254e+00
1.223352193832397461e+00
7.247673273086547852e-01
2.608856439590454102e+00
-2.146063894033432007e-01
-9.314119219779968262e-01
2.009124040603637695e+00
2.361886978149414062e+00
4.663993358612060547e+00
2.468663215637207031e+00
3.075172662734985352e+00
4.192822456359863281e+00
4.642350673675537109e+00
1.972455531358718872e-01
-1.084395647048950195e+00
7.091946005821228027e-01
4.802935123443603516e+00
2.227057933807373047e+00
5.622596740722656250e-01
6.546133756637573242e-02
-4.532256126403808594e-01
-1.079504013061523438e+00
-2.590796351432800293e-01
8.293275237083435059e-01
-1.460669279098510742e+00
3.552681446075439453e+00
2.670133352279663086e+00
-3.650455474853515625e-01
1.725456953048706055e+00
-7.529249191284179688e-01
6.070483922958374023e-01
-1.245221138000488281e+00
1.221065044403076172e+00
4.996206760406494141e+00
1.233833312988281250e+00
-1.570931196212768555e+00
-4.578723609447479248e-01
3.396421432495117188e+00
4.558835506439208984e+00
8.245182037353515625e-02
1.181938767433166504e+00
-1.423094868659973145e-01
-4.437406659126281738e-01
5.000000000000000000e+00
2.150038927793502808e-01
4.961948394775390625e+00
-1.675204396247863770e+00
-1.085799634456634521e-01
4.028088569641113281e+00
2.743107557296752930e+00
-2.566084861755371094e-01
-4.089644551277160645e-01
3.913505792617797852e+00
-1.238685965538024902e+00
3.600633144378662109e+00
3.849184036254882812e+00
-1.591351509094238281e+00
3.966815233230590820e+00
-1.600877761840820312e+00
1.265717267990112305e+00
1.251333236694335938e+00
2.602141857147216797e+00
2.799576997756958008e+00
1.465203523635864258e+00
-4.562314152717590332e-01
-2.453684806823730469e-02
2.852375507354736328e+00
2.057917594909667969e+00
4.419486522674560547e+00
3.930645465850830078e+00
4.008162498474121094e+00
1.900232315063476562e+00
7.522332668304443359e-02
6.293381452560424805e-01
-3.508220314979553223e-01
6.270685195922851562e-01
4.941884517669677734e+00
9.492084383964538574e-02
-6.938173770904541016e-01
2.791123151779174805e+00
4.169819355010986328e+00
1.940431237220764160e+00
2.604007482528686523e+00
-1.909219384193420410e+00
4.894915580749511719e+00
7.260118126869201660e-01
-1.114320039749145508e+00
4.487375259399414062e+00
5.000000000000000000e+00
2.987551689147949219e+00
4.720664978027343750e+00
2.395919322967529297e+00
2.056905508041381836e+00
2.087689042091369629e-01
1.479677677154541016e+00
3.633842229843139648e+00
5.000000000000000000e+00
4.680791854858398438e+00
3.909698486328125000e+00
1.915424942970275879e+00
1.511268854141235352e+00
1.826401352882385254e-01
2.501107215881347656e+00
-2.118577957153320312e+00
3.463871240615844727e+00
2.954517602920532227e+00
3.570804119110107422e+00
-6.336590647697448730e-01
2.097464799880981445e+00
-1.195464134216308594e-01
5.000000000000000000e+00
2.027534246444702148e+00
5.000000000000000000e+00
2.419470787048339844e+00
3.434253931045532227e-01
4.306308746337890625e+00
4.793838500976562500e+00
-1.291604042053222656e+00
1.626745462417602539e+00
-6.389232873916625977e-01
2.037158727645874023e+00
5.000000000000000000e+00
-5.228487253189086914e-01
7.911207079887390137e-01
5.160779953002929688e-01
4.898890495300292969e+00
5.329288244247436523e-01
-8.152821063995361328e-01
1.136237740516662598e+00
5.307759046554565430e-01
-4.878082275390625000e-01
-3.221447467803955078e-01
4.883083820343017578e+00
6.302782893180847168e-01
2.968699932098388672e+00
-1.474584579467773438e+00
4.239854216575622559e-01
-3.839562535285949707e-01
2.349698841571807861e-01
-2.166596412658691406e+00
-1.645689606666564941e+00
-1.199308633804321289e+00
4.421991825103759766e+00
-1.461252570152282715e-01
1.121325016021728516e+00
2.185794711112976074e-01
4.472566127777099609e+00
3.573234379291534424e-01
-6.071435213088989258e-01
-1.600437164306640625e+00
2.744760513305664062e-01
8.778710961341857910e-01
-1.324566483497619629e+00
1.351577281951904297e+00
5.000000000000000000e+00
9.968644380569458008e-02
7.119977474212646484e-01
2.718305110931396484e+00
