-1.380675792694091797e+00
-1.227372169494628906e+00
2.073460221290588379e-01
1.101133465766906738e+00
-7.554832100868225098e-01
-7.972956299781799316e-01
-2.093992531299591064e-01
-2.377998590469360352e+00
-1.309161424636840820e+00
4.185427129268646240e-01
3.197963833808898926e-01
-3.100141286849975586e+00
-1.628293991088867188e+00
6.132493019104003906e-01
1.227833628654479980e+00
-1.338117718696594238e+00
-2.019378185272216797e+00
-1.317659169435501099e-01
-1.756848096847534180e+00
-2.219177007675170898e+00
1.778373122215270996e-02
2.311227321624755859e-01
-9.557439088821411133e-01
-2.192494869232177734e+00
3.181005716323852539e-01
-9.936397671699523926e-01
-1.333224177360534668e+00
-2.443702816963195801e-01
-4.865306615829467773e-01
1.953941285610198975e-01
-8.468832373619079590e-01
-1.146641373634338379e-01
-3.476048409938812256e-01
-1.725458383560180664e+00
-6.907861232757568359e-01
-1.700863361358642578e+00
-4.130609929561614990e-01
-1.847516059875488281e+00
1.443451166152954102e+00
-1.680380940437316895e+00
5.850757360458374023e-01
-1.307330012321472168e+00
-1.104987382888793945e+00
-1.687209725379943848e+00
-1.829616069793701172e+00
-1.821931600570678711e+00
-1.514038801193237305e+00
-8.874461650848388672e-01
-2.729842185974121094e+00
-1.288755297660827637e+00
-2.114737033843994141e+00
-6.690618991851806641e-01
-1.617323637008666992e+00
-3.049989938735961914e+00
-1.306578516960144043e+00
1.768139004707336426e-01
-2.284842014312744141e+00
-7.411540746688842773e-01
2.460301637649536133e+00
-4.451911449432373047e-01
-9.933270215988159180e-01
-1.452338218688964844e+00
6.020960807800292969e-01
-1.523830056190490723e+00
-6.310684084892272949e-01
3.169531345367431641e+00
-6.815843582153320312e-01
-1.156603574752807617e+00
-1.363078832626342773e+00
3.435510396957397461e-02
1.697864055633544922e+00
2.009095668792724609e+00
-2.461447954177856445e+00
-5.594050884246826172e-01
-2.697967588901519775e-01
-1.840238213539123535e+00
-1.049731492996215820e+00
-2.246782541275024414e+00
-7.548762559890747070e-01
-1.643104910850524902e+00
-3.033516108989715576e-01
9.240124821662902832e-01
2.331353664398193359e+00
-1.236800670623779297e+00
-1.093172192573547363e+00
2.573390483856201172e+00
-2.698325514793395996e-01
-1.157077908515930176e+00
3.647802770137786865e-02
3.742753863334655762e-01
-4.528453052043914795e-01
-6.381519436836242676e-01
-2.188624143600463867e+00
-7.197607755661010742e-01
2.765961170196533203e+00
-3.624719142913818359e+00
-5.024766921997070312e-02
1.317499399185180664e+00
-1.314381837844848633e+00
1.259866833686828613e+00
3.707631528377532959e-01
-7.469733953475952148e-01
-1.814902782440185547e+00
-6.742024421691894531e-01
2.706885933876037598e-01
-3.392055273056030273e+00
-7.076621055603027344e-02
-1.967831134796142578e+00
-2.246791124343872070e-02
-7.253683805465698242e-01
-6.563869714736938477e-01
-2.712625265121459961e-01
-7.965632677078247070e-01
2.423659265041351318e-01
-1.933455467224121094e-02
-8.429558277130126953e-01
-6.265648603439331055e-01
8.985017538070678711e-01
-1.369888186454772949e-01
-8.282113671302795410e-01
3.151404261589050293e-01
-8.323962092399597168e-01
-9.906594157218933105e-01
-2.237923741340637207e-01
-3.856196999549865723e-01
-1.616658926010131836e+00
-1.424261093139648438e+00
-2.033990859985351562e+00
7.192820310592651367e-03
1.356735348701477051e+00
-2.947568893432617188e-02
-8.618957996368408203e-01
-3.796770334243774414e+00
-6.468877792358398438e-01
-1.270334243774414062e+00
-1.527256011962890625e+00
1.267899870872497559e-01
-4.034591317176818848e-01
-4.359202086925506592e-01
-1.263782024383544922e+00
-5.774177312850952148e-01
-3.293052911758422852e-01
8.795593976974487305e-01
-2.750992774963378906e-01
-4.572579860687255859e-01
-1.566162109375000000e+00
-3.182862401008605957e-01
-8.116165399551391602e-01
2.401010394096374512e-01
1.338981688022613525e-01
-4.610424935817718506e-01
3.179666399955749512e-02
9.695202112197875977e-01
-3.476005077362060547e+00
8.030771017074584961e-01
-2.010123729705810547e+00
-5.844498276710510254e-01
-2.300774574279785156e+00
-1.968629837036132812e+00
-6.925662755966186523e-01
-8.795510530471801758e-01
-1.188493609428405762e+00
-2.155512332916259766e+00
-1.305318593978881836e+00
6.517484188079833984e-01
-2.852497100830078125e+00
-8.762769699096679688e-01
-1.123224377632141113e+00
-1.019883155822753906e+00
5.160570144653320312e-03
-4.944392442703247070e-01
4.303056597709655762e-01
-2.602002918720245361e-01
-3.149607181549072266e-01
-3.515644371509552002e-01
-8.957360386848449707e-01
-1.285525321960449219e+00
-1.581256240606307983e-01
-1.037737369537353516e+00
-1.067566156387329102e+00
-5.876201391220092773e-01
7.268763780593872070e-01
-4.942571520805358887e-01
-7.079006433486938477e-01
-3.282156884670257568e-01
-1.197745800018310547e+00
-2.261176586151123047e+00
1.124237298965454102e+00
-2.104677855968475342e-01
-3.493822574615478516e+00
-1.685337066650390625e+00
-2.668782234191894531e+00
-1.049211740493774414e+00
-4.034765958786010742e-01
-1.286932229995727539e+00
3.209548294544219971e-01
-1.395347237586975098e+00
-1.284059047698974609e+00
-2.282377004623413086e+00
-2.099446296691894531e+00
-1.602838516235351562e+00
2.116384029388427734e+00
1.564372181892395020e+00
1.087967753410339355e+00
-1.581132173538208008e+00
-3.107531368732452393e-01
-7.841762900352478027e-01
1.089524030685424805e-01
-2.176356315612792969e+00
-4.021165072917938232e-01
-2.692790031433105469e+00
-4.197702407836914062e+00
-6.614769697189331055e-01
-6.782422065734863281e-01
-1.026048421859741211e+00
1.202158927917480469e-01
-6.505486965179443359e-01
-9.876667261123657227e-01
-3.763017654418945312e-01
-1.657785654067993164e+00
-4.782953262329101562e-01
3.129200637340545654e-02
-6.402863264083862305e-01
-4.016098380088806152e-01
3.213644027709960938e-02
-4.213200509548187256e-01
-9.029136896133422852e-01
7.324147224426269531e-01
-1.458244562149047852e+00
-1.548670530319213867e-01
-1.543808221817016602e+00
-4.579493403434753418e-02
3.010429441928863525e-01
-6.931133270263671875e-01
6.646384000778198242e-01
-7.293872237205505371e-01
-2.054811477661132812e+00
-1.466968894004821777e+00
-4.962247610092163086e-01
-1.962176561355590820e+00
-1.269510269165039062e+00
-1.210686683654785156e+00
-6.356877684593200684e-01
-7.272601127624511719e-03
-2.384968280792236328e+00
-3.591198921203613281e-01
-1.258704304695129395e+00
-2.521123409271240234e+00
-5.424555540084838867e-01
-4.659555256366729736e-01
-1.365376114845275879e+00
-3.290172219276428223e-01
-3.527181148529052734e+00
6.069017648696899414e-01
-1.445768952369689941e+00
-8.863660097122192383e-01
-3.342868685722351074e-01
-2.380634307861328125e+00
-5.854033827781677246e-01
-1.652950286865234375e+00
4.646278917789459229e-01
1.001058101654052734e+00
-2.122423648834228516e+00
-4.325010776519775391e-01
-1.844542026519775391e+00
1.413693428039550781e-01
-1.619877934455871582e+00
-9.487363100051879883e-01
-2.053285837173461914e-01
5.697641372680664062e-01
6.883488893508911133e-01
-1.049498796463012695e+00
-1.315136551856994629e+00
-7.800302505493164062e-01
-2.508530855178833008e+00
-2.050801038742065430e+00
-2.142845392227172852e-01
3.546726703643798828e-01
-9.580887556076049805e-01
-5.861167907714843750e-01
-2.718514680862426758e+00
-3.266994953155517578e-01
4.820404648780822754e-01
9.441396594047546387e-01
4.086722731590270996e-01
-2.200591564178466797e+00
-1.723757028579711914e+00
-1.658853769302368164e+00
-2.374701738357543945e+00
4.563483595848083496e-01
-1.624448895454406738e+00
-9.613094329833984375e-01
2.838594913482666016e+00
-1.746263027191162109e+00
-5.964258313179016113e-01
-1.117415308952331543e+00
-1.870254039764404297e+00
-2.257801771163940430e+00
4.018754065036773682e-01
-3.651016354560852051e-01
5.088839530944824219e-01
-1.126819133758544922e+00
-1.202290415763854980e+00
4.910273253917694092e-01
-2.026106357574462891e+00
1.011266469955444336e+00
1.009793877601623535e-01
-1.591732740402221680e+00
-1.148119926452636719e+00
-1.093211770057678223e+00
-8.141900300979614258e-01
-3.290578126907348633e+00
-1.116826653480529785e+00
-9.842740893363952637e-01
-1.618345022201538086e+00
-2.224385738372802734e-01
-2.949658632278442383e+00
9.907919168472290039e-02
-2.496197700500488281e+00
-1.848338961601257324e+00
1.185446500778198242e+00
1.823480248451232910e+00
-4.937716722488403320e-01
1.842993736267089844e+00
-6.906552314758300781e-01
-9.748545885086059570e-01
-1.086291074752807617e-01
-2.397282123565673828e+00
-5.501524209976196289e-01
-1.729294300079345703e+00
-1.618919730186462402e+00
7.830667495727539062e-01
3.494549095630645752e-01
-4.695486128330230713e-01
-1.001965403556823730e+00
-5.220974683761596680e-01
-4.201298952102661133e-01
1.399454951286315918e+00
9.953172802925109863e-01
-1.806460618972778320e+00
-2.742905855178833008e+00
-8.623333573341369629e-01
-1.485826849937438965e+00
7.770925760269165039e-01
2.484099268913269043e-01
-1.441293478012084961e+00
-1.397109746932983398e+00
-1.346735358238220215e+00
-1.363305747509002686e-01
1.625478386878967285e+00
4.925234913825988770e-01
3.660599589347839355e-01
-1.107651948928833008e+00
-4.115924537181854248e-01
-9.339321851730346680e-01
-1.176531314849853516e+00
-5.406478643417358398e-01
-1.231267690658569336e+00
-8.092073202133178711e-01
-1.493076324462890625e+00
-3.378339767456054688e+00
6.062389612197875977e-01
-9.863551855087280273e-01
-8.150525689125061035e-01
-7.232367992401123047e-03
1.487322926521301270e+00
-2.557693004608154297e+00
-1.386464118957519531e+00
-1.880233407020568848e+00
-1.076496243476867676e-01
-1.485109627246856689e-01
-1.435950517654418945e+00
-2.814225852489471436e-01
-1.140910029411315918e+00
1.915417551994323730e+00
-1.616669774055480957e+00
-7.334421277046203613e-01
-7.576528191566467285e-01
-1.203045368194580078e+00
-2.547087669372558594e-01
-1.458679795265197754e+00
-1.622502923011779785e+00
-1.976835846900939941e+00
2.528949499130249023e+00
-8.613423109054565430e-01
-1.120209217071533203e+00
1.424304723739624023e+00
-8.546580076217651367e-01
-1.419301033020019531e+00
4.434990584850311279e-01
1.289842009544372559e+00
4.480956792831420898e-01
-4.326440393924713135e-01
-4.043005704879760742e-01
-1.212531924247741699e-01
9.006506204605102539e-01
-1.341919183731079102e+00
2.389100641012191772e-01
-5.400291681289672852e-01
-1.111744642257690430e+00
-7.742357850074768066e-01
-1.318329334259033203e+00
-1.781427502632141113e+00
-9.690536856651306152e-01
-4.163801670074462891e-03
-1.362418174743652344e+00
-1.603714466094970703e+00
-1.301559329032897949e+00
-3.232226669788360596e-01
-3.795561075210571289e+00
-1.465721607208251953e+00
-5.780465602874755859e-01
-9.436298608779907227e-01
-1.723166108131408691e+00
-7.149907350540161133e-01
-2.501575946807861328e-01
-1.683125019073486328e+00
1.023852825164794922e-01
-2.262868881225585938e-01
5.760167837142944336e-01
-1.857316732406616211e+00
-1.179854154586791992e+00
-2.016891479492187500e+00
1.907551288604736328e-02
-1.171103119850158691e-01
1.398509025573730469e+00
-2.279877662658691406e-01
-1.856507897377014160e+00
4.814943075180053711e-01
-2.954521775245666504e-01
-9.006428122520446777e-01
-1.627510547637939453e+00
6.184079647064208984e-01
-4.963070154190063477e-02
-9.716746807098388672e-01
6.500640511512756348e-02
1.125382542610168457e+00
-4.752200841903686523e-01
-2.266104459762573242e+00
6.611163020133972168e-01
-1.408280611038208008e+00
-1.761039614677429199e+00
-1.163147211074829102e+00
-2.164954900741577148e+00
5.993296504020690918e-01
-2.738127112388610840e-01
-6.129209995269775391e-01
-7.158133387565612793e-02
5.241360664367675781e-01
-1.228782653808593750e+00
4.987172186374664307e-01
-1.520914912223815918e+00
-1.162611722946166992e+00
5.279492139816284180e-01
-7.488772869110107422e-01
1.845444202423095703e+00
9.551960229873657227e-01
4.154710292816162109e+00
4.465629458427429199e-01
-2.272864818572998047e+00
-2.406044483184814453e+00
4.467580914497375488e-01
-1.152264833450317383e+00
-1.167015075683593750e+00
-1.084064483642578125e+00
-1.059836149215698242e+00
-1.954902648925781250e+00
-1.390883922576904297e+00
-1.907683134078979492e+00
-2.532581806182861328e+00
-2.294257164001464844e+00
-1.252468347549438477e+00
3.559680223464965820e+00
-6.993156075477600098e-01
-8.575379848480224609e-01
-8.666151762008666992e-02
4.331524074077606201e-01
-9.747273921966552734e-01
-5.645639896392822266e-01
-2.228129863739013672e+00
-1.169940233230590820e+00
6.711134910583496094e-01
9.856820106506347656e-02
1.285182833671569824e+00
1.157177686691284180e+00
-1.451259255409240723e+00
-2.318366289138793945e+00
-1.096671581268310547e+00
-9.179695844650268555e-01
-5.768572092056274414e-01
-6.827823519706726074e-01
-1.480291008949279785e+00
-4.056055545806884766e-01
1.759191751480102539e-01
-2.956732749938964844e+00
-1.679080128669738770e+00
-1.969244956970214844e+00
-6.717262864112854004e-01
2.895185649394989014e-01
-8.419229984283447266e-01
-1.486397027969360352e+00
-6.817747354507446289e-01
6.744735240936279297e-01
-4.719287157058715820e-03
-1.499488234519958496e+00
-1.709856390953063965e+00
6.483614444732666016e-03
2.496718168258666992e-01
-6.265462636947631836e-01
-1.654058575630187988e+00
-2.613275051116943359e+00
-1.895701885223388672e-02
9.239557385444641113e-01
-2.146856784820556641e+00
-2.519707918167114258e+00
-2.371014595031738281e+00
-8.993125557899475098e-01
-1.523524045944213867e+00
-8.008264303207397461e-01
-2.649843454360961914e+00
-1.023196101188659668e+00
-1.423599720001220703e+00
-9.216314554214477539e-01
-1.303703308105468750e+00
-3.707548081874847412e-01
-1.984989881515502930e+00
3.518211245536804199e-01
-1.521135330200195312e+00
1.469031810760498047e+00
-7.148231863975524902e-01
-6.625675559043884277e-01
-2.087563037872314453e+00
-3.741514086723327637e-01
-1.413444161415100098e+00
-1.305544614791870117e+00
-1.453383207321166992e+00
-1.318404912948608398e+00
-3.105350136756896973e-01
-7.723927497863769531e-02
-3.849380016326904297e-01
2.916793227195739746e-01
9.317153096199035645e-01
-2.137835025787353516e-01
5.247824788093566895e-01
5.077297687530517578e-01
-8.110831379890441895e-01
6.230970621109008789e-01
-1.622474074363708496e+00
-8.627643585205078125e-01
1.464629173278808594e-02
-2.409534156322479248e-01
-1.721506357192993164e+00
9.441303610801696777e-01
-2.035779953002929688e+00
-5.107355117797851562e-01
9.970725178718566895e-01
2.609949707984924316e-01
-9.219080805778503418e-01
-1.878359913825988770e-01
-4.545828700065612793e-01
-4.841339290142059326e-01
-5.587691664695739746e-01
-2.042610406875610352e+00
1.290515184402465820e+00
-1.214358806610107422e-01
9.043191671371459961e-01
-5.895477533340454102e-01
-1.022777557373046875e+00
-2.199744939804077148e+00
-1.168995499610900879e+00
-1.366185188293457031e+00
-1.911945492029190063e-01
-1.492115020751953125e+00
-1.736601829528808594e+00
-6.726623773574829102e-01
-1.719386696815490723e+00
-1.909781694412231445e+00
-2.149350643157958984e+00
-3.369293212890625000e+00
-5.339146852493286133e-01
-6.463619470596313477e-01
7.341626286506652832e-02
1.263477206230163574e+00
2.199853062629699707e-01
-9.030265212059020996e-01
-1.359446406364440918e+00
-2.268362641334533691e-01
-6.362159848213195801e-01
-2.949617505073547363e-01
-1.197943568229675293e+00
6.099383234977722168e-01
1.175789535045623779e-01
-1.139845848083496094e-01
-4.260392189025878906e-01
-1.537437438964843750e-01
2.041608333587646484e+00
-3.652866780757904053e-01
-1.849057435989379883e+00
-1.140035629272460938e+00
-4.238088726997375488e-01
-8.450958132743835449e-02
6.569217443466186523e-01
-1.203493952751159668e+00
-1.106776237487792969e+00
1.287142634391784668e-01
-8.086311817169189453e-01
-1.380093336105346680e+00
-3.921279907226562500e-01
-1.806807041168212891e+00
-6.046354770660400391e-03
-1.432969808578491211e+00
-8.786501884460449219e-01
1.276767492294311523e+00
-7.603133320808410645e-01
-4.420061707496643066e-01
-1.086133241653442383e+00
-1.503008365631103516e+00
-8.453270792961120605e-02
-3.378190398216247559e-01
3.793815374374389648e-01
-3.838954269886016846e-01
1.008915185928344727e+00
2.713358104228973389e-01
-2.196841239929199219e+00
-1.433033823966979980e+00
1.085082292556762695e-01
2.584677636623382568e-01
-3.315776586532592773e-03
3.645158410072326660e-01
-2.341244697570800781e+00
7.465426921844482422e-01
-6.949454545974731445e-01
-1.377866983413696289e+00
1.476377129554748535e+00
-1.940999627113342285e+00
-1.038764834403991699e+00
-1.650327920913696289e+00
-5.605586767196655273e-01
-1.964979290962219238e+00
-7.574803829193115234e-01
5.856894254684448242e-01
1.664212226867675781e+00
-9.758854508399963379e-01
-1.135219931602478027e+00
-3.697236478328704834e-01
-1.183720350265502930e+00
-1.208110332489013672e+00
-1.441547632217407227e+00
-1.153647661209106445e+00
-8.135507106781005859e-01
-1.586651206016540527e+00
-1.524378776550292969e+00
-8.561031818389892578e-01
-1.009100437164306641e+00
-1.418212950229644775e-01
-6.287925839424133301e-01
-2.014247775077819824e-01
5.409740209579467773e-01
-8.043413162231445312e-01
2.444327354431152344e+00
-5.568202137947082520e-01
-8.257044553756713867e-01
6.336846947669982910e-01
4.598099589347839355e-01
-1.929060339927673340e+00
-1.437928795814514160e+00
-9.269387125968933105e-01
-1.756114602088928223e+00
-1.442363858222961426e-01
-1.024298310279846191e+00
-8.819435834884643555e-01
-1.908152341842651367e+00
1.033833026885986328e-01
-6.916770339012145996e-02
-1.661753892898559570e+00
-8.586402535438537598e-01
-1.849714517593383789e+00
4.772699475288391113e-01
1.376512289047241211e+00
-3.553167819976806641e+00
-8.259856700897216797e-01
-7.045137882232666016e-02
-2.801735162734985352e+00
-4.139449596405029297e-01
-3.272947072982788086e-01
-1.174172759056091309e-02
5.787111520767211914e-01
-1.234671354293823242e+00
-9.991056919097900391e-01
-1.557881236076354980e+00
-1.563742756843566895e-01
-6.368201971054077148e-01
4.619521498680114746e-01
