1.893981695175170898e+00
1.392391324043273926e+00
-9.709908962249755859e-01
5.000000000000000000e+00
-1.952959775924682617e+00
1.939424157142639160e+00
1.803231239318847656e+00
4.101050376892089844e+00
3.012034654617309570e+00
4.324823379516601562e+00
-3.947457075119018555e-01
1.337856292724609375e+00
4.632415771484375000e+00
1.189929842948913574e+00
4.569901466369628906e+00
3.658866167068481445e+00
5.000000000000000000e+00
-1.176420092582702637e+00
3.609458923339843750e+00
-8.739783763885498047e-01
-7.178790569305419922e-01
-4.660469293594360352e-01
-6.154972314834594727e-01
4.819530963897705078e+00
1.515511572360992432e-01
2.076111555099487305e+00
2.617921352386474609e+00
-9.151083230972290039e-02
2.810831546783447266e+00
3.830905437469482422e+00
2.850958108901977539e+00
1.990289211273193359e+00
-2.757951021194458008e-01
3.512285232543945312e+00
5.160170793533325195e-01
1.770192980766296387e+00
2.522461891174316406e+00
1.986377835273742676e-01
-3.007140159606933594e-01
-6.654232740402221680e-01
5.000000000000000000e+00
4.708344459533691406e+00
3.291596889495849609e+00
2.671562671661376953e+00
-1.403127908706665039e-01
3.379130065441131592e-01
-1.009120821952819824e+00
6.164330244064331055e-01
5.000000000000000000e+00
2.140119075775146484e-01
2.405674457550048828e+00
-6.953746080398559570e-01
5.000000000000000000e+00
6.113278865814208984e-01
2.992904186248779297e+00
1.772063374519348145e-01
5.000000000000000000e+00
1.292289018630981445e+00
2.739857673645019531e+00
4.363533973693847656e+00
4.975048065185546875e+00
5.000000000000000000e+00
1.105666160583496094e-02
5.000000000000000000e+00
6.364241242408752441e-01
2.060300827026367188e+00
2.407942771911621094e+00
5.000000000000000000e+00
2.763519048690795898e+00
1.004244446754455566e+00
6.612249016761779785e-01
-8.333122730255126953e-01
4.125164031982421875e+00
-5.985341072082519531e-01
1.829605817794799805e+00
-1.132217049598693848e+00
3.459000110626220703e+00
1.359343051910400391e+00
4.175461769104003906e+00
5.000000000000000000e+00
2.710565328598022461e+00
5.000000000000000000e+00
1.911802530288696289e+00
-1.313527822494506836e-01
-1.896916627883911133e-01
-2.098124504089355469e+00
-7.946943640708923340e-01
2.433106899261474609e+00
4.318044185638427734e+00
-8.648027181625366211e-01
4.631421089172363281e+00
5.000000000000000000e+00
2.441359043121337891e+00
2.235909461975097656e+00
-1.676832914352416992e+00
3.407126426696777344e+00
-1.353772163391113281e+00
1.338308095932006836e+00
2.674890518188476562e+00
3.504322528839111328e+00
-5.106050968170166016e-01
5.096744298934936523e-01
1.451204061508178711e+00
1.123096585273742676e+00
4.786100864410400391e+00
-4.688761532306671143e-01
2.240354061126708984e+00
-1.520967841148376465e+00
-1.056981325149536133e+00
1.013218164443969727e+00
5.000000000000000000e+00
1.991050124168395996e+00
8.381360769271850586e-01
3.049900531768798828e+00
2.408631563186645508e+00
2.447961091995239258e+00
1.107450127601623535e-01
-2.121519565582275391e+00
-1.539697647094726562e+00
1.283088445663452148e+00
4.664309024810791016e+00
3.290261745452880859e+00
-7.846130132675170898e-01
2.123912811279296875e+00
3.878625869750976562e+00
2.533393859863281250e+00
5.624859929084777832e-01
3.734111785888671875e+00
3.774337172508239746e-01
-2.238154888153076172e+00
-1.175940036773681641e+00
-3.619675338268280029e-01
1.626244544982910156e+00
5.000000000000000000e+00
-2.016710519790649414e+00
5.890538692474365234e-01
4.997534751892089844e+00
2.855386734008789062e-01
-5.479349493980407715e-01
2.320180833339691162e-01
3.153127431869506836e-01
4.278233528137207031e+00
-1.464464068412780762e+00
-1.070033669471740723e+00
2.849911928176879883e+00
1.300200343132019043e+00
2.420842051506042480e-01
4.525263905525207520e-01
5.000000000000000000e+00
4.885043144226074219e+00
5.000000000000000000e+00
3.739084243774414062e+00
4.950058937072753906e+00
1.988163709640502930e+00
6.252784132957458496e-01
3.206802845001220703e+00
4.104516983032226562e+00
4.217882156372070312e+00
3.844472169876098633e+00
7.090550661087036133e-01
2.295545101165771484e+00
5.000000000000000000e+00
8.761695623397827148e-01
4.809891700744628906e+00
3.064058423042297363e-01
9.322103261947631836e-01
5.000000000000000000e+00
1.952031373977661133e+00
-3.713222742080688477e-01
3.238008975982666016e+00
9.996221065521240234e-01
1.657687664031982422e+00
-6.856920719146728516e-01
-2.410931825637817383e+00
-3.445466756820678711e-01
1.885459184646606445e+00
-4.094331264495849609e-01
1.077336668968200684e+00
-1.016589403152465820e-01
-4.908746480941772461e-02
4.050942420959472656e+00
-1.433791637420654297e+00
-1.044883131980895996e+00
4.488035202026367188e+00
4.427217245101928711e-01
-6.510882973670959473e-01
3.278743743896484375e+00
4.501074314117431641e+00
4.732762336730957031e+00
1.493913173675537109e+00
9.117977023124694824e-01
3.571050167083740234e-01
-4.201442003250122070e-01
-1.102585077285766602e+00
-7.484498620033264160e-02
3.697476387023925781e+00
1.474788188934326172e+00
3.734678030014038086e+00
8.809118866920471191e-01
1.043928980827331543e+00
-5.998610258102416992e-01
4.916486740112304688e+00
5.000000000000000000e+00
4.177547454833984375e+00
1.237011909484863281e+00
2.705965757369995117e+00
-7.222691774368286133e-01
4.506031513214111328e+00
4.302124977111816406e+00
4.980525016784667969e+00
-2.411356270313262939e-01
1.520645737648010254e+00
5.059572458267211914e-01
-3.271417617797851562e-01
5.000000000000000000e+00
1.687033176422119141e-01
5.000000000000000000e+00
3.126047134399414062e+00
2.725678443908691406e+00
-5.872784852981567383e-01
6.974141597747802734e-01
2.124849319458007812e+00
2.634900093078613281e+00
-2.494512200355529785e-01
2.070912361145019531e+00
3.314934253692626953e+00
4.233250141143798828e+00
-6.185615062713623047e-01
5.000000000000000000e+00
-7.458168268203735352e-02
-1.604265451431274414e+00
4.263920307159423828e+00
1.968361854553222656e+00
-1.325992107391357422e+00
-3.011113405227661133e-01
4.034941673278808594e+00
1.638175845146179199e+00
3.589540004730224609e+00
2.663159370422363281e+00
3.500427484512329102e+00
3.183825969696044922e+00
-1.376213669776916504e+00
4.163307189941406250e+00
1.827332139015197754e+00
-3.146260976791381836e-01
1.903340458869934082e+00
-7.942011356353759766e-01
-1.468760490417480469e+00
5.000000000000000000e+00
3.355371475219726562e+00
1.639965772628784180e+00
-1.313600540161132812e+00
-2.134529113769531250e+00
3.431730747222900391e+00
-8.027290105819702148e-01
-2.437528610229492188e+00
4.509497642517089844e+00
5.000000000000000000e+00
2.991396427154541016e+00
5.000000000000000000e+00
5.000000000000000000e+00
-4.791117906570434570e-01
4.432168006896972656e+00
1.490745067596435547e+00
2.602355480194091797e+00
-1.796361684799194336e+00
3.373437643051147461e+00
-7.893520593643188477e-02
5.000000000000000000e+00
2.631441831588745117e+00
-2.119999527931213379e-01
1.458530545234680176e+00
-1.992661654949188232e-01
-3.056119918823242188e+00
-7.066987752914428711e-01
-1.490435123443603516e+00
9.903694987297058105e-01
2.969453096389770508e+00
5.000000000000000000e+00
-2.156010627746582031e+00
-2.234828948974609375e+00
-6.244826316833496094e-01
2.664847671985626221e-01
1.333907127380371094e+00
5.000000000000000000e+00
-1.762129664421081543e+00
2.831580162048339844e+00
1.904076337814331055e+00
2.848366975784301758e+00
3.179043769836425781e+00
1.196170806884765625e+00
2.360678195953369141e+00
5.233452320098876953e-01
5.000000000000000000e+00
4.066128730773925781e+00
-1.580311417579650879e+00
-3.237342834472656250e-01
1.819871187210083008e+00
2.656909465789794922e+00
-1.281957387924194336e+00
-1.354885578155517578e+00
3.681090831756591797e+00
-6.002590656280517578e-01
-8.933830261230468750e-01
-4.002584218978881836e-01
-9.680213332176208496e-01
-2.582162022590637207e-01
3.258952617645263672e+00
1.376571655273437500e+00
5.000000000000000000e+00
4.463176727294921875e+00
3.414433240890502930e+00
2.175287723541259766e+00
5.000000000000000000e+00
2.037794351577758789e+00
4.491679191589355469e+00
5.000000000000000000e+00
-9.540036320686340332e-01
8.844132423400878906e-01
1.639024734497070312e+00
5.000000000000000000e+00
1.817398071289062500e+00
5.000000000000000000e+00
-1.609291434288024902e+00
5.000000000000000000e+00
-1.294138789176940918e+00
3.940134048461914062e+00
2.094965696334838867e+00
5.000000000000000000e+00
-6.985898613929748535e-01
2.590811967849731445e+00
2.738398313522338867e-02
1.939930438995361328e+00
3.200291991233825684e-01
5.000000000000000000e+00
-1.013966441154479980e+00
-2.578185796737670898e+00
-1.482368111610412598e+00
1.670335233211517334e-01
-1.038026809692382812e+00
4.015737533569335938e+00
5.000000000000000000e+00
3.442548513412475586e-01
1.940938949584960938e+00
-3.695056140422821045e-01
5.000000000000000000e+00
1.665503025054931641e+00
3.233533859252929688e+00
3.389738082885742188e+00
-6.346126794815063477e-01
-1.994730353355407715e+00
-1.604806423187255859e+00
-1.678198873996734619e-01
3.426085472106933594e+00
7.808607816696166992e-01
3.611995697021484375e+00
5.000000000000000000e+00
-2.813238382339477539e+00
-1.815845251083374023e+00
3.257979631423950195e+00
3.125470638275146484e+00
1.662609577178955078e-01
-2.781172692775726318e-01
-2.086948871612548828e+00
3.143599987030029297e+00
-4.808472096920013428e-01
1.054896354675292969e+00
2.028593540191650391e+00
1.779724359512329102e+00
-1.385586142539978027e+00
-1.115544319152832031e+00
-1.464806675910949707e+00
4.939376354217529297e+00
5.000000000000000000e+00
2.782904863357543945e+00
1.229740977287292480e+00
1.175044536590576172e+00
3.141490221023559570e+00
5.000000000000000000e+00
2.575466632843017578e+00
4.065977573394775391e+00
2.585952043533325195e+00
8.065444231033325195e-01
1.042924642562866211e+00
1.431587636470794678e-01
2.381185531616210938e+00
-1.539211750030517578e+00
2.660596370697021484e-01
1.208616971969604492e+00
4.735287189483642578e+00
4.737397193908691406e+00
-5.445145964622497559e-01
-8.878469467163085938e-01
3.402899742126464844e+00
2.818407773971557617e+00
1.364317893981933594e+00
4.283689498901367188e+00
-1.014640450477600098e+00
3.955066680908203125e+00
1.757924556732177734e-01
1.567299127578735352e+00
-1.279797315597534180e+00
-1.202487349510192871e-01
2.259124279022216797e+00
8.923085927963256836e-01
1.215381026268005371e-01
5.000000000000000000e+00
4.468713283538818359e+00
1.136849820613861084e-02
1.773292541503906250e+00
1.123616695404052734e+00
4.850429058074951172e+00
5.000000000000000000e+00
5.000000000000000000e+00
-5.754053592681884766e-02
1.808166265487670898e+00
-1.825088262557983398e-02
8.093168139457702637e-01
3.541817188262939453e+00
-8.195412755012512207e-01
-7.137997150421142578e-01
-2.239122390747070312e+00
3.360694408416748047e+00
-2.760139703750610352e+00
-5.924451351165771484e-02
3.905220270156860352e+00
2.063603401184082031e+00
-8.258141875267028809e-01
-1.399659752845764160e+00
4.004817485809326172e+00
6.960541605949401855e-01
3.074276208877563477e+00
5.000000000000000000e+00
1.649512529373168945e+00
-5.281936526298522949e-01
2.515906333923339844e+00
4.633611679077148438e+00
5.369751453399658203e-01
1.588963031768798828e+00
-4.045311212539672852e-01
1.730471849441528320e-01
2.590477466583251953e+00
4.971621990203857422e+00
5.000000000000000000e+00
2.923876762390136719e+00
6.562489271163940430e-01
-1.831356525421142578e+00
1.088033795356750488e+00
-8.006913661956787109e-01
1.964585542678833008e+00
4.146379947662353516e+00
5.000000000000000000e+00
-8.494343161582946777e-01
-1.152972280979156494e-01
-8.003431558609008789e-01
1.155297756195068359e+00
-2.841196358203887939e-01
5.000000000000000000e+00
2.093052148818969727e+00
1.373518705368041992e+00
1.049945712089538574e+00
8.369870781898498535e-01
1.091960191726684570e+00
3.559845089912414551e-01
3.711607217788696289e+00
-9.556424021720886230e-01
2.868931055068969727e+00
-5.727801918983459473e-01
-3.053556919097900391e+00
1.308541178703308105e+00
4.322216033935546875e+00
1.740678548812866211e+00
1.909295320510864258e+00
-2.257413864135742188e-01
8.405414223670959473e-02
-2.053807258605957031e+00
5.000000000000000000e+00
1.105954766273498535e+00
-1.190339803695678711e+00
6.644507050514221191e-01
2.981314420700073242e+00
-8.745777606964111328e-01
1.770390868186950684e+00
-9.682141542434692383e-01
5.000000000000000000e+00
4.155093669891357422e+00
2.772997856140136719e+00
2.783428192138671875e+00
1.642243504524230957e+00
-5.954005718231201172e-01
-1.050980091094970703e-01
1.451964259147644043e+00
-1.669907331466674805e+00
3.228139400482177734e+00
5.000000000000000000e+00
-9.697589874267578125e-01
2.164429664611816406e+00
1.450799942016601562e+00
-3.385019600391387939e-01
4.798417091369628906e+00
4.878719806671142578e+00
-5.165414810180664062e-01
-1.225491881370544434e+00
2.390145063400268555e+00
5.000000000000000000e+00
-2.697329521179199219e-01
5.000000000000000000e+00
3.266574144363403320e-01
3.050967693328857422e+00
5.000000000000000000e+00
-5.097224116325378418e-01
-8.636682629585266113e-01
2.825520515441894531e+00
-7.739169597625732422e-01
1.215263009071350098e-01
1.121227145195007324e+00
6.539713740348815918e-01
1.755622982978820801e+00
9.556074142456054688e-01
4.821381568908691406e+00
-2.199284553527832031e+00
7.191349267959594727e-01
2.836823463439941406e-03
-2.344305992126464844e+00
-1.037325501441955566e+00
1.505069494247436523e+00
3.435440063476562500e+00
-1.473316431045532227e+00
-8.379042148590087891e-01
3.095584154129028320e+00
-1.280682682991027832e+00
4.672127723693847656e+00
2.082165479660034180e-01
2.678081512451171875e+00
-6.524614095687866211e-01
4.580376625061035156e+00
4.276311993598937988e-01
4.044567346572875977e-01
2.709692716598510742e+00
-3.493516445159912109e-01
5.000000000000000000e+00
5.000000000000000000e+00
4.850245475769042969e+00
3.332977771759033203e+00
2.091966152191162109e+00
5.000000000000000000e+00
5.000000000000000000e+00
4.996807873249053955e-01
2.646293878555297852e+00
4.791005253791809082e-01
1.955585002899169922e+00
-3.987776279449462891e+00
-1.844238758087158203e+00
3.517697811126708984e+00
-7.857263088226318359e-02
1.953269004821777344e+00
-1.414526462554931641e+00
2.314888000488281250e+00
6.925169229507446289e-01
-2.625052452087402344e+00
8.527935147285461426e-01
-6.278221607208251953e-01
6.779562830924987793e-01
1.875712633132934570e+00
-2.917207479476928711e+00
1.758753061294555664e+00
4.924566745758056641e+00
3.243143856525421143e-01
2.016110718250274658e-01
5.000000000000000000e+00
1.062419414520263672e+00
-1.856153607368469238e-01
4.093242645263671875e+00
-1.300037503242492676e+00
5.000000000000000000e+00
-3.837412893772125244e-01
2.101647615432739258e+00
5.000000000000000000e+00
5.000000000000000000e+00
3.679341316223144531e+00
4.095582008361816406e+00
3.481364250183105469e+00
1.772906064987182617e+00
4.550217628479003906e+00
3.055364608764648438e+00
-7.669154405593872070e-01
1.180815935134887695e+00
-8.670167922973632812e-01
-2.042628049850463867e+00
-9.223036170005798340e-01
-8.789331316947937012e-01
5.000000000000000000e+00
-2.112022638320922852e+00
1.300195336341857910e+00
-6.259812116622924805e-01
-3.621992468833923340e-01
9.108912348747253418e-01
-1.423872470855712891e+00
-9.149093627929687500e-01
5.000000000000000000e+00
2.373430967330932617e+00
6.112590432167053223e-02
-1.161064147949218750e+00
-8.677532672882080078e-01
-1.053207039833068848e+00
1.068176746368408203e+00
2.507947087287902832e-01
-1.476093888282775879e+00
4.795537948608398438e+00
1.187174081802368164e+00
2.008221149444580078e+00
-2.417206287384033203e+00
-3.456914424896240234e-02
2.050096035003662109e+00
5.000000000000000000e+00
-1.855236291885375977e+00
3.756132125854492188e+00
1.737570285797119141e+00
-1.130687236785888672e+00
-6.674861311912536621e-01
-5.921993255615234375e-01
2.438066601753234863e-01
5.000000000000000000e+00
7.390266060829162598e-01
-6.846001744270324707e-01
-5.023984909057617188e-01
-1.290214657783508301e+00
4.186936914920806885e-01
4.386141777038574219e+00
-1.083432912826538086e+00
5.000000000000000000e+00
4.160118103027343750e+00
1.249743223190307617e+00
1.126759767532348633e+00
3.396272659301757812e+00
5.000000000000000000e+00
-1.428700804710388184e+00
1.316194772720336914e+00
1.628770112991333008e+00
1.529691576957702637e+00
-5.290955305099487305e-01
-6.411426067352294922e-01
3.549771547317504883e+00
-1.231778621673583984e+00
-6.911504864692687988e-01
3.402907371520996094e+00
4.896742999553680420e-01
3.340828418731689453e+00
3.764299392700195312e+00
6.019880771636962891e-01
1.831418991088867188e+00
5.000000000000000000e+00
3.472508907318115234e+00
4.627970695495605469e+00
-3.990326523780822754e-01
2.834343671798706055e+00
4.645612716674804688e+00
3.587812662124633789e+00
4.064907133579254150e-01
-8.052662611007690430e-01
-5.308692455291748047e-01
-2.728154957294464111e-01
-8.121298551559448242e-01
1.319280385971069336e+00
1.042726278305053711e+00
7.705366611480712891e-02
1.509550213813781738e+00
1.241713166236877441e+00
1.190855741500854492e+00
5.000000000000000000e+00
-4.072475433349609375e-02
4.613332748413085938e+00
4.809041619300842285e-01
-5.491698384284973145e-01
2.941382408142089844e+00
5.000000000000000000e+00
5.000000000000000000e+00
3.878239691257476807e-01
1.061900496482849121e+00
5.000000000000000000e+00
-1.835816025733947754e+00
5.000000000000000000e+00
4.236310005187988281e+00
-1.191087126731872559e+00
2.646047115325927734e+00
1.398000717163085938e-01
1.581917643547058105e+00
-1.244205713272094727e+00
1.209294080734252930e+00
-2.196465730667114258e-01
4.198303222656250000e+00
1.546993970870971680e+00
2.381105899810791016e+00
