3.837714195251464844e+00
3.459920883178710938e+00
-3.334949612617492676e-01
1.888296484947204590e+00
1.768083333969116211e+00
3.207201004028320312e+00
-1.839587569236755371e+00
4.785786628723144531e+00
-1.152835249900817871e+00
-9.603530168533325195e-01
1.018171310424804688e+00
2.018653869628906250e+00
5.000000000000000000e+00
1.061171293258666992e-01
1.007387280464172363e+00
1.098942518234252930e+00
-1.749404668807983398e-01
1.609786748886108398e+00
3.076136112213134766e+00
5.000000000000000000e+00
-5.090426802635192871e-01
-9.907786846160888672e-01
3.240984439849853516e+00
-2.329250812530517578e+00
2.051141023635864258e+00
-5.988698005676269531e-01
1.817230880260467529e-01
-5.148744583129882812e-02
-2.412500977516174316e-01
-2.553405463695526123e-01
5.326074361801147461e-01
3.255949497222900391e+00
4.652712345123291016e+00
5.723161697387695312e-01
1.931509494781494141e+00
3.532046318054199219e+00
5.000000000000000000e+00
5.000000000000000000e+00
-6.458547115325927734e-01
8.466479182243347168e-01
4.568224906921386719e+00
3.138140201568603516e+00
1.852638840675354004e+00
3.967071056365966797e+00
-6.291928291320800781e-01
5.000000000000000000e+00
-1.424918174743652344e+00
3.166955947875976562e+00
5.000000000000000000e+00
5.000000000000000000e+00
7.786654233932495117e-01
3.632325172424316406e+00
1.642959594726562500e+00
5.000000000000000000e+00
-1.689544618129730225e-01
2.163747072219848633e+00
-1.182698965072631836e+00
2.157140970230102539e+00
3.679835319519042969e+00
4.555641174316406250e+00
-1.026910662651062012e+00
4.224805831909179688e+00
3.840958118438720703e+00
-2.641031980514526367e+00
1.775201797485351562e+00
1.838200688362121582e+00
-9.175287485122680664e-01
4.699996948242187500e+00
-5.812002420425415039e-01
-1.129109263420104980e+00
5.000000000000000000e+00
4.737465858459472656e+00
4.671055793762207031e+00
-2.204429507255554199e-01
3.771328687667846680e+00
4.619706153869628906e+00
1.904548645019531250e+00
1.033472657203674316e+00
5.000000000000000000e+00
8.462242484092712402e-01
4.588506221771240234e-01
-6.151270866394042969e-02
2.093050003051757812e+00
5.493934154510498047e-01
1.263312458992004395e+00
8.961989879608154297e-01
1.771999001502990723e-01
2.049520254135131836e+00
5.000000000000000000e+00
-1.312927603721618652e+00
-1.013612031936645508e+00
1.171580433845520020e+00
-6.359183788299560547e-01
4.247910499572753906e+00
-2.527271270751953125e+00
3.969945669174194336e+00
5.000000000000000000e+00
-1.923004627227783203e+00
-5.586683154106140137e-01
3.724463701248168945e+00
1.607681393623352051e+00
4.514163494110107422e+00
2.387625694274902344e+00
-1.989020705223083496e-01
-6.533173322677612305e-01
1.103518366813659668e+00
2.343713998794555664e+00
1.926635980606079102e+00
-2.416660785675048828e+00
5.000000000000000000e+00
1.642932891845703125e+00
1.017221331596374512e+00
-4.697889089584350586e-02
-9.163500666618347168e-01
-1.028174877166748047e+00
4.249724388122558594e+00
2.051949501037597656e+00
5.539878010749816895e-01
8.349627256393432617e-01
3.416122674942016602e+00
3.136514186859130859e+00
2.697528839111328125e+00
5.000000000000000000e+00
4.911956787109375000e+00
-8.274483680725097656e-01
1.140846252441406250e+00
-5.460953712463378906e-01
-1.520476102828979492e+00
-3.015788793563842773e-01
2.415149211883544922e+00
2.120049595832824707e-01
-1.343209743499755859e+00
-4.924616515636444092e-01
3.068556308746337891e+00
-8.276928663253784180e-01
1.353650212287902832e+00
1.416591048240661621e+00
-6.261682510375976562e-01
5.000000000000000000e+00
5.000000000000000000e+00
4.265491485595703125e+00
5.000000000000000000e+00
4.354187965393066406e+00
2.567788600921630859e+00
4.059775829315185547e+00
3.344761371612548828e+00
5.000000000000000000e+00
1.432928562164306641e+00
-4.011175036430358887e-02
9.528950452804565430e-01
4.954722881317138672e+00
5.000000000000000000e+00
-1.390775680541992188e+00
1.308200478553771973e+00
-2.124453067779541016e+00
4.163436412811279297e+00
2.361786961555480957e-01
-8.735365271568298340e-01
-7.132599353790283203e-01
-7.929180264472961426e-01
-2.743494987487792969e+00
-1.751816511154174805e+00
2.221547126770019531e+00
3.817132949829101562e+00
2.620376586914062500e+00
3.867407143115997314e-01
4.957015037536621094e+00
1.194587945938110352e+00
3.524245262145996094e+00
1.955185830593109131e-01
5.000000000000000000e+00
-9.379825592041015625e-01
3.923587203025817871e-01
5.000000000000000000e+00
-1.034700989723205566e+00
-1.678094267845153809e-01
4.735800743103027344e+00
5.000000000000000000e+00
1.452772021293640137e-01
-4.695969223976135254e-01
1.975859165191650391e+00
-2.749700844287872314e-01
-8.748008012771606445e-01
4.965430736541748047e+00
4.206652641296386719e+00
5.000000000000000000e+00
2.182556629180908203e+00
4.772377908229827881e-01
4.707985401153564453e+00
5.000000000000000000e+00
2.349762678146362305e+00
2.291821479797363281e+00
1.016071438789367676e+00
-1.782585382461547852e-01
-2.411609292030334473e-01
3.655708789825439453e+00
-1.107500791549682617e+00
4.124528408050537109e+00
1.354323387145996094e+00
4.157641530036926270e-01
1.709376573562622070e+00
5.000000000000000000e+00
4.508582592010498047e+00
5.000000000000000000e+00
2.224230051040649414e+00
4.733523368835449219e+00
-7.007755637168884277e-01
1.381592750549316406e+00
1.313537359237670898e+00
3.775298357009887695e+00
5.000000000000000000e+00
1.153660535812377930e+00
1.448209404945373535e+00
4.381017982959747314e-01
3.443812429904937744e-01
6.699646711349487305e-01
4.914610385894775391e+00
-8.248565793037414551e-01
-4.828147888183593750e-01
-1.280278682708740234e+00
-7.893088459968566895e-02
5.073309540748596191e-01
-6.790002584457397461e-01
-4.529230594635009766e-01
-2.911567687988281250e-03
5.637562274932861328e-01
1.156759262084960938e+00
-6.106667518615722656e+00
7.923290729522705078e-01
3.652010917663574219e+00
-1.263468742370605469e+00
2.361915349960327148e+00
3.965033054351806641e+00
5.615695714950561523e-01
5.000000000000000000e+00
4.419808387756347656e+00
5.000000000000000000e+00
3.297362565994262695e+00
-5.904722809791564941e-01
-2.446903228759765625e+00
1.844859838485717773e+00
2.714586734771728516e+00
-4.903714954853057861e-01
2.633064985275268555e+00
-2.543596744537353516e+00
1.763126492500305176e+00
2.224378585815429688e+00
-3.392645418643951416e-01
3.255986690521240234e+00
3.863906145095825195e+00
-5.211917161941528320e-01
6.385488510131835938e-01
-8.082671761512756348e-01
4.950163066387176514e-01
-8.505483269691467285e-01
1.737120032310485840e+00
-2.667287588119506836e-01
-1.399597406387329102e+00
3.464152574539184570e+00
5.041949748992919922e-01
2.182987689971923828e+00
4.605935811996459961e-01
-1.336123704910278320e+00
5.000000000000000000e+00
4.594760417938232422e+00
6.081050038337707520e-01
1.268508434295654297e+00
5.000000000000000000e+00
2.021267890930175781e+00
-1.738967150449752808e-01
3.486488103866577148e+00
4.300981521606445312e+00
-5.348587036132812500e-02
9.116484522819519043e-01
-6.653939485549926758e-01
4.409332275390625000e+00
-6.158641576766967773e-01
-4.031587839126586914e-01
1.887698054313659668e+00
2.974213838577270508e+00
-4.471709728240966797e-01
-2.682312726974487305e+00
-8.278596401214599609e-01
3.980731010437011719e+00
5.000000000000000000e+00
-4.625167250633239746e-01
1.493453502655029297e+00
2.761074542999267578e+00
-9.816582798957824707e-01
3.275745868682861328e+00
1.921375393867492676e+00
-5.877994894981384277e-01
2.552088499069213867e-01
2.914524555206298828e+00
4.847737312316894531e+00
2.850335597991943359e+00
5.000000000000000000e+00
2.243740111589431763e-01
9.289038181304931641e-02
-9.027947187423706055e-01
-1.626190662384033203e+00
2.880501747131347656e-02
4.348217010498046875e+00
-6.728816032409667969e-01
8.414051532745361328e-01
-6.232398748397827148e-01
-1.311283826828002930e+00
4.010410308837890625e+00
3.721908569335937500e+00
1.235841810703277588e-01
-5.184614062309265137e-01
3.342202901840209961e+00
3.752384662628173828e+00
8.006492853164672852e-01
-1.500889301300048828e+00
3.909684121608734131e-01
2.905671834945678711e+00
6.655756831169128418e-01
1.273621559143066406e+00
1.984777688980102539e+00
2.373832464218139648e-01
4.681912899017333984e+00
1.227280497550964355e+00
-9.733465313911437988e-01
5.502432584762573242e-02
-1.396740198135375977e+00
1.228634357452392578e+00
1.425249814987182617e+00
-8.964241743087768555e-01
1.143123149871826172e+00
1.004946827888488770e-01
-1.392679691314697266e+00
2.681439399719238281e+00
2.971742630004882812e+00
2.177511692047119141e+00
-2.362203150987625122e-01
2.098319768905639648e+00
-5.784932971000671387e-01
5.000000000000000000e+00
4.927746772766113281e+00
9.598725438117980957e-01
5.000000000000000000e+00
-3.302002847194671631e-01
-3.465684652328491211e+00
-1.306807041168212891e+00
1.240118145942687988e-01
-5.483896732330322266e-01
1.343754172325134277e+00
2.573090076446533203e+00
-9.328163266181945801e-01
2.996215343475341797e+00
9.854720830917358398e-01
-1.094443559646606445e+00
3.795133829116821289e-01
-3.431272506713867188e-01
3.131211996078491211e-01
4.875746726989746094e+00
-1.997500061988830566e+00
1.256994724273681641e+00
-1.610312342643737793e+00
-5.988049507141113281e-01
-1.569176018238067627e-01
4.579730033874511719e+00
3.184345722198486328e+00
1.846554040908813477e+00
3.856088161468505859e+00
-3.920974731445312500e-01
-1.258587598800659180e+00
2.219779253005981445e+00
4.947905540466308594e+00
-2.024649977684020996e-01
1.004765987396240234e+00
1.022320538759231567e-01
2.902605295181274414e+00
1.244114995002746582e+00
-1.311029672622680664e+00
3.243527889251708984e+00
-1.554765224456787109e+00
5.000000000000000000e+00
2.319044113159179688e+00
2.016035556793212891e+00
5.000000000000000000e+00
2.984023571014404297e+00
1.171838760375976562e+00
9.360126256942749023e-01
-5.860725641250610352e-01
2.284627914428710938e+00
-1.399824380874633789e+00
4.233456134796142578e+00
3.984452247619628906e+00
5.000000000000000000e+00
3.077414989471435547e+00
3.568025827407836914e+00
1.331904053688049316e+00
1.565435171127319336e+00
4.488014578819274902e-01
4.668694019317626953e+00
-1.575125604867935181e-01
1.425459384918212891e+00
2.233641862869262695e+00
-2.078380346298217773e+00
-2.634680986404418945e+00
2.222466468811035156e+00
5.674078464508056641e-01
1.485564351081848145e+00
-8.491946458816528320e-01
4.243825435638427734e+00
8.240580558776855469e-01
6.156185865402221680e-01
9.871183633804321289e-01
8.909355401992797852e-01
5.000000000000000000e+00
3.762552261352539062e+00
1.527126431465148926e+00
3.243604660034179688e+00
-8.976665139198303223e-01
4.039199829101562500e+00
5.000000000000000000e+00
2.612767457962036133e+00
1.746374011039733887e+00
2.262979269027709961e+00
2.285079002380371094e+00
1.903361082077026367e+00
-1.434406876564025879e+00
-2.674432098865509033e-01
5.443841814994812012e-01
-4.113492667675018311e-01
3.513284683227539062e+00
1.745278596878051758e+00
8.511972427368164062e-01
2.698825359344482422e+00
3.129595041275024414e+00
-1.293392419815063477e+00
-1.587891578674316406e-01
6.845181584358215332e-01
5.652956366539001465e-01
1.385674953460693359e+00
-9.288558959960937500e-01
8.017250299453735352e-01
7.935142517089843750e-02
2.410703897476196289e+00
-4.827499389648437500e-01
3.051849842071533203e+00
1.893072605133056641e+00
4.606181621551513672e+00
2.377887010574340820e+00
2.452815055847167969e+00
1.973893761634826660e+00
2.517080307006835938e+00
2.373480319976806641e+00
4.177970886230468750e+00
1.422129869461059570e+00
6.162374615669250488e-01
2.157352685928344727e+00
4.136734485626220703e+00
1.906941175460815430e+00
5.837020277976989746e-02
1.666346788406372070e-01
2.470050334930419922e+00
2.906905174255371094e+00
4.647197723388671875e+00
5.000000000000000000e+00
2.435475349426269531e+00
-2.754817008972167969e+00
7.794183492660522461e-01
5.000000000000000000e+00
5.000000000000000000e+00
2.294873714447021484e+00
-4.375041127204895020e-01
3.983521461486816406e+00
-1.541757285594940186e-01
2.126982808113098145e-01
3.950279712677001953e+00
1.807919502258300781e+00
1.512949347496032715e+00
2.084241509437561035e-01
7.984305620193481445e-01
3.733649253845214844e+00
-3.710842132568359375e-01
3.468090534210205078e+00
-1.025520086288452148e+00
5.000000000000000000e+00
1.112833619117736816e-02
-9.461027979850769043e-01
-1.711187958717346191e-01
-4.665728211402893066e-01
-1.645763516426086426e+00
4.576219558715820312e+00
1.822986602783203125e-01
5.000000000000000000e+00
1.423124194145202637e+00
-1.088287353515625000e+00
-3.362451195716857910e-01
-4.510890245437622070e-01
-4.513075649738311768e-01
3.313540935516357422e+00
-5.027450323104858398e-01
4.283462047576904297e+00
5.000000000000000000e+00
5.000000000000000000e+00
-6.269752383232116699e-01
3.136296272277832031e+00
1.084355711936950684e+00
8.331733942031860352e-01
4.462722301483154297e+00
1.781297683715820312e+00
-1.275717854499816895e+00
-1.575098037719726562e+00
5.000000000000000000e+00
1.533777713775634766e+00
3.312091827392578125e+00
8.742340803146362305e-01
2.813390254974365234e+00
3.221478939056396484e+00
2.493440389633178711e+00
-7.751524448394775391e-03
1.502216339111328125e+00
5.000000000000000000e+00
5.000000000000000000e+00
-6.242060661315917969e-02
3.413398027420043945e+00
-1.856533288955688477e+00
4.410022735595703125e+00
7.309443950653076172e-01
3.221227884292602539e+00
3.858468770980834961e+00
1.498239636421203613e-01
1.246932506561279297e+00
1.848853111267089844e+00
1.860389590263366699e+00
2.167150735855102539e+00
4.688589096069335938e+00
5.000000000000000000e+00
-1.947947740554809570e+00
-8.659283518791198730e-01
3.049140453338623047e+00
2.100898742675781250e+00
-8.196924924850463867e-01
-8.239903450012207031e-01
7.676327228546142578e-02
4.126220703125000000e+00
1.093875288963317871e+00
-2.300286889076232910e-01
-1.499447584152221680e+00
-1.740592479705810547e+00
-1.171143054962158203e-01
4.748345375061035156e+00
5.000000000000000000e+00
-6.213775277137756348e-01
2.132461547851562500e+00
1.161003112792968750e+00
5.000000000000000000e+00
5.000000000000000000e+00
1.470687747001647949e+00
-7.269060611724853516e-01
2.991338253021240234e+00
1.737169384956359863e+00
1.083324432373046875e+00
5.000000000000000000e+00
5.000000000000000000e+00
-4.752406179904937744e-01
1.227762818336486816e+00
-1.152142763137817383e+00
4.426064491271972656e+00
4.746224403381347656e+00
1.537198781967163086e+00
4.738847732543945312e+00
-5.150805711746215820e-01
2.395757675170898438e+00
4.454930305480957031e+00
2.783589363098144531e+00
1.283743500709533691e+00
1.006912708282470703e+00
5.000000000000000000e+00
2.490112781524658203e+00
-4.554356932640075684e-01
6.613456010818481445e-01
-1.223012953996658325e-01
2.487747192382812500e+00
1.540345907211303711e+00
2.400577068328857422e-04
4.519554138183593750e+00
3.373318672180175781e+00
4.326915740966796875e+00
-7.097487449645996094e-01
-7.164457440376281738e-01
1.512057185173034668e-01
1.169336915016174316e+00
4.427388191223144531e+00
-5.336534976959228516e-01
5.000000000000000000e+00
-4.443561136722564697e-01
1.315100193023681641e+00
-2.462732315063476562e+00
4.438054561614990234e+00
4.600506782531738281e+00
2.474232673645019531e+00
2.911567211151123047e+00
2.201091945171356201e-01
4.641325950622558594e+00
3.208247900009155273e+00
5.000000000000000000e+00
6.147575378417968750e-02
6.341862678527832031e-01
-4.103159308433532715e-01
4.231328010559082031e+00
-2.236226797103881836e+00
4.300702095031738281e+00
-7.047551274299621582e-01
-5.049099326133728027e-01
1.546263843774795532e-01
2.692852735519409180e+00
3.440754413604736328e+00
4.380710601806640625e+00
-5.851607322692871094e-01
3.857995033264160156e+00
4.217332839965820312e+00
4.183342933654785156e+00
-8.630732297897338867e-01
4.717517375946044922e+00
4.144149780273437500e+00
3.707397937774658203e+00
1.823591709136962891e+00
7.284113764762878418e-01
2.670898735523223877e-01
5.000000000000000000e+00
-8.769762516021728516e-02
1.640320897102355957e+00
1.505495071411132812e+00
-2.108482718467712402e-01
2.638994693756103516e+00
1.582624197006225586e+00
-3.368643820285797119e-01
-2.560935020446777344e+00
1.790990591049194336e+00
-4.900512099266052246e-01
2.390961170196533203e+00
9.047900438308715820e-01
1.426228404045104980e+00
2.536456108093261719e+00
-2.732840180397033691e-02
6.262362003326416016e-01
3.741229534149169922e+00
5.000000000000000000e+00
-9.906029701232910156e-01
3.603312730789184570e+00
1.484564781188964844e+00
3.733568191528320312e+00
7.248165607452392578e-01
1.150193214416503906e-01
3.211071014404296875e+00
5.000000000000000000e+00
-1.083756446838378906e+00
3.113884329795837402e-01
3.186303377151489258e+00
-4.320442676544189453e-02
2.599049806594848633e+00
-9.157495498657226562e-01
4.124867916107177734e-01
3.866456747055053711e+00
5.000000000000000000e+00
4.310259819030761719e+00
4.993713855743408203e+00
3.228454113006591797e+00
1.866703271865844727e+00
-1.070360422134399414e+00
1.664388656616210938e+00
-1.576748490333557129e-01
5.000000000000000000e+00
1.437093853950500488e+00
3.591483831405639648e-01
3.426920413970947266e+00
-6.923412084579467773e-01
-2.507447242736816406e+00
-2.296233177185058594e+00
-8.867765069007873535e-01
7.886889576911926270e-01
-9.804456233978271484e-01
2.876507282257080078e+00
2.393360137939453125e-01
-4.349700808525085449e-01
2.615751504898071289e+00
3.169141292572021484e+00
-3.800727605819702148e+00
8.828396797180175781e-01
4.997397422790527344e+00
1.076563477516174316e+00
-1.192437171936035156e+00
3.708434104919433594e+00
4.274510860443115234e+00
3.291953086853027344e+00
5.000000000000000000e+00
4.584227561950683594e+00
