1.840079188346862793e+00
-1.027790188789367676e+00
-2.284538745880126953e+00
1.018988847732543945e+00
-1.216994524002075195e-01
3.180934429168701172e+00
-6.686074733734130859e-01
1.872981548309326172e+00
-3.989874720573425293e-01
5.000000000000000000e+00
3.435497283935546875e-01
-3.001534938812255859e-01
1.682213187217712402e+00
1.603900432586669922e+00
-3.155004978179931641e-01
2.244312763214111328e+00
2.865268707275390625e+00
1.818542480468750000e+00
4.228850841522216797e+00
4.320798814296722412e-01
3.955397129058837891e+00
5.000000000000000000e+00
2.978727221488952637e-01
8.635790348052978516e-01
3.532572746276855469e+00
-6.189718246459960938e-01
2.936782360076904297e+00
7.250058650970458984e-02
1.873045444488525391e+00
1.183407068252563477e+00
8.332034945487976074e-01
2.939405441284179688e+00
3.586021900177001953e+00
3.190507650375366211e+00
-4.110071361064910889e-01
-2.015096187591552734e+00
1.327407121658325195e+00
-9.382248520851135254e-01
3.896723508834838867e+00
-2.230373620986938477e-01
-1.394774675369262695e+00
-6.564238071441650391e-01
-6.388682126998901367e-01
-3.397474288940429688e+00
2.902132034301757812e+00
-5.296845436096191406e-01
1.510238766670227051e+00
4.815746307373046875e+00
-5.257102847099304199e-01
-8.999924659729003906e-01
3.012649297714233398e+00
-1.576510071754455566e+00
4.393981456756591797e+00
5.000000000000000000e+00
1.348451495170593262e+00
8.757107257843017578e-01
4.354845523834228516e+00
-8.084560632705688477e-01
1.086393833160400391e+00
-7.320011854171752930e-01
-1.740996241569519043e+00
1.502175331115722656e+00
-4.598619043827056885e-01
-1.084604024887084961e+00
-1.154355406761169434e-01
5.000000000000000000e+00
5.000000000000000000e+00
3.514776229858398438e+00
3.628859043121337891e+00
1.533535838127136230e+00
2.515460252761840820e-01
2.226671695709228516e+00
-8.511799573898315430e-02
4.566675186157226562e+00
5.000000000000000000e+00
-9.485606551170349121e-01
8.284503817558288574e-01
3.683481693267822266e+00
3.219917774200439453e+00
-6.298649311065673828e-01
1.513875484466552734e+00
-8.505818247795104980e-02
-4.993216991424560547e-01
3.819985389709472656e+00
1.451308250427246094e+00
2.065677881240844727e+00
3.635829925537109375e+00
1.162023305892944336e+00
5.000000000000000000e+00
1.061831951141357422e+00
1.027960181236267090e-01
-2.963731884956359863e-01
3.432525157928466797e+00
-9.073372185230255127e-02
3.569215059280395508e+00
2.260560035705566406e+00
1.441761493682861328e+00
2.212359428405761719e+00
-1.507740378379821777e+00
8.837893009185791016e-01
5.000000000000000000e+00
2.514910697937011719e-01
-1.515058159828186035e+00
-5.253462791442871094e-01
2.148322105407714844e+00
4.083614349365234375e+00
1.342093825340270996e+00
1.236438751220703125e-03
8.631582260131835938e-01
5.000000000000000000e+00
8.381541371345520020e-01
-1.615283191204071045e-01
-8.522784709930419922e-01
5.000000000000000000e+00
2.329502105712890625e-01
3.524142265319824219e+00
-8.034029006958007812e-01
-1.155104756355285645e+00
-3.520190417766571045e-01
-4.020674824714660645e-01
-1.098706126213073730e+00
-9.236479997634887695e-01
-3.711070120334625244e-01
-2.113571882247924805e+00
4.863107681274414062e+00
5.000000000000000000e+00
9.229258894920349121e-01
-1.963733583688735962e-01
-4.012666642665863037e-03
5.000000000000000000e+00
-9.082164168357849121e-01
3.743911981582641602e+00
-2.117874622344970703e+00
3.571513652801513672e+00
-2.493486881256103516e+00
1.112658023834228516e+00
-1.017929792404174805e+00
3.571362972259521484e+00
6.202027797698974609e-01
2.516427993774414062e+00
4.204928874969482422e+00
5.260391831398010254e-01
4.130854606628417969e+00
-1.068007051944732666e-01
4.406449198722839355e-01
4.625789642333984375e+00
-1.710116028785705566e+00
8.514963388442993164e-01
5.000000000000000000e+00
9.889715909957885742e-02
3.131866455078125000e-01
2.033859252929687500e+00
3.691127300262451172e+00
4.912744522094726562e+00
-8.144624233245849609e-01
3.970873117446899414e+00
1.561166048049926758e+00
1.065340161323547363e+00
-1.032389521598815918e+00
2.066390991210937500e+00
-1.264188528060913086e+00
-2.789211750030517578e+00
-9.120097160339355469e-01
-4.117050766944885254e-01
1.140496611595153809e+00
-3.422696828842163086e+00
-7.516863942146301270e-01
-7.226551175117492676e-01
3.803860664367675781e+00
1.002795219421386719e+00
-1.729063093662261963e-01
1.507174253463745117e+00
1.600725173950195312e+00
5.000000000000000000e+00
4.550332546234130859e+00
4.123799324035644531e+00
5.000000000000000000e+00
5.000000000000000000e+00
-4.420664608478546143e-01
2.375888109207153320e+00
-6.438827514648437500e-02
-5.930179357528686523e-02
4.893807888031005859e+00
2.301745414733886719e+00
-4.417228698730468750e-01
-6.596272587776184082e-01
-8.686479330062866211e-01
-8.563944697380065918e-01
2.351751804351806641e+00
7.632892727851867676e-01
6.683661937713623047e-01
-1.075258255004882812e+00
-5.812858939170837402e-01
4.587340354919433594e+00
2.894593179225921631e-01
4.353338241577148438e+00
1.886658310890197754e+00
2.618189573287963867e+00
-9.767659306526184082e-01
2.507332563400268555e+00
-1.429662704467773438e+00
3.297878265380859375e+00
1.608152866363525391e+00
-2.048284053802490234e+00
3.430090188980102539e+00
2.399453163146972656e+00
2.793607950210571289e+00
-9.251480102539062500e-01
3.110875368118286133e+00
4.343628883361816406e+00
-1.841634064912796021e-01
-8.090729713439941406e-01
-1.395708560943603516e+00
4.393086433410644531e+00
3.329079151153564453e-01
3.272032976150512695e+00
5.551448464393615723e-02
5.000000000000000000e+00
-3.507483005523681641e-02
-6.483269333839416504e-01
-5.050677657127380371e-01
1.492817521095275879e+00
1.141201496124267578e+00
1.472175121307373047e+00
-1.820104598999023438e+00
5.000000000000000000e+00
-8.599424362182617188e-01
4.793051242828369141e+00
-3.577031493186950684e-01
5.000000000000000000e+00
2.054497241973876953e+00
4.793269157409667969e+00
1.713591814041137695e+00
-8.034341335296630859e-01
3.009924888610839844e+00
5.000000000000000000e+00
-1.141826391220092773e+00
3.443988323211669922e+00
5.000000000000000000e+00
-3.540172576904296875e-01
9.628047347068786621e-01
4.385538101196289062e+00
3.554141521453857422e-02
-1.610947847366333008e+00
2.061955928802490234e+00
-1.180575609207153320e+00
1.600764751434326172e+00
3.801215887069702148e+00
6.521716117858886719e-01
4.161641597747802734e+00
5.000000000000000000e+00
2.022663116455078125e+00
1.337128162384033203e+00
1.708039402961730957e+00
2.516323089599609375e+00
-1.873330593109130859e+00
-5.510666370391845703e-01
5.000000000000000000e+00
-7.214657068252563477e-01
1.514688730239868164e+00
1.594225168228149414e-01
5.000000000000000000e+00
1.840137958526611328e+00
2.057281970977783203e+00
6.328591108322143555e-01
1.845130920410156250e-01
1.204952120780944824e+00
8.920742273330688477e-01
3.629152059555053711e+00
-3.922498226165771484e-01
-3.511461317539215088e-01
-7.842537760734558105e-01
-1.728197932243347168e-01
2.598873615264892578e+00
1.397480010986328125e+00
2.330934047698974609e+00
4.496211051940917969e+00
-1.744393587112426758e+00
-6.193910837173461914e-01
3.032417893409729004e-01
4.800296127796173096e-01
5.000000000000000000e+00
2.518693923950195312e+00
2.231157779693603516e+00
2.340673685073852539e+00
-2.508557558059692383e+00
-4.603369235992431641e-01
1.536551952362060547e+00
-8.272320628166198730e-01
3.550581455230712891e+00
-1.667189836502075195e+00
3.246152639389038086e+00
-2.498100996017456055e-01
-8.177682161331176758e-01
-3.028156042098999023e+00
4.118202328681945801e-01
7.734326124191284180e-01
2.976402282714843750e+00
1.677967905998229980e+00
4.843628883361816406e+00
-1.165768861770629883e+00
-1.908341497182846069e-01
5.000000000000000000e+00
3.769822359085083008e+00
4.932018280029296875e+00
-7.838101387023925781e-01
2.195352554321289062e+00
-1.672507524490356445e+00
-1.361309885978698730e+00
4.998424530029296875e+00
1.136797070503234863e+00
6.003489494323730469e-01
2.256658315658569336e+00
-1.595717191696166992e+00
8.758918046951293945e-01
-3.353944420814514160e-01
-1.332484483718872070e+00
1.798011541366577148e+00
1.721379995346069336e+00
4.549222469329833984e+00
5.000000000000000000e+00
4.533084392547607422e+00
1.429774999618530273e+00
3.062996387481689453e+00
2.736571550369262695e+00
1.972064137458801270e+00
1.452272891998291016e+00
-1.219920754432678223e+00
-5.412840843200683594e-02
2.927299499511718750e+00
-1.399933576583862305e+00
5.000000000000000000e+00
1.076398611068725586e+00
1.392583250999450684e+00
-5.196226835250854492e-01
-4.439266324043273926e-01
1.506744027137756348e+00
3.521255016326904297e+00
5.279999375343322754e-01
5.000000000000000000e+00
-1.334262847900390625e+00
-5.331411361694335938e-01
4.064937591552734375e+00
7.106285095214843750e-01
1.011234521865844727e-02
2.290433883666992188e+00
1.524499416351318359e+00
3.471060693264007568e-01
-3.972690105438232422e-01
2.925158262252807617e+00
2.453868389129638672e-01
-1.134941816329956055e+00
3.088686704635620117e+00
-7.169419527053833008e-01
4.365869522094726562e+00
-6.724955439567565918e-01
1.560486316680908203e+00
5.000000000000000000e+00
5.000000000000000000e+00
4.758316993713378906e+00
8.881901502609252930e-01
5.104194879531860352e-01
8.913457393646240234e-01
1.729356884956359863e+00
4.522909164428710938e+00
3.547146320343017578e+00
7.951188087463378906e-01
5.000000000000000000e+00
-9.186980724334716797e-01
8.695662617683410645e-01
2.664077877998352051e-01
-1.136063814163208008e+00
-9.185092449188232422e-01
-8.533963561058044434e-01
5.000000000000000000e+00
-1.391882658004760742e+00
1.893728971481323242e+00
1.061139822006225586e+00
4.404068470001220703e+00
-1.311827898025512695e+00
4.011848568916320801e-01
5.000000000000000000e+00
-2.058932542800903320e+00
2.960477590560913086e+00
-1.110055446624755859e+00
-2.147436380386352539e+00
-1.738808155059814453e-01
-4.930787682533264160e-01
3.525767326354980469e+00
3.371442079544067383e+00
3.256254911422729492e+00
5.000000000000000000e+00
5.000000000000000000e+00
4.878492355346679688e+00
5.000000000000000000e+00
1.807479619979858398e+00
1.089527010917663574e+00
-5.940650701522827148e-01
4.884737014770507812e+00
2.276486873626708984e+00
9.026862978935241699e-01
4.526712894439697266e+00
4.058915376663208008e-01
4.465957164764404297e+00
4.651866436004638672e+00
1.273545026779174805e+00
1.079290032386779785e+00
4.762919902801513672e+00
1.424033403396606445e+00
5.000000000000000000e+00
5.000000000000000000e+00
3.173772335052490234e+00
-1.964621067047119141e+00
3.123021364212036133e+00
4.439654350280761719e+00
-5.127263665199279785e-01
1.929707288742065430e+00
4.193326950073242188e+00
2.239780426025390625e-01
-1.055564999580383301e+00
5.000000000000000000e+00
3.079137563705444336e+00
-8.368341922760009766e-01
5.000000000000000000e+00
2.861319780349731445e+00
-1.149844408035278320e+00
-1.962382197380065918e-01
5.986585021018981934e-01
-2.491555690765380859e+00
3.210759878158569336e+00
1.132478237152099609e+00
-8.715653419494628906e-02
-1.319153308868408203e+00
-4.912849068641662598e-01
-5.978463292121887207e-01
3.672411918640136719e+00
-4.918748438358306885e-01
1.988848090171813965e+00
-1.864468574523925781e+00
4.388425827026367188e+00
3.311316013336181641e+00
1.730132579803466797e+00
5.000000000000000000e+00
3.076135396957397461e+00
-5.903390049934387207e-01
4.986764907836914062e+00
5.000000000000000000e+00
3.149183750152587891e+00
-8.204482793807983398e-01
3.355663776397705078e+00
-1.310294270515441895e+00
1.287022948265075684e+00
-7.328392267227172852e-01
1.644514799118041992e+00
2.205167055130004883e+00
1.644653677940368652e-01
2.298980712890625000e+00
4.823155879974365234e+00
-1.218963027000427246e+00
1.801914453506469727e+00
-2.870155572891235352e-01
3.453679084777832031e-01
-2.253925323486328125e+00
1.849845886230468750e+00
5.000000000000000000e+00
-1.645640134811401367e-01
1.207196831703186035e+00
1.535497426986694336e+00
-1.995303392410278320e+00
-1.103834152221679688e+00
1.716145873069763184e+00
-7.458158135414123535e-01
-1.729721784591674805e+00
4.948769092559814453e+00
4.981074333190917969e+00
4.142701148986816406e+00
5.000000000000000000e+00
4.182868003845214844e-01
4.428109645843505859e+00
4.772274017333984375e+00
5.000000000000000000e+00
5.414413213729858398e-01
-1.553929924964904785e+00
-5.006526112556457520e-01
1.961959481239318848e+00
3.280868053436279297e+00
5.000000000000000000e+00
-9.538730382919311523e-01
4.900022029876708984e+00
-1.163384556770324707e+00
-2.014141559600830078e+00
4.090260982513427734e+00
-9.338364005088806152e-02
-1.736381769180297852e+00
5.000000000000000000e+00
1.476866960525512695e+00
-1.316045761108398438e+00
1.827075183391571045e-01
-7.331879734992980957e-01
-1.005774736404418945e-01
-1.186530351638793945e+00
4.725772857666015625e+00
-1.642649650573730469e+00
-1.031247377395629883e+00
-1.050308108329772949e+00
4.592409133911132812e+00
1.951659083366394043e+00
-1.725761890411376953e+00
2.523685097694396973e-01
5.000000000000000000e+00
1.587779164314270020e+00
4.572080135345458984e+00
-6.829414367675781250e-01
-9.522560238838195801e-01
1.602370738983154297e+00
-1.162073135375976562e+00
-2.770537853240966797e+00
1.188372373580932617e-01
3.112351298332214355e-01
3.883900165557861328e+00
4.134095191955566406e+00
3.101992130279541016e+00
-6.815994977951049805e-01
2.156310796737670898e+00
4.532178878784179688e+00
-7.292348146438598633e-02
5.000000000000000000e+00
5.000000000000000000e+00
-6.348909735679626465e-01
-2.826315760612487793e-01
2.430933415889739990e-01
-1.007662057876586914e+00
3.578126668930053711e+00
5.000000000000000000e+00
-1.971470415592193604e-01
9.360290765762329102e-01
-7.640720009803771973e-01
4.755280494689941406e+00
7.434387803077697754e-01
1.740535497665405273e-01
4.480890274047851562e+00
-2.421280145645141602e-01
-9.112216234207153320e-01
-4.966352462768554688e+00
4.033400058746337891e+00
2.105905055999755859e+00
-5.723447203636169434e-01
4.185449600219726562e+00
-2.776105403900146484e-01
2.399204730987548828e+00
1.111107707023620605e+00
4.694110870361328125e+00
-3.073596954345703125e-01
-9.201289415359497070e-01
5.000000000000000000e+00
1.088852405548095703e+00
7.375239133834838867e-01
-9.260621666908264160e-02
3.020613789558410645e-01
-9.892752170562744141e-01
-2.277472496032714844e+00
-1.442636847496032715e-01
4.631388664245605469e+00
-1.834987401962280273e-01
3.038345336914062500e+00
-2.193515777587890625e+00
-1.015964746475219727e+00
-2.617879867553710938e+00
1.551420450210571289e+00
4.857776165008544922e+00
3.617854356765747070e+00
1.881880998611450195e+00
-7.022119760513305664e-01
-3.966850340366363525e-01
1.779449462890625000e+00
-2.877462506294250488e-01
1.524436175823211670e-01
-1.589361906051635742e+00
3.808793067932128906e+00
2.114551305770874023e+00
-7.531340122222900391e-01
6.975578665733337402e-01
1.714925169944763184e-01
5.000000000000000000e+00
-1.598695755004882812e+00
-3.323215842247009277e-01
5.000000000000000000e+00
1.792056322097778320e+00
-3.340394496917724609e-01
5.000000000000000000e+00
-1.753130078315734863e+00
1.230288982391357422e+00
3.447228431701660156e+00
4.652152538299560547e+00
2.863883018493652344e+00
8.157391548156738281e-01
-3.424990773200988770e-01
2.838446140289306641e+00
-2.047693252563476562e+00
6.339707970619201660e-01
1.726946711540222168e+00
5.194802284240722656e-01
4.266253471374511719e+00
1.003996491432189941e+00
5.000000000000000000e+00
2.617313861846923828e+00
3.257139325141906738e-01
4.097764492034912109e+00
1.562008976936340332e+00
-4.964150190353393555e-01
9.366958737373352051e-01
-1.474169135093688965e+00
2.656234264373779297e+00
-2.484349250793457031e+00
-1.154626727104187012e+00
5.123003721237182617e-01
1.672084212303161621e+00
2.357750654220581055e+00
5.000000000000000000e+00
4.443586349487304688e+00
3.232810020446777344e+00
4.017743110656738281e+00
3.531867265701293945e-01
3.135025739669799805e+00
3.229436635971069336e+00
2.768696308135986328e+00
5.000000000000000000e+00
-1.760281205177307129e+00
2.819007873535156250e+00
2.780649065971374512e-01
-1.139385223388671875e+00
5.000000000000000000e+00
3.565026283264160156e+00
5.000000000000000000e+00
3.842617273330688477e+00
4.890436649322509766e+00
6.489269733428955078e-01
-1.432071089744567871e+00
-1.585543155670166016e+00
2.609108924865722656e+00
-2.365830540657043457e-01
1.838968157768249512e+00
3.504507780075073242e+00
-2.081574678421020508e+00
-7.464032173156738281e-01
-2.289663553237915039e-01
4.463205814361572266e+00
-1.422850728034973145e+00
2.141939640045166016e+00
4.193413734436035156e+00
4.413327217102050781e+00
3.111221551895141602e+00
-6.147870421409606934e-01
4.113278388977050781e+00
-7.615674138069152832e-01
1.993098258972167969e+00
2.787813663482666016e+00
3.065751194953918457e-01
5.000000000000000000e+00
4.107781410217285156e+00
-7.828426361083984375e-01
-1.332951784133911133e+00
2.401933193206787109e+00
-1.386769056320190430e+00
-3.931556642055511475e-01
2.240986824035644531e+00
3.213759362697601318e-01
-3.205122947692871094e-01
3.018909215927124023e+00
-2.032827585935592651e-01
4.301895618438720703e+00
3.815391778945922852e+00
2.058724164962768555e+00
-7.138267755508422852e-01
-6.510144472122192383e-01
-3.171154260635375977e-01
-1.234000682830810547e+00
2.965400695800781250e+00
2.833162784576416016e+00
5.000000000000000000e+00
-6.078488826751708984e-01
4.646514892578125000e+00
1.568926334381103516e+00
9.933133721351623535e-01
-8.416614532470703125e-01
-6.555581092834472656e-01
3.526097297668457031e+00
2.657321691513061523e+00
-5.433439016342163086e-01
5.000000000000000000e+00
4.296507835388183594e+00
3.204245090484619141e+00
-3.955971598625183105e-01
