-1.255404233932495117e+00
-1.645286679267883301e+00
-2.119766920804977417e-01
-3.800877928733825684e-02
5.991123318672180176e-01
-1.354194402694702148e+00
5.754387378692626953e-02
8.898131847381591797e-01
1.026954889297485352e+00
-5.223241448402404785e-01
-2.109720468521118164e+00
-1.950222015380859375e+00
-6.142100691795349121e-01
-1.715795993804931641e-01
-1.908260822296142578e+00
-1.455200672149658203e+00
-1.236206054687500000e+00
-1.154774665832519531e+00
1.502053499221801758e+00
-1.511887550354003906e+00
2.046605110168457031e+00
-2.378361225128173828e-01
8.173112869262695312e-01
-6.754481792449951172e-01
-2.167927265167236328e+00
-1.201192617416381836e+00
-3.120658874511718750e+00
-1.306818604469299316e+00
-6.107804179191589355e-01
-1.742692351341247559e+00
-1.504516363143920898e+00
-1.413323640823364258e+00
-1.627675294876098633e-01
-3.238585948944091797e+00
-2.149363040924072266e+00
1.625616788864135742e+00
-1.348378181457519531e+00
7.745487093925476074e-01
-2.222905874252319336e+00
2.919393181800842285e-01
-7.727524638175964355e-01
3.181871175765991211e+00
-9.479374885559082031e-01
-1.111369609832763672e+00
-4.665353596210479736e-01
8.526052236557006836e-01
-4.533586502075195312e-01
-7.409845590591430664e-01
3.806284666061401367e-01
2.762437462806701660e-01
1.548353731632232666e-01
-1.242690324783325195e+00
-1.654349923133850098e+00
-1.234585762023925781e+00
-6.845598220825195312e-01
-1.001309752464294434e+00
-1.309508085250854492e-01
-2.246243059635162354e-01
-2.120658397674560547e+00
1.186430931091308594e+00
1.216548457741737366e-01
-7.247134447097778320e-01
3.614892363548278809e-01
-2.260386466979980469e+00
-2.081750631332397461e-01
9.333811700344085693e-02
-6.392834782600402832e-01
6.834059357643127441e-01
-9.039813280105590820e-01
-4.850540757179260254e-01
4.777125716209411621e-01
-6.228252649307250977e-01
2.148534059524536133e+00
-1.542104244232177734e+00
-5.725014209747314453e-01
-1.370822906494140625e+00
-3.587836742401123047e+00
-1.903527021408081055e+00
-2.674599885940551758e+00
2.432566881179809570e-01
4.388656318187713623e-01
-8.183097839355468750e-01
-7.446950674057006836e-01
-1.525693774223327637e+00
-1.236326217651367188e+00
-5.321427583694458008e-01
-8.757420182228088379e-01
-1.450701713562011719e+00
-2.062633633613586426e-01
-2.903109788894653320e-01
-2.877833366394042969e+00
-4.516737461090087891e-01
4.475842714309692383e-01
-1.189724922180175781e+00
-1.347340583801269531e+00
-1.654751896858215332e-01
-5.929716825485229492e-01
-2.247421741485595703e-01
-8.108772039413452148e-01
-7.158565521240234375e-02
9.214287996292114258e-02
-2.043282508850097656e+00
-1.474040746688842773e-01
-2.288546800613403320e+00
-6.779002547264099121e-01
-7.623419761657714844e-01
-1.767506003379821777e+00
-8.949571847915649414e-02
3.981257677078247070e-01
-1.787510871887207031e+00
-1.010463953018188477e+00
-2.057763814926147461e+00
-1.116003394126892090e-01
-1.793887138366699219e+00
-1.593223333358764648e+00
-1.538128256797790527e+00
-2.427403450012207031e+00
-1.372078657150268555e-01
8.142459392547607422e-02
5.381307601928710938e-01
6.039214134216308594e-02
-6.687252521514892578e-01
1.758391618728637695e+00
-6.873869895935058594e-02
3.365538716316223145e-01
-1.528129100799560547e+00
-2.318382859230041504e-01
6.127914190292358398e-01
-2.248345613479614258e+00
-2.382663726806640625e+00
-1.820937395095825195e+00
-1.926666975021362305e+00
-9.593650698661804199e-02
4.306091070175170898e-01
2.802843093872070312e+00
1.133097171783447266e+00
-9.090347886085510254e-01
-5.774061679840087891e-01
-8.091799020767211914e-01
-1.390575766563415527e+00
-3.737591505050659180e-01
-2.523013949394226074e-01
4.707425832748413086e-02
-5.082225799560546875e-02
1.877335608005523682e-01
-1.041920661926269531e+00
-1.215755343437194824e-01
-3.155954599380493164e+00
-9.033359885215759277e-01
2.266135811805725098e-01
-1.952584087848663330e-02
2.758133411407470703e-01
-5.706295371055603027e-02
1.862925291061401367e-02
-1.613338351249694824e+00
-2.693182945251464844e+00
-8.654422760009765625e-01
2.055203914642333984e+00
-1.908263921737670898e+00
-2.279670387506484985e-01
2.104253768920898438e-01
-1.624099612236022949e-01
-3.538561463356018066e-01
-2.173614025115966797e+00
-3.243510127067565918e-01
2.170524597167968750e+00
-1.023091554641723633e+00
-1.119099378585815430e+00
-3.021015822887420654e-01
7.478051185607910156e-01
2.796618938446044922e-01
-2.806014418601989746e-01
-1.354896187782287598e+00
-9.346265792846679688e-01
9.816187620162963867e-02
1.098202168941497803e-01
-1.571152210235595703e-01
-1.530283093452453613e+00
5.204061269760131836e-01
4.085193872451782227e-01
-1.113800048828125000e+00
-5.675641894340515137e-01
-1.423877239227294922e+00
-4.364289045333862305e-01
-1.440474510192871094e+00
-3.855995535850524902e-01
-1.275094509124755859e+00
-1.786061406135559082e+00
-3.419091105461120605e-01
-2.330305576324462891e-01
-2.140066862106323242e+00
-4.080609679222106934e-01
-1.067775011062622070e+00
-5.304157137870788574e-01
-1.370206832885742188e+00
-3.963848948478698730e-01
4.596537351608276367e-02
4.711732268333435059e-01
-8.979320526123046875e-01
2.821038961410522461e-01
-4.664654135704040527e-01
9.966751933097839355e-01
-1.659527868032455444e-01
-6.176764965057373047e-01
-6.462657451629638672e-02
-2.626021504402160645e-01
-7.454491853713989258e-01
1.665151119232177734e-01
-3.896749615669250488e-01
-7.510293126106262207e-01
-1.872267603874206543e+00
-1.240099906921386719e+00
-1.213652968406677246e+00
-2.450454473495483398e+00
-1.833286762237548828e+00
-2.723343372344970703e-01
9.549595117568969727e-01
-1.290575027465820312e+00
1.293310642242431641e+00
2.387820959091186523e+00
-1.033090114593505859e+00
-6.028398871421813965e-01
-6.594526767730712891e-01
-2.117044925689697266e-01
1.471164107322692871e+00
-1.562990903854370117e+00
-1.607124447822570801e+00
-3.893848657608032227e-01
6.783162951469421387e-01
-1.011004567146301270e+00
-1.590927124023437500e+00
-8.832706212997436523e-01
1.017821311950683594e+00
-1.463996887207031250e+00
-7.350611686706542969e-01
-6.438032984733581543e-01
-4.848916530609130859e-01
1.938964128494262695e+00
-9.200510978698730469e-01
-1.617645621299743652e+00
-2.916537523269653320e-01
-3.002807199954986572e-01
3.317475318908691406e-02
2.374243140220642090e-01
-1.466307997703552246e+00
-1.424146175384521484e+00
6.252709627151489258e-01
-4.778037369251251221e-01
-2.373629570007324219e+00
1.035300254821777344e+00
-2.975553274154663086e-01
-2.894722461700439453e+00
8.415971994400024414e-01
-2.060605764389038086e+00
-2.534569740295410156e+00
-2.419405937194824219e+00
-6.809428334236145020e-02
-2.503387629985809326e-01
-3.326904773712158203e-01
-1.821274459362030029e-01
-8.555935621261596680e-01
5.228936672210693359e-01
-7.344881892204284668e-01
-2.207977294921875000e+00
-2.952846765518188477e+00
1.121893286705017090e+00
-9.607694745063781738e-01
-2.255518198013305664e+00
-9.282348155975341797e-01
-1.759058475494384766e+00
-1.316065549850463867e+00
1.402100443840026855e+00
8.056461215019226074e-01
-7.907229661941528320e-01
-1.967810869216918945e+00
-1.510647058486938477e+00
2.689705133438110352e+00
9.042090177536010742e-01
-2.472552776336669922e+00
-4.792193472385406494e-01
1.401503920555114746e+00
-1.655793905258178711e+00
-1.962180376052856445e+00
-3.082391321659088135e-01
-1.533982276916503906e+00
1.258919477462768555e+00
-1.984869003295898438e+00
-1.353005528450012207e+00
3.191593885421752930e-01
-1.416351556777954102e+00
1.488612890243530273e-01
9.001569747924804688e-01
-1.276691317558288574e+00
-1.013303279876708984e+00
-2.121654152870178223e-01
-7.154884338378906250e-01
-2.771936893463134766e+00
-1.237071990966796875e+00
6.228765249252319336e-01
-3.663281500339508057e-01
-7.880988717079162598e-01
-4.125689268112182617e-01
-1.673495411872863770e+00
-1.622345805168151855e+00
-1.459893584251403809e-01
-8.446786999702453613e-01
-9.481232166290283203e-01
-8.296152353286743164e-01
-5.369625687599182129e-01
-4.087831974029541016e-01
-2.093733549118041992e-01
4.009470939636230469e-01
5.843505263328552246e-01
8.691805601119995117e-01
-2.171526849269866943e-01
-5.348623991012573242e-01
-1.242534995079040527e+00
1.008365273475646973e+00
-1.461153030395507812e+00
-9.862329959869384766e-01
-1.134679198265075684e+00
-3.232330083847045898e-01
-4.970069527626037598e-01
-2.939639389514923096e-01
-1.976255774497985840e+00
-1.595358550548553467e-01
-1.905699133872985840e+00
-2.854738831520080566e-01
-6.148111224174499512e-01
-1.397509098052978516e+00
-1.126620054244995117e+00
-1.924296498298645020e+00
-1.568497657775878906e+00
-1.020025968551635742e+00
-2.544115304946899414e+00
-1.130875825881958008e+00
4.689468741416931152e-01
-9.351047873497009277e-01
5.164601206779479980e-01
-1.478828191757202148e+00
5.167276859283447266e-01
-9.642246365547180176e-01
-7.167896628379821777e-01
-1.267395257949829102e+00
5.574508905410766602e-01
-6.840969324111938477e-01
-1.407466411590576172e+00
1.476878166198730469e+00
-1.147141337394714355e+00
2.355019748210906982e-01
-1.041870594024658203e+00
-3.028717994689941406e+00
5.493329763412475586e-01
-5.974423885345458984e-01
-4.046573162078857422e+00
7.561063766479492188e-01
-2.530932903289794922e+00
-2.886316180229187012e-02
-4.879212379455566406e+00
2.574141621589660645e-01
8.128451704978942871e-01
-2.383804798126220703e+00
-8.449556231498718262e-01
-7.973426580429077148e-02
4.270273447036743164e-01
-2.076009511947631836e+00
9.470844268798828125e-02
1.313022851943969727e+00
-1.423332214355468750e+00
-1.363323211669921875e+00
-1.868972301483154297e+00
1.727265596389770508e+00
1.431659460067749023e-01
-3.073783874511718750e+00
-4.345546662807464600e-01
-1.377892136573791504e+00
3.187581300735473633e-01
-2.349680900573730469e+00
-1.108467698097229004e+00
9.339636564254760742e-01
-6.529273986816406250e-01
-1.983540296554565430e+00
-2.736840963363647461e+00
2.315339297056198120e-01
-1.082251906394958496e+00
3.680761337280273438e+00
-2.171063661575317383e+00
2.759833931922912598e-01
-2.024848699569702148e+00
-5.267074108123779297e-01
-1.318072080612182617e+00
-3.876204252243041992e+00
-1.941395044326782227e+00
-1.852163076400756836e+00
-4.162950515747070312e-01
-2.172285079956054688e+00
-1.024755239486694336e+00
4.558914899826049805e-02
-9.981572628021240234e-01
-4.280863404273986816e-01
-6.245771646499633789e-01
-1.846105158329010010e-01
-4.872975349426269531e-01
-1.358416080474853516e-01
-2.288893938064575195e+00
1.046028733253479004e-01
-1.236895918846130371e+00
-3.564648628234863281e-01
5.200623273849487305e-01
-1.485317468643188477e+00
-7.650266289710998535e-01
-2.053638398647308350e-01
-1.534382104873657227e+00
2.727626562118530273e-01
-1.110989928245544434e+00
-4.177399873733520508e-01
-1.850716114044189453e+00
-4.226496815681457520e-01
-1.040960550308227539e+00
-2.243898153305053711e+00
-4.249034523963928223e-01
-1.810793399810791016e+00
1.071501374244689941e+00
3.077928423881530762e-01
-8.171579241752624512e-01
-2.401631116867065430e+00
-1.620244860649108887e+00
9.394831657409667969e-01
-2.320514678955078125e+00
-6.489195823669433594e-01
-7.525143027305603027e-01
-9.571510553359985352e-01
1.218212127685546875e+00
-8.157306909561157227e-01
-9.759411811828613281e-01
-3.931539952754974365e-01
-2.154405355453491211e+00
-1.673056244850158691e+00
-7.479472756385803223e-01
-1.211895704269409180e+00
-2.723483085632324219e+00
3.490519523620605469e-01
-6.078320741653442383e-01
-8.089143037796020508e-01
-1.080886960029602051e+00
-3.199970245361328125e+00
-1.277309298515319824e+00
-3.082995891571044922e+00
-1.446393132209777832e-01
-2.558413147926330566e-01
-5.608506202697753906e-01
-2.672356128692626953e+00
-1.016708970069885254e+00
1.486385762691497803e-01
-8.781266808509826660e-01
-6.895216703414916992e-01
-2.252361178398132324e-01
-1.413670063018798828e+00
-1.791819572448730469e+00
-9.049911499023437500e-01
-1.352417230606079102e+00
-3.256709575653076172e+00
-1.279306530952453613e+00
-2.647982835769653320e+00
-1.285661458969116211e-01
6.808171272277832031e-01
-1.486097276210784912e-01
-1.032968521118164062e+00
4.713645577430725098e-02
9.346405267715454102e-01
-5.900499820709228516e-01
-3.148463368415832520e-01
-1.387086749076843262e+00
-8.068445324897766113e-01
1.528611898422241211e+00
1.887201964855194092e-01
8.999638557434082031e-01
-2.905843257904052734e-01
4.942279756069183350e-01
4.980566501617431641e-01
-3.177629947662353516e+00
-3.497637748718261719e+00
-6.832936406135559082e-01
-1.140491724014282227e+00
-1.006698369979858398e+00
-1.622684478759765625e+00
4.497928321361541748e-01
1.046493291854858398e+00
-6.176596879959106445e-01
-1.596015214920043945e+00
-1.876687407493591309e+00
-1.183454692363739014e-01
-1.453706741333007812e+00
1.109690785408020020e+00
-1.187572479248046875e-01
-2.210725784301757812e+00
-1.520838499069213867e+00
-6.497958898544311523e-01
-8.672608733177185059e-01
4.143850207328796387e-01
3.269698023796081543e-01
-9.762003421783447266e-01
4.607737064361572266e-02
-2.297749042510986328e+00
-9.020007252693176270e-01
-9.066284894943237305e-01
4.267910718917846680e-01
8.408761024475097656e-01
-4.171097278594970703e-01
-1.238572239875793457e+00
-2.494624137878417969e+00
-9.745004773139953613e-01
-1.297115325927734375e+00
-1.290340662002563477e+00
1.993060111999511719e-02
-9.475920200347900391e-01
3.632962107658386230e-01
-4.110407233238220215e-01
-8.270486593246459961e-01
-9.474773406982421875e-01
-1.352467536926269531e+00
-1.165336847305297852e+00
-1.895491480827331543e+00
-1.595300436019897461e+00
-9.517180919647216797e-01
-1.035010814666748047e+00
5.512039065361022949e-01
-5.086206197738647461e-01
-2.062640666961669922e+00
-8.799717426300048828e-01
-3.944544196128845215e-01
-8.666205406188964844e-01
-3.069992661476135254e-01
2.215967178344726562e+00
-4.464584589004516602e-02
-1.717770934104919434e+00
-8.793082237243652344e-01
-2.286099433898925781e+00
-3.298813104629516602e-02
-1.163534283638000488e+00
7.915854454040527344e-03
1.232554912567138672e+00
-3.681910514831542969e+00
-6.427193880081176758e-01
-2.008126735687255859e+00
6.961050033569335938e-01
-7.327276468276977539e-01
1.341011762619018555e+00
-1.068275570869445801e+00
6.584569811820983887e-01
-9.003573656082153320e-01
-6.528927087783813477e-01
-1.067169547080993652e+00
-7.086381912231445312e-01
1.070472478866577148e+00
-8.287001252174377441e-01
-1.067451596260070801e+00
-5.253281593322753906e-01
-2.317617654800415039e+00
-1.686599016189575195e+00
-9.059700965881347656e-01
8.408880233764648438e-01
-2.785142898559570312e+00
-1.510811209678649902e+00
-4.066041707992553711e-01
-3.291264176368713379e-01
-2.265199422836303711e+00
-2.226306676864624023e+00
-1.832323074340820312e-01
-1.514573097229003906e+00
-1.058910727500915527e+00
-1.868627548217773438e+00
1.076602935791015625e-01
2.830769419670104980e-01
-1.347806096076965332e+00
2.530118525028228760e-01
-6.227731108665466309e-01
-1.875058174133300781e+00
-1.707095503807067871e+00
6.012940406799316406e-01
-2.074852466583251953e+00
-1.344920277595520020e+00
-1.612187862396240234e+00
5.438581109046936035e-02
-8.587964773178100586e-01
-1.247274637222290039e+00
-1.789652585983276367e+00
-1.524537563323974609e+00
5.927276611328125000e-02
-1.045408129692077637e+00
-8.740576505661010742e-01
-4.588559567928314209e-01
-6.573290824890136719e-01
1.289227366447448730e+00
1.370202600955963135e-01
-3.699239730834960938e+00
-7.045964598655700684e-01
-1.569399118423461914e+00
-9.621423482894897461e-01
-9.906296133995056152e-01
-9.576645493507385254e-01
-5.735991001129150391e-01
-1.136448383331298828e+00
-5.873538255691528320e-01
-1.954492092132568359e+00
8.189082145690917969e-04
-1.674992322921752930e+00
2.506136894226074219e-02
1.378064155578613281e-01
3.564184665679931641e+00
1.704852283000946045e-01
-7.750739455223083496e-01
-3.312384605407714844e+00
8.899033069610595703e-03
-5.905180573463439941e-01
-8.444465994834899902e-01
-8.140606880187988281e-01
-1.852461099624633789e+00
-3.042620658874511719e+00
-5.027889013290405273e-01
-1.298978805541992188e+00
-8.501452207565307617e-01
-3.987371325492858887e-01
-1.764961838722229004e+00
-6.478617191314697266e-01
-3.217629194259643555e-01
-8.192285299301147461e-01
5.076996684074401855e-01
2.022774696350097656e+00
-1.341111421585083008e+00
-5.545052886009216309e-01
-1.466593503952026367e+00
-2.873669266700744629e-01
-9.826282262802124023e-01
-1.508302211761474609e+00
2.954858541488647461e-02
-1.618502616882324219e+00
1.366600513458251953e+00
-5.930661559104919434e-01
1.083328962326049805e+00
-1.620345592498779297e+00
-1.720564842224121094e+00
-6.849624514579772949e-01
-5.597491860389709473e-01
-2.270106792449951172e+00
-2.439490556716918945e+00
-1.606496095657348633e+00
-2.327788352966308594e+00
-5.790662765502929688e-01
-9.764497280120849609e-01
-2.608600556850433350e-01
-1.590359449386596680e+00
-3.246850669384002686e-01
-2.807064056396484375e+00
-1.060073852539062500e+00
-7.408469915390014648e-01
3.766483068466186523e-02
-3.207499980926513672e-01
-1.134946942329406738e+00
-2.060579538345336914e+00
-5.710071325302124023e-01
-8.306089043617248535e-01
-1.858531236648559570e-01
-7.767528891563415527e-01
3.305125236511230469e-02
-8.805368542671203613e-01
2.032936096191406250e+00
3.219447135925292969e-01
-9.430992603302001953e-02
-1.429287314414978027e+00
-1.323212623596191406e+00
-1.765951216220855713e-01
8.883088231086730957e-01
-2.213919878005981445e+00
-1.432036161422729492e+00
-1.574275135993957520e+00
-1.356633424758911133e+00
-3.329259157180786133e-01
-2.009420394897460938e-01
-2.262531280517578125e+00
-1.211932539939880371e+00
-2.477556467056274414e+00
1.508233547210693359e-01
-8.674633502960205078e-01
2.074787020683288574e-01
-9.601663947105407715e-01
-1.265298604965209961e+00
-2.075695991516113281e+00
-6.158227324485778809e-01
-9.462578296661376953e-01
-1.802999019622802734e+00
-6.208928227424621582e-01
-1.934658050537109375e+00
