-2.764593362808227539e+00
2.374077796936035156e+00
-4.060322046279907227e-02
-1.299732476472854614e-01
-1.602155566215515137e+00
-8.818079233169555664e-01
-1.340035557746887207e+00
-6.506252288818359375e-01
3.201138257980346680e+00
-4.368484318256378174e-01
-4.871041178703308105e-01
-2.610942125320434570e-01
-8.875247240066528320e-01
-2.575500488281250000e+00
1.728124171495437622e-01
-1.340889215469360352e+00
-8.301091194152832031e-01
3.873700797557830811e-01
-6.669785380363464355e-01
-2.128299474716186523e+00
-1.614469408988952637e+00
3.157156705856323242e-01
-3.193984270095825195e+00
-1.879550218582153320e-01
-1.798811674118041992e+00
2.568764686584472656e-01
2.786977887153625488e-01
9.871023893356323242e-01
1.945659756660461426e+00
-3.442762792110443115e-01
-6.707234382629394531e-01
-1.653823614120483398e+00
3.231495618820190430e-01
-1.006167054176330566e+00
-5.291849374771118164e-03
6.171971559524536133e-01
-2.335812449455261230e-01
-2.258537530899047852e+00
2.534679889678955078e+00
-4.379358887672424316e-01
-8.817474246025085449e-01
9.996487498283386230e-01
-1.523542404174804688e+00
1.076944470405578613e-01
-4.971554279327392578e-01
-7.858152389526367188e-01
-1.999419450759887695e+00
-1.945684432983398438e+00
-1.907521724700927734e+00
2.668601036071777344e+00
-6.812270283699035645e-01
1.596571207046508789e+00
-1.935635566711425781e+00
-6.145992875099182129e-01
-1.155369997024536133e+00
-7.711422443389892578e-01
-1.152440071105957031e+00
-1.592453956604003906e+00
-7.607303857803344727e-01
-4.629907011985778809e-01
1.744930267333984375e+00
-3.077895641326904297e+00
3.411402404308319092e-01
-1.602020621299743652e+00
-2.058237075805664062e+00
-8.004418611526489258e-01
2.596161365509033203e-01
-3.610680401325225830e-01
-1.992849707603454590e-01
-4.299492359161376953e+00
4.681017696857452393e-01
1.464860081672668457e+00
1.130849838256835938e+00
2.288973927497863770e-01
-6.444365978240966797e-01
2.354677617549896240e-01
-1.850074291229248047e+00
-2.111225128173828125e+00
-1.859089374542236328e+00
-1.562880277633666992e+00
-1.007957935333251953e+00
2.582117915153503418e-01
-1.356585741043090820e+00
1.598498672246932983e-01
-2.206014394760131836e-01
2.014214992523193359e+00
-6.948612928390502930e-01
-1.705552220344543457e+00
-1.392960906028747559e+00
-1.495941281318664551e+00
-2.538507699966430664e+00
-1.258117079734802246e+00
2.578546702861785889e-01
-4.093613028526306152e-01
-3.083477973937988281e+00
1.035742521286010742e+00
-2.420412063598632812e+00
-2.881250381469726562e+00
-7.121640443801879883e-02
-1.503461599349975586e+00
-1.184660077095031738e+00
-2.755222320556640625e-01
-7.897555232048034668e-01
-4.941356182098388672e-01
-2.935001373291015625e+00
-1.892853736877441406e+00
1.452632665634155273e+00
5.992523431777954102e-01
-6.876339316368103027e-01
-2.009907245635986328e+00
-2.421611547470092773e-01
-9.477986693382263184e-01
-4.090392589569091797e-02
-1.027454614639282227e+00
7.647341489791870117e-02
2.082214593887329102e+00
-3.294930458068847656e-01
-9.106270670890808105e-01
9.646552801132202148e-01
7.439139485359191895e-02
-8.371244072914123535e-01
-2.567807674407958984e+00
-1.765497326850891113e+00
2.018175363540649414e+00
-1.370197296142578125e+00
-1.654122471809387207e+00
-4.315850436687469482e-01
-9.662091732025146484e-01
-2.979884147644042969e+00
-2.041971683502197266e+00
-6.059204339981079102e-01
-7.627366781234741211e-01
-7.069081068038940430e-01
4.996802210807800293e-01
-1.568437814712524414e-01
-2.848937511444091797e+00
-6.210935115814208984e-01
-3.875269293785095215e-01
-2.270687103271484375e+00
-7.772873640060424805e-01
-6.941232085227966309e-01
3.580715060234069824e-01
-2.149251461029052734e+00
-1.877707123756408691e+00
-1.867993831634521484e+00
1.661467999219894409e-01
-1.406318902969360352e+00
-2.986319661140441895e-01
-3.919515609741210938e-01
-1.749938428401947021e-01
-9.191303253173828125e-01
-9.205127358436584473e-01
-3.708177208900451660e-01
1.002260446548461914e-01
-1.631598949432373047e+00
-2.108447313308715820e+00
7.003049850463867188e-01
2.547258138656616211e+00
6.497246026992797852e-02
-1.054960012435913086e+00
-1.362387180328369141e+00
3.446853160858154297e-02
-6.025819778442382812e-01
-1.404286921024322510e-01
-8.767240643501281738e-01
-2.275161266326904297e+00
-7.492556571960449219e-01
-2.842763960361480713e-01
-6.057112812995910645e-01
-4.390327930450439453e-01
6.835573911666870117e-01
-3.093124866485595703e+00
-9.575988054275512695e-01
-1.151049375534057617e+00
-2.072323083877563477e+00
-7.318416833877563477e-01
-9.360471963882446289e-01
2.334968745708465576e-01
-1.182331562042236328e+00
-1.526853084564208984e+00
-3.017446517944335938e+00
-1.001328229904174805e-01
1.028489470481872559e-01
-1.910942912101745605e+00
-1.814374566078186035e+00
-4.112591743469238281e-01
-9.611915946006774902e-01
-1.121522426605224609e+00
-1.570202827453613281e+00
-1.709875464439392090e-02
-1.536648750305175781e+00
-9.351167082786560059e-02
9.026142358779907227e-01
-1.716312170028686523e+00
-9.009888768196105957e-02
1.117517232894897461e+00
-5.900067090988159180e-01
-3.437842845916748047e+00
-1.480031490325927734e+00
-9.263312220573425293e-01
4.549068212509155273e-02
-1.052750945091247559e+00
-1.696574449539184570e+00
-1.290755510330200195e+00
-2.172441482543945312e-01
-1.372821092605590820e+00
-1.502860426902770996e+00
-1.093855023384094238e+00
-2.574748516082763672e+00
-1.091796517372131348e+00
-1.215119838714599609e+00
-3.297454714775085449e-01
-2.870784997940063477e-01
-6.717066764831542969e-01
-1.803269624710083008e+00
-1.592988967895507812e+00
5.261132717132568359e-01
-1.480602264404296875e+00
8.791489005088806152e-01
-2.674366235733032227e+00
-1.107405543327331543e+00
1.630969524383544922e+00
-3.854075908660888672e+00
-2.077443122863769531e+00
-2.205090045928955078e+00
-1.322608470916748047e+00
-1.422694325447082520e-01
-1.946922779083251953e+00
9.701812267303466797e-02
-1.012467503547668457e+00
-1.140574693679809570e+00
-9.301893711090087891e-01
-5.095013380050659180e-01
-6.489767432212829590e-01
-4.631775617599487305e-02
-2.391179084777832031e+00
6.504130363464355469e-01
-1.352227568626403809e+00
-5.679698288440704346e-02
5.953841209411621094e-01
2.250397205352783203e-01
-8.535122275352478027e-01
-6.944594383239746094e-01
-8.252558112144470215e-01
2.496113479137420654e-01
3.845059871673583984e-01
-1.834806203842163086e+00
2.020176053047180176e-01
-1.061738491058349609e+00
-5.044951438903808594e-01
-1.616549849510192871e+00
-2.947765350341796875e+00
1.401764154434204102e-02
-3.286141753196716309e-01
-2.342569112777709961e+00
-3.877568244934082031e+00
-1.152127504348754883e+00
-1.489169597625732422e+00
-1.314093828201293945e+00
1.171073794364929199e+00
-2.023455142974853516e+00
-8.022818565368652344e-01
-2.085570335388183594e+00
-4.665911197662353516e-01
-2.573896050453186035e-01
-1.447535872459411621e+00
-5.826693177223205566e-01
1.555695831775665283e-01
-1.525038838386535645e+00
-1.080272197723388672e+00
-1.462552785873413086e+00
-1.562941074371337891e+00
-7.478531599044799805e-01
-1.935743212699890137e+00
-8.373903036117553711e-01
-3.867545723915100098e-01
-2.022243261337280273e+00
-2.039412975311279297e+00
-6.249564886093139648e-02
8.796387910842895508e-02
-1.225527048110961914e+00
-2.170612573623657227e+00
-1.382571011781692505e-01
-6.042482852935791016e-01
-1.083584070205688477e+00
2.753498256206512451e-01
-1.521012067794799805e+00
-2.650008797645568848e-01
-1.670935988426208496e+00
1.892268061637878418e-01
5.939456820487976074e-01
-8.188489675521850586e-01
-7.346574068069458008e-01
-8.225506544113159180e-01
-1.730537891387939453e+00
1.658454835414886475e-01
-2.189567565917968750e+00
-1.574088573455810547e+00
8.403663039207458496e-01
-5.005250573158264160e-01
-4.508967995643615723e-01
-1.095132589340209961e+00
7.504851222038269043e-01
-1.780736446380615234e+00
-6.372826099395751953e-01
-2.648548781871795654e-01
-4.648415446281433105e-01
-4.009907245635986328e-01
-2.380829572677612305e+00
-5.033704042434692383e-01
5.288164615631103516e-01
-2.415298223495483398e-01
-1.140220284461975098e+00
-1.763285875320434570e+00
-1.314587116241455078e+00
5.517703294754028320e-02
-1.485305547714233398e+00
7.805474996566772461e-01
5.633063614368438721e-02
-1.686427354812622070e+00
2.522856891155242920e-01
1.913596689701080322e-01
1.181539654731750488e+00
-8.981635570526123047e-01
-6.518749594688415527e-01
-1.366459965705871582e+00
1.665109395980834961e-01
8.622608184814453125e-01
5.465617775917053223e-01
-1.324742734432220459e-01
-5.828738212585449219e-01
-1.054974079132080078e+00
-2.611718177795410156e+00
-1.465701103210449219e+00
-2.560990750789642334e-01
-1.749684691429138184e+00
-4.103355407714843750e-01
5.163865089416503906e-01
-1.545753359794616699e+00
-6.272727847099304199e-01
3.552165627479553223e-02
5.323117971420288086e-02
-2.297771573066711426e-01
-5.747726559638977051e-02
9.634228944778442383e-01
-7.404893636703491211e-01
5.213570594787597656e-01
-9.201825261116027832e-01
7.913388013839721680e-01
-1.787178039550781250e+00
1.965880990028381348e-01
-1.413957476615905762e+00
-1.045916676521301270e+00
-1.074103116989135742e-01
-9.037103056907653809e-01
-1.242324113845825195e-01
-5.901818275451660156e-01
1.711935281753540039e+00
-1.108862519264221191e+00
1.522790789604187012e-01
-5.543085932731628418e-01
-1.691449165344238281e+00
1.166120052337646484e+00
-4.258412122726440430e-01
-3.192486763000488281e-01
-9.929647445678710938e-01
-9.534342288970947266e-01
-1.255680680274963379e+00
-1.155606031417846680e+00
-2.204963207244873047e+00
2.868248820304870605e-01
-1.763987541198730469e-01
-3.006989955902099609e+00
-2.333345174789428711e+00
-3.840740919113159180e-01
-2.313179969787597656e+00
-1.389266610145568848e+00
-2.388128042221069336e-01
-4.568722248077392578e-01
1.128423810005187988e+00
-1.075479269027709961e+00
1.194311738014221191e+00
-1.933477997779846191e+00
1.233484148979187012e-01
-6.109704971313476562e-01
-7.959963679313659668e-01
2.215255260467529297e+00
-9.926255941390991211e-01
-1.356315851211547852e+00
1.282527923583984375e+00
9.396421909332275391e-01
1.015753865242004395e+00
-8.085364699363708496e-01
9.021699428558349609e-02
-2.824568748474121094e-02
-2.316430091857910156e+00
-2.623788833618164062e+00
-1.028115868568420410e+00
-1.681696176528930664e-01
2.907832622528076172e+00
-1.527768135070800781e+00
-1.402669429779052734e+00
6.602464914321899414e-01
-2.075445890426635742e+00
-3.616605401039123535e-01
-4.127037227153778076e-01
-8.437719941139221191e-01
-5.173539519309997559e-01
-2.026366233825683594e+00
-8.004243969917297363e-01
-7.809970378875732422e-01
-2.581475079059600830e-01
-1.189697146415710449e+00
-1.314830780029296875e-02
5.342607498168945312e-01
-2.871891498565673828e+00
1.088543534278869629e-01
-2.031941652297973633e+00
-5.990276932716369629e-01
-2.126394987106323242e+00
-1.545463919639587402e+00
1.186158657073974609e+00
-1.649775743484497070e+00
-1.254925251007080078e+00
-1.401985883712768555e+00
7.591367959976196289e-01
6.931062936782836914e-01
-7.869706749916076660e-01
-2.588301897048950195e+00
-3.428295612335205078e+00
9.818756580352783203e-02
3.571152687072753906e-02
-6.649032831192016602e-01
6.635768413543701172e-01
-1.721148252487182617e+00
-6.429340243339538574e-01
-1.902579903602600098e+00
1.720156192779541016e+00
-1.385355114936828613e+00
-1.000014305114746094e+00
-4.236746728420257568e-01
-1.219316244125366211e+00
-2.825107097625732422e+00
-1.370561361312866211e+00
4.489197134971618652e-01
-2.161689996719360352e-01
-1.249032497406005859e+00
-3.610112190246582031e+00
1.203238964080810547e-02
-1.436360359191894531e+00
4.199080944061279297e+00
1.599051952362060547e-01
5.167152285575866699e-01
9.185125827789306641e-01
-5.184835791587829590e-01
-7.595061063766479492e-01
-7.033588886260986328e-01
-5.835932493209838867e-01
7.350633144378662109e-01
-2.059779882431030273e+00
-7.431666254997253418e-01
-1.076614260673522949e+00
-1.600223183631896973e+00
-3.295444846153259277e-01
-1.188060522079467773e+00
-1.251432895660400391e+00
-3.108382225036621094e-01
5.856969952583312988e-01
-1.035727739334106445e+00
-1.990356087684631348e+00
-8.476877212524414062e-02
-1.135645627975463867e+00
3.846539258956909180e-01
-8.384401798248291016e-01
-1.515706419944763184e+00
-5.840950012207031250e-01
-2.050462961196899414e+00
-3.275258541107177734e-01
-2.232444286346435547e+00
-8.427698612213134766e-01
-1.229304671287536621e-01
-9.942690134048461914e-01
-1.864203929901123047e+00
-1.489542722702026367e+00
-2.300338745117187500e+00
-4.078656136989593506e-01
-5.369776487350463867e-02
-7.005571126937866211e-01
-8.514361977577209473e-01
1.670030355453491211e+00
8.177757263183593750e-01
-8.386582136154174805e-02
-1.191618919372558594e+00
-1.007633447647094727e+00
-2.519702911376953125e-01
1.279265284538269043e-01
-1.202921718358993530e-01
-1.937763214111328125e+00
-2.138991832733154297e+00
-6.848454475402832031e-02
-2.675523161888122559e-01
-1.617002606391906738e+00
2.094841003417968750e-02
-2.367413759231567383e+00
5.481433868408203125e-02
-1.745682001113891602e+00
-2.458751201629638672e+00
-6.660439372062683105e-01
-1.371015667915344238e+00
-1.692438483238220215e+00
-2.583949804306030273e+00
-8.811742067337036133e-02
-1.976237058639526367e+00
-2.612367630004882812e+00
-1.259772300720214844e+00
-1.051004648208618164e+00
-1.135938167572021484e-01
1.507112979888916016e-01
-2.693011283874511719e+00
-9.146090745925903320e-01
-2.648507356643676758e-01
-3.325045585632324219e+00
-9.199209213256835938e-01
-1.925839662551879883e+00
3.342888832092285156e+00
-4.410368204116821289e-01
-4.439421296119689941e-01
-7.905295491218566895e-01
-1.723747491836547852e+00
7.964903116226196289e-01
-1.521590709686279297e+00
-9.057486653327941895e-01
-1.528124690055847168e+00
-9.432254433631896973e-01
6.465445756912231445e-01
-7.973111867904663086e-01
-6.414175033569335938e-03
-1.599277734756469727e+00
1.685130119323730469e+00
-1.308917701244354248e-01
-6.964393854141235352e-01
-2.187759399414062500e+00
-7.451652884483337402e-01
-2.403890609741210938e+00
-1.553136110305786133e+00
1.183428764343261719e-01
6.428721547126770020e-01
-3.342438638210296631e-01
8.341556787490844727e-01
-7.722620964050292969e-01
-1.716376304626464844e+00
1.313703775405883789e+00
-7.963216304779052734e-01
1.193985342979431152e-01
-5.647215843200683594e-01
-2.390648841857910156e+00
-5.536116361618041992e-01
-9.683856368064880371e-02
-1.253645896911621094e+00
-1.484857559204101562e+00
-2.289084434509277344e+00
-1.000355482101440430e+00
2.192015945911407471e-01
2.432328462600708008e-02
-9.682610034942626953e-01
-1.320625305175781250e+00
-2.190034866333007812e+00
-1.063830375671386719e+00
1.343154907226562500e-02
5.042376518249511719e-01
4.472554922103881836e-01
-1.634441137313842773e+00
-3.199595212936401367e-02
-1.227527379989624023e+00
-1.896279692649841309e+00
-2.511394023895263672e+00
1.523861885070800781e+00
-6.246292591094970703e-02
-1.345117092132568359e+00
-5.656484365463256836e-01
-9.490401744842529297e-01
-1.996132612228393555e+00
-1.941193103790283203e+00
-9.917363524436950684e-01
-3.005309581756591797e+00
2.100193500518798828e-02
-1.576027274131774902e-01
-1.185867309570312500e+00
-3.030021190643310547e-01
-1.918401956558227539e+00
-1.616484165191650391e+00
3.347155451774597168e-01
-1.332210063934326172e+00
-2.008466243743896484e+00
-1.524100899696350098e-01
-1.880535721778869629e+00
-1.202980995178222656e+00
-1.361208200454711914e+00
-6.562424898147583008e-01
-1.046047449111938477e+00
-1.376209259033203125e+00
-1.142950177192687988e+00
-3.076442956924438477e+00
2.938573837280273438e+00
-9.443792104721069336e-01
-6.112603545188903809e-01
-1.567850589752197266e+00
-8.121398687362670898e-01
-2.686082363128662109e+00
-6.024481654167175293e-01
5.151113867759704590e-02
-7.644320726394653320e-01
4.000067710876464844e-03
-5.748492479324340820e-02
-2.376278400421142578e+00
-1.568360686302185059e+00
2.358404636383056641e+00
-2.339318037033081055e+00
-1.846213579177856445e+00
-7.290976047515869141e-01
-2.480441927909851074e-01
-2.670250177383422852e+00
1.320792555809020996e+00
4.433124661445617676e-01
-2.931569099426269531e+00
-3.722856342792510986e-01
7.229409217834472656e-01
-1.779540181159973145e+00
-7.165998816490173340e-01
-7.239999771118164062e-01
-2.913824319839477539e+00
-9.326817989349365234e-01
-2.521371841430664062e-02
-1.496676802635192871e+00
-3.221175909042358398e+00
-1.179645776748657227e+00
-2.266756772994995117e+00
-2.094526290893554688e+00
-3.816335201263427734e-01
6.993716955184936523e-01
-3.938820362091064453e-01
-9.282288551330566406e-01
4.352838397026062012e-01
-3.569794297218322754e-01
-1.496207714080810547e+00
-1.910641431808471680e+00
-2.746280431747436523e-01
1.100410521030426025e-01
-1.305932760238647461e+00
-5.865230560302734375e-01
3.288546800613403320e-01
-1.939729452133178711e-01
2.822284936904907227e+00
-1.981842756271362305e+00
-1.352527439594268799e-01
-5.490663647651672363e-01
-2.541730403900146484e+00
-1.226759195327758789e+00
-2.081530094146728516e-01
-7.439453601837158203e-01
-3.261750340461730957e-01
-1.812434792518615723e+00
-6.531507372856140137e-01
-9.305632114410400391e-01
-5.781040787696838379e-01
1.840087890625000000e+00
-4.997386336326599121e-01
2.711658477783203125e+00
-8.176730871200561523e-01
-1.503736495971679688e+00
-4.422853589057922363e-01
1.914545536041259766e+00
-4.323600530624389648e-01
-9.855928421020507812e-01
-5.904222726821899414e-01
-1.695489168167114258e+00
-3.776941895484924316e-01
-5.726457834243774414e-01
-1.244353652000427246e+00
-1.501647830009460449e-01
1.108243107795715332e+00
-5.735158920288085938e-01
-1.873411417007446289e+00
-4.540444612503051758e-01
-1.149029374122619629e+00
-1.164221405982971191e+00
-5.916042923927307129e-01
-1.162715315818786621e+00
-1.717389583587646484e+00
-2.147104978561401367e+00
-1.146752834320068359e-01
-1.252839207649230957e+00
-6.961593627929687500e-01
