4.374208450317382812e+00
5.000000000000000000e+00
7.532925009727478027e-01
-5.344885587692260742e-01
3.902932643890380859e+00
-1.625368952751159668e+00
-8.042129278182983398e-01
-1.832773089408874512e-01
1.934178352355957031e+00
-7.335053682327270508e-01
6.003909707069396973e-01
3.427705287933349609e+00
-2.950179576873779297e-01
-1.433787584304809570e+00
-7.236046791076660156e-01
2.879590392112731934e-01
5.000000000000000000e+00
1.793913364410400391e+00
-7.873257398605346680e-01
3.105883121490478516e+00
5.000000000000000000e+00
3.496178627014160156e+00
2.209117174148559570e+00
3.256897687911987305e+00
3.306565999984741211e+00
2.624621391296386719e-01
-9.980988502502441406e-01
4.670247077941894531e+00
4.462212562561035156e+00
-1.650162935256958008e-01
2.906958818435668945e+00
1.099480032920837402e+00
5.000000000000000000e+00
3.991334438323974609e+00
-1.283426880836486816e-01
-9.299862384796142578e-01
-7.427260875701904297e-01
1.896654605865478516e+00
1.389550209045410156e+00
-2.959697723388671875e+00
-1.752591729164123535e-01
2.260929584503173828e+00
3.314238071441650391e+00
-1.288062572479248047e+00
5.000000000000000000e+00
-1.037180185317993164e+00
-1.069495320320129395e+00
5.000000000000000000e+00
4.491588592529296875e+00
-1.430896043777465820e+00
-8.747628331184387207e-01
-6.592724323272705078e-01
-6.372677683830261230e-01
-5.415144562721252441e-01
3.513860225677490234e+00
3.583414554595947266e+00
-6.259260177612304688e-01
3.116491556167602539e+00
-1.013450980186462402e+00
5.000000000000000000e+00
6.255924105644226074e-01
-1.462186574935913086e+00
5.000000000000000000e+00
1.455954074859619141e+00
4.519033432006835938e+00
1.414249658584594727e+00
-9.211648702621459961e-01
4.412285804748535156e+00
-8.976608514785766602e-01
2.730927467346191406e+00
1.709541440010070801e+00
-1.539968371391296387e+00
3.076286554336547852e+00
2.983335733413696289e+00
-2.445775747299194336e+00
5.000000000000000000e+00
-8.955229520797729492e-01
-1.201436042785644531e+00
-1.011246562004089355e+00
3.494195461273193359e+00
5.000000000000000000e+00
1.983620882034301758e+00
-8.820043206214904785e-01
-6.719253659248352051e-01
-8.813556432723999023e-01
4.153284549713134766e+00
1.744123339653015137e+00
-9.028270244598388672e-01
5.000000000000000000e+00
-8.602232336997985840e-01
9.066869318485260010e-02
1.449518203735351562e+00
1.431130409240722656e+00
-7.244451045989990234e-01
-2.783707082271575928e-01
2.554393768310546875e+00
4.239709377288818359e+00
1.266495227813720703e+00
3.549485683441162109e+00
-2.024980545043945312e+00
-9.077310562133789062e-01
-8.231252431869506836e-03
4.616319179534912109e+00
4.616043865680694580e-01
-7.847221493721008301e-01
-1.003744006156921387e-01
-5.145835876464843750e-01
-5.794100761413574219e-01
1.289619684219360352e+00
3.415703773498535156e-01
-1.617789745330810547e+00
8.229746818542480469e-01
-5.304483175277709961e-01
-1.910221338272094727e+00
-2.380415201187133789e-01
2.392658233642578125e+00
-1.924159288406372070e+00
9.890835881233215332e-01
-7.711472511291503906e-01
-4.617432057857513428e-01
-2.638405799865722656e+00
-3.473053872585296631e-01
8.454098105430603027e-01
4.313699305057525635e-01
4.871842384338378906e+00
3.320276498794555664e+00
4.396247863769531250e+00
4.467410087585449219e+00
4.157477378845214844e+00
-4.785271883010864258e-01
-5.765512585639953613e-03
-5.287032127380371094e-01
2.211621761322021484e+00
1.559866428375244141e+00
1.973676800727844238e+00
2.424395084381103516e+00
5.000000000000000000e+00
1.139791727066040039e+00
5.000000000000000000e+00
-8.397907018661499023e-01
-4.642252326011657715e-01
-7.805005908012390137e-01
5.000000000000000000e+00
9.913996458053588867e-01
5.000000000000000000e+00
3.469469785690307617e+00
3.457585096359252930e+00
7.474535703659057617e-01
5.000000000000000000e+00
1.141715645790100098e+00
1.249197244644165039e+00
7.709395885467529297e-02
4.275951385498046875e+00
3.888502359390258789e+00
2.704124927520751953e+00
4.239583015441894531e+00
-1.744546175003051758e+00
5.000000000000000000e+00
4.852553367614746094e+00
2.140551805496215820e-02
-1.530761957168579102e+00
-1.467949748039245605e+00
3.728133201599121094e+00
5.000000000000000000e+00
-1.210552573204040527e+00
5.000000000000000000e+00
-7.819006443023681641e-01
1.045775055885314941e+00
3.441604614257812500e+00
-9.860149025917053223e-01
3.794041633605957031e+00
3.361672759056091309e-01
3.258441925048828125e+00
9.406252503395080566e-01
4.643965721130371094e+00
3.605544090270996094e+00
5.000000000000000000e+00
1.637085914611816406e+00
-6.786479949951171875e-01
-1.373904943466186523e-01
1.607095718383789062e+00
2.759968638420104980e-01
5.000000000000000000e+00
2.202919960021972656e+00
3.839022636413574219e+00
5.000000000000000000e+00
-6.700248718261718750e-01
1.641653537750244141e+00
1.154465198516845703e+00
-5.395063161849975586e-01
-2.087269783020019531e+00
1.763845682144165039e+00
2.416782379150390625e+00
1.929060220718383789e+00
3.463392257690429688e-01
5.581641197204589844e-02
1.847112178802490234e-01
5.000000000000000000e+00
4.499988079071044922e+00
-1.005187332630157471e-01
-3.459616303443908691e-01
2.873658657073974609e+00
1.616820335388183594e+00
1.401148796081542969e+00
-1.398540496826171875e+00
-1.294527053833007812e-01
2.242064476013183594e+00
-2.691607236862182617e+00
-2.007684111595153809e-02
-6.381356716156005859e-02
-5.075429081916809082e-01
1.470965266227722168e+00
5.000000000000000000e+00
2.757495045661926270e-01
-1.269288778305053711e+00
-1.144171833992004395e+00
4.902874827384948730e-01
4.119097232818603516e+00
-8.381707072257995605e-01
-1.091616749763488770e+00
1.501206636428833008e+00
8.364096879959106445e-01
-4.510904550552368164e-01
-5.661865472793579102e-01
4.601134300231933594e+00
6.570985317230224609e-01
3.281122922897338867e+00
5.000000000000000000e+00
2.365985631942749023e+00
1.906832218170166016e+00
3.303444147109985352e+00
-1.335400104522705078e+00
1.488797426223754883e+00
2.433825016021728516e+00
5.000000000000000000e+00
1.153943777084350586e+00
1.856684684753417969e-03
-6.880033016204833984e-01
5.335717797279357910e-01
3.827486038208007812e+00
-3.297137260437011719e+00
-1.640621423721313477e-01
-3.769703507423400879e-01
3.096410036087036133e+00
-2.461535692214965820e+00
5.000000000000000000e+00
-4.167854785919189453e-02
2.374869823455810547e+00
6.564850211143493652e-01
5.000000000000000000e+00
4.170713901519775391e+00
-1.508186221122741699e+00
3.592880725860595703e+00
2.846135795116424561e-01
1.697301387786865234e+00
2.328417301177978516e+00
4.699572086334228516e+00
4.413720130920410156e+00
1.194025278091430664e+00
1.216785430908203125e+00
4.164562225341796875e+00
-1.065744519233703613e+00
1.837923049926757812e+00
4.122197151184082031e+00
3.817272186279296875e-02
3.028370618820190430e+00
6.532267332077026367e-01
6.071803569793701172e-01
1.735715389251708984e+00
2.457464456558227539e+00
3.570525884628295898e+00
1.327826142311096191e+00
4.308795452117919922e+00
4.269510269165039062e+00
4.699405670166015625e+00
-1.150953292846679688e+00
5.919645428657531738e-01
-3.151761889457702637e-01
1.669879436492919922e+00
-2.745721578598022461e+00
4.919590950012207031e+00
2.002793788909912109e+00
1.027296900749206543e+00
-1.028294563293457031e-01
1.776856660842895508e+00
3.162970304489135742e+00
2.012755870819091797e-01
1.515301465988159180e-01
2.017460346221923828e+00
3.661752223968505859e+00
5.000000000000000000e+00
-4.181334972381591797e-01
1.147699117660522461e+00
1.999035596847534180e+00
5.000000000000000000e+00
2.183574438095092773e-02
3.711333870887756348e-01
5.000000000000000000e+00
4.594715118408203125e+00
5.000000000000000000e+00
-7.645343542098999023e-01
-7.158262729644775391e-01
3.709903240203857422e+00
-6.804491281509399414e-01
5.000000000000000000e+00
-7.328301668167114258e-01
-9.373576641082763672e-01
5.820840001106262207e-01
-7.588894367218017578e-01
4.890586376190185547e+00
-9.468454122543334961e-02
3.904636859893798828e+00
-6.783830523490905762e-01
2.336448192596435547e+00
-1.991958141326904297e+00
2.274316310882568359e+00
1.742431640625000000e+00
4.061446189880371094e+00
-1.010303735733032227e+00
5.000000000000000000e+00
-5.058175325393676758e-01
1.205419898033142090e-01
4.241952896118164062e-01
5.000000000000000000e+00
4.776794433593750000e+00
4.821171760559082031e+00
-3.939368724822998047e-01
4.593913555145263672e-01
1.162636041641235352e+00
4.551191329956054688e+00
1.868211507797241211e+00
5.000000000000000000e+00
-3.411516547203063965e-01
3.737545728683471680e+00
-1.281995773315429688e+00
5.000000000000000000e+00
1.069371938705444336e+00
-8.401992321014404297e-01
2.713263511657714844e+00
-9.249167442321777344e-01
-8.233157396316528320e-01
1.595653653144836426e+00
-6.929708719253540039e-01
-1.893635034561157227e+00
-2.711673259735107422e+00
-6.201629340648651123e-02
1.811726927757263184e+00
1.289372086524963379e+00
3.394138813018798828e+00
-2.774599194526672363e-01
3.816158771514892578e+00
4.784833908081054688e+00
3.441967487335205078e+00
4.720373153686523438e+00
3.817921161651611328e+00
1.685282468795776367e+00
1.009343028068542480e+00
2.507559776306152344e+00
6.961861252784729004e-02
-1.268491744995117188e-01
-1.245388627052307129e+00
-1.037811517715454102e+00
1.893081665039062500e-01
1.304012537002563477e-01
3.369112968444824219e+00
3.431392312049865723e-01
-1.985229849815368652e+00
6.224895715713500977e-01
-1.190263152122497559e+00
5.000000000000000000e+00
4.005549430847167969e+00
-1.259028673171997070e+00
2.613229751586914062e-01
3.781008958816528320e+00
4.560831069946289062e+00
3.036458492279052734e+00
2.599018335342407227e+00
2.103800535202026367e+00
-7.406172752380371094e-01
-1.737736701965332031e+00
-1.954047679901123047e-01
1.837537765502929688e+00
-3.782217502593994141e-01
-1.349226236343383789e+00
3.819165468215942383e+00
4.979097366333007812e+00
5.000000000000000000e+00
-2.809929847717285156e+00
2.568444728851318359e+00
4.210664272308349609e+00
2.152139663696289062e+00
-1.715203523635864258e+00
3.922344684600830078e+00
1.014083862304687500e+00
4.746444225311279297e-01
3.763955235481262207e-01
5.000000000000000000e+00
2.877961993217468262e-01
-1.535487771034240723e-01
-1.756115436553955078e+00
5.000000000000000000e+00
5.000000000000000000e+00
-1.542425751686096191e+00
1.109945893287658691e+00
4.372119605541229248e-01
4.819527864456176758e-01
1.940050125122070312e-01
7.712112665176391602e-01
6.574075222015380859e-01
2.590790748596191406e+00
3.731411933898925781e+00
7.368879318237304688e-01
3.047853112220764160e-01
-5.742260217666625977e-01
-1.825570344924926758e+00
1.809646844863891602e+00
1.692146360874176025e-01
3.422926902770996094e+00
-3.754402399063110352e-01
3.343855857849121094e+00
6.193959712982177734e-02
2.555949211120605469e+00
3.048318147659301758e+00
3.529696941375732422e+00
-1.078824996948242188e+00
1.891876459121704102e-01
7.541934251785278320e-01
-6.872978210449218750e-01
-1.052024364471435547e+00
1.696940183639526367e+00
1.489522457122802734e+00
6.277981996536254883e-01
-1.018753886222839355e+00
-1.863974034786224365e-01
3.337866306304931641e+00
-1.032137632369995117e+00
-8.166120052337646484e-01
-4.855797886848449707e-01
-9.638457894325256348e-01
-1.989193201065063477e+00
4.054772853851318359e+00
3.923429250717163086e+00
2.526989936828613281e+00
3.452071189880371094e+00
2.584870815277099609e+00
4.018896579742431641e+00
2.580936908721923828e+00
-1.164998173713684082e+00
-1.250228404998779297e+00
2.660490989685058594e+00
5.000000000000000000e+00
2.370939254760742188e+00
9.783984422683715820e-01
5.000000000000000000e+00
3.858132362365722656e-01
-1.798789352178573608e-01
4.378203392028808594e+00
5.000000000000000000e+00
-5.710424184799194336e-01
1.353066325187683105e+00
3.428619861602783203e+00
5.000000000000000000e+00
-1.737974166870117188e+00
-8.094178438186645508e-01
1.384962201118469238e+00
5.000000000000000000e+00
3.471838533878326416e-01
5.000000000000000000e+00
1.963235378265380859e+00
1.393663883209228516e+00
2.440770149230957031e+00
1.645338296890258789e+00
-9.848525524139404297e-01
2.604812979698181152e-01
2.209646463394165039e+00
4.447698593139648438e+00
7.164542675018310547e-01
-5.666599273681640625e-01
4.763633310794830322e-01
1.982617020606994629e+00
1.520572066307067871e+00
3.816916942596435547e+00
5.408464074134826660e-01
1.559974193572998047e+00
5.000000000000000000e+00
4.473022222518920898e-01
-5.156757235527038574e-01
-1.007976055145263672e+00
-1.072221159934997559e+00
4.995446801185607910e-01
9.004024267196655273e-01
2.648436546325683594e+00
-2.981611490249633789e+00
9.472478032112121582e-01
4.077095985412597656e+00
4.319983005523681641e+00
5.000000000000000000e+00
4.478622436523437500e+00
5.000000000000000000e+00
-7.051538228988647461e-01
5.000000000000000000e+00
1.170607686042785645e+00
-1.591522097587585449e-01
5.975306034088134766e-01
5.000000000000000000e+00
6.673955917358398438e-01
3.545134067535400391e-01
-6.089392304420471191e-01
-1.857102751731872559e+00
-1.283375501632690430e+00
1.130420565605163574e-01
3.446059226989746094e+00
3.359116554260253906e+00
-2.360905408859252930e-01
4.128977298736572266e+00
5.163085460662841797e-02
3.528220176696777344e+00
-1.598499417304992676e-01
1.891832470893859863e+00
3.891008198261260986e-01
4.202445030212402344e+00
2.157468199729919434e-01
-2.346871614456176758e+00
-3.528988361358642578e-02
3.878778457641601562e+00
-1.603483080863952637e+00
3.671056032180786133e+00
3.590164422988891602e+00
5.000000000000000000e+00
1.014657497406005859e+00
-8.391857147216796875e-02
5.000000000000000000e+00
4.117315769195556641e+00
5.000000000000000000e+00
2.299906730651855469e+00
2.070064783096313477e+00
2.536447525024414062e+00
5.000000000000000000e+00
8.861943483352661133e-01
1.804180145263671875e+00
-2.455590724945068359e+00
-1.575667560100555420e-01
-5.440444350242614746e-01
-1.406451821327209473e+00
-5.655834078788757324e-01
2.713773250579833984e+00
-4.112839698791503906e-02
2.571417570114135742e+00
4.002637863159179688e+00
-3.108981370925903320e+00
1.211566925048828125e-01
2.512154102325439453e+00
5.000000000000000000e+00
1.226234316825866699e+00
-1.322478055953979492e+00
2.441731691360473633e+00
2.689407825469970703e+00
5.000000000000000000e+00
-2.247027456760406494e-01
1.641459107398986816e+00
-1.013683676719665527e+00
-1.773714423179626465e+00
2.666387081146240234e+00
-2.155680656433105469e-01
4.221930980682373047e+00
4.760167121887207031e+00
-1.676566898822784424e-02
5.000000000000000000e+00
-5.926269292831420898e-01
1.576516151428222656e+00
5.000000000000000000e+00
6.214010715484619141e-02
-6.778860092163085938e-01
2.788856506347656250e+00
6.538560986518859863e-01
-1.389474987983703613e+00
3.904901027679443359e+00
-8.171188831329345703e-02
2.685795307159423828e+00
2.862689495086669922e+00
3.773229837417602539e+00
3.916254043579101562e+00
2.296226024627685547e+00
1.512173652648925781e+00
-7.805289030075073242e-01
2.644164323806762695e+00
3.145463705062866211e+00
4.906654834747314453e+00
-3.220221281051635742e+00
1.431116223335266113e+00
7.602747678756713867e-01
5.384639501571655273e-01
-2.539176940917968750e-01
-2.340876340866088867e+00
4.812558650970458984e+00
1.151378154754638672e+00
1.667497873306274414e+00
-1.361533164978027344e+00
-1.315849065780639648e+00
1.935105443000793457e+00
5.000000000000000000e+00
7.837200164794921875e-02
7.633594274520874023e-01
5.000000000000000000e+00
-2.550826668739318848e-01
1.324996232986450195e+00
1.696059465408325195e+00
1.363704681396484375e+00
1.831208705902099609e+00
5.000000000000000000e+00
5.000000000000000000e+00
4.537508010864257812e+00
-1.240924000740051270e+00
-6.870732307434082031e-01
1.957156658172607422e+00
-1.884188175201416016e+00
3.290796279907226562e+00
-2.498472929000854492e-01
3.573000431060791016e-01
4.806578636169433594e+00
-5.524754524230957031e-03
2.418851375579833984e+00
5.000000000000000000e+00
1.116840958595275879e+00
-8.467438220977783203e-01
-1.321488738059997559e+00
-6.387661933898925781e+00
-9.829407334327697754e-01
5.000000000000000000e+00
-1.480611801147460938e+00
-9.527789950370788574e-01
-8.936904072761535645e-01
5.000000000000000000e+00
-6.646458506584167480e-01
4.437842845916748047e+00
-4.207187294960021973e-01
2.923804521560668945e+00
5.000000000000000000e+00
-5.340346693992614746e-01
-1.353336572647094727e+00
4.718285083770751953e+00
-9.099540710449218750e-01
7.733467221260070801e-01
1.607093334197998047e+00
1.186276912689208984e+00
1.446273922920227051e-01
7.683990001678466797e-01
2.914541244506835938e+00
4.876751899719238281e+00
6.426260471343994141e-01
5.000000000000000000e+00
1.916932463645935059e+00
5.000000000000000000e+00
-2.407956123352050781e-01
5.000000000000000000e+00
3.864811897277832031e+00
3.022088527679443359e+00
-1.056077718734741211e+00
-2.203190565109252930e+00
5.000000000000000000e+00
-6.466563344001770020e-01
4.216030836105346680e-01
2.226826667785644531e+00
-2.704300284385681152e-01
9.531223177909851074e-01
1.924258232116699219e+00
-1.008906364440917969e-01
-2.629346847534179688e-01
6.139872074127197266e-01
1.529397964477539062e+00
4.145911693572998047e+00
3.315965414047241211e+00
1.771841168403625488e+00
-3.215769529342651367e-01
3.185480833053588867e+00
5.000000000000000000e+00
6.821576356887817383e-01
-1.377429842948913574e+00
3.880553245544433594e+00
3.711726427078247070e+00
1.966227531433105469e+00
4.527272701263427734e+00
-6.343248486518859863e-02
4.880643844604492188e+00
-1.177690505981445312e+00
-7.213307619094848633e-01
1.138032317161560059e+00
-1.258578896522521973e+00
3.347191333770751953e+00
-6.306215524673461914e-01
2.487525701522827148e+00
-6.579049825668334961e-01
1.013696908950805664e+00
