9.424346685409545898e-01
4.435569286346435547e+00
-8.659844994544982910e-01
-5.512721538543701172e-01
4.370561599731445312e+00
-5.590151548385620117e-01
2.052045822143554688e+00
9.440133571624755859e-01
5.000000000000000000e+00
-5.814520716667175293e-01
-9.256142377853393555e-02
1.735093593597412109e+00
4.745726287364959717e-01
1.055470466613769531e+00
1.172162652015686035e+00
-1.204487085342407227e+00
1.055175065994262695e+00
-4.768812358379364014e-01
1.454069733619689941e+00
4.053771972656250000e+00
4.938535213470458984e+00
1.639127254486083984e+00
4.665081977844238281e+00
6.974557042121887207e-01
6.604120135307312012e-01
-2.763405740261077881e-01
1.136488914489746094e+00
1.342656373977661133e+00
4.701854705810546875e+00
4.052606105804443359e+00
2.387664318084716797e+00
1.396305084228515625e+00
-6.035770177841186523e-01
5.000000000000000000e+00
3.709946155548095703e+00
1.193504333496093750e+00
2.551789522171020508e+00
-9.522022008895874023e-01
-6.294025182723999023e-01
1.400463581085205078e+00
3.040807962417602539e+00
-2.597362279891967773e+00
1.700156807899475098e+00
5.000000000000000000e+00
5.000000000000000000e+00
2.875517606735229492e-01
3.415551185607910156e+00
-2.388565540313720703e+00
-1.920410633087158203e+00
1.086260318756103516e+00
3.034356117248535156e+00
4.443623065948486328e+00
3.513744592666625977e+00
-9.483584165573120117e-01
1.836276173591613770e+00
1.449028491973876953e+00
-1.395882248878479004e+00
-1.499365687370300293e+00
-1.621371626853942871e+00
3.454075574874877930e+00
2.093895196914672852e+00
5.000000000000000000e+00
1.385616183280944824e+00
3.162336826324462891e+00
6.560373306274414062e-02
1.290823221206665039e-01
-1.079333066940307617e+00
2.034876048564910889e-01
-9.339482784271240234e-01
1.843588829040527344e+00
-1.347012758255004883e+00
-2.728060722351074219e+00
-1.764923334121704102e-02
-5.092945098876953125e-01
1.512491941452026367e+00
2.026926994323730469e+00
9.803093075752258301e-01
4.412310123443603516e+00
5.000000000000000000e+00
-1.672359704971313477e+00
5.000000000000000000e+00
1.294496536254882812e+00
6.340753436088562012e-01
2.629438400268554688e+00
1.802058339118957520e+00
7.580840587615966797e-02
1.221138477325439453e+00
1.083387613296508789e+00
4.008203506469726562e+00
-2.498085498809814453e+00
-2.652499198913574219e+00
-4.638991653919219971e-01
3.817556858062744141e+00
-4.507476091384887695e-01
7.617592811584472656e-02
4.330168247222900391e+00
-1.718209266662597656e+00
7.065829038619995117e-01
-1.832032561302185059e+00
7.782396078109741211e-01
4.400661945343017578e+00
5.000000000000000000e+00
-3.893327713012695312e-01
1.593539237976074219e+00
1.543379902839660645e+00
4.151047706604003906e+00
4.322943687438964844e+00
2.013057708740234375e+00
-7.677124738693237305e-01
2.618027687072753906e+00
3.145804882049560547e+00
5.370001196861267090e-01
-2.933916091918945312e+00
-1.762744903564453125e+00
4.147511959075927734e+00
3.620254993438720703e+00
4.183598041534423828e+00
1.179066658020019531e+00
-3.552748858928680420e-01
5.000000000000000000e+00
5.010128021240234375e-01
2.716195344924926758e+00
4.758973121643066406e+00
4.303380012512207031e+00
1.511741399765014648e+00
4.393891394138336182e-01
-1.328583955764770508e+00
2.301469564437866211e+00
4.406903266906738281e+00
-8.872292637825012207e-01
9.951706528663635254e-01
1.202435970306396484e+00
3.894006252288818359e+00
-6.185675859451293945e-01
-4.962819814682006836e-01
2.381259441375732422e+00
-1.574707746505737305e+00
-3.261513113975524902e-01
-5.323057770729064941e-01
1.192142248153686523e+00
2.267572283744812012e-01
-1.188169717788696289e+00
1.845821022987365723e+00
3.798461437225341797e+00
-1.225563049316406250e+00
-6.757527589797973633e-01
5.000000000000000000e+00
-2.950071990489959717e-01
-3.397979736328125000e-01
4.799710750579833984e+00
3.768468618392944336e+00
-1.818536996841430664e+00
-2.172484159469604492e+00
4.620216369628906250e+00
1.351502418518066406e+00
-2.034473419189453125e-01
5.000000000000000000e+00
2.780176162719726562e+00
2.375776767730712891e-01
-3.148852586746215820e-01
-1.712346971035003662e-01
1.954032421112060547e+00
1.416862845420837402e+00
-5.259009599685668945e-01
-4.443428516387939453e-01
-2.196501493453979492e-01
4.481485366821289062e+00
-2.045079708099365234e+00
3.734913349151611328e+00
-1.894484639167785645e+00
7.719138860702514648e-01
1.967129588127136230e+00
-7.582982778549194336e-01
5.000000000000000000e+00
-2.259543657302856445e+00
3.027110338211059570e+00
5.000000000000000000e+00
4.346153259277343750e+00
3.273325443267822266e+00
-1.269624471664428711e+00
1.934172153472900391e+00
-1.646922349929809570e+00
1.533579349517822266e+00
3.241673469543457031e+00
1.557088613510131836e+00
5.616027116775512695e-01
5.000000000000000000e+00
2.134964466094970703e+00
4.181610584259033203e+00
-2.156738340854644775e-01
5.000000000000000000e+00
-5.476152896881103516e-01
5.000000000000000000e+00
4.771696567535400391e+00
-1.029309749603271484e+00
2.694409489631652832e-01
7.871777415275573730e-01
-3.225616514682769775e-01
2.299881935119628906e+00
-9.362685084342956543e-01
3.204309940338134766e-01
1.656665802001953125e+00
-5.925719141960144043e-01
-1.559369564056396484e-01
2.382954120635986328e+00
3.769989252090454102e+00
-2.364004373550415039e+00
2.516207218170166016e+00
5.000000000000000000e+00
4.201654911041259766e+00
5.000000000000000000e+00
4.721533954143524170e-01
2.795776844024658203e+00
1.773627161979675293e+00
3.526398181915283203e+00
1.001769304275512695e-01
-1.642327666282653809e+00
1.988899230957031250e+00
3.352384090423583984e+00
4.043781280517578125e+00
-7.022625207901000977e-01
4.728016853332519531e+00
-4.103708267211914062e-02
5.000000000000000000e+00
3.662622213363647461e+00
-1.513614535331726074e+00
4.500082969665527344e+00
3.683662652969360352e+00
1.348686695098876953e+00
4.645608425140380859e+00
3.647988796234130859e+00
2.772382497787475586e+00
1.126230835914611816e+00
5.000000000000000000e+00
4.952238082885742188e+00
8.640289902687072754e-01
1.418972015380859375e-02
4.295339584350585938e+00
-8.518452048301696777e-01
-1.777887940406799316e+00
-3.402312695980072021e-01
2.254400849342346191e-01
3.910552501678466797e+00
-1.438402652740478516e+00
4.795965671539306641e+00
1.755475997924804688e-01
5.000000000000000000e+00
3.454458713531494141e+00
4.922793805599212646e-01
2.004357814788818359e+00
3.053941726684570312e+00
-1.102860212326049805e+00
-1.299525618553161621e+00
5.000000000000000000e+00
-1.970185279846191406e+00
-1.785249590873718262e+00
5.000000000000000000e+00
1.221323132514953613e+00
1.124191522598266602e+00
-3.836488723754882812e-01
1.735816597938537598e+00
3.286418199539184570e+00
-8.922423720359802246e-01
4.570190429687500000e+00
-5.755630135536193848e-01
9.068946838378906250e-01
5.000000000000000000e+00
-1.263951897621154785e+00
-1.241351366043090820e+00
1.715688467025756836e+00
4.399615287780761719e+00
4.472562074661254883e-01
1.449354410171508789e+00
-2.199649214744567871e-01
1.115922808647155762e+00
5.000000000000000000e+00
-2.384624719619750977e+00
2.273891925811767578e+00
1.398391962051391602e+00
1.822476625442504883e+00
3.409890174865722656e+00
8.443002700805664062e-01
-1.601863741874694824e+00
-9.204486608505249023e-01
-2.282115817070007324e-01
-6.002166748046875000e+00
4.051698684692382812e+00
2.561278820037841797e+00
1.279757261276245117e+00
-2.965838670730590820e+00
5.000000000000000000e+00
4.538805007934570312e+00
3.297452926635742188e-01
-1.808892488479614258e+00
4.546648025512695312e+00
2.683267593383789062e-01
2.544334650039672852e+00
4.963613033294677734e+00
-1.278269767761230469e+00
1.139052629470825195e+00
-1.089148879051208496e+00
1.928062796592712402e+00
-4.671028256416320801e-02
2.264042139053344727e+00
-1.214943051338195801e+00
-1.670047044754028320e+00
-2.454169750213623047e+00
-1.748621702194213867e+00
-1.765254139900207520e-01
-3.862065374851226807e-01
4.346870422363281250e+00
5.000000000000000000e+00
5.000000000000000000e+00
-2.168122529983520508e+00
-8.710020780563354492e-01
-7.180540561676025391e-01
5.000000000000000000e+00
3.988018274307250977e+00
1.768236994743347168e+00
-1.552391052246093750e-01
5.594188570976257324e-01
-2.118580937385559082e-01
1.177765130996704102e+00
5.000000000000000000e+00
5.000000000000000000e+00
4.895713329315185547e+00
-2.832326412200927734e+00
-1.108459949493408203e+00
5.526434779167175293e-01
4.808377623558044434e-01
9.225702285766601562e-02
4.976905822753906250e+00
2.765485525131225586e+00
5.000000000000000000e+00
5.000000000000000000e+00
4.225397109985351562e+00
-6.065703034400939941e-01
2.279864549636840820e+00
-7.149524092674255371e-01
7.081386446952819824e-01
4.639046788215637207e-01
-1.079378128051757812e-01
4.003443241119384766e+00
-2.945687174797058105e-01
-8.257655501365661621e-01
-1.369644880294799805e+00
-5.672329068183898926e-01
9.445473551750183105e-01
4.180708885192871094e+00
3.375874757766723633e-01
1.575079679489135742e+00
3.585769414901733398e+00
-1.379165053367614746e-02
-7.386510968208312988e-01
2.157292366027832031e-01
4.543230056762695312e+00
5.000000000000000000e+00
-1.653195023536682129e-01
3.728555440902709961e-01
5.000000000000000000e+00
2.502189397811889648e+00
3.027724742889404297e+00
5.000000000000000000e+00
-7.920562624931335449e-01
1.771049857139587402e+00
2.752500057220458984e+00
3.195723056793212891e+00
-6.897033452987670898e-01
5.000000000000000000e+00
2.069422006607055664e-01
-1.681499481201171875e+00
4.101480484008789062e+00
4.666609764099121094e-01
3.703190326690673828e+00
1.367826700210571289e+00
5.000000000000000000e+00
2.276174128055572510e-01
-3.250648975372314453e-01
-1.213052630424499512e+00
4.465946197509765625e+00
4.992531538009643555e-01
-1.478812098503112793e-01
4.328116893768310547e+00
5.000000000000000000e+00
5.000000000000000000e+00
-1.715899705886840820e+00
2.402959346771240234e+00
-3.456176519393920898e-01
2.323147058486938477e-01
2.164290428161621094e+00
1.790497303009033203e+00
3.631038188934326172e+00
1.901555895805358887e+00
2.196082830429077148e+00
4.570463657379150391e+00
5.000000000000000000e+00
2.563810348510742188e+00
4.674092769622802734e+00
8.429044485092163086e-02
4.277376532554626465e-01
3.090969324111938477e-01
6.970756053924560547e-01
-1.156062185764312744e-01
-5.032673478126525879e-01
1.212646007537841797e+00
2.468677282333374023e+00
-1.326089620590209961e+00
1.731426000595092773e+00
7.523210644721984863e-01
4.441676139831542969e+00
-6.109085679054260254e-01
-9.009356498718261719e-01
1.280110836029052734e+00
8.342255353927612305e-01
2.693403482437133789e+00
-7.254971265792846680e-01
2.635461330413818359e+00
5.000000000000000000e+00
7.647724747657775879e-01
-5.169978737831115723e-01
3.810543537139892578e+00
3.346863985061645508e+00
4.994174957275390625e+00
5.000000000000000000e+00
5.093339085578918457e-01
4.850420475006103516e+00
1.871042490005493164e+00
7.002356052398681641e-01
4.535323977470397949e-01
5.000000000000000000e+00
1.727604627609252930e+00
1.640286684036254883e+00
-1.086048603057861328e+00
-9.569643437862396240e-02
1.694364070892333984e+00
2.071008443832397461e+00
1.755065798759460449e+00
2.652494907379150391e-01
3.473473072052001953e+00
2.829584121704101562e+00
-4.246495962142944336e-01
1.344761371612548828e+00
-6.782488226890563965e-01
2.263383626937866211e+00
-5.226070880889892578e-01
9.458264112472534180e-01
8.033139109611511230e-01
4.368891239166259766e+00
3.385477662086486816e-01
3.421825408935546875e+00
-6.437436342239379883e-01
-9.027397632598876953e-02
-6.261740922927856445e-01
7.355983257293701172e-01
1.802808046340942383e-02
4.447719573974609375e+00
5.000000000000000000e+00
2.990718841552734375e+00
3.882711172103881836e+00
4.426666259765625000e+00
-1.158265233039855957e+00
-9.285063147544860840e-01
-6.939947605133056641e-01
5.000000000000000000e+00
5.000000000000000000e+00
4.497018337249755859e+00
-5.185687541961669922e-02
5.000000000000000000e+00
1.320992857217788696e-01
-1.987737119197845459e-01
6.343638896942138672e-02
7.261909246444702148e-01
-4.488264024257659912e-01
4.017970561981201172e+00
1.138567566871643066e+00
5.719356238842010498e-02
4.775393009185791016e+00
-1.151075124740600586e+00
-3.149768829345703125e+00
1.802913427352905273e+00
1.499891281127929688e+00
5.000000000000000000e+00
-5.797128677368164062e-01
2.108211040496826172e+00
2.049721240997314453e+00
4.484909057617187500e+00
-6.572457551956176758e-01
1.734530448913574219e+00
4.290254116058349609e+00
1.153723001480102539e+00
1.846232414245605469e+00
8.144547343254089355e-01
4.768620014190673828e+00
1.865123748779296875e+00
2.955904483795166016e+00
-9.109148383140563965e-01
4.903754234313964844e+00
-3.975028693675994873e-01
-2.388417720794677734e+00
5.000000000000000000e+00
-1.902769565582275391e+00
8.481637835502624512e-01
1.871513128280639648e-01
9.482316970825195312e-01
4.450809955596923828e+00
2.815737426280975342e-01
2.837251663208007812e+00
-1.824027061462402344e+00
1.258258819580078125e+00
4.896259307861328125e+00
7.602174878120422363e-01
-4.802371263504028320e-01
4.601531982421875000e+00
-5.885511636734008789e-01
4.454073905944824219e+00
4.316458702087402344e+00
-2.172439992427825928e-01
9.186013340950012207e-01
5.000000000000000000e+00
-9.121224880218505859e-01
3.934290409088134766e+00
2.478712558746337891e+00
3.549151897430419922e+00
3.874504089355468750e+00
3.249295949935913086e+00
5.000000000000000000e+00
5.000000000000000000e+00
2.513542771339416504e-01
-3.369635343551635742e-01
-1.375550389289855957e+00
5.000000000000000000e+00
1.484253168106079102e+00
4.219383239746093750e+00
3.634492874145507812e+00
-2.639564990997314453e+00
4.125694334506988525e-01
5.106512308120727539e-01
5.421285629272460938e-01
5.000000000000000000e+00
1.570834159851074219e+00
8.155333995819091797e-02
-3.339166939258575439e-01
-7.182121872901916504e-01
2.601837873458862305e+00
5.000000000000000000e+00
4.753744602203369141e+00
-1.110858440399169922e+00
2.562712192535400391e+00
1.377019882202148438e+00
7.328338027000427246e-01
7.813407182693481445e-01
-2.705677509307861328e+00
2.060003876686096191e-01
3.990981101989746094e+00
1.943238019943237305e+00
-2.304494142532348633e+00
-8.109313249588012695e-01
5.000000000000000000e+00
-7.745869159698486328e-01
2.579872608184814453e+00
-9.171056747436523438e-02
-2.457075119018554688e-01
2.658117294311523438e+00
2.362648010253906250e+00
-5.803279876708984375e-01
2.604323863983154297e+00
3.255548000335693359e+00
3.637053728103637695e+00
1.183224320411682129e+00
-3.478819131851196289e-01
2.402114391326904297e+00
4.585220336914062500e+00
3.054414033889770508e+00
5.000000000000000000e+00
-7.055019140243530273e-01
-1.603592872619628906e+00
5.000000000000000000e+00
9.319878816604614258e-01
-1.526057422161102295e-01
2.941085338592529297e+00
5.000000000000000000e+00
-1.161128759384155273e+00
3.741642951965332031e+00
3.012154102325439453e+00
2.859958410263061523e+00
1.210944056510925293e+00
-1.630608320236206055e+00
-1.466963768005371094e+00
1.236814260482788086e-01
3.127864837646484375e+00
3.227432727813720703e+00
6.154754757881164551e-01
-6.373608112335205078e-02
3.655488491058349609e+00
2.058830738067626953e+00
6.088274121284484863e-01
2.793451786041259766e+00
-6.657284498214721680e-01
-1.294414639472961426e+00
1.827169060707092285e-01
-1.234504222869873047e+00
5.654013752937316895e-01
-7.526230812072753906e-01
-1.530978202819824219e+00
5.000000000000000000e+00
5.626790523529052734e-01
4.437859058380126953e+00
5.000000000000000000e+00
4.772137641906738281e+00
2.338028430938720703e+00
7.136767506599426270e-01
-3.044676482677459717e-01
1.825124621391296387e-01
5.000000000000000000e+00
3.993865013122558594e+00
3.290282249450683594e+00
-4.561178684234619141e-01
4.510463476181030273e-01
2.532481908798217773e+00
7.828951478004455566e-01
4.336383938789367676e-01
-2.257816314697265625e+00
1.587218046188354492e+00
2.198318481445312500e+00
3.518803119659423828e-01
8.920524120330810547e-01
2.231639862060546875e+00
2.345184087753295898e+00
2.323814630508422852e+00
-2.192437648773193359e+00
4.301373362541198730e-01
2.124856472015380859e+00
-8.351502418518066406e-01
3.295292615890502930e+00
7.614508867263793945e-01
4.501311302185058594e+00
-7.171332836151123047e-03
-8.898025751113891602e-02
4.337884902954101562e+00
-1.365577876567840576e-01
1.123473405838012695e+00
-7.848057746887207031e-01
5.000000000000000000e+00
-2.188774824142456055e+00
-1.889988541603088379e+00
1.014011979103088379e+00
-7.270127534866333008e-01
3.557438611984252930e+00
2.238485336303710938e+00
-7.218486070632934570e-02
1.019268631935119629e+00
-3.314324617385864258e-01
1.389431118965148926e+00
1.122449636459350586e+00
2.508623600006103516e-01
2.744866609573364258e+00
3.453614473342895508e+00
-7.293698787689208984e-01
5.749143362045288086e-01
4.155334472656250000e+00
3.736848592758178711e+00
2.217012882232666016e+00
3.374118566513061523e+00
6.102937459945678711e-01
8.381996154785156250e-01
-1.876593589782714844e+00
-5.449393987655639648e-01
4.944748878479003906e+00
-1.058323532342910767e-01
-9.151381850242614746e-01
-1.921025276184082031e+00
-1.471542119979858398e-01
-4.200666844844818115e-01
-2.638830542564392090e-01
-1.095783352851867676e+00
4.237952232360839844e+00
2.113354504108428955e-01
1.223412513732910156e+00
4.550683498382568359e+00
-1.721265316009521484e+00
3.865319252014160156e+00
-8.707879185676574707e-01
-5.352767109870910645e-01
5.000000000000000000e+00
2.771401405334472656e+00
1.701140046119689941e+00
4.554053783416748047e+00
3.830991983413696289e+00
-2.584626674652099609e-01
-1.742631345987319946e-01
-3.712984561920166016e+00
1.622380495071411133e+00
4.799126386642456055e-01
