-7.203395366668701172e-01
1.197199106216430664e+00
-2.856749296188354492e-01
-1.499248027801513672e+00
5.000000000000000000e+00
4.654321670532226562e+00
4.310801506042480469e+00
-6.359794735908508301e-01
4.054131984710693359e+00
-1.017447829246520996e+00
1.634358644485473633e+00
-5.362039804458618164e-01
-7.239187955856323242e-01
3.998342037200927734e+00
7.448126077651977539e-01
2.691957235336303711e+00
-5.320092439651489258e-01
4.247785568237304688e+00
-1.817098855972290039e+00
2.014490365982055664e-01
6.568344831466674805e-01
-3.080317378044128418e-01
3.476556777954101562e+00
5.000000000000000000e+00
-5.771554112434387207e-01
4.539128780364990234e+00
-1.965097486972808838e-01
-1.603918313980102539e+00
4.064626693725585938e-01
4.292772293090820312e+00
1.860698223114013672e+00
-2.694625556468963623e-01
3.002846002578735352e+00
5.000000000000000000e+00
-8.966562747955322266e-01
2.697180271148681641e+00
1.119277954101562500e+00
-9.946758747100830078e-01
2.578968286514282227e+00
-1.906683206558227539e+00
3.355293273925781250e-01
1.653773784637451172e+00
2.446736812591552734e+00
1.229801654815673828e+00
4.013533592224121094e+00
5.000000000000000000e+00
4.443945288658142090e-01
1.175230264663696289e+00
1.292155265808105469e+00
5.000000000000000000e+00
-1.518510580062866211e+00
-8.810774683952331543e-01
6.326027512550354004e-01
-3.601050376892089844e-01
-1.684919476509094238e+00
-6.087526082992553711e-01
3.339298665523529053e-01
3.349186897277832031e+00
2.978573560714721680e+00
3.107842922210693359e+00
3.484261512756347656e+00
-1.353919982910156250e+00
1.851320266723632812e-01
4.150021374225616455e-01
1.872328281402587891e+00
3.484847545623779297e+00
-8.982564806938171387e-01
4.626798927783966064e-01
1.836793303489685059e+00
1.170025110244750977e+00
2.132838368415832520e-01
1.575440168380737305e+00
3.872986137866973877e-01
-8.107849955558776855e-01
3.332065105438232422e+00
5.204839706420898438e-01
1.061979770660400391e+00
-8.131532669067382812e-01
3.047288894653320312e+00
1.672478318214416504e+00
-4.162858426570892334e-01
-1.325046122074127197e-01
-9.063386917114257812e-02
-3.494235754013061523e+00
4.427378177642822266e+00
3.439061403274536133e+00
-1.955565214157104492e-01
-1.195204019546508789e+00
5.000000000000000000e+00
-3.227948546409606934e-01
4.083858966827392578e+00
-4.099411964416503906e-01
2.696355819702148438e+00
4.171672821044921875e+00
1.007854461669921875e+00
4.648853302001953125e+00
5.000000000000000000e+00
1.066440224647521973e+00
2.695745468139648438e+00
4.700930118560791016e+00
2.742000102996826172e+00
-6.063815951347351074e-01
3.359948396682739258e-01
-6.139868497848510742e-02
4.622498512268066406e+00
1.951423764228820801e+00
4.659664630889892578e+00
8.566144108772277832e-01
2.037498950958251953e-01
1.636063098907470703e+00
3.309441566467285156e+00
-6.973877549171447754e-01
5.718344449996948242e-01
1.322790145874023438e+00
2.954504966735839844e+00
2.054575681686401367e-01
5.085703134536743164e-01
1.171666264533996582e+00
1.365467309951782227e-01
3.302129983901977539e+00
3.778334856033325195e-01
8.686096668243408203e-01
4.383386135101318359e+00
2.897244930267333984e+00
2.395087718963623047e+00
6.957761049270629883e-01
-1.877544045448303223e+00
5.000000000000000000e+00
2.169164419174194336e+00
6.626313924789428711e-02
-2.517205476760864258e+00
8.141124248504638672e-02
5.000000000000000000e+00
4.959822654724121094e+00
1.715424418449401855e+00
1.832309365272521973e+00
5.000000000000000000e+00
1.970290422439575195e+00
4.701819896697998047e+00
-1.657117366790771484e+00
2.032703161239624023e-01
-5.578994154930114746e-01
5.000000000000000000e+00
1.329627990722656250e+00
4.566465377807617188e+00
1.373219966888427734e+00
4.331806302070617676e-01
-1.663096427917480469e+00
1.812367439270019531e-01
1.784810543060302734e+00
-1.426525831222534180e+00
2.733744859695434570e+00
3.893400669097900391e+00
7.519392967224121094e-01
9.787714481353759766e-01
-1.792446494102478027e+00
-5.877544879913330078e-01
1.406931519508361816e+00
4.531085491180419922e+00
5.000000000000000000e+00
-1.502884387969970703e+00
4.583251476287841797e+00
5.000000000000000000e+00
5.000000000000000000e+00
3.583509922027587891e+00
4.272941589355468750e+00
1.523108005523681641e+00
-5.054409503936767578e-01
2.371893167495727539e+00
-3.525888919830322266e-02
5.000000000000000000e+00
3.245446205139160156e+00
-7.717913389205932617e-01
4.600549221038818359e+00
1.792100071907043457e+00
2.455423355102539062e+00
4.409644603729248047e+00
1.041512489318847656e+00
-9.955642223358154297e-01
-1.805415391921997070e+00
3.001264333724975586e+00
3.665014982223510742e+00
3.791129827499389648e+00
-1.414597034454345703e-03
2.986506462097167969e+00
-4.095618128776550293e-01
1.856750249862670898e+00
-1.526550054550170898e-01
3.235378026962280273e+00
4.135338783264160156e+00
-5.428705215454101562e-01
-8.291133046150207520e-01
5.000000000000000000e+00
-5.772575736045837402e-02
-3.474610447883605957e-01
-1.537755966186523438e+00
1.613440871238708496e+00
-7.089271545410156250e-01
2.235628366470336914e+00
2.894552707672119141e+00
-1.939731538295745850e-01
3.194358348846435547e+00
2.094827413558959961e+00
1.649671196937561035e+00
1.823474764823913574e+00
5.000000000000000000e+00
-1.528450012207031250e+00
5.000000000000000000e+00
-1.378387928009033203e+00
4.616215705871582031e+00
1.879726529121398926e+00
-1.456487655639648438e+00
2.264569759368896484e+00
-3.885744810104370117e-01
3.762396335601806641e+00
2.488939762115478516e+00
5.000000000000000000e+00
5.000000000000000000e+00
2.245449125766754150e-01
1.725614309310913086e+00
9.352949857711791992e-01
-2.178124189376831055e-01
7.942467927932739258e-02
-1.173118352890014648e+00
-2.683315873146057129e-01
-2.212459146976470947e-01
1.944541335105895996e+00
3.944145441055297852e+00
-9.913613796234130859e-01
4.638595104217529297e+00
-9.468716382980346680e-02
2.998632669448852539e+00
-2.104990720748901367e+00
-1.415222406387329102e+00
2.578974008560180664e+00
-1.699577331542968750e+00
1.750723838806152344e+00
-7.801313400268554688e-01
3.340973854064941406e+00
-7.840965390205383301e-01
-1.520034790039062500e+00
2.614711284637451172e+00
-6.791234612464904785e-01
-1.245476722717285156e+00
2.067671775817871094e+00
2.076835870742797852e+00
5.000000000000000000e+00
2.692774832248687744e-01
4.494875907897949219e+00
-2.311838269233703613e-01
-2.261702060699462891e+00
1.330632686614990234e+00
2.480940341949462891e+00
5.000000000000000000e+00
4.923016428947448730e-01
4.061452388763427734e+00
4.884992599487304688e+00
1.443330883979797363e+00
6.834404468536376953e-01
1.407090187072753906e+00
5.441146492958068848e-01
1.019935131072998047e+00
-5.682288408279418945e-01
4.657950401306152344e+00
2.518903970718383789e+00
-5.111047029495239258e-01
6.554427146911621094e-01
-1.886699914932250977e+00
2.712381482124328613e-01
4.819808006286621094e+00
-2.472878932952880859e+00
5.000000000000000000e+00
2.747566223144531250e+00
3.957995891571044922e+00
1.386429190635681152e+00
5.000000000000000000e+00
-6.978097558021545410e-01
-3.599318265914916992e-01
1.553197145462036133e+00
-2.222008109092712402e-01
7.729345560073852539e-02
1.262909173965454102e+00
1.999581456184387207e+00
-8.440769314765930176e-01
1.089436054229736328e+00
-2.306236028671264648e-01
4.463015079498291016e+00
5.000000000000000000e+00
-1.583997130393981934e+00
-9.722463488578796387e-01
5.000000000000000000e+00
2.903917074203491211e+00
5.587077140808105469e-01
1.183811426162719727e-01
1.816268563270568848e+00
2.952809572219848633e+00
-1.820898205041885376e-01
-2.617697715759277344e-01
-2.156082630157470703e+00
4.553583145141601562e+00
4.613567829132080078e+00
2.096109867095947266e+00
4.058518886566162109e+00
2.387427568435668945e+00
4.852046012878417969e+00
1.876089572906494141e-01
3.653079509735107422e+00
-4.928213357925415039e-01
-1.406646370887756348e-01
5.000000000000000000e+00
-2.171332836151123047e+00
7.284666299819946289e-01
5.000000000000000000e+00
-9.495604038238525391e-02
-8.225253224372863770e-01
2.045453190803527832e-01
2.407938003540039062e+00
1.113344669342041016e+00
-1.809167861938476562e-01
6.990535259246826172e-01
1.691224575042724609e+00
2.045468091964721680e-01
2.525966405868530273e+00
9.701597690582275391e-01
-1.324357390403747559e+00
3.521575212478637695e+00
1.586541891098022461e+00
-1.354187726974487305e-02
2.511637926101684570e+00
2.953330993652343750e+00
4.893091201782226562e+00
9.021768569946289062e-01
4.785150527954101562e+00
1.589356660842895508e+00
-2.302807569503784180e+00
1.338218927383422852e+00
-3.280816972255706787e-01
-9.543841481208801270e-01
4.327386856079101562e+00
1.441396594047546387e+00
4.543384909629821777e-01
1.723381519317626953e+00
3.782006740570068359e+00
2.954594135284423828e+00
-5.798555016517639160e-01
5.000000000000000000e+00
4.346869945526123047e+00
2.614271640777587891e+00
3.759477376937866211e+00
-8.860263824462890625e-01
-2.235711812973022461e-01
-1.030211210250854492e+00
-7.439923286437988281e-02
-4.245235621929168701e-01
1.279461860656738281e+00
-7.135776281356811523e-01
5.000000000000000000e+00
4.436999261379241943e-01
-2.038481831550598145e-01
4.178004264831542969e+00
5.641999840736389160e-01
5.220360755920410156e-01
-1.286546587944030762e+00
4.980991840362548828e+00
-8.410243988037109375e-01
2.638257503509521484e+00
-1.177425146102905273e+00
1.730331182479858398e+00
-1.496611237525939941e-01
4.891757011413574219e+00
2.177853584289550781e+00
3.652776956558227539e+00
-1.132400989532470703e+00
5.000000000000000000e+00
3.025985002517700195e+00
-1.438640952110290527e-01
3.964391946792602539e-01
3.376677036285400391e+00
4.182741165161132812e+00
8.728252649307250977e-01
-7.144142389297485352e-01
-2.497153997421264648e+00
1.681175470352172852e+00
8.981170058250427246e-01
8.172415494918823242e-01
6.037631034851074219e-01
-1.048491954803466797e+00
3.984019160270690918e-01
3.820511341094970703e+00
3.488866806030273438e+00
-4.004508256912231445e-02
3.942372083663940430e+00
2.055176734924316406e+00
2.400702476501464844e+00
1.061255574226379395e+00
5.000000000000000000e+00
1.758515715599060059e+00
-8.083271980285644531e-01
-9.455173611640930176e-01
-4.412092268466949463e-01
2.936648845672607422e+00
-7.986472845077514648e-01
5.000000000000000000e+00
2.392640352249145508e+00
-1.069860577583312988e+00
-4.064957499504089355e-01
-1.384814620018005371e+00
-3.049204826354980469e+00
1.610266327857971191e+00
5.704506635665893555e-01
2.743473052978515625e+00
4.996350765228271484e+00
2.020116329193115234e+00
1.894277930259704590e+00
-1.467539548873901367e+00
-4.098637700080871582e-01
3.253376483917236328e+00
-7.923998832702636719e-01
-1.445644617080688477e+00
5.315452814102172852e-01
5.000000000000000000e+00
4.350897789001464844e+00
2.924757003784179688e+00
-2.475882172584533691e-01
2.338446140289306641e+00
4.222187995910644531e+00
2.138013362884521484e+00
-6.105228662490844727e-01
5.000000000000000000e+00
-1.838819026947021484e+00
-8.667405247688293457e-01
-5.381102561950683594e-01
5.000000000000000000e+00
1.212997674942016602e+00
5.000000000000000000e+00
2.552897334098815918e-01
5.000000000000000000e+00
5.000000000000000000e+00
5.937054753303527832e-01
2.027362823486328125e+00
1.585620284080505371e+00
2.010391712188720703e+00
-1.033222079277038574e+00
1.459220051765441895e+00
-4.528888165950775146e-01
-5.000742673873901367e-01
-2.729675471782684326e-01
1.678807854652404785e+00
-6.966178417205810547e-01
1.618418097496032715e-02
5.000000000000000000e+00
2.347454547882080078e+00
-1.847341775894165039e+00
2.885285377502441406e+00
-8.116325736045837402e-01
2.122619867324829102e+00
-3.941848576068878174e-01
2.149675846099853516e+00
1.530416250228881836e+00
5.000000000000000000e+00
-1.173457026481628418e+00
9.038389325141906738e-01
3.480001449584960938e+00
-2.101986408233642578e-01
3.292750358581542969e+00
-1.716236472129821777e-01
-1.590611815452575684e+00
5.000000000000000000e+00
1.827533721923828125e+00
7.591078281402587891e-01
5.000000000000000000e+00
-1.633757710456848145e+00
2.678106784820556641e+00
-1.982483267784118652e-02
2.999719381332397461e-01
-1.242642045021057129e+00
2.091583907604217529e-01
9.864119887351989746e-01
5.475857257843017578e-01
5.000000000000000000e+00
-9.763244986534118652e-01
1.082485437393188477e+00
4.006949901580810547e+00
1.829774379730224609e-01
-1.089498162269592285e+00
2.683557987213134766e+00
5.670250058174133301e-01
3.132738769054412842e-01
1.337233424186706543e+00
-9.684370756149291992e-01
4.123607158660888672e+00
3.453405499458312988e-01
4.673561096191406250e+00
-8.983448147773742676e-01
1.704918861389160156e+00
-1.025790572166442871e+00
3.203185081481933594e+00
-1.962127923965454102e+00
1.681665182113647461e+00
3.126828670501708984e+00
1.599798798561096191e+00
8.001518249511718750e-01
-1.872031927108764648e+00
5.582054853439331055e-01
2.377588510513305664e+00
1.679973721504211426e+00
-1.913181990385055542e-01
-1.204083681106567383e+00
-6.601431965827941895e-01
2.425301373004913330e-01
3.634180068969726562e+00
-5.509544610977172852e-01
6.749135255813598633e-01
-3.736246824264526367e-01
-9.029501676559448242e-01
2.001256942749023438e+00
1.864246726036071777e-01
2.284247159957885742e+00
4.889026165008544922e+00
-1.597719311714172363e+00
-8.871568441390991211e-01
-6.161022186279296875e-01
1.295298814773559570e+00
1.971839666366577148e-01
1.909286856651306152e+00
3.960223436355590820e+00
1.736358880996704102e+00
-7.003920078277587891e-01
-3.677914142608642578e-01
5.706008672714233398e-01
-2.881647109985351562e+00
5.000000000000000000e+00
3.280555725097656250e+00
1.939160227775573730e+00
-1.375662326812744141e+00
2.878947734832763672e+00
2.850830554962158203e+00
5.000000000000000000e+00
5.000000000000000000e+00
-1.073020577430725098e+00
9.867563247680664062e-01
-1.817346215248107910e+00
1.815242290496826172e+00
-3.167937994003295898e-01
5.000000000000000000e+00
1.337833523750305176e+00
-1.675753951072692871e+00
1.182189702987670898e+00
2.660448789596557617e+00
-7.978762984275817871e-01
-1.313327074050903320e+00
4.859786987304687500e+00
2.633473396301269531e+00
5.000000000000000000e+00
-1.480569124221801758e+00
-9.848152399063110352e-01
5.000000000000000000e+00
1.011226892471313477e+00
3.807389259338378906e+00
1.189996004104614258e+00
2.139472007751464844e+00
2.504785954952239990e-01
4.989750862121582031e+00
3.835966885089874268e-01
-9.050519466400146484e-01
-1.182063221931457520e+00
-2.041512489318847656e+00
4.263232231140136719e+00
5.000000000000000000e+00
-1.106779098510742188e+00
-5.241065025329589844e-01
5.104868412017822266e-01
1.746590137481689453e+00
-2.086042404174804688e+00
1.185353755950927734e+00
2.905014514923095703e+00
3.514372348785400391e+00
-8.889265656471252441e-01
4.364235877990722656e+00
2.664496421813964844e+00
9.570444822311401367e-01
1.805437207221984863e-01
1.582677125930786133e+00
1.037438631057739258e+00
6.982713937759399414e-02
4.598600864410400391e+00
5.000000000000000000e+00
2.432073116302490234e+00
-6.229786872863769531e-01
5.000000000000000000e+00
2.183738797903060913e-01
3.431202769279479980e-01
4.736108779907226562e+00
-2.297496199607849121e-01
1.223677754402160645e+00
-2.903880476951599121e-01
1.557094097137451172e+00
1.535203605890274048e-01
1.577510714530944824e+00
-5.330512523651123047e-01
5.000000000000000000e+00
3.606820583343505859e+00
-1.507981777191162109e+00
1.596100568771362305e+00
2.374098062515258789e+00
2.406922340393066406e+00
-5.372449159622192383e-01
3.047327995300292969e+00
4.169363021850585938e+00
-1.013509035110473633e-01
2.267763018608093262e-01
4.805748939514160156e+00
-2.026389837265014648e-01
2.177909135818481445e+00
2.776268243789672852e+00
5.000000000000000000e+00
-8.110467791557312012e-01
-1.508097648620605469e+00
5.000000000000000000e+00
3.596258640289306641e+00
2.096943378448486328e+00
4.507205009460449219e+00
-4.090772569179534912e-01
-3.433942794799804688e-02
4.245009422302246094e+00
1.382639646530151367e+00
2.469173669815063477e+00
-2.744994163513183594e+00
3.184066534042358398e+00
3.098157167434692383e+00
4.777734756469726562e+00
1.654982686042785645e+00
2.584568977355957031e+00
-2.763780355453491211e+00
8.454400300979614258e-01
1.525096058845520020e+00
-1.631169438362121582e+00
1.778892040252685547e+00
1.528801679611206055e+00
3.686519145965576172e+00
-2.186089754104614258e+00
4.432684898376464844e+00
4.990164279937744141e+00
-4.360057413578033447e-01
3.607237100601196289e+00
3.339270114898681641e+00
-7.362807989120483398e-01
1.602095007896423340e+00
1.084717035293579102e+00
1.844943463802337646e-01
9.422292113304138184e-01
4.541613578796386719e+00
2.937933444976806641e+00
3.585762739181518555e+00
2.192754030227661133e+00
-4.871539175510406494e-01
-9.164835214614868164e-01
3.699141025543212891e+00
3.172404766082763672e+00
-8.182739019393920898e-01
5.000000000000000000e+00
4.420089721679687500e-01
1.193666219711303711e+00
2.201266288757324219e+00
-1.255677461624145508e+00
1.089067459106445312e+00
1.706381559371948242e+00
9.130241870880126953e-01
-8.806326389312744141e-01
3.664253234863281250e+00
-9.537883996963500977e-01
-7.957910895347595215e-01
-1.891571164131164551e+00
3.594719886779785156e+00
3.454920649528503418e-01
-2.185092687606811523e+00
-1.101566553115844727e+00
9.105321168899536133e-01
-1.665273904800415039e-01
2.750247955322265625e+00
-6.154701709747314453e+00
5.000000000000000000e+00
5.000000000000000000e+00
3.381226539611816406e+00
4.740246295928955078e+00
-2.146721124649047852e+00
2.684332132339477539e+00
1.370303869247436523e+00
8.966715335845947266e-01
5.000000000000000000e+00
2.533046960830688477e+00
1.127517461776733398e+00
-8.401499986648559570e-01
