1.754789590835571289e+00
3.513387680053710938e+00
1.523475646972656250e-01
4.534198760986328125e+00
-5.990027189254760742e-01
4.710391998291015625e+00
-3.087874054908752441e-01
-1.244996190071105957e+00
1.244373559951782227e+00
5.000000000000000000e+00
2.885834932327270508e+00
1.498744845390319824e+00
3.823653221130371094e+00
2.207936286926269531e+00
-9.838690757751464844e-01
-1.659972190856933594e+00
-1.417303562164306641e+00
4.669973254203796387e-02
2.129569053649902344e+00
5.000000000000000000e+00
-9.243537187576293945e-01
-1.383371591567993164e+00
-4.264625906944274902e-01
1.944126009941101074e+00
1.659907937049865723e+00
3.786766529083251953e+00
5.000000000000000000e+00
1.292649865150451660e+00
3.682173728942871094e+00
2.081968188285827637e-01
4.929744720458984375e+00
9.785896539688110352e-01
4.666252732276916504e-01
-1.207999706268310547e+00
5.000000000000000000e+00
-1.234800100326538086e+00
2.492021560668945312e+00
7.174878120422363281e-01
3.045269250869750977e-01
5.000000000000000000e+00
5.000000000000000000e+00
4.518622875213623047e+00
-2.334023475646972656e+00
-4.746592640876770020e-01
2.145668745040893555e+00
2.141023635864257812e+00
3.328225135803222656e+00
3.749815464019775391e+00
5.959475040435791016e-01
9.269140958786010742e-01
1.045971393585205078e+00
4.883837699890136719e+00
2.835248947143554688e+00
-2.457454204559326172e+00
2.665795087814331055e+00
5.000000000000000000e+00
3.140707254409790039e+00
4.408972263336181641e+00
6.930947303771972656e-03
-8.914387226104736328e-01
1.991600751876831055e+00
-1.634841322898864746e+00
3.901267766952514648e+00
-1.110059261322021484e+00
-4.846597015857696533e-01
4.337443828582763672e+00
4.625126838684082031e+00
-8.604639172554016113e-01
5.000000000000000000e+00
-2.179427742958068848e-01
-5.824331641197204590e-01
3.805820703506469727e+00
2.449215888977050781e+00
-3.347390890121459961e-01
-6.019120216369628906e-01
5.000000000000000000e+00
1.434051632881164551e+00
-1.335718154907226562e+00
1.039867877960205078e+00
3.305091381072998047e+00
4.832946956157684326e-01
4.225831985473632812e+00
-2.741206169128417969e+00
-1.026952505111694336e+00
-4.066138863563537598e-01
-1.783718913793563843e-01
5.000000000000000000e+00
2.110314846038818359e+00
2.848540306091308594e+00
-1.451884508132934570e-01
4.559814929962158203e+00
-7.545855045318603516e-01
-7.220622897148132324e-01
-2.188910484313964844e+00
4.833853244781494141e-01
-1.925688147544860840e+00
4.411805152893066406e+00
2.547487735748291016e+00
2.052723765373229980e-01
5.000000000000000000e+00
5.000000000000000000e+00
-7.561019659042358398e-01
-7.351863980293273926e-01
1.450359106063842773e+00
5.689032077789306641e-01
-4.064582586288452148e-01
2.046235799789428711e-01
-6.670031547546386719e-01
1.047775030136108398e+00
1.206003189086914062e+00
1.748990416526794434e-01
4.748873710632324219e-01
6.973068714141845703e-01
4.161265373229980469e+00
3.440789222717285156e+00
5.000000000000000000e+00
-1.718881607055664062e+00
1.677003979682922363e+00
1.517497062683105469e+00
1.728757977485656738e+00
5.000000000000000000e+00
-3.133966326713562012e-01
-8.133301734924316406e-01
-5.825816988945007324e-01
-5.674465894699096680e-01
3.071573257446289062e+00
4.025183200836181641e+00
-1.636459112167358398e+00
-2.590960502624511719e+00
-4.754501581192016602e-01
1.707038640975952148e+00
-9.258222579956054688e-02
2.271115779876708984e+00
5.000000000000000000e+00
1.222514063119888306e-01
2.830540537834167480e-01
3.212810039520263672e+00
3.649841308593750000e+00
-9.979227185249328613e-01
-1.819454193115234375e+00
3.176162958145141602e+00
2.364256858825683594e+00
1.514199733734130859e+00
1.979849696159362793e+00
1.484929025173187256e-01
2.254110336303710938e+00
2.727454185485839844e+00
2.436783552169799805e+00
1.433683037757873535e-01
8.224960565567016602e-01
4.794266700744628906e+00
-9.795912504196166992e-01
-2.133906364440917969e+00
1.266602396965026855e+00
1.105309486389160156e+00
-9.855708479881286621e-02
-1.131016612052917480e+00
1.008639335632324219e+00
9.222331643104553223e-02
6.301336288452148438e-01
-1.807701945304870605e+00
1.179189443588256836e+00
3.539988756179809570e+00
2.870727539062500000e+00
6.720499396324157715e-01
-2.043538093566894531e-01
5.000000000000000000e+00
-1.260378509759902954e-01
5.000000000000000000e+00
-1.404249191284179688e+00
5.485918521881103516e-01
1.812132239341735840e+00
5.000000000000000000e+00
5.999538302421569824e-01
3.518947064876556396e-01
5.000000000000000000e+00
-4.694737195968627930e-01
-5.388000607490539551e-01
1.903209090232849121e-01
1.802826642990112305e+00
7.597076892852783203e-02
3.924113035202026367e+00
-4.819207787513732910e-01
5.000000000000000000e+00
-6.364957094192504883e-01
1.473458290100097656e+00
4.174494743347167969e-01
-2.107994318008422852e+00
1.353916525840759277e+00
2.074820995330810547e+00
2.143361091613769531e+00
4.715889394283294678e-01
4.629408836364746094e+00
8.314270973205566406e-01
1.565334081649780273e+00
-9.438855051994323730e-01
1.683827042579650879e+00
9.075516462326049805e-01
-8.319454193115234375e-01
-8.589803576469421387e-01
4.693138122558593750e+00
6.391400098800659180e-01
1.670553207397460938e+00
1.180644989013671875e+00
7.129279971122741699e-01
2.926288366317749023e+00
3.255480766296386719e+00
-1.448268413543701172e+00
1.608481645584106445e+00
9.099552035331726074e-02
4.775092124938964844e+00
1.582921743392944336e+00
5.000000000000000000e+00
-2.799859046936035156e-01
-3.846040487289428711e+00
2.788577556610107422e+00
2.174714326858520508e+00
4.853051662445068359e+00
-8.020576834678649902e-01
2.959815502166748047e+00
-2.202736616134643555e+00
1.551357030868530273e+00
1.714059710502624512e-01
-7.034764885902404785e-01
3.035655975341796875e+00
-3.069970607757568359e-01
3.231414258480072021e-01
7.760505676269531250e-01
6.627088189125061035e-01
-1.740373611450195312e+00
2.772623538970947266e+00
2.908318042755126953e+00
-6.011514663696289062e-01
6.909837722778320312e-01
2.976604461669921875e+00
5.000000000000000000e+00
4.183275222778320312e+00
2.796759843826293945e+00
-8.032573461532592773e-01
1.350526094436645508e+00
4.963169097900390625e+00
3.593711853027343750e-01
2.002910137176513672e+00
3.560749769210815430e+00
2.274985313415527344e+00
4.966669559478759766e+00
5.946993827819824219e-01
-7.745277881622314453e-01
-2.605133056640625000e-01
1.231694340705871582e+00
2.975834846496582031e+00
1.704018354415893555e+00
1.470783948898315430e+00
4.764985084533691406e+00
1.228618621826171875e-01
1.328345656394958496e+00
-3.232040405273437500e-01
-7.509427070617675781e-01
2.596617937088012695e+00
5.000000000000000000e+00
9.231468439102172852e-01
2.486203193664550781e+00
7.590699195861816406e-01
5.000000000000000000e+00
3.583861589431762695e-01
2.896384716033935547e+00
4.752236008644104004e-01
4.779480457305908203e+00
4.557159423828125000e+00
-3.594697713851928711e-01
5.000000000000000000e+00
1.301005184650421143e-01
-2.610348224639892578e+00
1.203019976615905762e+00
-1.663009285926818848e+00
-9.048544764518737793e-01
-1.107404589653015137e+00
-8.047083020210266113e-02
9.405301809310913086e-01
1.032538414001464844e-01
4.540611267089843750e+00
1.847368121147155762e+00
4.326131820678710938e+00
5.000000000000000000e+00
2.435027837753295898e+00
4.002885818481445312e+00
4.196619987487792969e+00
-2.146617650985717773e+00
2.736261487007141113e-02
3.678343534469604492e+00
4.991511821746826172e+00
8.530483841896057129e-01
-2.799556255340576172e-01
-3.416867554187774658e-01
1.807030141353607178e-01
1.210363745689392090e+00
1.519599318504333496e+00
-1.201074481010437012e+00
-9.913815259933471680e-01
2.123535871505737305e+00
-7.244303226470947266e-01
5.000000000000000000e+00
4.563775062561035156e+00
-3.440115451812744141e-01
4.157171249389648438e+00
-1.481006503105163574e+00
4.990870475769042969e+00
5.000000000000000000e+00
5.000000000000000000e+00
3.640705347061157227e+00
1.262095928192138672e+00
-5.509954690933227539e-01
5.000000000000000000e+00
-1.261043071746826172e+00
8.038910627365112305e-01
7.928335666656494141e-02
1.885078430175781250e+00
-6.589166522026062012e-01
1.401173353195190430e+00
5.000000000000000000e+00
-1.461915969848632812e-01
-9.704707860946655273e-01
5.478107929229736328e-02
1.129347562789916992e+00
3.697597026824951172e+00
-5.326747894287109375e-02
2.791339874267578125e+00
-3.467152416706085205e-01
-3.078583478927612305e-01
-1.685690283775329590e+00
1.634054422378540039e+00
1.469445824623107910e-01
-1.674598455429077148e-02
3.684950351715087891e+00
-3.950864076614379883e-01
1.608415603637695312e+00
6.373338699340820312e-01
-6.170569062232971191e-01
-9.034138917922973633e-01
1.568778276443481445e+00
1.988225102424621582e+00
-1.691319704055786133e+00
3.751564025878906250e+00
1.700946569442749023e+00
-6.125992536544799805e-01
5.000000000000000000e+00
-2.288192510604858398e-01
-1.656486272811889648e+00
2.037230968475341797e+00
-3.597288429737091064e-01
1.248235106468200684e-01
5.287689566612243652e-01
3.121188640594482422e+00
-2.057641506195068359e+00
1.998127698898315430e+00
3.400485277175903320e+00
2.290736436843872070e+00
2.500808238983154297e-02
5.000000000000000000e+00
1.002854347229003906e+00
3.800622224807739258e+00
1.988368034362792969e+00
2.817857861518859863e-01
4.195013523101806641e+00
4.621666908264160156e+00
3.025951862335205078e+00
5.000000000000000000e+00
-3.386632204055786133e-01
1.444993615150451660e+00
4.703870773315429688e+00
1.550404071807861328e+00
1.814610958099365234e+00
-5.847923755645751953e-01
1.470218300819396973e+00
4.512813568115234375e+00
5.000000000000000000e+00
5.417399406433105469e-01
8.122723698616027832e-01
-4.800637364387512207e-01
4.847438812255859375e+00
1.582269430160522461e+00
2.444589138031005859e-02
5.277445912361145020e-01
3.381953477859497070e+00
-2.687385082244873047e-01
4.523332118988037109e+00
7.668806314468383789e-01
3.256379365921020508e-01
7.523028850555419922e-01
4.941038787364959717e-02
4.765010833740234375e+00
2.249074935913085938e+00
2.825918912887573242e+00
-9.773743152618408203e-01
-1.153444290161132812e+00
-3.945730328559875488e-01
2.496083974838256836e+00
-2.677856683731079102e+00
1.907378435134887695e-01
-1.217902660369873047e+00
-9.062461853027343750e-01
2.416879892349243164e+00
4.607138633728027344e+00
-1.072667598724365234e+00
1.609648466110229492e+00
3.394675254821777344e+00
-7.373232841491699219e-01
2.209863066673278809e-01
1.992636442184448242e+00
5.000000000000000000e+00
2.109273195266723633e+00
2.188261747360229492e-01
-7.094368934631347656e-01
5.000000000000000000e+00
-2.418935537338256836e+00
1.277679204940795898e-01
4.473073005676269531e+00
5.000000000000000000e+00
-1.041414856910705566e+00
-1.299515962600708008e+00
-9.070342183113098145e-01
2.988626956939697266e+00
-6.391767263412475586e-01
5.000000000000000000e+00
2.094290256500244141e+00
-2.066557884216308594e+00
4.137193202972412109e+00
-1.168948888778686523e+00
4.863082885742187500e+00
4.994896888732910156e+00
3.201979160308837891e+00
4.322109222412109375e+00
1.966155886650085449e+00
1.725777685642242432e-01
2.567040920257568359e+00
2.328795433044433594e+00
4.105667591094970703e+00
-1.043008089065551758e+00
5.000000000000000000e+00
3.255091667175292969e+00
-2.969905436038970947e-01
7.476780414581298828e-01
4.896796226501464844e+00
-1.743084192276000977e-02
2.510801315307617188e+00
3.981697082519531250e+00
4.802772521972656250e+00
2.073854923248291016e+00
3.362880229949951172e+00
1.536548376083374023e+00
3.873306274414062500e+00
-9.745576381683349609e-01
4.112950325012207031e+00
2.695717811584472656e+00
5.000000000000000000e+00
1.719785928726196289e-01
2.563145637512207031e+00
3.571484565734863281e+00
2.663784027099609375e+00
2.438567161560058594e+00
1.717084765434265137e+00
7.040186524391174316e-01
2.608369827270507812e+00
1.965902894735336304e-01
4.591746330261230469e+00
1.213826656341552734e+00
1.550146341323852539e-01
-4.787903726100921631e-01
3.175552129745483398e+00
-6.706233620643615723e-01
-1.795350670814514160e+00
-1.200188755989074707e+00
3.056159019470214844e+00
-1.245373606681823730e+00
-4.946670234203338623e-01
5.000000000000000000e+00
1.139280200004577637e-01
-4.854984581470489502e-01
-2.005194664001464844e+00
-1.344752073287963867e+00
2.022430896759033203e+00
-3.532515764236450195e-01
3.811549425125122070e+00
-7.132312059402465820e-01
-9.255393743515014648e-01
-1.216671586036682129e+00
1.704920053482055664e+00
1.262319087982177734e-01
2.388935089111328125e+00
4.848433017730712891e+00
4.624466896057128906e+00
-2.814266681671142578e-01
-1.989925742149353027e+00
1.933596968650817871e+00
-4.795969724655151367e-01
-3.042476177215576172e-01
5.000000000000000000e+00
-1.822159290313720703e+00
1.043304204940795898e-01
2.284248352050781250e+00
-5.196380615234375000e-01
-7.631018161773681641e-01
-9.594609737396240234e-01
3.531253337860107422e+00
8.605287075042724609e-01
-9.846221208572387695e-01
-6.417557001113891602e-01
-1.983955025672912598e+00
3.757345676422119141e+00
4.016680240631103516e+00
5.000000000000000000e+00
2.810992479324340820e+00
-8.305634856224060059e-01
1.398283362388610840e+00
3.552073001861572266e+00
3.692086219787597656e+00
8.977481722831726074e-01
-1.419505476951599121e+00
-2.318759918212890625e+00
2.009466171264648438e+00
-5.102684497833251953e-01
-1.750998973846435547e+00
9.737226963043212891e-01
5.000000000000000000e+00
3.640752136707305908e-01
1.639280319213867188e-01
5.000000000000000000e+00
-1.089697837829589844e+00
-3.201754987239837646e-01
4.612590789794921875e+00
3.391275167465209961e+00
6.636659502983093262e-01
5.000000000000000000e+00
2.764300823211669922e+00
-3.443253040313720703e-01
-5.919047594070434570e-01
-8.954819440841674805e-01
5.000000000000000000e+00
2.981492519378662109e+00
4.405881166458129883e-01
4.302640438079833984e+00
4.915682792663574219e+00
5.296043157577514648e-01
4.046500325202941895e-01
2.697917461395263672e+00
2.008785724639892578e+00
3.768671512603759766e+00
2.710150241851806641e+00
-3.020386695861816406e-01
2.550030469894409180e+00
-2.324157953262329102e-01
-9.167253971099853516e-01
6.491469740867614746e-01
6.733310222625732422e-02
4.310088634490966797e+00
4.913725852966308594e+00
3.981278657913208008e+00
1.279008865356445312e+00
-5.680820941925048828e-01
1.441740155220031738e+00
3.956136703491210938e+00
5.000000000000000000e+00
-7.729417085647583008e-01
2.891761362552642822e-01
2.000110864639282227e+00
2.877046823501586914e+00
2.793165922164916992e+00
-5.642523765563964844e-01
3.884108066558837891e+00
-3.278688192367553711e-01
4.518932342529296875e+00
-9.555823802947998047e-01
4.569476127624511719e+00
-1.600920259952545166e-01
-6.619355082511901855e-01
-3.081794738769531250e+00
2.274892807006835938e+00
-8.918285369873046875e-02
1.825629949569702148e+00
4.327560424804687500e+00
4.688510417938232422e+00
-5.100528597831726074e-01
4.306602478027343750e+00
4.977128505706787109e+00
5.000000000000000000e+00
7.172430157661437988e-01
-2.053383111953735352e+00
4.374351501464843750e+00
-6.657044887542724609e-01
1.981802701950073242e+00
4.868518352508544922e+00
3.562971115112304688e+00
-6.134219169616699219e-01
5.000000000000000000e+00
-1.293563604354858398e+00
-7.361719608306884766e-01
6.647348403930664062e-01
3.557672023773193359e+00
2.424292325973510742e+00
-1.840727567672729492e+00
3.748281002044677734e+00
7.872307896614074707e-01
3.319421768188476562e+00
5.759145021438598633e-01
3.696534037590026855e-01
1.184603214263916016e+00
4.767024517059326172e+00
2.301434993743896484e+00
-5.146173238754272461e-01
2.127552032470703125e+00
3.995566844940185547e+00
8.781139254570007324e-01
4.297081470489501953e+00
5.000000000000000000e+00
2.299330472946166992e+00
5.000000000000000000e+00
2.354675531387329102e-01
-6.223154067993164062e-02
2.127183675765991211e-01
-1.384742736816406250e+00
2.492774963378906250e+00
-1.206923127174377441e-01
9.095509052276611328e-01
-9.558433294296264648e-01
5.000000000000000000e+00
3.046204328536987305e+00
2.214662551879882812e+00
-1.310996413230895996e+00
3.888839960098266602e+00
-7.485603690147399902e-01
5.000000000000000000e+00
5.000000000000000000e+00
-2.612075805664062500e+00
1.968494176864624023e+00
3.595885753631591797e+00
3.807367086410522461e+00
1.277251005172729492e+00
-2.928747832775115967e-01
5.000000000000000000e+00
5.000000000000000000e+00
3.755395174026489258e+00
-7.484635710716247559e-01
9.664553403854370117e-01
1.864424228668212891e+00
7.524262070655822754e-01
4.595997810363769531e+00
5.000000000000000000e+00
5.000000000000000000e+00
1.976541161537170410e+00
-7.391669750213623047e-01
5.000000000000000000e+00
-1.977194190025329590e+00
4.362533986568450928e-01
-1.710868835449218750e+00
8.029999732971191406e-01
3.143910408020019531e+00
3.986947774887084961e+00
-1.285636425018310547e+00
5.598697662353515625e-01
-9.799031019210815430e-01
-1.718935012817382812e+00
1.185007095336914062e+00
-7.830944657325744629e-01
5.000000000000000000e+00
7.633686661720275879e-01
-1.511021018028259277e+00
2.913518905639648438e+00
4.988677978515625000e+00
-7.673614621162414551e-01
-1.506921529769897461e+00
9.683284759521484375e-01
-8.804637193679809570e-01
5.000000000000000000e+00
2.526908218860626221e-01
5.000000000000000000e+00
-1.429532885551452637e+00
4.751262664794921875e+00
5.000000000000000000e+00
4.379414081573486328e+00
4.826192378997802734e+00
3.335951328277587891e+00
-1.206699967384338379e+00
5.197675824165344238e-01
4.208775520324707031e+00
-4.786427915096282959e-01
-2.575856447219848633e-01
1.943865537643432617e+00
-4.353247880935668945e-01
-1.136251986026763916e-01
1.683140635490417480e+00
1.284601449966430664e+00
2.716970443725585938e+00
-5.237028002738952637e-02
