6.114374399185180664e-01
3.355989933013916016e+00
2.745428562164306641e+00
-2.271664142608642578e+00
2.483195066452026367e-01
1.335153222084045410e+00
1.585558891296386719e+00
-1.328122138977050781e+00
3.845143795013427734e+00
2.156745910644531250e+00
8.834049105644226074e-01
1.374236345291137695e-01
1.547892451286315918e+00
-2.561096429824829102e+00
5.000000000000000000e+00
3.861229181289672852e+00
2.054274559020996094e+00
-8.811372518539428711e-01
4.494899749755859375e+00
1.512804746627807617e+00
-4.685185551643371582e-01
3.303052186965942383e-01
-4.047990143299102783e-01
1.201693177223205566e+00
4.559030055999755859e+00
-2.421833992004394531e+00
-6.942701339721679688e-02
-4.468854069709777832e-01
2.444926261901855469e+00
-3.326702713966369629e-01
3.771469593048095703e-01
3.893688440322875977e+00
-6.378283500671386719e-01
-2.155859231948852539e+00
6.689722537994384766e-01
-1.251706838607788086e+00
-1.203679680824279785e+00
5.000000000000000000e+00
-1.036920428276062012e+00
1.829457044601440430e+00
4.203029632568359375e+00
4.128354072570800781e+00
-2.668184757232666016e+00
3.942190170288085938e+00
9.389898777008056641e-01
-3.131194710731506348e-01
4.043205738067626953e+00
5.000000000000000000e+00
-1.312929391860961914e-02
5.000000000000000000e+00
-1.062312722206115723e-01
2.184059858322143555e+00
-1.017771005630493164e+00
-2.529618442058563232e-01
-1.405709385871887207e+00
2.505535483360290527e-01
2.787095308303833008e+00
2.218096733093261719e+00
2.669136285781860352e+00
1.329474449157714844e+00
1.731074094772338867e+00
4.090079367160797119e-01
4.649614810943603516e+00
1.290602087974548340e-01
1.724305391311645508e+00
2.881916999816894531e+00
-4.633636176586151123e-01
4.558482170104980469e+00
3.796480655670166016e+00
1.346630692481994629e+00
1.837929010391235352e+00
-1.704411268234252930e+00
4.827918052673339844e+00
2.413828372955322266e+00
5.000000000000000000e+00
1.270299673080444336e+00
2.198290109634399414e+00
9.133796095848083496e-01
-1.014721632003784180e+00
-9.687680006027221680e-01
-7.220585942268371582e-01
-1.104693889617919922e+00
-1.169620394706726074e+00
1.269175410270690918e+00
1.933033585548400879e+00
5.000000000000000000e+00
3.887852668762207031e+00
5.000000000000000000e+00
5.000000000000000000e+00
1.055479049682617188e+00
1.739909648895263672e-01
-1.853056907653808594e+00
-1.945601403713226318e-01
-4.282479882240295410e-01
4.214378833770751953e+00
-1.118637204170227051e+00
-1.219389915466308594e+00
1.582098126411437988e+00
2.319331645965576172e+00
-8.676090836524963379e-01
-1.984450578689575195e+00
1.237578034400939941e+00
2.127692699432373047e+00
-1.116855859756469727e+00
-1.005215644836425781e+00
6.026295423507690430e-01
1.114462137222290039e+00
4.138461112976074219e+00
6.796324253082275391e-01
8.484961390495300293e-01
2.839945793151855469e+00
2.002192974090576172e+00
3.080535888671875000e+00
2.560329914093017578e+00
3.733330249786376953e+00
2.612055778503417969e+00
8.803210258483886719e-01
-2.139357089996337891e+00
-1.680881381034851074e+00
2.830133914947509766e+00
4.722813606262207031e+00
-1.393737077713012695e+00
-1.461709737777709961e-01
5.000000000000000000e+00
1.523660182952880859e+00
-6.702523827552795410e-01
5.000000000000000000e+00
5.000000000000000000e+00
1.805895805358886719e+00
3.483787059783935547e+00
4.969778060913085938e+00
-1.568024158477783203e+00
-1.680665493011474609e+00
1.323748826980590820e+00
4.654540538787841797e+00
-1.419526338577270508e-01
5.000000000000000000e+00
4.798060655593872070e-01
2.242312431335449219e+00
2.036065101623535156e+00
1.151796057820320129e-01
4.200242996215820312e+00
5.000000000000000000e+00
-4.161665737628936768e-01
2.586535215377807617e+00
-5.419080257415771484e-01
3.324592113494873047e+00
3.996415615081787109e+00
3.366868972778320312e+00
2.668063640594482422e+00
-7.637895345687866211e-01
4.593025207519531250e+00
-2.724962830543518066e-01
3.644773006439208984e+00
4.807498931884765625e+00
3.922680377960205078e+00
2.516478896141052246e-01
3.619348764419555664e+00
-8.855284452438354492e-01
-3.579132556915283203e+00
1.850475549697875977e+00
7.232600450515747070e-02
1.393179178237915039e+00
1.854316830635070801e+00
-1.627047657966613770e-01
4.637608528137207031e+00
1.201293349266052246e+00
5.000000000000000000e+00
1.486424922943115234e+00
-5.309548974037170410e-01
4.153351783752441406e+00
-1.412454843521118164e+00
1.059311270713806152e+00
1.826763510704040527e+00
3.609799146652221680e+00
7.037152051925659180e-01
5.000000000000000000e+00
2.745658159255981445e-01
3.415894985198974609e+00
1.445442140102386475e-01
-1.158839941024780273e+00
-4.639943242073059082e-01
1.055119514465332031e+00
5.000000000000000000e+00
-1.790916204452514648e+00
2.151349067687988281e+00
6.178013086318969727e-01
1.902006268501281738e+00
5.000000000000000000e+00
5.000000000000000000e+00
1.023904681205749512e-01
4.563252925872802734e+00
2.380088090896606445e+00
3.827273249626159668e-01
-4.646647572517395020e-01
-1.064285755157470703e+00
2.830326795578002930e+00
-2.090277373790740967e-01
4.451804161071777344e+00
-3.160775899887084961e-01
1.807744979858398438e+00
2.336066484451293945e+00
2.754280090332031250e+00
-3.058161735534667969e+00
-9.958533048629760742e-01
-2.522411346435546875e+00
1.195877671241760254e+00
5.000000000000000000e+00
-1.491756141185760498e-01
5.000000000000000000e+00
3.451949834823608398e+00
1.428198814392089844e-02
4.671113967895507812e+00
-1.183380007743835449e+00
1.292869329452514648e+00
4.407510757446289062e-01
3.393574357032775879e-01
3.266983509063720703e+00
2.369085073471069336e+00
-1.086964845657348633e+00
2.836116552352905273e+00
4.064229011535644531e+00
1.393805146217346191e+00
1.875799894332885742e-01
1.164950609207153320e+00
-1.818835854530334473e+00
4.803809225559234619e-01
9.962127804756164551e-01
3.810349464416503906e+00
5.000000000000000000e+00
4.955955505371093750e+00
4.715334415435791016e+00
1.925230264663696289e+00
4.483816146850585938e+00
-3.032999515533447266e+00
-1.303835868835449219e+00
3.570153951644897461e+00
2.340424537658691406e+00
3.038394927978515625e+00
5.000000000000000000e+00
4.596953392028808594e+00
7.204213738441467285e-02
2.890628814697265625e+00
4.151642918586730957e-01
4.793351650238037109e+00
-1.773352622985839844e-01
4.572570323944091797e-02
3.326546430587768555e+00
4.238238334655761719e+00
9.325328469276428223e-02
3.616202354431152344e+00
5.000000000000000000e+00
-3.339790701866149902e-01
-8.737539052963256836e-01
6.656835079193115234e-01
-1.907288432121276855e-01
1.311854839324951172e+00
-1.049989461898803711e-01
2.978841304779052734e+00
2.629798889160156250e+00
-4.275382757186889648e-01
1.301728248596191406e+00
1.364272594451904297e+00
2.087639093399047852e+00
1.823104262351989746e+00
3.093592882156372070e+00
-6.132980585098266602e-01
-6.275969147682189941e-01
5.000000000000000000e+00
1.701507121324539185e-01
1.597292184829711914e+00
5.000000000000000000e+00
-2.295894145965576172e+00
-1.708990454673767090e+00
5.766102671623229980e-02
4.313451290130615234e+00
1.560723185539245605e+00
-1.320205807685852051e+00
2.011325061321258545e-01
-7.595834732055664062e-01
2.987072169780731201e-01
-1.352730691432952881e-01
1.710468888282775879e+00
4.554890155792236328e+00
1.760234355926513672e+00
1.311758399009704590e+00
4.031563997268676758e-01
-2.223949730396270752e-01
-1.252176046371459961e+00
5.000000000000000000e+00
5.000000000000000000e+00
1.463983297348022461e+00
1.172689437866210938e+00
-5.971022844314575195e-01
4.162477970123291016e+00
2.799471914768218994e-01
1.128501534461975098e+00
3.357717514038085938e+00
4.295845985412597656e+00
2.063424110412597656e+00
2.901733636856079102e+00
-6.396548748016357422e-01
5.000000000000000000e+00
4.106901168823242188e+00
9.793604612350463867e-01
3.124231815338134766e+00
-2.435224354267120361e-01
-8.402309417724609375e-01
3.502947807312011719e+00
4.422345638275146484e+00
2.100071430206298828e+00
5.000000000000000000e+00
-1.284054398536682129e+00
-1.672644734382629395e+00
-4.842801988124847412e-01
-2.419791460037231445e+00
3.981053829193115234e+00
-1.798757314682006836e+00
-2.785942316055297852e+00
2.567914962768554688e+00
6.597048044204711914e-01
3.246143341064453125e+00
1.600384712219238281e-01
-1.149397790431976318e-01
4.742222309112548828e+00
3.910200357437133789e+00
4.530099868774414062e+00
3.562291145324707031e+00
-1.141220331192016602e+00
-3.193375468254089355e-01
3.236761331558227539e+00
3.291698455810546875e+00
1.626884222030639648e+00
3.768968582153320312e+00
5.000000000000000000e+00
1.209375143051147461e+00
-8.737609386444091797e-01
2.117655277252197266e+00
-1.952144861221313477e+00
5.000000000000000000e+00
3.632477760314941406e+00
-4.939241111278533936e-01
-9.209960699081420898e-02
1.513538718223571777e+00
2.539258003234863281e+00
2.230489730834960938e+00
4.632139682769775391e+00
1.997307658195495605e+00
5.000000000000000000e+00
2.693035006523132324e-01
-3.462744653224945068e-01
5.000000000000000000e+00
-1.539881825447082520e+00
2.325043439865112305e+00
1.890582203865051270e+00
2.033120632171630859e+00
5.000000000000000000e+00
8.486719131469726562e-01
2.467949867248535156e+00
4.387119293212890625e+00
1.418904066085815430e+00
-1.399234294891357422e+00
1.319831848144531250e+00
-9.789492487907409668e-01
5.000000000000000000e+00
5.000000000000000000e+00
5.000000000000000000e+00
8.671940565109252930e-01
2.977515697479248047e+00
1.956500172615051270e+00
1.231038570404052734e-02
3.041195392608642578e+00
-2.460127353668212891e+00
-3.248090744018554688e-01
3.541571795940399170e-01
3.108746290206909180e+00
1.783262133598327637e+00
4.592885673046112061e-01
4.986865520477294922e+00
-7.365596294403076172e-02
2.385825395584106445e+00
-3.842986583709716797e+00
-1.157059192657470703e+00
-1.307955741882324219e+00
-5.054880380630493164e-01
-1.124379038810729980e-01
5.000000000000000000e+00
3.539371967315673828e+00
2.845148801803588867e+00
2.117857456207275391e+00
5.000000000000000000e+00
-1.963633894920349121e-01
6.415582299232482910e-01
1.770508050918579102e+00
5.349384546279907227e-01
-4.707066535949707031e+00
-4.280121326446533203e-01
4.571874618530273438e+00
2.165027618408203125e+00
-8.389364480972290039e-01
-2.565373182296752930e+00
2.507750391960144043e-01
-9.121930599212646484e-01
5.000000000000000000e+00
5.000000000000000000e+00
-4.296377599239349365e-01
1.525783836841583252e-01
-1.256860375404357910e+00
3.879640579223632812e+00
-3.501525163650512695e+00
1.248897194862365723e+00
4.775074958801269531e+00
5.000000000000000000e+00
5.150182247161865234e-01
-8.381735086441040039e-01
3.640546798706054688e+00
-3.826655447483062744e-01
1.781435489654541016e+00
-5.395318269729614258e-01
4.153975486755371094e+00
2.983078479766845703e+00
5.000000000000000000e+00
2.675964355468750000e+00
3.328819751739501953e+00
1.964175701141357422e+00
-1.058169841766357422e+00
-1.010107994079589844e+00
3.951389074325561523e+00
2.696485996246337891e+00
-9.814138412475585938e-01
4.147296905517578125e+00
1.338689804077148438e+00
4.817345619201660156e+00
-2.054047584533691406e-02
4.454124450683593750e+00
1.277361869812011719e+00
-1.255267381668090820e+00
-1.911204576492309570e+00
4.772396087646484375e+00
1.528734207153320312e+00
1.234391450881958008e+00
1.250666856765747070e+00
-2.105605602264404297e+00
-1.510555863380432129e+00
-1.718409299850463867e+00
2.292838811874389648e+00
2.109547376632690430e+00
1.694924831390380859e+00
3.781752109527587891e+00
3.057515621185302734e-02
2.357261180877685547e+00
5.803539156913757324e-01
3.942017555236816406e-01
2.200850486755371094e+00
5.000000000000000000e+00
-3.566313028335571289e+00
-5.433993339538574219e+00
1.677841305732727051e+00
5.000000000000000000e+00
2.871422290802001953e+00
3.605960845947265625e+00
3.225650787353515625e+00
-3.868446946144104004e-01
4.454988002777099609e+00
3.587032794952392578e+00
-3.901895284652709961e-01
4.750020027160644531e+00
4.684328079223632812e+00
5.000000000000000000e+00
2.621747255325317383e-01
2.417550981044769287e-01
-1.101811408996582031e+00
4.128694057464599609e+00
-2.174229025840759277e-01
4.361770629882812500e+00
3.131135940551757812e+00
5.000000000000000000e+00
5.000000000000000000e+00
5.000000000000000000e+00
3.023433446884155273e+00
-6.045143604278564453e-01
1.339329123497009277e+00
-9.844477772712707520e-01
4.836287498474121094e+00
8.731924295425415039e-01
-1.410258054733276367e+00
2.104531526565551758e+00
1.754682540893554688e+00
1.124886035919189453e+00
4.820921897888183594e+00
-2.196741104125976562e-02
3.455011367797851562e+00
-5.727313756942749023e-01
-1.268908500671386719e+00
2.554130554199218750e+00
2.692338228225708008e-01
-1.139939665794372559e+00
8.856716156005859375e-01
2.859833955764770508e+00
1.440408349037170410e+00
2.079374074935913086e+00
-1.737333387136459351e-01
-1.993625760078430176e-01
-3.390098810195922852e-01
1.822785854339599609e+00
1.352581024169921875e+00
2.407910108566284180e+00
-1.070130944252014160e+00
2.431470870971679688e+00
1.268974781036376953e+00
4.411404609680175781e+00
5.000000000000000000e+00
-8.506725430488586426e-01
5.000000000000000000e+00
4.240227699279785156e+00
4.830106258392333984e+00
2.960136413574218750e+00
-2.426356315612792969e+00
1.379796385765075684e+00
4.149821281433105469e+00
3.824604272842407227e+00
1.510520577430725098e+00
4.167734622955322266e+00
8.896419405937194824e-01
-1.219363451004028320e+00
5.000000000000000000e+00
-8.440113067626953125e-01
2.433708190917968750e+00
4.346540451049804688e+00
4.753627300262451172e+00
7.191628813743591309e-01
5.000000000000000000e+00
-1.613335907459259033e-01
1.322607874870300293e+00
3.655917882919311523e+00
2.153522729873657227e+00
4.816977977752685547e+00
1.066589117050170898e+00
1.646592617034912109e-01
2.555193901062011719e+00
-1.472746253013610840e+00
2.692149639129638672e+00
-9.238018989562988281e-01
4.582018375396728516e+00
-2.510195016860961914e+00
-4.800496399402618408e-01
2.658056497573852539e+00
1.953511953353881836e+00
1.789518356323242188e+00
-1.617077291011810303e-01
1.538839638233184814e-01
-1.420010805130004883e+00
-7.382982373237609863e-01
-1.107245087623596191e-01
-1.376122832298278809e+00
1.271851181983947754e+00
-1.639141321182250977e+00
2.583911895751953125e+00
-6.336516141891479492e-02
5.000000000000000000e+00
3.407917022705078125e+00
1.879135251045227051e+00
1.620576977729797363e-01
-1.275912523269653320e-01
-5.259165167808532715e-02
3.125988245010375977e+00
2.632668256759643555e+00
-1.540402054786682129e+00
2.852779865264892578e+00
2.986174106597900391e+00
1.769336462020874023e-01
2.135206222534179688e+00
4.082971572875976562e+00
3.240192174911499023e+00
5.146371126174926758e-01
3.878358125686645508e+00
1.521356821060180664e+00
-4.227215945720672607e-01
2.628911495208740234e+00
-9.625666141510009766e-01
-2.000942707061767578e+00
2.571098804473876953e+00
4.601861000061035156e+00
-6.693210005760192871e-01
-1.441028475761413574e+00
1.574013948440551758e+00
4.426598072052001953e+00
4.972152709960937500e+00
1.658232927322387695e+00
-2.716664314270019531e+00
-9.974482059478759766e-01
4.185505390167236328e+00
2.817338407039642334e-01
-3.995402455329895020e-01
-3.684125244617462158e-01
3.445984840393066406e+00
3.615593194961547852e+00
2.354181289672851562e+00
2.351065576076507568e-01
1.888561248779296875e+00
1.646395206451416016e+00
-3.441853225231170654e-01
5.000000000000000000e+00
-1.889629721641540527e+00
1.094093799591064453e+00
-7.974010109901428223e-01
-1.498774290084838867e+00
-6.491790771484375000e+00
5.000000000000000000e+00
5.000000000000000000e+00
-2.388797283172607422e+00
-2.194791078567504883e+00
3.732561111450195312e+00
-1.946524381637573242e+00
1.588546156883239746e+00
-1.401430606842041016e+00
1.059895873069763184e+00
-2.253815650939941406e+00
1.273193001747131348e+00
2.858303070068359375e+00
6.140133738517761230e-01
-8.084132671356201172e-01
4.755017280578613281e+00
-1.124989986419677734e-02
-2.287113666534423828e-02
2.939150929450988770e-01
4.751143455505371094e+00
3.654306173324584961e+00
-1.169435620307922363e+00
1.604508280754089355e+00
4.507725238800048828e-01
1.007362365722656250e+00
3.021554946899414062e-01
2.368493080139160156e-01
-2.224975228309631348e-01
-8.770447969436645508e-01
-1.204785943031311035e+00
-6.819362640380859375e-01
2.463989257812500000e-01
2.177635192871093750e+00
2.914272546768188477e+00
-2.218654751777648926e-01
2.412552118301391602e+00
-1.231270909309387207e+00
6.954464912414550781e-01
3.603995442390441895e-01
6.626832485198974609e-01
5.000000000000000000e+00
-2.748370766639709473e-01
-7.828088402748107910e-01
1.299389839172363281e+00
-4.669236540794372559e-01
-1.383868098258972168e+00
4.340702056884765625e+00
2.984805107116699219e+00
2.689452469348907471e-01
5.000000000000000000e+00
5.977749824523925781e-02
4.546848297119140625e+00
4.825442314147949219e+00
5.000000000000000000e+00
-8.615750670433044434e-01
5.000000000000000000e+00
3.570316314697265625e+00
3.341524600982666016e+00
2.668173313140869141e+00
4.207516193389892578e+00
2.879643440246582031e+00
3.584487915039062500e+00
-9.084105491638183594e-02
2.878465652465820312e+00
-6.483415365219116211e-01
2.623013019561767578e+00
8.908253908157348633e-01
3.209304332733154297e+00
2.562755346298217773e-01
7.829369902610778809e-01
3.441228389739990234e+00
-2.849945425987243652e-01
1.403394579887390137e+00
9.326092004776000977e-01
5.835084915161132812e-01
3.306957244873046875e+00
4.330687046051025391e+00
5.000000000000000000e+00
2.247005939483642578e+00
1.271820545196533203e+00
-6.411946415901184082e-01
-5.837512016296386719e-02
1.228193879127502441e+00
1.371001839637756348e+00
7.505841255187988281e-01
3.644665956497192383e+00
