2.843050956726074219e+00
1.959137916564941406e-01
1.535610675811767578e+00
4.793818473815917969e+00
4.663468360900878906e+00
1.779274940490722656e+00
6.774781942367553711e-01
8.830275535583496094e-01
-3.926871120929718018e-01
3.563532829284667969e+00
1.360429763793945312e+00
5.000000000000000000e+00
5.000000000000000000e+00
-4.791570603847503662e-01
-2.897772789001464844e-01
2.510481834411621094e+00
3.689274311065673828e+00
-5.284138321876525879e-01
5.000000000000000000e+00
5.000000000000000000e+00
1.508101940155029297e+00
4.030036926269531250e-02
8.017219305038452148e-01
5.000000000000000000e+00
4.189238071441650391e+00
3.478983879089355469e+00
2.445414781570434570e+00
1.003819942474365234e+00
-8.642629384994506836e-01
-9.661298990249633789e-02
-1.693654775619506836e+00
3.552923202514648438e+00
3.142331361770629883e+00
4.757529497146606445e-01
2.261850595474243164e+00
3.587746620178222656e-01
4.822620391845703125e+00
1.344824790954589844e+00
3.631489992141723633e+00
2.000308036804199219e+00
5.000000000000000000e+00
3.709948062896728516e+00
4.557147026062011719e+00
-8.130412101745605469e-01
-7.295234203338623047e-01
1.797089815139770508e+00
1.044966578483581543e-01
1.839283108711242676e-01
8.850467801094055176e-01
2.462542057037353516e+00
2.470112800598144531e+00
2.782534956932067871e-01
2.092695236206054688e+00
1.230089902877807617e+00
8.510318398475646973e-02
2.876952648162841797e+00
-3.429674804210662842e-01
7.735832333564758301e-01
-2.471812486648559570e+00
-1.753413081169128418e+00
1.552328586578369141e+00
6.376410722732543945e-01
-3.053013682365417480e-01
1.058499336242675781e+00
7.585648298263549805e-01
1.381736636161804199e+00
-2.276982367038726807e-02
-1.347125411033630371e+00
5.000000000000000000e+00
1.682062387466430664e+00
2.831309080123901367e+00
1.717383146286010742e+00
1.459984183311462402e-01
2.284820079803466797e+00
2.733729839324951172e+00
5.000000000000000000e+00
-6.157836318016052246e-01
5.000000000000000000e+00
-4.844064116477966309e-01
-1.130953073501586914e+00
-1.182561159133911133e+00
-5.936318635940551758e-02
5.000000000000000000e+00
-1.453739404678344727e+00
-1.333916187286376953e-02
4.533542633056640625e+00
1.929089069366455078e+00
-7.650402188301086426e-01
1.852340936660766602e+00
-9.012242555618286133e-01
4.946887493133544922e+00
3.676956892013549805e+00
-5.428157448768615723e-01
4.737739562988281250e+00
5.000000000000000000e+00
9.327841997146606445e-01
-1.087238788604736328e+00
4.803804397583007812e+00
1.958000183105468750e+00
-7.601708173751831055e-02
-8.971264362335205078e-01
-1.960922479629516602e+00
2.805855512619018555e+00
1.309345483779907227e+00
1.058064699172973633e-01
-1.260338544845581055e+00
-2.941529512405395508e+00
5.000000000000000000e+00
3.675640821456909180e-01
5.000000000000000000e+00
-1.414007842540740967e-01
4.762500762939453125e+00
3.842991352081298828e+00
5.000000000000000000e+00
4.714825153350830078e+00
1.816375851631164551e+00
-1.147853434085845947e-01
2.016050338745117188e+00
-8.040428161621093750e-02
2.357804059982299805e+00
5.000000000000000000e+00
-4.593776464462280273e-01
-7.892667651176452637e-01
4.255367517471313477e-01
3.194375276565551758e+00
-1.135470867156982422e-01
-5.339330434799194336e-02
5.000000000000000000e+00
-7.116063833236694336e-01
-9.306641817092895508e-01
2.790026187896728516e+00
4.637882709503173828e+00
1.479290127754211426e-01
4.863890647888183594e+00
2.093620538711547852e+00
4.920667409896850586e-02
1.142560005187988281e+00
2.082018852233886719e+00
1.508141040802001953e+00
2.084917306900024414e+00
3.937681913375854492e+00
1.864363670349121094e+00
4.653780460357666016e-01
3.347367286682128906e+00
-4.492819309234619141e-02
5.000000000000000000e+00
4.152453899383544922e+00
-2.293886184692382812e+00
-2.308835387229919434e-01
-2.114922523498535156e+00
5.000000000000000000e+00
4.797319412231445312e+00
1.939827799797058105e-01
5.000000000000000000e+00
-7.138674855232238770e-01
4.297287940979003906e+00
4.388000488281250000e+00
9.060778021812438965e-01
4.982699751853942871e-01
-4.120130836963653564e-01
-1.910544157028198242e+00
4.946486473083496094e+00
-4.794913530349731445e-01
-1.405801773071289062e-01
-1.235570907592773438e+00
4.542965412139892578e+00
-2.128651618957519531e+00
5.000000000000000000e+00
4.320043563842773438e+00
-1.173523545265197754e+00
4.937412738800048828e+00
3.713260650634765625e+00
-2.469879984855651855e-01
5.000000000000000000e+00
3.311139106750488281e+00
2.074691534042358398e+00
-1.683308362960815430e+00
2.772891819477081299e-01
5.000000000000000000e+00
4.485653877258300781e+00
2.860660552978515625e+00
-6.046675443649291992e-01
6.078246831893920898e-01
1.503156185150146484e+00
1.240208625793457031e+00
5.000000000000000000e+00
8.239388465881347656e-03
5.334955453872680664e-01
1.305602908134460449e+00
8.600312471389770508e-01
1.391511321067810059e+00
-1.907460808753967285e+00
4.806527137756347656e+00
-1.037624120712280273e+00
2.219845950603485107e-01
5.000476837158203125e-01
1.595220863819122314e-01
-1.760860919952392578e+00
-1.603392124176025391e+00
4.783137798309326172e+00
-1.009359002113342285e+00
5.000000000000000000e+00
2.372541189193725586e+00
1.523808598518371582e+00
-1.564503014087677002e-01
7.821177840232849121e-01
-2.550292015075683594e-01
7.696509361267089844e-03
1.753311634063720703e+00
1.030124187469482422e+00
-1.668163776397705078e+00
5.000000000000000000e+00
5.000000000000000000e+00
-2.106535583734512329e-01
2.211030006408691406e+00
4.543422698974609375e+00
3.836070775985717773e+00
4.312468051910400391e+00
5.000000000000000000e+00
4.817307472229003906e+00
-1.972280740737915039e+00
2.767109870910644531e-01
1.477972507476806641e+00
1.857921481132507324e-01
-6.321954131126403809e-01
4.048581719398498535e-01
7.187902927398681641e-02
-1.953328847885131836e-01
-9.038441181182861328e-01
-4.217115044593811035e-01
-1.359993696212768555e+00
1.717854499816894531e+00
-1.087562203407287598e+00
-7.260339856147766113e-01
1.863651752471923828e+00
5.000000000000000000e+00
2.520330190658569336e+00
-3.150661587715148926e-01
3.031462669372558594e+00
4.668382644653320312e+00
5.000000000000000000e+00
2.935598611831665039e+00
4.849032402038574219e+00
5.000000000000000000e+00
3.181221485137939453e+00
-9.671436548233032227e-01
-6.372927427291870117e-01
-2.012526035308837891e+00
2.015483856201171875e+00
4.168838858604431152e-01
-5.469529032707214355e-01
1.585569262504577637e+00
1.572802662849426270e-01
8.800133466720581055e-01
-8.408517837524414062e-01
-2.174206972122192383e+00
3.318918466567993164e+00
-1.010626673698425293e+00
6.198489069938659668e-01
-1.899585723876953125e+00
-1.363538622856140137e+00
-7.158695459365844727e-01
-6.453431844711303711e-01
-2.195646762847900391e+00
2.072874546051025391e+00
2.049017190933227539e+00
1.509525299072265625e+00
1.626822233200073242e+00
4.344555854797363281e+00
8.728901147842407227e-01
5.000000000000000000e+00
1.079389452934265137e-01
-1.079314947128295898e-02
5.000000000000000000e+00
2.915579795837402344e+00
-8.455206155776977539e-01
1.697716474533081055e+00
-2.094502449035644531e+00
3.314582347869873047e+00
5.000000000000000000e+00
-9.732660651206970215e-01
-2.712983608245849609e+00
-1.483924984931945801e-01
1.725036501884460449e+00
-1.016942739486694336e+00
1.711256861686706543e+00
-1.877456188201904297e+00
3.257711410522460938e+00
6.365133821964263916e-02
-1.887431740760803223e+00
8.801150918006896973e-01
1.343800544738769531e+00
5.000000000000000000e+00
4.610280036926269531e+00
-8.673432469367980957e-01
-1.113896131515502930e+00
2.511431932449340820e+00
4.040556907653808594e+00
6.908200383186340332e-01
-1.700015425682067871e+00
8.091750741004943848e-01
5.000000000000000000e+00
2.103019952774047852e-01
4.671667098999023438e+00
3.550932109355926514e-01
8.509789705276489258e-01
-5.331717729568481445e-01
3.735268831253051758e+00
1.079500794410705566e+00
3.814045429229736328e+00
3.895678281784057617e+00
5.000000000000000000e+00
-1.532404541969299316e+00
-5.692927837371826172e-01
3.424921035766601562e+00
2.700992584228515625e+00
4.169808626174926758e-01
1.119971752166748047e+00
1.475481033325195312e+00
1.630813598632812500e+00
-6.798492670059204102e-01
1.578711152076721191e+00
-8.903141617774963379e-01
1.633267164230346680e+00
1.911536216735839844e+00
1.239640355110168457e+00
4.366793632507324219e+00
-1.658663749694824219e-01
1.050072908401489258e+00
-1.559611558914184570e-01
4.932348430156707764e-01
3.812997341156005859e+00
-1.850759029388427734e+00
-6.148913502693176270e-01
1.134499311447143555e+00
5.000000000000000000e+00
-6.290364861488342285e-01
-2.896499872207641602e+00
3.340233087539672852e+00
4.097542762756347656e+00
5.000000000000000000e+00
-3.755632042884826660e-02
7.151234149932861328e-02
6.947517395019531250e-04
4.191682815551757812e+00
1.234168529510498047e+00
6.453181803226470947e-02
3.684757947921752930e+00
5.000000000000000000e+00
1.231372356414794922e+00
4.226326465606689453e+00
-1.367257595062255859e+00
-3.142763078212738037e-01
7.754111289978027344e-02
4.654990673065185547e+00
3.912503719329833984e+00
5.000000000000000000e+00
-7.459022402763366699e-01
-7.421434521675109863e-01
-1.193461894989013672e+00
4.900059700012207031e+00
2.816089153289794922e+00
-1.887395262718200684e+00
5.000000000000000000e+00
5.000000000000000000e+00
4.071327209472656250e+00
4.934518814086914062e+00
1.820408105850219727e-01
1.678256273269653320e+00
1.587955713272094727e+00
-1.008511900901794434e+00
1.470238804817199707e+00
-2.080632209777832031e+00
1.710179299116134644e-01
3.486299514770507812e-01
4.149457454681396484e+00
4.542605876922607422e+00
4.415248870849609375e+00
1.892852187156677246e-01
6.700401306152343750e-01
2.179675102233886719e+00
1.037050366401672363e+00
-7.702311277389526367e-01
-1.744455993175506592e-01
3.644798755645751953e+00
-2.203632831573486328e+00
4.936018943786621094e+00
4.682173728942871094e-01
-1.359993696212768555e+00
2.980080604553222656e+00
3.680713891983032227e+00
5.160419940948486328e-01
1.475881814956665039e+00
6.337244510650634766e-01
-9.290084838867187500e-01
-8.492124676704406738e-01
-1.551947951316833496e+00
3.213273048400878906e+00
6.836596131324768066e-01
1.117894649505615234e+00
2.049084663391113281e+00
5.000000000000000000e+00
9.852890968322753906e-01
1.652246713638305664e-01
5.000000000000000000e+00
5.000000000000000000e+00
5.000000000000000000e+00
3.693684101104736328e+00
4.216876626014709473e-01
-4.893790483474731445e-01
-1.879042088985443115e-01
3.438547611236572266e+00
-3.918444514274597168e-01
-8.910995721817016602e-02
3.002190589904785156e-01
5.000000000000000000e+00
3.351768493652343750e+00
4.051898956298828125e+00
4.426484584808349609e+00
4.543185234069824219e+00
-1.051701545715332031e+00
-1.309863924980163574e+00
1.447378695011138916e-01
1.073140263557434082e+00
4.495994567871093750e+00
2.118959665298461914e+00
-5.628229677677154541e-02
-6.449151635169982910e-01
1.636247277259826660e+00
1.399377346038818359e+00
-1.650439977645874023e+00
1.275109767913818359e+00
-1.754570007324218750e-01
2.841479778289794922e+00
4.492084503173828125e+00
-6.983787417411804199e-01
4.901459217071533203e+00
1.889538288116455078e+00
9.991419315338134766e-01
5.000000000000000000e+00
1.144371986389160156e+00
8.461445569992065430e-02
3.416268825531005859e+00
1.526403188705444336e+00
4.920299053192138672e+00
-1.854785680770874023e+00
-6.150302886962890625e-01
4.686077117919921875e+00
-8.912281990051269531e-01
-1.582260131835937500e+00
1.586459159851074219e+00
2.475237607955932617e+00
-4.596408009529113770e-01
5.662298798561096191e-01
2.204128742218017578e+00
1.825344562530517578e-01
-2.367198705673217773e+00
7.789403200149536133e-02
2.165946960449218750e+00
2.394394397735595703e+00
3.800853967666625977e+00
1.353798747062683105e+00
4.607832908630371094e+00
2.691760540008544922e+00
-5.501297712326049805e-01
-1.114558458328247070e+00
3.753510951995849609e+00
5.000000000000000000e+00
1.706589460372924805e+00
2.754046201705932617e+00
8.261872529983520508e-01
-1.420951247215270996e+00
4.758340835571289062e+00
4.070388793945312500e+00
-2.337780475616455078e+00
4.663252830505371094e+00
1.858404755592346191e+00
-3.335708379745483398e-02
-2.247300624847412109e+00
2.960297107696533203e+00
1.973298788070678711e+00
2.238105773925781250e+00
-7.814732193946838379e-02
1.382675170898437500e-01
-5.950630307197570801e-01
1.314357757568359375e+00
2.217882275581359863e-01
4.192273139953613281e+00
5.000000000000000000e+00
3.755392551422119141e+00
8.348499536514282227e-01
-7.550351619720458984e-01
-3.328984379768371582e-01
1.446720957756042480e+00
8.040216565132141113e-01
1.073628067970275879e+00
5.000000000000000000e+00
2.764009714126586914e+00
1.336296081542968750e+00
1.849847793579101562e+00
1.034587621688842773e+00
6.084443926811218262e-01
2.420947313308715820e+00
4.140696048736572266e+00
2.891309261322021484e+00
1.737580299377441406e+00
-6.513652801513671875e-01
5.000000000000000000e+00
-1.467670202255249023e-01
-7.239892482757568359e-01
-1.306124031543731689e-02
3.489211559295654297e+00
5.000000000000000000e+00
3.743290185928344727e+00
1.145565271377563477e+00
8.805500864982604980e-01
2.838562965393066406e+00
1.077387779951095581e-01
1.495163440704345703e+00
4.016974449157714844e+00
-1.655287981033325195e+00
4.913479804992675781e+00
4.416575431823730469e+00
1.519996643066406250e+00
1.804263830184936523e+00
8.781989216804504395e-01
5.000000000000000000e+00
3.152289390563964844e-01
3.054494857788085938e+00
-1.348096728324890137e-01
3.519091606140136719e+00
4.784622192382812500e+00
-2.859256863594055176e-01
1.043623685836791992e-01
-2.876487970352172852e-01
6.152470111846923828e-01
-8.948253393173217773e-01
2.034105062484741211e+00
-3.820180296897888184e-01
5.000000000000000000e+00
9.513309001922607422e-01
5.000000000000000000e+00
-1.487379789352416992e+00
4.364043235778808594e+00
3.028499364852905273e+00
8.605507612228393555e-01
-8.113660812377929688e-01
-6.601678133010864258e-01
4.859318733215332031e+00
-1.026697039604187012e+00
-1.006074190139770508e+00
-1.550121307373046875e+00
1.967906713485717773e+00
2.412710666656494141e+00
-1.614628314971923828e+00
5.000000000000000000e+00
9.851191043853759766e-01
4.647939205169677734e+00
5.000000000000000000e+00
-2.367875874042510986e-01
7.016200423240661621e-01
-1.564437627792358398e+00
-2.307001829147338867e+00
-8.471474647521972656e-01
-9.581364393234252930e-01
8.800586462020874023e-01
-2.116106986999511719e+00
-6.503077149391174316e-01
1.746544361114501953e+00
-1.499761581420898438e+00
1.561890244483947754e-01
4.640874266624450684e-01
3.918746471405029297e+00
1.743564754724502563e-01
5.000000000000000000e+00
5.000000000000000000e+00
-4.872416853904724121e-01
4.606713056564331055e-01
-1.466206759214401245e-01
3.070911884307861328e+00
-1.865838766098022461e+00
-1.018270969390869141e+00
-6.391541957855224609e-01
-2.159805297851562500e+00
-1.226366877555847168e+00
-1.307184934616088867e+00
-1.770704686641693115e-01
4.453897953033447266e+00
-1.859441161155700684e+00
7.901068925857543945e-01
-1.087190270423889160e+00
3.413528203964233398e+00
5.000000000000000000e+00
5.000000000000000000e+00
5.000000000000000000e+00
2.790976762771606445e+00
1.090519666671752930e+00
1.545643806457519531e-02
5.000000000000000000e+00
-1.819506406784057617e+00
3.368656039237976074e-01
3.707276344299316406e+00
6.429813504219055176e-01
-4.317272901535034180e-01
-1.580097436904907227e+00
-1.931234002113342285e+00
4.679819107055664062e+00
-1.118100643157958984e+00
1.603302597999572754e+00
-1.324141621589660645e-01
4.406778812408447266e+00
5.000000000000000000e+00
-5.284383296966552734e-01
5.000000000000000000e+00
-7.595667839050292969e-01
5.000000000000000000e+00
4.455914497375488281e-01
-8.059420585632324219e-01
4.511222362518310547e+00
-1.707623958587646484e+00
-1.856643438339233398e+00
7.778346538543701172e-01
5.000000000000000000e+00
5.000000000000000000e+00
4.276700019836425781e+00
4.033222675323486328e+00
-7.856292724609375000e-01
1.778948664665222168e+00
-4.873721003532409668e-01
-1.085976839065551758e+00
1.921704053878784180e+00
3.634076595306396484e+00
2.895683050155639648e+00
2.424527645111083984e+00
1.548603415489196777e+00
2.404506206512451172e+00
3.346978664398193359e+00
-1.633970618247985840e+00
1.161406993865966797e+00
-7.488622069358825684e-01
-1.779848575592041016e+00
2.094971179962158203e+00
1.085067391395568848e+00
-1.269042491912841797e-02
2.205307960510253906e+00
1.154682993888854980e+00
4.638636708259582520e-01
-1.726156949996948242e+00
6.764307022094726562e-01
-1.438239097595214844e+00
4.776024818420410156e-02
5.557055473327636719e-01
5.000000000000000000e+00
3.970012426376342773e+00
1.790213227272033691e+00
2.376444101333618164e+00
-1.485772848129272461e+00
-5.732801556587219238e-01
4.552448749542236328e+00
4.589299678802490234e+00
-1.517673730850219727e+00
1.117828130722045898e+00
2.095597743988037109e+00
3.624907970428466797e+00
2.193520545959472656e+00
5.000000000000000000e+00
-2.239404320716857910e-01
-5.486798286437988281e-02
4.105054855346679688e+00
5.000000000000000000e+00
1.960317730903625488e+00
2.037155389785766602e+00
-5.458199977874755859e-01
-1.037759184837341309e-01
4.643878459930419922e+00
5.000000000000000000e+00
-3.355246782302856445e-02
4.889565944671630859e+00
-3.128432631492614746e-01
-1.133573770523071289e+00
8.304148316383361816e-01
6.861532330513000488e-01
-7.669811844825744629e-01
7.076817750930786133e-02
-5.802159905433654785e-01
1.119090557098388672e+00
-1.559116840362548828e+00
1.053395032882690430e+00
3.143786668777465820e+00
5.000000000000000000e+00
1.367979049682617188e+00
3.176370859146118164e+00
7.622541487216949463e-02
