7.095589996022897417e-01
7.295267663233031552e-01
7.321160481333642833e-01
7.411467801078190920e-01
7.088354166276242818e-01
7.280379553106824941e-01
7.284367067916851513e-01
7.450124831077211685e-01
7.132310530578929164e-01
7.251883918550585673e-01
7.249426859816470170e-01
7.397381358420319630e-01
7.399557312977227408e-01
7.220369016905814341e-01
7.337703982725627405e-01
7.546710144112741547e-01
7.359380238168118371e-01
7.020441479315937539e-01
7.481962481962481926e-01
7.304981374245443915e-01
7.323700830194336264e-01
7.145480781844417706e-01
7.244523153614064181e-01
7.299796563865827981e-01
7.234851087664941893e-01
7.310311942346574554e-01
7.255985957284658561e-01
7.204429368931533073e-01
7.056256233745410444e-01
7.277412342347406859e-01
7.223419517791811462e-01
7.459984299811139863e-01
7.030373826910623070e-01
7.506251965126422565e-01
7.157245512223867623e-01
7.220306549310877564e-01
7.233476800576368326e-01
7.112862286022458846e-01
7.282305637283992272e-01
7.366241262345158969e-01
7.415028453989493951e-01
7.278037018296759086e-01
7.210134742602274383e-01
7.130519792857455963e-01
7.346407800953256295e-01
7.541796026644511652e-01
7.360140260573160287e-01
7.308948066523823783e-01
7.257401889436521092e-01
7.576194848922120917e-01
