7.209031148425086855e-01
7.513008876645240752e-01
7.288927202347116330e-01
7.387313664369941080e-01
7.318234915637513716e-01
7.233112406272579342e-01
7.097922119567140475e-01
7.188510543488898508e-01
7.242399255386269274e-01
7.256360762854270341e-01
7.212029592981974435e-01
7.348271417535485739e-01
7.283325941334599651e-01
7.439338759685079072e-01
7.277547688803099879e-01
7.387376131964876746e-01
7.137599453616769729e-01
7.065230744884425373e-01
7.169957667793165346e-01
7.172654185641198499e-01
7.361577015256668410e-01
7.246657463107679664e-01
7.239140529183819561e-01
7.231956755766278944e-01
7.218526222855227159e-01
7.403263723610045144e-01
7.285907935258584267e-01
7.478557998038517507e-01
7.105251650706196909e-01
7.045772089062132260e-01
7.094298999060903999e-01
7.491842773228053476e-01
7.113060100073087533e-01
7.259442497537735850e-01
7.215048860070504277e-01
7.316943918675520298e-01
7.167240327413487710e-01
7.309447807283305787e-01
7.170571932476693666e-01
7.400119521331642858e-01
7.361514547661733854e-01
7.262149426651591799e-01
7.472790156772841641e-01
7.231883876905522701e-01
7.159837917413675035e-01
7.369926850446331112e-01
7.368385983104598358e-01
7.396381876901357844e-01
7.199806766906334810e-01
7.592717527782463227e-01
