7.280265029182777514e-01
7.391821742471093026e-01
7.290801230195169680e-01
7.601213120693639524e-01
7.319734137915955285e-01
7.394820187027980607e-01
7.378026815256252258e-01
7.279671587030894786e-01
7.293060474878656496e-01
7.205762010956817676e-01
7.130384446401762943e-01
7.382940932724482153e-01
7.489239956772424378e-01
7.302326501460700836e-01
7.173976416400658085e-01
7.470624613481755549e-01
7.119463028553937312e-01
7.053112031467010379e-01
7.377933113863850423e-01
7.153705681844210185e-01
7.285345726904168817e-01
7.247573654500062412e-01
7.329905944624559577e-01
7.390863906015421314e-01
7.212487688678165254e-01
7.408719226901044896e-01
7.407886325635243407e-01
7.199973347159493997e-01
6.973340912734852237e-01
7.282409749942216903e-01
7.026209320581615625e-01
7.261087477537693236e-01
7.040701802606563753e-01
7.530864197530864335e-01
7.055298397289739842e-01
7.200785425893649894e-01
7.230561646146062005e-01
7.395132525002654500e-01
7.135392265262394673e-01
7.484471597025710299e-01
7.407282472217537883e-01
7.491072339557187654e-01
7.649531805375960891e-01
7.397131488040579184e-01
7.260535680449100582e-01
7.414174730192045759e-01
7.350020510193671086e-01
7.372623368294363155e-01
7.266667916018565432e-01
7.510426882721255026e-01
