7.359630108547858818e-01
7.470322686772903342e-01
7.206261751716297459e-01
7.248947941588634869e-01
7.307782004751701699e-01
7.344762820953297799e-01
7.362243336269309602e-01
7.283544577916872820e-01
7.218182651083084878e-01
6.953392927418902136e-01
7.303482151967000124e-01
7.314726319055322445e-01
7.416746312850208689e-01
7.380702510572640929e-01
7.035298355644676871e-01
7.503794906392308173e-01
7.286876182980079886e-01
7.073445233618393946e-01
7.248646014879780441e-01
7.133507826148518527e-01
7.321826802346282914e-01
7.272435757284242408e-01
7.232997882348530805e-01
7.314518093738873183e-01
7.163783787160410421e-01
7.431853059558686247e-01
7.338172489687642130e-01
7.351124104370857504e-01
7.182586533235884030e-01
7.334424433991533210e-01
7.138796749186359092e-01
7.290613827410364900e-01
7.015381604126191828e-01
7.704211773475843072e-01
7.169843143869117918e-01
7.422410041457661034e-01
7.311831987156662827e-01
7.196652153362109727e-01
7.205532963108720601e-01
7.214757344627474867e-01
7.419317895508372729e-01
7.338505650193960506e-01
7.318745067662816295e-01
7.096079325516555514e-01
7.230780282728334063e-01
7.315559220321126155e-01
7.332071487915643448e-01
7.214320071462929640e-01
7.334549369181403433e-01
7.448604786267123412e-01
