6.897553092093635652e-01
6.787707381126740769e-01
6.719274765788743053e-01
6.491502739829803081e-01
6.919774753162799552e-01
6.997298048029090278e-01
6.968005858437917865e-01
6.573318855584454612e-01
6.838211156283932057e-01
6.552359788894219772e-01
6.827857882376707765e-01
6.975328905835711524e-01
6.799702027726572950e-01
6.374839019216687053e-01
7.025580162117117666e-01
6.353879952526451103e-01
6.958410141158051232e-01
6.456907653847125950e-01
6.508674023383247409e-01
5.999343450922957066e-01
6.834928410898715168e-01
6.802858513673897267e-01
6.543016590490139395e-01
7.006641246433171766e-01
6.748061917628341844e-01
6.921037347541728613e-01
6.108936643014064583e-01
7.166233175929901389e-01
6.898310648720993310e-01
6.875078912148683274e-01
6.542006514986995480e-01
6.392262821645917636e-01
6.326607913941567629e-01
6.835180929774500314e-01
6.894775384459989054e-01
6.410696699578293245e-01
6.479381833792076106e-01
6.365748339688391821e-01
6.966995782934773951e-01
6.382162066614478491e-01
6.882401959546475823e-01
6.325092800686851202e-01
6.983409509860861730e-01
6.894775384459989054e-01
7.084669579051033894e-01
6.826595287997778705e-01
6.454129946213479352e-01
6.259437892982500085e-01
6.722052473422388541e-01
6.805636221307542755e-01
