6.848059392439584947e-01
6.374839019216687053e-01
6.675336481401985544e-01
6.734678417211686918e-01
6.802605994798112121e-01
6.831898184389282314e-01
7.265725612989570870e-01
6.413979444963511245e-01
6.687962425191282811e-01
6.933915810206814356e-01
6.948814423878185709e-01
6.937703593343602648e-01
6.505265018560136836e-01
6.564480694931945637e-01
6.243276684932199672e-01
6.612711800207066171e-01
7.051084568571500677e-01
6.686447311936567495e-01
6.484684730183580825e-01
6.848059392439584947e-01
6.964470594176914719e-01
6.733163303956970491e-01
6.865483194868816641e-01
7.041488851291632933e-01
6.994015302643873389e-01
6.515744551905254811e-01
6.305396328375546533e-01
6.987702330749223645e-01
6.808161410065403096e-01
6.523320118178834726e-01
6.486704881189868654e-01
6.494785485215019971e-01
6.451604757455620121e-01
6.905128658367212235e-01
6.772556248579582050e-01
6.746294285497840271e-01
6.807403853438044328e-01
6.742253983485266833e-01
6.936188480088887331e-01
6.540743920608065309e-01
6.591752733516829110e-01
6.050352263831720867e-01
7.021287341228756862e-01
6.729880558571754712e-01
6.862452968359386007e-01
6.726092775434964199e-01
6.373071387086184370e-01
6.406908916441503843e-01
6.661952980985328399e-01
6.450847200828261352e-01
