6.447470112305276890e-01
6.334983697621060506e-01
6.480757154932978992e-01
6.256116411061466431e-01
6.173650525298877145e-01
6.516435213138509486e-01
6.282948919212655303e-01
6.402958579881656842e-01
6.328885400313971621e-01
6.459612365656322019e-01
6.434108199492813984e-01
6.221609708972346553e-01
6.356243207342109347e-01
6.371911604878637281e-01
6.490158193454896862e-01
6.310681077164593811e-01
6.292971863301533020e-01
6.404631083202511066e-01
6.546467817896388652e-01
6.576880811496196300e-01
6.509545948556937356e-01
6.446159884071971380e-01
6.411061466006521270e-01
6.328994082840238011e-01
6.265825383407801485e-01
6.278420480618283062e-01
6.581016785412390213e-01
6.515632170027774173e-01
6.425425673227871393e-01
6.287736988286438677e-01
6.568131868131867890e-01
6.387459244052651197e-01
6.345707040212534844e-01
6.345519864750633898e-01
6.401606086221471870e-01
6.250356237169423235e-01
6.589566477478565609e-01
6.448907136819225228e-01
6.453230286197318977e-01
6.495586281850018739e-01
6.377925371331965021e-01
6.340719719840598456e-01
6.261405627339693414e-01
6.613706074145634384e-01
6.629791088032845892e-01
6.427828764641951853e-01
6.187012438111338941e-01
6.509582176065693560e-01
6.289119671537253264e-01
6.486752807631928075e-01
