6.430684699915469871e-01
6.541311435816929976e-01
6.498997705591113005e-01
6.373710904480136552e-01
6.268940949160729526e-01
6.540659340659340515e-01
6.353713319647386060e-01
6.413754377490641367e-01
6.309238014732521105e-01
6.456327738195870580e-01
6.383534597270861255e-01
6.362933220625528463e-01
6.540689530249970129e-01
6.353085376162298514e-01
6.501159280280158770e-01
6.319091897113875422e-01
6.244934186692429057e-01
6.309817654872600379e-01
6.502874049027895786e-01
6.475166042748460304e-01
6.261302982731553612e-01
6.428879362395847341e-01
6.564690254800145119e-01
6.327544982490036496e-01
6.487404902789517536e-01
6.271501026446080207e-01
6.503043110735418075e-01
6.531952662721893788e-01
6.487374713198889031e-01
6.336897717666948315e-01
6.487537736988286952e-01
6.595453447651249412e-01
6.558543654148050184e-01
6.277496679145031511e-01
6.453797850501146183e-01
6.243044318319044272e-01
6.521760656925492672e-01
6.464110614660064646e-01
6.392368071488949699e-01
6.576977418186209512e-01
6.311882622871634041e-01
6.583546673107112390e-01
6.360137664533267454e-01
6.419937205651491396e-01
6.359980678661997233e-01
6.371833111943002725e-01
6.503254437869823157e-01
6.468476029465038968e-01
6.383238739282695029e-01
6.411218451877791491e-01
