8.712522045855379815e-01
8.677248677248676767e-01
8.760393046107329829e-01
9.218946837994456134e-01
8.692365835222978232e-01
8.503401360544217136e-01
8.732678256487780288e-01
9.155958679768203545e-01
8.881330309901738218e-01
8.956916099773243323e-01
8.765432098765432167e-01
8.929201310153691562e-01
8.296800201562106736e-01
8.715041572184428764e-01
8.956916099773242212e-01
8.959435626102293382e-01
8.115394305870495817e-01
9.055177626606197849e-01
8.657092466616276294e-01
9.216427311665407185e-01
8.349710254472159088e-01
8.573948097757622122e-01
8.843537414965986221e-01
8.745275888133031694e-01
8.871252204585537982e-01
8.553791887125220539e-01
9.143361048122953250e-01
9.150919627110102317e-01
8.793146888384983928e-01
8.596623834719072654e-01
8.543713781809020302e-01
8.949357520786092035e-01
8.979591836734693855e-01
8.573948097757619902e-01
8.523557571176618719e-01
8.483245149911816663e-01
8.652053413958175065e-01
9.123204837490551666e-01
8.674729150919627818e-01
8.563869992441420775e-01
8.299319727891155685e-01
8.571428571428570953e-01
8.808264046359283173e-01
8.689846308893928173e-01
8.435374149659863319e-01
8.427815570672713141e-01
8.528596623834718837e-01
8.863693625598386694e-01
8.752834467120180761e-01
8.281683043587805271e-01
