8.684807256235828055e-01
9.057697152935247908e-01
8.745275888133030584e-01
8.508440413202318364e-01
8.780549256739732522e-01
7.855883093978331955e-01
8.561350466112370716e-01
8.929201310153691562e-01
8.964474678760393500e-01
8.876291257243638100e-01
8.314436885865457150e-01
8.921642731166541385e-01
8.463088939279415079e-01
9.249181153943057954e-01
8.498362307886117017e-01
8.979591836734693855e-01
8.266565885613504916e-01
9.017384731670445852e-01
8.667170571932476530e-01
8.674729150919626708e-01
7.989417989417988419e-01
8.221214411690602741e-01
9.158478206097253604e-01
8.820861678004533468e-01
8.238851095993952045e-01
9.140841521793903190e-01
8.800705467372132995e-01
8.934240362811791680e-01
8.657092466616275184e-01
9.347442680776013590e-01
9.153439153439153486e-01
8.843537414965986221e-01
9.009826152683295675e-01
8.783068783068783691e-01
8.659611992945326353e-01
8.984630889392793973e-01
8.989669942050895202e-01
8.798185941043082936e-01
8.652053413958176176e-01
8.140589569160997518e-01
8.616780045351474238e-01
8.430335097001764311e-01
9.297052154195011298e-01
8.752834467120180761e-01
8.624338624338625525e-01
8.619299571680524297e-01
8.838498362307884992e-01
8.422776518014614133e-01
9.211388259007305956e-01
8.455530360292264902e-01
