8.568909045099522004e-01
8.453010833963215953e-01
8.788107835726883810e-01
8.825900730662635807e-01
8.460569412950363910e-01
8.818342151675484519e-01
7.981859410430839352e-01
8.823381204333584638e-01
8.609221466364322950e-01
8.463088939279416190e-01
8.591584782060972536e-01
9.256739732930209241e-01
8.042328042328042992e-01
8.881330309901738218e-01
8.390022675736961144e-01
8.858654572940286576e-01
8.372385991433610730e-01
8.740236835474930466e-01
8.644494834971025998e-01
8.710002519526328646e-01
8.679768203577727936e-01
8.097757621567145403e-01
8.757873519778280880e-01
8.828420256991684756e-01
9.052658100277147790e-01
9.060216679264296857e-01
9.319727891156462940e-01
8.951877047115142094e-01
8.677248677248676767e-01
8.541194255479969133e-01
8.888888888888889506e-01
9.057697152935247908e-01
8.566389518770471945e-01
8.447971781305114725e-01
8.868732678256487922e-01
9.090450995212899787e-01
8.735197782816830347e-01
8.636936255983874711e-01
8.961955152431342331e-01
9.050138573948097731e-01
8.291761148904006617e-01
8.639455782312924770e-01
8.994708994708994210e-01
8.888888888888888395e-01
8.571428571428570953e-01
8.533635676492820066e-01
8.931720836482742731e-01
7.818090199042579957e-01
8.697404887881077240e-01
8.465608465608466249e-01
