7.094771162903030781e-01
6.993406593406594762e-01
6.908048544861731255e-01
7.071350078492936175e-01
6.938425310952782699e-01
7.038207945900253337e-01
6.885913537012438024e-01
6.920710059171597539e-01
6.993720565149137425e-01
7.008579881656804567e-01
6.915070643642071690e-01
6.879603912570945168e-01
6.960989010989010461e-01
7.054123898079942556e-01
7.173179567685061819e-01
6.766634464436662721e-01
7.099305639415529612e-01
6.945296461779978392e-01
7.283462142253351868e-01
6.923004468059412719e-01
6.866767298635430006e-01
7.186402608380630941e-01
7.037429054462021050e-01
6.877708006279436015e-01
6.846220263253230964e-01
6.977067986958096490e-01
7.025576621181017778e-01
7.086535442579398048e-01
6.879096727448376081e-01
7.116368796039125311e-01
6.989675160004829024e-01
7.164714406472647568e-01
6.924495833836492586e-01
7.067153725395484143e-01
7.059974640743871266e-01
6.771440647264822532e-01
7.184778408404782768e-01
7.098780340538581868e-01
6.828915589904600569e-01
6.943907740611037216e-01
7.018898683733848509e-01
6.925576621181016579e-01
7.045598357686269075e-01
7.037489433643280279e-01
6.990188383045526921e-01
7.118258664412510095e-01
6.972684458398744622e-01
7.090460089361189100e-01
7.006092259388962962e-01
7.263023789397415886e-01
