-4.450637996196746826e-01 8.286684989929199219e+00 -4.450637996196746826e-01 -4.450637996196746826e-01 -4.450637996196746826e-01 -4.450637996196746826e-01 -4.450637996196746826e-01 -4.450637996196746826e-01 -4.450637996196746826e-01 -4.450637996196746826e-01 -4.450637996196746826e-01 -4.450637996196746826e-01 -4.450637996196746826e-01 -4.450637996196746826e-01 -4.450637996196746826e-01 1.675481349229812622e-01 -4.450637996196746826e-01 -4.450637996196746826e-01 -4.450637996196746826e-01 -4.450637996196746826e-01 -4.450637996196746826e-01
6.984993934631347656e+00 -9.275575876235961914e-01 -9.275575876235961914e-01 -9.275575876235961914e-01 -9.275575876235961914e-01 -9.275575876235961914e-01 -9.275575876235961914e-01 -9.275575876235961914e-01 -9.275575876235961914e-01 -9.275575876235961914e-01 -9.275575876235961914e-01 -4.659940898418426514e-01 -1.034505292773246765e-01 -1.034505292773246765e-01 4.227108955383300781e-01 4.512987136840820312e+00 6.245584487915039062e-01 1.849980950355529785e-01 -9.275575876235961914e-01 -9.275575876235961914e-01 -9.275575876235961914e-01
2.830626487731933594e+00 -5.528430938720703125e-01 -1.254239320755004883e+00 -1.599135994911193848e+00 -1.599135994911193848e+00 2.120337188243865967e-01 -1.599135994911193848e+00 8.823716044425964355e-01 -1.254239320755004883e+00 -5.528430938720703125e-01 -1.254239320755004883e+00 1.150175034999847412e-01 -9.773535132408142090e-01 -1.599135994911193848e+00 -7.479662895202636719e-01 5.706070423126220703e+00 2.163261890411376953e+00 2.258843660354614258e+00 1.676855206489562988e+00 -1.254239320755004883e+00 -1.599135994911193848e+00
7.668832540512084961e-01 -1.532914876937866211e+00 -2.137612700462341309e-01 6.805499792098999023e-01 -2.067548513412475586e+00 1.373569846153259277e+00 -1.773651719093322754e+00 -1.455868631601333618e-01 9.019225090742111206e-02 2.382781654596328735e-01 -1.154860258102416992e+00 6.186960339546203613e-01 3.591911122202873230e-02 -6.392241716384887695e-01 2.240353584289550781e+00 4.930752754211425781e+00 1.294371485710144043e+00 -3.649236559867858887e-01 -1.154860258102416992e+00 -1.154860258102416992e+00 -2.067548513412475586e+00
-8.952591419219970703e-01 -2.578149080276489258e+00 5.745934247970581055e-01 4.719003438949584961e-01 8.064615726470947266e-01 -7.110419869422912598e-01 -9.645557403564453125e-01 8.193340897560119629e-01 -1.038730978965759277e+00 2.118180990219116211e+00 -1.118424654006958008e+00 -1.931329369544982910e+00 9.733120203018188477e-01 1.368272066116333008e+00 -7.110419869422912598e-01 4.537327885627746582e-01 -1.204354524612426758e+00 -2.586512863636016846e-01 -1.118424654006958008e+00 1.026787400245666504e+00 3.916865348815917969e+00
-3.495551049709320068e-01 -1.084104180335998535e+00 -3.495551049709320068e-01 2.305809706449508667e-01 -5.519893765449523926e-01 -1.753075271844863892e-01 -1.084104180335998535e+00 -5.519893765449523926e-01 -7.918135523796081543e-01 6.912990808486938477e-01 -1.084104180335998535e+00 -1.753075271844863892e-01 8.959023952484130859e-01 -7.918135523796081543e-01 -3.495551049709320068e-01 6.912990808486938477e-01 -1.084104180335998535e+00 5.290530920028686523e-01 -7.918135523796081543e-01 1.107551902532577515e-01 6.066557407379150391e+00
-7.466362714767456055e-01 -7.466362714767456055e-01 -2.411799281835556030e-01 -7.466362714767456055e-01 -2.411799281835556030e-01 1.575012654066085815e-01 -7.466362714767456055e-01 -2.411799281835556030e-01 -7.466362714767456055e-01 -2.411799281835556030e-01 -7.466362714767456055e-01 -7.466362714767456055e-01 1.575012654066085815e-01 -2.411799281835556030e-01 -2.411799281835556030e-01 -7.466362714767456055e-01 4.720125794410705566e-01 1.575012654066085815e-01 -2.411799281835556030e-01 -7.466362714767456055e-01 7.463126182556152344e+00
-8.041171431541442871e-01 -1.208421468734741211e+00 -4.841168522834777832e-01 -8.041171431541442871e-01 -2.249180674552917480e-01 1.355293393135070801e+00 -1.208421468734741211e+00 -4.841168522834777832e-01 -8.041171431541442871e-01 4.795636236667633057e-01 -1.208421468734741211e+00 -8.041171431541442871e-01 3.382648527622222900e-01 -2.249180674552917480e-01 1.002490520477294922e+00 3.382648527622222900e-01 4.795636236667633057e-01 -2.249180674552917480e-01 -8.041171431541442871e-01 -1.208421468734741211e+00 6.502619743347167969e+00
-8.473005145788192749e-02 -1.868005990982055664e+00 -2.013499289751052856e-01 1.609120368957519531e-01 -1.112320065498352051e+00 8.644034862518310547e-01 -1.262320637702941895e+00 1.609120368957519531e-01 -4.823101460933685303e-01 2.038144320249557495e-01 -1.262320637702941895e+00 -6.559842824935913086e-01 1.118093729019165039e+00 -8.611851334571838379e-01 4.949246048927307129e-01 8.420103788375854492e-01 3.595004081726074219e-01 1.609120368957519531e-01 -8.611851334571838379e-01 -5.657835006713867188e-01 4.852879047393798828e+00
2.199614495038986206e-01 -2.080876350402832031e+00 4.945271611213684082e-01 2.199614495038986206e-01 -3.000434041023254395e-01 1.515876054763793945e+00 -7.438783645629882812e-01 -4.680568873882293701e-01 -1.113532543182373047e+00 4.701507091522216797e-01 -1.666720867156982422e+00 -1.356863379478454590e+00 -1.548689007759094238e-01 -2.494143843650817871e-01 6.084292531013488770e-01 2.509607076644897461e-01 8.216201663017272949e-01 2.509607076644897461e-01 -3.000434041023254395e-01 -9.136834740638732910e-01 4.496310710906982422e+00
4.140436947345733643e-01 -2.730827808380126953e+00 2.535160481929779053e-01 -3.022936582565307617e-01 1.985467672348022461e-01 1.406488656997680664e+00 -7.967811822891235352e-01 9.452264755964279175e-02 -1.258464574813842773e+00 1.021665692329406738e+00 -8.741877079010009766e-01 -1.596706151962280273e+00 5.819599032402038574e-01 1.253497302532196045e-01 5.624388456344604492e-01 6.105607151985168457e-01 6.383723020553588867e-01 6.273160874843597412e-02 -9.579281806945800781e-01 -6.253290772438049316e-01 3.173144102096557617e+00
8.338682651519775391e-01 -2.947741746902465820e+00 1.438858211040496826e-01 -3.621954023838043213e-01 -9.546865820884704590e-01 1.876287937164306641e+00 -1.023663520812988281e+00 1.424472332000732422e+00 -1.136562705039978027e+00 6.087296828627586365e-02 2.310954779386520386e-02 -1.136562705039978027e+00 5.506184101104736328e-01 -1.437942385673522949e-01 7.119355201721191406e-01 9.680522680282592773e-01 1.086401820182800293e+00 2.819644510746002197e-01 -6.653993129730224609e-01 -1.407771944999694824e+00 1.817713618278503418e+00
6.835308074951171875e-01 -2.716428518295288086e+00 -4.717895761132240295e-03 -1.540870815515518188e-01 8.810767531394958496e-02 2.147397041320800781e+00 -2.916933894157409668e-01 1.614374965429306030e-01 -2.167193889617919922e+00 3.442420363426208496e-01 -1.258930087089538574e+00 -1.126345276832580566e+00 -2.205709964036941528e-01 1.961988806724548340e-01 2.145762443542480469e+00 1.107326269149780273e+00 1.102707266807556152e+00 3.442420363426208496e-01 -1.046599864959716797e+00 1.006994247436523438e-01 5.643332600593566895e-01
1.612755060195922852e+00 -2.750608682632446289e+00 1.738745868206024170e-01 -2.861138060688972473e-02 -1.569921672344207764e-01 2.503630638122558594e+00 -9.819066524505615234e-01 -9.392419457435607910e-01 -1.404467105865478516e+00 4.229796230792999268e-01 -7.490067481994628906e-01 -4.598966240882873535e-02 7.094278931617736816e-01 -4.491147398948669434e-01 3.305334448814392090e-01 2.619176149368286133e+00 6.316872239112854004e-01 4.974416196346282959e-01 -8.588883280754089355e-01 -2.383654564619064331e-01 -8.982778787612915039e-01
1.390620946884155273e+00 -2.871498346328735352e+00 1.303161680698394775e-01 -5.722175240516662598e-01 -5.722175240516662598e-01 1.902369499206542969e+00 -8.292502760887145996e-01 -1.615098714828491211e-01 -9.678074121475219727e-01 3.046197891235351562e-01 -1.684324026107788086e+00 1.639923810958862305e+00 -6.482607871294021606e-02 1.303161680698394775e-01 1.553643196821212769e-01 1.560449719429016113e+00 1.739508152008056641e+00 5.070350766181945801e-01 -7.663148641586303711e-01 1.159033179283142090e+00 -2.129126310348510742e+00
-4.706679657101631165e-02 -2.596622467041015625e+00 2.146364450454711914e+00 1.626072764396667480e+00 -1.361964344978332520e+00 1.783532857894897461e+00 1.282764077186584473e-01 -8.866804838180541992e-01 -1.712395071983337402e+00 -9.357674717903137207e-01 -2.072285890579223633e+00 2.302722692489624023e+00 -1.439799904823303223e+00 1.389138102531433105e+00 -6.708973646163940430e-01 8.693663477897644043e-01 1.605578184127807617e+00 -1.129391565918922424e-01 -2.852594852447509766e-01 2.341180801391601562e+00 -2.072285890579223633e+00
-6.144581437110900879e-01 -1.966975092887878418e+00 -8.736516237258911133e-01 4.674585819244384766e+00 -1.966975092887878418e+00 2.897498369216918945e+00 -1.966975092887878418e+00 7.963581681251525879e-01 1.690604329109191895e+00 -1.415829896926879883e+00 -8.736516237258911133e-01 -1.663460135459899902e+00 2.932036876678466797e+00 -6.144581437110900879e-01 -6.144581437110900879e-01 -8.736516237258911133e-01 3.653578996658325195e+00 6.987411379814147949e-01 -1.207738161087036133e+00 -1.663460135459899902e+00 -1.029115557670593262e+00
3.626925706863403320e+00 -1.270260930061340332e+00 -1.613297700881958008e+00 1.923649311065673828e-01 -1.613297700881958008e+00 -9.944320321083068848e-01 -1.270260930061340332e+00 1.699577093124389648e+00 -1.270260930061340332e+00 3.714691162109375000e+00 -1.613297700881958008e+00 -1.613297700881958008e+00 -1.270260930061340332e+00 5.405661106109619141e+00 -1.268723309040069580e-01 -9.944320321083068848e-01 -7.656538486480712891e-01 -9.944320321083068848e-01 -1.613297700881958008e+00 3.379354000091552734e+00 -9.944320321083068848e-01
-8.841819167137145996e-01 -1.275953173637390137e+00 -1.275953173637390137e+00 -1.275953173637390137e+00 5.479798316955566406e+00 -1.275953173637390137e+00 4.064085960388183594e+00 -1.275953173637390137e+00 -1.275953173637390137e+00 -5.737126469612121582e-01 -1.275953173637390137e+00 -8.841819167137145996e-01 -8.841819167137145996e-01 -1.275953173637390137e+00 -1.275953173637390137e+00 -1.275953173637390137e+00 4.067819118499755859e+00 -1.275953173637390137e+00 -1.275953173637390137e+00 5.498778820037841797e+00 -5.737126469612121582e-01
-4.448338449001312256e-01 -4.448338449001312256e-01 -4.448338449001312256e-01 -4.448338449001312256e-01 8.286720275878906250e+00 -4.448338449001312256e-01 -4.448338449001312256e-01 -4.448338449001312256e-01 -4.448338449001312256e-01 -4.448338449001312256e-01 -4.448338449001312256e-01 -4.448338449001312256e-01 -4.448338449001312256e-01 -4.448338449001312256e-01 -4.448338449001312256e-01 -4.448338449001312256e-01 -4.448338449001312256e-01 -4.448338449001312256e-01 -4.448338449001312256e-01 -4.448338449001312256e-01 1.679300069808959961e-01
