-4.444606602191925049e-01 8.285841941833496094e+00 -4.444606602191925049e-01 -4.444606602191925049e-01 -4.444606602191925049e-01 -4.444606602191925049e-01 -4.444606602191925049e-01 -4.444606602191925049e-01 -4.444606602191925049e-01 -4.444606602191925049e-01 -4.444606602191925049e-01 -4.444606602191925049e-01 -4.444606602191925049e-01 -4.444606602191925049e-01 -4.444606602191925049e-01 1.589009761810302734e-01 -4.444606602191925049e-01 -4.444606602191925049e-01 -4.444606602191925049e-01 -4.444606602191925049e-01 -4.444606602191925049e-01
6.884696483612060547e+00 -9.742596149444580078e-01 -9.742596149444580078e-01 -9.742596149444580078e-01 -9.742596149444580078e-01 -9.742596149444580078e-01 -9.742596149444580078e-01 -9.742596149444580078e-01 -9.742596149444580078e-01 -9.742596149444580078e-01 -9.742596149444580078e-01 -5.236278772354125977e-01 1.184520497918128967e-01 -1.655815094709396362e-01 3.502000272274017334e-01 4.455296039581298828e+00 1.000061988830566406e+00 5.464004278182983398e-01 -9.742596149444580078e-01 -9.742596149444580078e-01 -9.742596149444580078e-01
2.883377313613891602e+00 -5.919061899185180664e-01 -1.286055803298950195e+00 -1.286055803298950195e+00 -1.628990530967712402e+00 7.443305104970932007e-02 -1.628990530967712402e+00 6.192948222160339355e-01 -1.286055803298950195e+00 -5.919061899185180664e-01 -1.286055803298950195e+00 2.586451768875122070e-01 -7.842983007431030273e-01 -1.628990530967712402e+00 -7.842983007431030273e-01 5.654024600982666016e+00 2.200177431106567383e+00 2.173432826995849609e+00 1.560204029083251953e+00 -1.010836601257324219e+00 -1.628990530967712402e+00
7.732094526290893555e-01 -1.768494844436645508e+00 -3.595054149627685547e-01 6.252082586288452148e-01 -1.768494844436645508e+00 1.409783005714416504e+00 -1.768494844436645508e+00 1.478299200534820557e-01 -1.498618349432945251e-02 2.888316810131072998e-01 -1.151141643524169922e+00 7.732094526290893555e-01 1.478299200534820557e-01 -6.329782605171203613e-01 2.220391750335693359e+00 4.936113357543945312e+00 1.300501227378845215e+00 -4.433961808681488037e-01 -1.325336337089538574e+00 -1.325336337089538574e+00 -2.064464569091796875e+00
-6.850939393043518066e-01 -2.558502912521362305e+00 5.845834612846374512e-01 3.636853396892547607e-01 8.199212551116943359e-01 -8.699802756309509277e-01 -8.699802756309509277e-01 8.329550027847290039e-01 -1.093907594680786133e+00 2.123605966567993164e+00 -1.014136672019958496e+00 -1.909543156623840332e+00 9.887923002243041992e-01 1.372377038002014160e+00 -5.284892320632934570e-01 5.336083769798278809e-01 -1.486625671386718750e+00 -3.495130836963653564e-01 -1.272799491882324219e+00 1.063722729682922363e+00 3.955353736877441406e+00
-4.644552171230316162e-01 -1.386335968971252441e+00 -2.594969868659973145e-01 2.075652182102203369e-01 -7.092728018760681152e-01 7.104876637458801270e-02 -1.010309576988220215e+00 -7.092728018760681152e-01 -1.010309576988220215e+00 5.386499166488647461e-01 -1.386335968971252441e+00 -4.644552171230316162e-01 9.361006617546081543e-01 -7.092728018760681152e-01 -2.594969868659973145e-01 7.147800922393798828e-01 -4.644552171230316162e-01 4.389840662479400635e-01 -4.644552171230316162e-01 2.075652182102203369e-01 6.182170867919921875e+00
-8.099555969238281250e-01 -8.099555969238281250e-01 -3.262495398521423340e-01 -8.099555969238281250e-01 -3.262495398521423340e-01 -3.262495398521423340e-01 -8.099555969238281250e-01 6.063397973775863647e-02 -8.099555969238281250e-01 6.063397973775863647e-02 -8.099555969238281250e-01 -8.099555969238281250e-01 6.063397973775863647e-02 -3.262495398521423340e-01 -3.262495398521423340e-01 -8.099555969238281250e-01 8.217581510543823242e-01 6.063397973775863647e-02 6.063397973775863647e-02 -3.262495398521423340e-01 7.312694072723388672e+00
-1.161622643470764160e+00 -1.161622643470764160e+00 -7.492378950119018555e-01 -7.492378950119018555e-01 -4.205965697765350342e-01 1.603865027427673340e+00 -1.161622643470764160e+00 -4.205965697765350342e-01 -7.492378950119018555e-01 4.107005596160888672e-01 -1.161622643470764160e+00 -7.492378950119018555e-01 4.107005596160888672e-01 6.189357116818428040e-02 1.079936623573303223e+00 2.482625991106033325e-01 4.107005596160888672e-01 -4.205965697765350342e-01 -7.492378950119018555e-01 -1.161622643470764160e+00 6.589936733245849609e+00
-1.123193055391311646e-01 -1.844322800636291504e+00 9.885902702808380127e-02 9.885902702808380127e-02 -9.526462554931640625e-01 9.590578079223632812e-01 -1.086101293563842773e+00 1.456359028816223145e-01 -8.333081603050231934e-01 -1.382977119646966457e-03 -1.236588954925537109e+00 -8.333081603050231934e-01 1.095291614532470703e+00 -9.526462554931640625e-01 6.726605296134948730e-01 8.258642554283142090e-01 3.897384703159332275e-01 4.993148148059844971e-02 -8.333081603050231934e-01 -5.378515720367431641e-01 4.887598991394042969e+00
1.213483437895774841e-01 -2.023283958435058594e+00 5.914279222488403320e-01 -1.301312148571014404e-01 -2.823416292667388916e-01 1.554225564002990723e+00 -9.413377046585083008e-01 -4.608277082443237305e-01 -7.570915222167968750e-01 5.914279222488403320e-01 -2.023283958435058594e+00 -1.605571269989013672e+00 1.932902336120605469e-01 -2.823416292667388916e-01 6.147428154945373535e-01 2.924320697784423828e-01 8.951689600944519043e-01 2.924320697784423828e-01 -2.823416292667388916e-01 -9.413377046585083008e-01 4.582402229309082031e+00
3.965349793434143066e-01 -2.937073230743408203e+00 2.135654389858245850e-01 -3.206684887409210205e-01 2.135654389858245850e-01 1.365338325500488281e+00 -9.300301074981689453e-01 1.845017075538635254e-01 -1.230283141136169434e+00 1.006363153457641602e+00 -9.745200276374816895e-01 -1.353530764579772949e+00 6.399099230766296387e-01 4.215919226408004761e-02 5.515366792678833008e-01 6.492677927017211914e-01 7.552789449691772461e-01 -1.230971291661262512e-01 -8.461252450942993164e-01 -5.351295471191406250e-01 3.232276678085327148e+00
8.265370130538940430e-01 -2.957764863967895508e+00 1.534120589494705200e-01 -3.204045891761779785e-01 -8.129935264587402344e-01 1.817440629005432129e+00 -9.027832746505737305e-01 1.476194381713867188e+00 -1.001276612281799316e+00 -4.239548370242118835e-02 1.018391549587249756e-02 -1.149567484855651855e+00 5.375776290893554688e-01 -2.352270781993865967e-01 6.249555945396423340e-01 9.295411705970764160e-01 1.022959828376770020e+00 2.788723409175872803e-01 -7.846884131431579590e-01 -1.321970224380493164e+00 1.850970745086669922e+00
6.033326387405395508e-01 -2.723659992218017578e+00 2.881788648664951324e-02 -1.613665670156478882e-01 1.539974287152290344e-02 2.098253488540649414e+00 -2.990216314792633057e-01 9.336952865123748779e-02 -2.069648742675781250e+00 4.126744866371154785e-01 -1.266084671020507812e+00 -1.093129396438598633e+00 -2.452361881732940674e-01 2.549803555011749268e-01 2.170547962188720703e+00 1.122715473175048828e+00 9.826964139938354492e-01 3.563896119594573975e-01 -1.133882761001586914e+00 1.422251611948013306e-01 7.106963396072387695e-01
1.616530537605285645e+00 -2.411331415176391602e+00 1.894450932741165161e-01 -1.259226500988006592e-01 -1.635240316390991211e-01 2.464726209640502930e+00 -8.842128515243530273e-01 -8.095455169677734375e-01 -1.429141998291015625e+00 4.295150339603424072e-01 -8.842128515243530273e-01 4.406913369894027710e-02 5.874844193458557129e-01 -5.285185575485229492e-01 2.549549937248229980e-01 2.589148759841918945e+00 6.580690145492553711e-01 4.401487112045288086e-01 -9.646222591400146484e-01 -2.640307545661926270e-01 -8.095455169677734375e-01
1.422965645790100098e+00 -2.856491327285766602e+00 4.123143851757049561e-02 -8.118273019790649414e-01 -5.803960561752319336e-01 1.939725518226623535e+00 -6.336910128593444824e-01 -1.782707571983337402e-01 -8.118273019790649414e-01 3.330416381359100342e-01 -1.744171619415283203e+00 1.669118762016296387e+00 -1.674863696098327637e-02 2.095613181591033936e-01 6.901095062494277954e-02 1.584497332572937012e+00 1.739366412162780762e+00 5.507285594940185547e-01 -8.788522481918334961e-01 1.181516289710998535e+00 -2.228576660156250000e+00
3.523011505603790283e-02 -2.595340490341186523e+00 2.127362012863159180e+00 1.689489245414733887e+00 -1.361920714378356934e+00 1.748706936836242676e+00 3.523011505603790283e-02 -7.950023412704467773e-01 -1.819133639335632324e+00 -1.039996504783630371e+00 -1.938883066177368164e+00 2.309350490570068359e+00 -1.361920714378356934e+00 1.415001988410949707e+00 -6.706764698028564453e-01 8.258341550827026367e-01 1.601909160614013672e+00 -4.754176829010248184e-03 -3.122440576553344727e-01 2.335717201232910156e+00 -2.223923921585083008e+00
-6.187202930450439453e-01 -1.971116781234741211e+00 -7.410962581634521484e-01 4.665991306304931641e+00 -1.971116781234741211e+00 2.853054761886596680e+00 -1.971116781234741211e+00 8.229354023933410645e-01 1.748718619346618652e+00 -1.418743014335632324e+00 -1.211723089218139648e+00 -1.666329979896545410e+00 2.923652172088623047e+00 -6.187202930450439453e-01 -5.085876584053039551e-01 -7.410962581634521484e-01 3.659938573837280273e+00 8.526294231414794922e-01 -1.211723089218139648e+00 -1.666329979896545410e+00 -1.211723089218139648e+00
3.697668313980102539e+00 -1.223183393478393555e+00 -1.572559714317321777e+00 1.547971069812774658e-01 -1.572559714317321777e+00 -1.223183393478393555e+00 -1.223183393478393555e+00 1.697374820709228516e+00 -1.223183393478393555e+00 3.791091442108154297e+00 -1.572559714317321777e+00 -1.572559714317321777e+00 -1.223183393478393555e+00 5.478813648223876953e+00 -6.879605352878570557e-02 -1.223183393478393555e+00 -5.188288092613220215e-01 -1.223183393478393555e+00 -1.572559714317321777e+00 3.416962385177612305e+00 -1.223183393478393555e+00
-8.870732784271240234e-01 -8.870732784271240234e-01 -1.279108047485351562e+00 -1.279108047485351562e+00 5.473595619201660156e+00 -1.279108047485351562e+00 4.055023193359375000e+00 -1.279108047485351562e+00 -1.279108047485351562e+00 -5.760983228683471680e-01 -1.279108047485351562e+00 -8.870732784271240234e-01 -8.870732784271240234e-01 -1.279108047485351562e+00 -1.279108047485351562e+00 -1.279108047485351562e+00 4.055023193359375000e+00 -1.279108047485351562e+00 -1.279108047485351562e+00 5.497049808502197266e+00 -8.870732784271240234e-01
-4.444530308246612549e-01 -4.444530308246612549e-01 -4.444530308246612549e-01 -4.444530308246612549e-01 8.285843849182128906e+00 -4.444530308246612549e-01 -4.444530308246612549e-01 -4.444530308246612549e-01 -4.444530308246612549e-01 -4.444530308246612549e-01 -4.444530308246612549e-01 -4.444530308246612549e-01 -4.444530308246612549e-01 -4.444530308246612549e-01 -4.444530308246612549e-01 -4.444530308246612549e-01 -4.444530308246612549e-01 -4.444530308246612549e-01 -4.444530308246612549e-01 -4.444530308246612549e-01 1.589166224002838135e-01
