-4.187822043895721436e-01 8.373888969421386719e+00 -4.187822043895721436e-01 -4.187822043895721436e-01 -4.187822043895721436e-01 -4.187822043895721436e-01 -4.187822043895721436e-01 -4.187822043895721436e-01 -4.187822043895721436e-01 -4.187822043895721436e-01 -4.187822043895721436e-01 -4.187822043895721436e-01 -4.187822043895721436e-01 -4.187822043895721436e-01 -4.187822043895721436e-01 -4.187822043895721436e-01 -4.187822043895721436e-01 -4.187822043895721436e-01 -4.187822043895721436e-01 -4.187822043895721436e-01 -4.187822043895721436e-01
6.922325134277343750e+00 -9.563671946525573730e-01 -9.563671946525573730e-01 -9.563671946525573730e-01 -9.563671946525573730e-01 -9.563671946525573730e-01 -9.563671946525573730e-01 -9.563671946525573730e-01 -9.563671946525573730e-01 -9.563671946525573730e-01 -9.563671946525573730e-01 -5.020934343338012695e-01 3.768724799156188965e-01 -5.020934343338012695e-01 3.768724799156188965e-01 4.467650413513183594e+00 1.150432109832763672e+00 1.431791633367538452e-01 -9.563671946525573730e-01 -9.563671946525573730e-01 -9.563671946525573730e-01
2.984678745269775391e+00 -6.779440641403198242e-01 -1.192141652107238770e+00 -1.544882416725158691e+00 -1.544882416725158691e+00 2.940495908260345459e-01 -1.544882416725158691e+00 8.065669536590576172e-01 -1.544882416725158691e+00 -9.099274277687072754e-01 -1.192141652107238770e+00 2.940495908260345459e-01 -1.192141652107238770e+00 -1.544882416725158691e+00 -9.099274277687072754e-01 5.799921989440917969e+00 2.280421495437622070e+00 2.321415662765502930e+00 1.472605228424072266e+00 -9.099274277687072754e-01 -1.544882416725158691e+00
6.432438492774963379e-01 -1.778601884841918945e+00 -1.524927318096160889e-01 7.031933665275573730e-01 -1.778601884841918945e+00 1.351043343544006348e+00 -1.538108944892883301e+00 -8.845090866088867188e-02 2.889796905219554901e-02 2.889796905219554901e-02 -1.161873459815979004e+00 6.736511588096618652e-01 1.345006525516510010e-01 -6.453284025192260742e-01 2.166254520416259766e+00 4.929610252380371094e+00 1.253718852996826172e+00 -3.716672658920288086e-01 -1.161873459815979004e+00 -1.161873459815979004e+00 -2.073229312896728516e+00
-7.355065345764160156e-01 -2.552592992782592773e+00 6.090537905693054199e-01 4.506629705429077148e-01 8.915728330612182617e-01 -1.086134672164916992e+00 -9.317536950111389160e-01 7.878058552742004395e-01 -9.317536950111389160e-01 2.098876714706420898e+00 -1.265501499176025391e+00 -2.084429502487182617e+00 9.279108047485351562e-01 1.474714279174804688e+00 -4.274432361125946045e-01 5.416830778121948242e-01 -1.367310523986816406e+00 -3.011187016963958740e-01 -1.172229886054992676e+00 1.112267851829528809e+00 3.960078239440917969e+00
-1.338829249143600464e-01 -1.050695419311523438e+00 -3.089335858821868896e-01 1.914649084210395813e-02 -1.050695419311523438e+00 -1.338829249143600464e-01 -1.050695419311523438e+00 -7.543424367904663086e-01 -7.543424367904663086e-01 8.104187250137329102e-01 -1.050695419311523438e+00 -3.089335858821868896e-01 8.104187250137329102e-01 -7.543424367904663086e-01 -3.089335858821868896e-01 7.373954057693481445e-01 -7.543424367904663086e-01 2.751641273498535156e-01 -5.123295783996582031e-01 1.544038504362106323e-01 6.119225978851318359e+00
-7.259320020675659180e-01 -7.259320020675659180e-01 -2.188421189785003662e-01 -7.259320020675659180e-01 1.860270798206329346e-01 -2.188421189785003662e-01 -7.259320020675659180e-01 1.860270798206329346e-01 -7.259320020675659180e-01 -2.188421189785003662e-01 -7.259320020675659180e-01 -7.259320020675659180e-01 1.860270798206329346e-01 -2.188421189785003662e-01 -7.259320020675659180e-01 -7.259320020675659180e-01 5.050260424613952637e-01 -2.188421189785003662e-01 -7.259320020675659180e-01 -2.188421189785003662e-01 7.507989406585693359e+00
-7.707371711730957031e-01 -1.179458498954772949e+00 -4.456225335597991943e-01 -7.707371711730957031e-01 -1.835080832242965698e-01 1.404478788375854492e+00 -1.179458498954772949e+00 -7.707371711730957031e-01 -7.707371711730957031e-01 7.654385566711425781e-01 -1.179458498954772949e+00 -7.707371711730957031e-01 3.428678214550018311e-02 3.428678214550018311e-02 1.206174254417419434e+00 3.825064897537231445e-01 3.428678214550018311e-02 -4.456225335597991943e-01 -7.707371711730957031e-01 -1.179458498954772949e+00 6.555884838104248047e+00
-9.750781208276748657e-02 -2.123416423797607422e+00 6.461146473884582520e-02 1.604114621877670288e-01 -1.072842836380004883e+00 9.316723346710205078e-01 -1.395792007446289062e+00 1.135815382003784180e-01 -6.136782169342041016e-01 2.052746415138244629e-01 -1.223658919334411621e+00 -7.119457721710205078e-01 1.246662616729736328e+00 -8.197783231735229492e-01 6.015452146530151367e-01 8.409056067466735840e-01 2.483111321926116943e-01 2.052746415138244629e-01 -9.392412304878234863e-01 -5.233547091484069824e-01 4.901371955871582031e+00
1.550997346639633179e-01 -2.053388118743896484e+00 5.527350902557373047e-01 2.541206777095794678e-01 -2.161640077829360962e-01 1.559644341468811035e+00 -7.114180922508239746e-01 -5.641791820526123047e-01 -9.770803451538085938e-01 4.538702666759490967e-01 -1.637803435325622559e+00 -1.197769641876220703e+00 -1.216546148061752319e-01 -4.348440468311309814e-01 5.044983625411987305e-01 3.152179121971130371e-01 8.563051819801330566e-01 1.891819536685943604e-01 -2.667309939861297607e-01 -1.197769641876220703e+00 4.539184570312500000e+00
3.887458741664886475e-01 -2.943385839462280273e+00 1.913077980279922485e-01 -2.358337789773941040e-01 1.766725480556488037e-01 1.406551361083984375e+00 -8.534250259399414062e-01 1.314521580934524536e-01 -1.127837538719177246e+00 1.030714035034179688e+00 -9.818722009658813477e-01 -1.576713800430297852e+00 6.034971475601196289e-01 1.159179061651229858e-01 5.640493035316467285e-01 6.690161824226379395e-01 7.046310901641845703e-01 1.733037084341049194e-02 -8.534250259399414062e-01 -6.362286210060119629e-01 3.208633899688720703e+00
8.957148790359497070e-01 -2.938154458999633789e+00 1.086551174521446228e-01 -2.612661421298980713e-01 -8.178777098655700684e-01 1.861048460006713867e+00 -1.166200995445251465e+00 1.445469856262207031e+00 -1.086417913436889648e+00 -5.951270461082458496e-02 5.980648100376129150e-02 -1.208485722541809082e+00 5.073130130767822266e-01 -1.947873234748840332e-01 6.353724598884582520e-01 9.437016844749450684e-01 1.141551017761230469e+00 2.424804121255874634e-01 -7.604092955589294434e-01 -1.252514481544494629e+00 1.903921484947204590e+00
5.831281542778015137e-01 -2.902683019638061523e+00 -2.977728657424449921e-02 -1.038084551692008972e-01 7.844923436641693115e-02 2.161900043487548828e+00 -4.477573633193969727e-01 1.992877423763275146e-01 -2.060365438461303711e+00 2.760389149188995361e-01 -1.123506784439086914e+00 -1.043562531471252441e+00 -2.704256772994995117e-01 3.072265982627868652e-01 2.145589828491210938e+00 1.119621276855468750e+00 1.048639059066772461e+00 3.764488697052001953e-01 -1.123506784439086914e+00 1.162330210208892822e-01 6.936581134796142578e-01
1.514622569084167480e+00 -2.594285964965820312e+00 1.283912956714630127e-01 -1.269690394401550293e-01 -2.022870630025863647e-01 2.440726041793823242e+00 -8.653319478034973145e-01 -7.592573761940002441e-01 -1.325196385383605957e+00 3.662411570549011230e-01 -8.653319478034973145e-01 -2.351962216198444366e-02 6.963766217231750488e-01 -4.434223175048828125e-01 2.969632446765899658e-01 2.575556516647338867e+00 5.678625106811523438e-01 4.619868993759155273e-01 -8.653319478034973145e-01 -2.835313677787780762e-01 -6.942012310028076172e-01
1.359918355941772461e+00 -2.874977111816406250e+00 4.628979414701461792e-02 -7.711356282234191895e-01 -6.026364564895629883e-01 1.921062946319580078e+00 -6.558207869529724121e-01 -1.664660573005676270e-01 -9.361659884452819824e-01 2.104457169771194458e-01 -1.551556706428527832e+00 1.623595118522644043e+00 -2.465820871293544769e-02 1.987183243036270142e-01 1.125989854335784912e-01 1.579712748527526855e+00 1.734510779380798340e+00 5.777175426483154297e-01 -9.726350307464599609e-01 1.126259326934814453e+00 -1.933929085731506348e+00
-9.254171513020992279e-03 -2.432831525802612305e+00 2.118507385253906250e+00 1.609462499618530273e+00 -1.403419494628906250e+00 1.707175016403198242e+00 4.791846871376037598e-02 -9.296614527702331543e-01 -1.480909824371337891e+00 -9.784559011459350586e-01 -2.261668682098388672e+00 2.253769874572753906e+00 -1.403419494628906250e+00 1.344560503959655762e+00 -5.689478516578674316e-01 8.249347805976867676e-01 1.505604624748229980e+00 -9.254171513020992279e-03 -3.560424447059631348e-01 2.280428409576416016e+00 -1.859463453292846680e+00
-4.178726673126220703e-01 -1.978165745735168457e+00 -8.878821730613708496e-01 4.627767562866210938e+00 -1.978165745735168457e+00 2.934185266494750977e+00 -1.978165745735168457e+00 7.487900257110595703e-01 1.686957359313964844e+00 -1.674644470214843750e+00 -8.878821730613708496e-01 -1.674644470214843750e+00 2.952528238296508789e+00 -6.285868287086486816e-01 -6.285868287086486816e-01 -1.043066501617431641e+00 3.664270162582397461e+00 8.108594417572021484e-01 -1.220770597457885742e+00 -1.674644470214843750e+00 -7.508367300033569336e-01
3.619540214538574219e+00 -1.249381780624389648e+00 -1.595543980598449707e+00 1.215544864535331726e-01 -1.595543980598449707e+00 -9.717402458190917969e-01 -1.595543980598449707e+00 1.635524749755859375e+00 -1.249381780624389648e+00 3.761779546737670898e+00 -1.595543980598449707e+00 -1.595543980598449707e+00 -1.249381780624389648e+00 5.433320045471191406e+00 -2.320857197046279907e-01 -9.717402458190917969e-01 -5.483790040016174316e-01 -1.249381780624389648e+00 -1.595543980598449707e+00 3.465599298477172852e+00 -7.428216338157653809e-01
-9.241588115692138672e-01 -1.310978293418884277e+00 -1.310978293418884277e+00 -1.310978293418884277e+00 5.396796703338623047e+00 -1.310978293418884277e+00 4.035584926605224609e+00 -1.310978293418884277e+00 -1.310978293418884277e+00 -3.674022853374481201e-01 -1.310978293418884277e+00 -6.170546412467956543e-01 -9.241588115692138672e-01 -1.310978293418884277e+00 -1.310978293418884277e+00 -1.310978293418884277e+00 4.067660808563232422e+00 -1.310978293418884277e+00 -1.310978293418884277e+00 5.431536197662353516e+00 -3.674022853374481201e-01
-4.654843807220458984e-01 -4.654843807220458984e-01 -4.654843807220458984e-01 -4.654843807220458984e-01 8.223231315612792969e+00 -4.654843807220458984e-01 -4.654843807220458984e-01 -4.654843807220458984e-01 -4.654843807220458984e-01 -4.654843807220458984e-01 -4.654843807220458984e-01 -4.654843807220458984e-01 -4.654843807220458984e-01 -4.654843807220458984e-01 -4.654843807220458984e-01 -4.654843807220458984e-01 -4.654843807220458984e-01 -4.654843807220458984e-01 -4.654843807220458984e-01 -4.654843807220458984e-01 6.196165084838867188e-01
