-4.450381100177764893e-01 8.287356376647949219e+00 -4.450381100177764893e-01 -4.450381100177764893e-01 -4.450381100177764893e-01 -4.450381100177764893e-01 -4.450381100177764893e-01 -4.450381100177764893e-01 -4.450381100177764893e-01 -4.450381100177764893e-01 -4.450381100177764893e-01 -4.450381100177764893e-01 -4.450381100177764893e-01 -4.450381100177764893e-01 -4.450381100177764893e-01 1.682788282632827759e-01 -4.450381100177764893e-01 -4.450381100177764893e-01 -4.450381100177764893e-01 -4.450381100177764893e-01 -4.450381100177764893e-01
6.884020805358886719e+00 -9.742658138275146484e-01 -9.742658138275146484e-01 -9.742658138275146484e-01 -9.742658138275146484e-01 -9.742658138275146484e-01 -9.742658138275146484e-01 -9.742658138275146484e-01 -9.742658138275146484e-01 -9.742658138275146484e-01 -9.742658138275146484e-01 -5.242556929588317871e-01 1.123360842466354370e-01 -1.707780957221984863e-01 3.467453420162200928e-01 4.434864997863769531e+00 8.665591478347778320e-01 7.171112895011901855e-01 -9.742658138275146484e-01 -9.742658138275146484e-01 -9.742658138275146484e-01
2.836988925933837891e+00 -6.063729524612426758e-01 -1.300286531448364258e+00 -1.300286531448364258e+00 -1.639536261558532715e+00 2.415915280580520630e-01 -1.639536261558532715e+00 3.996576964855194092e-01 -1.300286531448364258e+00 -6.063729524612426758e-01 -1.300286531448364258e+00 3.235273957252502441e-01 -6.063729524612426758e-01 -1.639536261558532715e+00 -6.063729524612426758e-01 5.638534545898437500e+00 2.140747785568237305e+00 2.112916469573974609e+00 1.516259074211120605e+00 -1.026709198951721191e+00 -1.639536261558532715e+00
6.018398404121398926e-01 -1.546906948089599609e+00 -3.805551528930664062e-01 5.694946050643920898e-01 -1.787289142608642578e+00 1.356342434883117676e+00 -1.546906948089599609e+00 7.370493561029434204e-02 1.252766102552413940e-01 3.093528747558593750e-01 -1.017364621162414551e+00 6.018398404121398926e-01 -3.766095265746116638e-02 -5.554687976837158203e-01 2.222954988479614258e+00 4.914150238037109375e+00 1.277170300483703613e+00 -3.805551528930664062e-01 -1.169482350349426270e+00 -1.546906948089599609e+00 -2.079783439636230469e+00
-5.854935050010681152e-01 -2.565152168273925781e+00 5.259250998497009277e-01 3.558933436870574951e-01 8.879624009132385254e-01 -6.929532289505004883e-01 -1.021195173263549805e+00 8.879624009132385254e-01 -9.470165371894836426e-01 2.079081773757934570e+00 -9.470165371894836426e-01 -1.915512442588806152e+00 9.698111414909362793e-01 1.356919407844543457e+00 -3.570220172405242920e-01 5.431815981864929199e-01 -1.757121086120605469e+00 -3.167450129985809326e-01 -1.493698000907897949e+00 1.045529842376708984e+00 3.945728302001953125e+00
-5.263003110885620117e-01 -1.430079698562622070e+00 -3.225644528865814209e-01 2.601650953292846680e-01 -5.263003110885620117e-01 4.980399738997220993e-03 -1.062075734138488770e+00 -5.263003110885620117e-01 -1.062075734138488770e+00 9.265916943550109863e-01 -1.062075734138488770e+00 -1.475428938865661621e-01 9.265916943550109863e-01 -7.679211497306823730e-01 -3.225644528865814209e-01 3.690996468067169189e-01 -5.263003110885620117e-01 3.690996468067169189e-01 -5.263003110885620117e-01 -1.475428938865661621e-01 6.100880146026611328e+00
-8.152565956115722656e-01 -8.152565956115722656e-01 -3.283990323543548584e-01 -8.152565956115722656e-01 5.479122325778007507e-02 -3.283990323543548584e-01 -8.152565956115722656e-01 5.479122325778007507e-02 -8.152565956115722656e-01 -3.283990323543548584e-01 -8.152565956115722656e-01 -8.152565956115722656e-01 3.593401610851287842e-01 -3.283990323543548584e-01 -3.283990323543548584e-01 -8.152565956115722656e-01 6.089937686920166016e-01 5.479122325778007507e-02 5.479122325778007507e-02 -3.283990323543548584e-01 7.305167675018310547e+00
-7.958103418350219727e-01 -1.200409531593322754e+00 -7.958103418350219727e-01 -4.753486812114715576e-01 -7.958103418350219727e-01 1.632208347320556641e+00 -1.200409531593322754e+00 -4.753486812114715576e-01 -7.958103418350219727e-01 3.499708175659179688e-01 -1.200409531593322754e+00 -7.958103418350219727e-01 4.914427101612091064e-01 2.770923776552081108e-03 1.170151114463806152e+00 3.499708175659179688e-01 4.914427101612091064e-01 -4.753486812114715576e-01 -7.958103418350219727e-01 -1.200409531593322754e+00 6.514200687408447266e+00
-1.332620680332183838e-01 -1.862093925476074219e+00 1.691903322935104370e-01 -2.250648103654384613e-02 -1.104841828346252441e+00 9.579751491546630859e-01 -1.104841828346252441e+00 2.880497463047504425e-02 -6.474376916885375977e-01 2.929615080356597900e-01 -1.254937767982482910e+00 -5.572339892387390137e-01 1.055148720741271973e+00 -7.456184029579162598e-01 5.651282072067260742e-01 8.729604482650756836e-01 3.680241107940673828e-01 -2.250648103654384613e-02 -9.720684885978698730e-01 -7.456184029579162598e-01 4.862512588500976562e+00
7.804371416568756104e-02 -1.833739638328552246e+00 4.742349982261657715e-01 9.463413152843713760e-04 -2.716897130012512207e-01 1.605379700660705566e+00 -7.160298824310302734e-01 -4.401076734066009521e-01 -1.086791157722473145e+00 5.935357809066772461e-01 -1.833739638328552246e+00 -1.202437758445739746e+00 -8.227991312742233276e-02 -3.809574246406555176e-01 5.935357809066772461e-01 2.799221575260162354e-01 8.509550690650939941e-01 7.804371416568756104e-02 -4.401076734066009521e-01 -7.977009415626525879e-01 4.532442569732666016e+00
3.360730707645416260e-01 -2.716860771179199219e+00 1.729937344789505005e-01 -3.815282881259918213e-01 1.581459045410156250e-01 1.394100189208984375e+00 -7.795861959457397461e-01 2.712788283824920654e-01 -1.185072302818298340e+00 9.816445112228393555e-01 -1.131444334983825684e+00 -1.364340186119079590e+00 5.997757911682128906e-01 3.080209903419017792e-02 6.094011664390563965e-01 6.832665801048278809e-01 6.470096111297607422e-01 3.080209903419017792e-02 -1.080413818359375000e+00 -4.884679317474365234e-01 3.213527917861938477e+00
8.360116481781005859e-01 -3.157227754592895508e+00 1.799989044666290283e-01 -2.087764292955398560e-01 -9.084253907203674316e-01 1.854903697967529297e+00 -9.752692580223083496e-01 1.475742459297180176e+00 -1.206237554550170898e+00 -1.593639515340328217e-02 9.890069812536239624e-02 -1.084390521049499512e+00 5.868396162986755371e-01 -3.301211297512054443e-01 7.059817910194396973e-01 9.917477965354919434e-01 1.126557707786560059e+00 2.856199145317077637e-01 -7.582054734230041504e-01 -1.344202637672424316e+00 1.846468806266784668e+00
6.367017030715942383e-01 -2.896812438964843750e+00 -7.768993731588125229e-03 -1.593693494796752930e-01 7.339129596948623657e-02 2.156835794448852539e+00 -3.977940976619720459e-01 1.363891363143920898e-01 -2.157402038574218750e+00 3.552224636077880859e-01 -1.158187866210937500e+00 -9.619663953781127930e-01 -1.593693494796752930e-01 2.407549023628234863e-01 2.177895069122314453e+00 1.150120139122009277e+00 1.021627187728881836e+00 3.938279151916503906e-01 -1.202269196510314941e+00 9.906350076198577881e-02 6.587849855422973633e-01
1.589962840080261230e+00 -2.574714660644531250e+00 1.927858889102935791e-01 -3.398064896464347839e-02 -1.224286332726478577e-01 2.456814527511596680e+00 -1.048193573951721191e+00 -7.709936499595642090e-01 -1.303665876388549805e+00 4.113034307956695557e-01 -9.612246155738830566e-01 -5.106547847390174866e-02 6.867301464080810547e-01 -4.977822005748748779e-01 2.062462717294692993e-01 2.604942083358764648e+00 5.817083716392517090e-01 5.247919559478759766e-01 -9.203132390975952148e-01 -1.991525143384933472e-01 -7.709936499595642090e-01
1.371246814727783203e+00 -3.093104600906372070e+00 -3.194356709718704224e-02 -5.696260929107666016e-01 -4.282062351703643799e-01 1.937135219573974609e+00 -9.288849830627441406e-01 -2.109407931566238403e-01 -8.266382217407226562e-01 3.792853653430938721e-01 -1.544860482215881348e+00 1.608019232749938965e+00 6.744696199893951416e-02 1.944090873003005981e-01 9.414348751306533813e-02 1.553858041763305664e+00 1.742156863212585449e+00 5.771943330764770508e-01 -8.936675190925598145e-01 1.129161477088928223e+00 -2.126884222030639648e+00
7.058072835206985474e-02 -2.413816690444946289e+00 2.146264791488647461e+00 1.655916810035705566e+00 -1.542871952056884766e+00 1.744439482688903809e+00 1.593310683965682983e-01 -8.157787919044494629e-01 -1.731483340263366699e+00 -1.061629533767700195e+00 -1.839166402816772461e+00 2.276928424835205078e+00 -1.459450840950012207e+00 1.330962657928466797e+00 -6.919724941253662109e-01 8.817441463470458984e-01 1.563069105148315430e+00 3.279912844300270081e-02 -3.335282206535339355e-01 2.270679950714111328e+00 -2.241526842117309570e+00
-3.713763654232025146e-01 -1.943967819213867188e+00 -8.435720801353454590e-01 4.703604221343994141e+00 -1.943967819213867188e+00 2.900630235671997070e+00 -1.943967819213867188e+00 1.001726746559143066e+00 1.787886738777160645e+00 -1.638653516769409180e+00 -9.997351765632629395e-01 -1.638653516769409180e+00 2.947866201400756836e+00 -7.060052752494812012e-01 -4.723459482192993164e-01 -7.060052752494812012e-01 3.715730905532836914e+00 6.618169546127319336e-01 -1.389093399047851562e+00 -1.943967819213867188e+00 -1.179402947425842285e+00
3.680068969726562500e+00 -1.236182332038879395e+00 -1.582515239715576172e+00 3.422376886010169983e-02 -1.582515239715576172e+00 -1.236182332038879395e+00 -1.236182332038879395e+00 1.770420074462890625e+00 -1.236182332038879395e+00 3.791206359863281250e+00 -1.582515239715576172e+00 -1.582515239715576172e+00 -1.582515239715576172e+00 5.457323074340820312e+00 -8.306361734867095947e-02 -9.573757052421569824e-01 -7.261986732482910156e-01 -9.573757052421569824e-01 -1.582515239715576172e+00 3.386361837387084961e+00 -9.573757052421569824e-01
-8.966026902198791504e-01 -8.966026902198791504e-01 -1.286131620407104492e+00 -1.286131620407104492e+00 5.460576057434082031e+00 -1.286131620407104492e+00 4.026908397674560547e+00 -1.286131620407104492e+00 -1.286131620407104492e+00 -5.870185494422912598e-01 -1.286131620407104492e+00 -5.870185494422912598e-01 -1.286131620407104492e+00 -1.286131620407104492e+00 -1.286131620407104492e+00 -1.286131620407104492e+00 4.007638931274414062e+00 -1.286131620407104492e+00 -1.286131620407104492e+00 5.494675636291503906e+00 -5.870185494422912598e-01
-4.654499292373657227e-01 -4.654499292373657227e-01 -4.654499292373657227e-01 -4.654499292373657227e-01 8.222811698913574219e+00 -4.654499292373657227e-01 -4.654499292373657227e-01 -4.654499292373657227e-01 -4.654499292373657227e-01 -4.654499292373657227e-01 -4.654499292373657227e-01 -4.654499292373657227e-01 -4.654499292373657227e-01 -4.654499292373657227e-01 -4.654499292373657227e-01 -4.654499292373657227e-01 -4.654499292373657227e-01 -4.654499292373657227e-01 -4.654499292373657227e-01 -4.654499292373657227e-01 6.220319867134094238e-01
