-4.450387656688690186e-01 8.287245750427246094e+00 -4.450387656688690186e-01 -4.450387656688690186e-01 -4.450387656688690186e-01 -4.450387656688690186e-01 -4.450387656688690186e-01 -4.450387656688690186e-01 -4.450387656688690186e-01 -4.450387656688690186e-01 -4.450387656688690186e-01 -4.450387656688690186e-01 -4.450387656688690186e-01 -4.450387656688690186e-01 -4.450387656688690186e-01 1.687492281198501587e-01 -4.450387656688690186e-01 -4.450387656688690186e-01 -4.450387656688690186e-01 -4.450387656688690186e-01 -4.450387656688690186e-01
6.897302627563476562e+00 -9.690136313438415527e-01 -9.690136313438415527e-01 -9.690136313438415527e-01 -9.690136313438415527e-01 -9.690136313438415527e-01 -9.690136313438415527e-01 -9.690136313438415527e-01 -9.690136313438415527e-01 -9.690136313438415527e-01 -9.690136313438415527e-01 -5.181257128715515137e-01 1.199935674667358398e-01 -5.181257128715515137e-01 3.551331162452697754e-01 4.408031940460205078e+00 1.126275897026062012e+00 7.259084582328796387e-01 -9.690136313438415527e-01 -9.690136313438415527e-01 -9.690136313438415527e-01
2.833779335021972656e+00 -7.390774488449096680e-01 -1.247584581375122070e+00 -1.247584581375122070e+00 -1.592620491981506348e+00 2.224436998367309570e-01 -1.592620491981506348e+00 9.871309995651245117e-01 -1.592620491981506348e+00 -9.695910215377807617e-01 -1.247584581375122070e+00 1.254229694604873657e-01 -5.436403155326843262e-01 -1.592620491981506348e+00 -9.695910215377807617e-01 5.718413829803466797e+00 2.202018976211547852e+00 2.269369363784790039e+00 1.538460373878479004e+00 -9.695910215377807617e-01 -1.592620491981506348e+00
6.838371753692626953e-01 -1.554380178451538086e+00 -3.116633296012878418e-01 6.838371753692626953e-01 -2.086357116699218750e+00 1.376817584037780762e+00 -1.554380178451538086e+00 6.454539299011230469e-02 1.035000290721654892e-02 2.120121717453002930e-01 -1.025948882102966309e+00 6.542896628379821777e-01 1.035000290721654892e-02 -5.642487406730651855e-01 2.132678508758544922e+00 4.906238079071044922e+00 1.217019081115722656e+00 -2.391049414873123169e-01 -1.177695035934448242e+00 -1.351781249046325684e+00 -2.086357116699218750e+00
-6.966080069541931152e-01 -2.568273544311523438e+00 5.219604372978210449e-01 2.436121702194213867e-01 8.467721939086914062e-01 -8.162328004837036133e-01 -8.814209699630737305e-01 8.960819244384765625e-01 -1.190390944480895996e+00 2.075074911117553711e+00 -1.024889707565307617e+00 -2.101033926010131836e+00 8.593284487724304199e-01 1.368113398551940918e+00 -4.464060664176940918e-01 5.728480219841003418e-01 -1.283644795417785645e+00 -1.734663993120193481e-01 -1.190390944480895996e+00 1.041540980339050293e+00 3.947461843490600586e+00
-7.474619150161743164e-01 -1.043313860893249512e+00 -2.997408509254455566e-01 4.937430322170257568e-01 -5.044587254524230957e-01 -1.240928992629051208e-01 -1.413483977317810059e+00 -1.043313860893249512e+00 -7.474619150161743164e-01 5.850929021835327148e-01 -1.043313860893249512e+00 -1.240928992629051208e-01 8.204105496406555176e-01 -7.474619150161743164e-01 -2.997408509254455566e-01 7.475169897079467773e-01 -7.474619150161743164e-01 5.850929021835327148e-01 -5.044587254524230957e-01 2.886827476322650909e-02 6.129704475402832031e+00
-8.051720857620239258e-01 -8.051720857620239258e-01 -3.154912590980529785e-01 -8.051720857620239258e-01 6.978404521942138672e-02 6.978404521942138672e-02 -8.051720857620239258e-01 6.978404521942138672e-02 -8.051720857620239258e-01 6.978404521942138672e-02 -8.051720857620239258e-01 -8.051720857620239258e-01 6.978404521942138672e-02 -3.154912590980529785e-01 -3.154912590980529785e-01 -8.051720857620239258e-01 3.761525154113769531e-01 6.978404521942138672e-02 6.978404521942138672e-02 -8.051720857620239258e-01 7.328670024871826172e+00
-8.016973733901977539e-01 -1.205346703529357910e+00 -8.016973733901977539e-01 -8.016973733901977539e-01 -2.215858101844787598e-01 1.358908534049987793e+00 -1.205346703529357910e+00 -4.817537963390350342e-01 -8.016973733901977539e-01 4.835776686668395996e-01 -1.205346703529357910e+00 -8.016973733901977539e-01 1.815944910049438477e-01 -2.215858101844787598e-01 1.297060847282409668e+00 3.423495292663574219e-01 6.093794703483581543e-01 -2.215858101844787598e-01 -8.016973733901977539e-01 -1.205346703529357910e+00 6.505759716033935547e+00
4.718017764389514923e-03 -1.840986371040344238e+00 2.395754754543304443e-01 4.718017764389514923e-03 -1.230758905410766602e+00 9.860848188400268555e-01 -1.230758905410766602e+00 1.518447101116180420e-01 -7.198087573051452637e-01 -4.930949211120605469e-02 -1.230758905410766602e+00 -5.309256911277770996e-01 1.269264817237854004e+00 -7.198087573051452637e-01 5.313975811004638672e-01 7.584748864173889160e-01 3.205615878105163574e-01 4.718017764389514923e-03 -1.080221056938171387e+00 -5.309256911277770996e-01 4.892841815948486328e+00
9.780248254537582397e-02 -1.817333340644836426e+00 4.942805469036102295e-01 2.368298470973968506e-01 -3.054134845733642578e-01 1.473603963851928711e+00 -6.210991740226745605e-01 -4.835503399372100830e-01 -8.672271966934204102e-01 5.908488631248474121e-01 -2.043551683425903320e+00 -1.625113010406494141e+00 9.780248254537582397e-02 -3.054134845733642578e-01 6.577280759811401367e-01 4.686493575572967529e-01 9.223338365554809570e-01 1.343510448932647705e-01 -6.970704197883605957e-01 -9.633708596229553223e-01 4.554801464080810547e+00
3.569537997245788574e-01 -2.709999561309814453e+00 1.514410376548767090e-01 -2.311836630105972290e-01 1.514410376548767090e-01 1.402569532394409180e+00 -7.346623539924621582e-01 2.796872258186340332e-01 -1.293262004852294922e+00 1.054222583770751953e+00 -9.771338701248168945e-01 -1.495209574699401855e+00 5.586395263671875000e-01 8.880919218063354492e-02 5.276927351951599121e-01 7.093482613563537598e-01 7.437549829483032227e-01 2.206535823643207550e-02 -1.123316049575805664e+00 -6.991758346557617188e-01 3.217739820480346680e+00
8.111107945442199707e-01 -3.153723001480102539e+00 4.126215353608131409e-02 -2.374824285507202148e-01 -7.821264266967773438e-01 1.900744438171386719e+00 -1.080036878585815430e+00 1.449135541915893555e+00 -1.005994319915771484e+00 9.130801260471343994e-02 1.733374148607254028e-01 -1.339779138565063477e+00 6.207354664802551270e-01 -1.721242964267730713e-01 7.039174437522888184e-01 9.863213896751403809e-01 1.063666701316833496e+00 2.800905406475067139e-01 -8.721380829811096191e-01 -1.339779138565063477e+00 1.861539483070373535e+00
5.986678600311279297e-01 -2.720120429992675781e+00 -6.627568602561950684e-02 -1.425227522850036621e-01 -5.168820917606353760e-02 2.123124837875366211e+00 -4.992096126079559326e-01 1.331508755683898926e-01 -2.286051750183105469e+00 3.878194391727447510e-01 -1.090203881263732910e+00 -1.013367176055908203e+00 -1.425227522850036621e-01 3.199249207973480225e-01 2.163943290710449219e+00 1.107445597648620605e+00 1.045936465263366699e+00 3.495840430259704590e-01 -9.769546985626220703e-01 1.087317839264869690e-01 6.505759358406066895e-01
1.576000452041625977e+00 -2.586067438125610352e+00 1.653589606285095215e-01 -8.218853175640106201e-02 -2.329702377319335938e-01 2.425629138946533203e+00 -7.503103613853454590e-01 -6.540869474411010742e-01 -1.260595798492431641e+00 4.190489351749420166e-01 -9.746626615524291992e-01 -6.482249498367309570e-02 6.974797844886779785e-01 -3.860829472541809082e-01 2.057461440563201904e-01 2.606858253479003906e+00 5.206384062767028809e-01 4.190489351749420166e-01 -9.746626615524291992e-01 -2.128559798002243042e-01 -8.564848303794860840e-01
1.384786725044250488e+00 -2.870337486267089844e+00 1.060683280229568481e-01 -6.226494908332824707e-01 -4.743719398975372314e-01 1.933837532997131348e+00 -7.348294258117675781e-01 -1.944458335638046265e-01 -8.607785701751708984e-01 3.375468254089355469e-01 -1.839879155158996582e+00 1.615571379661560059e+00 -1.268236190080642700e-01 2.050877213478088379e-01 1.443480849266052246e-01 1.543339490890502930e+00 1.761265993118286133e+00 4.638124406337738037e-01 -8.948442935943603516e-01 1.146672964096069336e+00 -2.023459911346435547e+00
-1.294541656970977783e-01 -2.409931182861328125e+00 2.158086299896240234e+00 1.656779170036315918e+00 -1.538486599922180176e+00 1.731356263160705566e+00 1.468035727739334106e-01 -9.027487039566040039e-01 -1.727230072021484375e+00 -9.516810774803161621e-01 -2.087285280227661133e+00 2.298122406005859375e+00 -1.455112576484680176e+00 1.397668957710266113e+00 -5.089607834815979004e-01 7.143846750259399414e-01 1.528982162475585938e+00 -1.799424295313656330e-03 -2.753778100013732910e-01 2.310246706008911133e+00 -1.954259872436523438e+00
-4.549724161624908447e-01 -1.931215524673461914e+00 -8.271487355232238770e-01 4.705527782440185547e+00 -1.931215524673461914e+00 2.939956903457641602e+00 -1.931215524673461914e+00 9.939457774162292480e-01 1.782478094100952148e+00 -1.624645352363586426e+00 -1.163664698600769043e+00 -1.931215524673461914e+00 2.993801593780517578e+00 -4.549724161624908447e-01 -8.271487355232238770e-01 -6.892541646957397461e-01 3.766777753829956055e+00 7.165697813034057617e-01 -1.374043822288513184e+00 -1.931215524673461914e+00 -8.271487355232238770e-01
3.610951900482177734e+00 -1.581340312957763672e+00 -1.581340312957763672e+00 3.574291244149208069e-02 -1.581340312957763672e+00 -1.234909653663635254e+00 -1.234909653663635254e+00 1.793767571449279785e+00 -1.234909653663635254e+00 3.763456583023071289e+00 -1.581340312957763672e+00 -1.581340312957763672e+00 -1.234909653663635254e+00 5.470788478851318359e+00 -8.167241513729095459e-02 -9.558474421501159668e-01 -9.558474421501159668e-01 -9.558474421501159668e-01 -1.581340312957763672e+00 3.426868915557861328e+00 -7.245387434959411621e-01
-9.106366038322448730e-01 -9.106366038322448730e-01 -1.298078298568725586e+00 -1.298078298568725586e+00 5.411646366119384766e+00 -1.298078298568725586e+00 4.032153129577636719e+00 -1.298078298568725586e+00 -1.298078298568725586e+00 -6.024005413055419922e-01 -1.298078298568725586e+00 -6.024005413055419922e-01 -1.298078298568725586e+00 -1.298078298568725586e+00 -1.298078298568725586e+00 -1.298078298568725586e+00 4.024695873260498047e+00 -1.298078298568725586e+00 -1.298078298568725586e+00 5.484043121337890625e+00 -3.500468730926513672e-01
-4.655337631702423096e-01 -4.655337631702423096e-01 -4.655337631702423096e-01 -4.655337631702423096e-01 8.222781181335449219e+00 -4.655337631702423096e-01 -4.655337631702423096e-01 -4.655337631702423096e-01 -4.655337631702423096e-01 -4.655337631702423096e-01 -4.655337631702423096e-01 -4.655337631702423096e-01 -4.655337631702423096e-01 -4.655337631702423096e-01 -4.655337631702423096e-01 -4.655337631702423096e-01 -4.655337631702423096e-01 -4.655337631702423096e-01 -4.655337631702423096e-01 -4.655337631702423096e-01 6.216968297958374023e-01
