-4.452639818191528320e-01 8.287359237670898438e+00 -4.452639818191528320e-01 -4.452639818191528320e-01 -4.452639818191528320e-01 -4.452639818191528320e-01 -4.452639818191528320e-01 -4.452639818191528320e-01 -4.452639818191528320e-01 -4.452639818191528320e-01 -4.452639818191528320e-01 -4.452639818191528320e-01 -4.452639818191528320e-01 -4.452639818191528320e-01 -4.452639818191528320e-01 1.716837286949157715e-01 -4.452639818191528320e-01 -4.452639818191528320e-01 -4.452639818191528320e-01 -4.452639818191528320e-01 -4.452639818191528320e-01
6.887890338897705078e+00 -9.714567661285400391e-01 -9.714567661285400391e-01 -9.714567661285400391e-01 -9.714567661285400391e-01 -9.714567661285400391e-01 -9.714567661285400391e-01 -9.714567661285400391e-01 -9.714567661285400391e-01 -9.714567661285400391e-01 -9.714567661285400391e-01 -5.218300223350524902e-01 3.514360487461090088e-01 -1.687922030687332153e-01 3.514360487461090088e-01 4.458013534545898438e+00 7.209274172782897949e-01 5.502666234970092773e-01 -9.714567661285400391e-01 -9.714567661285400391e-01 -9.714567661285400391e-01
2.847973823547363281e+00 -7.793955802917480469e-01 -1.283439517021179199e+00 -1.283439517021179199e+00 -1.623978614807128906e+00 3.465699851512908936e-01 -1.623978614807128906e+00 7.928322553634643555e-01 -1.283439517021179199e+00 -5.860124230384826660e-01 -1.283439517021179199e+00 1.760082244873046875e-01 -7.793955802917480469e-01 -1.623978614807128906e+00 -7.793955802917480469e-01 5.659326553344726562e+00 2.231883049011230469e+00 2.192550897598266602e+00 1.590149879455566406e+00 -1.283439517021179199e+00 -1.623978614807128906e+00
6.873484253883361816e-01 -1.792003393173217773e+00 -2.356171160936355591e-01 6.873484253883361816e-01 -1.792003393173217773e+00 1.395166158676147461e+00 -1.551334619522094727e+00 -1.035703942179679871e-01 1.387239713221788406e-02 2.606438994407653809e-01 -1.174751400947570801e+00 7.440598011016845703e-01 6.802970916032791138e-02 -6.597804427146911621e-01 2.184172630310058594e+00 4.906402111053466797e+00 1.203191161155700684e+00 -2.356171160936355591e-01 -1.174751400947570801e+00 -1.348584771156311035e+00 -2.084040164947509766e+00
-6.005232930183410645e-01 -2.577136993408203125e+00 5.777238607406616211e-01 4.568936526775360107e-01 7.287853956222534180e-01 -1.115267038345336914e+00 -9.616432189941406250e-01 8.845318555831909180e-01 -9.616432189941406250e-01 2.103631496429443359e+00 -8.922831416130065918e-01 -2.323028087615966797e+00 9.315485358238220215e-01 1.400751113891601562e+00 -3.720484375953674316e-01 4.750568270683288574e-01 -1.294171452522277832e+00 -2.558027803897857666e-01 -1.115267038345336914e+00 9.874101281166076660e-01 3.921849012374877930e+00
-5.282095074653625488e-01 -1.430823683738708496e+00 -3.244914710521697998e-01 2.578184902667999268e-01 -3.244914710521697998e-01 2.365394728258252144e-03 -1.064051747322082520e+00 -1.064051747322082520e+00 -1.064051747322082520e+00 5.570965409278869629e-01 -1.064051747322082520e+00 -3.244914710521697998e-01 9.242219328880310059e-01 -7.702017426490783691e-01 -1.498672515153884888e-01 7.190942764282226562e-01 -5.282095074653625488e-01 4.660927951335906982e-01 -5.282095074653625488e-01 1.371219158172607422e-01 6.097950935363769531e+00
-7.577179670333862305e-01 -7.577179670333862305e-01 -2.538705468177795410e-01 -7.577179670333862305e-01 1.404966264963150024e-01 -7.577179670333862305e-01 -7.577179670333862305e-01 1.404966264963150024e-01 -7.577179670333862305e-01 1.404966264963150024e-01 -7.577179670333862305e-01 -7.577179670333862305e-01 4.541843235492706299e-01 -2.538705468177795410e-01 -7.577179670333862305e-01 -7.577179670333862305e-01 1.404966264963150024e-01 1.404966264963150024e-01 -2.538705468177795410e-01 -2.538705468177795410e-01 7.438011646270751953e+00
-7.842031121253967285e-01 -1.189889550209045410e+00 -4.625059962272644043e-01 -4.625059962272644043e-01 -2.002999186515808105e-01 1.322851896286010742e+00 -1.189889550209045410e+00 -7.842031121253967285e-01 -7.842031121253967285e-01 6.337600350379943848e-01 -1.189889550209045410e+00 -7.842031121253967285e-01 3.657860159873962402e-01 -4.625059962272644043e-01 1.322851896286010742e+00 3.657860159873962402e-01 5.074489712715148926e-01 -7.842031121253967285e-01 -7.842031121253967285e-01 -1.189889550209045410e+00 6.534086227416992188e+00
1.503699459135532379e-02 -1.833198666572570801e+00 6.643164902925491333e-02 1.503699459135532379e-02 -1.070976853370666504e+00 9.761999249458312988e-01 -1.221580386161804199e+00 2.071215659379959106e-01 -5.210034251213073730e-01 2.071215659379959106e-01 -1.221580386161804199e+00 -8.179574608802795410e-01 1.148240208625793457e+00 -9.375519752502441406e-01 6.034886837005615234e-01 7.433963418006896973e-01 3.692966997623443604e-01 1.503699459135532379e-02 -9.375519752502441406e-01 -7.098391056060791016e-01 4.907128334045410156e+00
1.270203441381454468e-01 -1.823069095611572266e+00 5.363103151321411133e-01 5.270711332559585571e-02 -1.141784340143203735e-01 1.540567278861999512e+00 -5.571663379669189453e-01 -5.571663379669189453e-01 -9.701293706893920898e-01 6.062158346176147461e-01 -2.049372673034667969e+00 -1.465580582618713379e+00 -1.141784340143203735e-01 -4.905645847320556641e-01 7.331734299659729004e-01 2.924362421035766602e-01 8.097704052925109863e-01 2.293792814016342163e-01 -6.281483173370361328e-01 -7.041048407554626465e-01 4.546287536621093750e+00
3.669379353523254395e-01 -2.740343332290649414e+00 2.278489023447036743e-01 -3.616321384906768799e-01 6.654728204011917114e-02 1.394144535064697266e+00 -7.721304893493652344e-01 2.413114756345748901e-01 -1.392739892005920410e+00 1.027929663658142090e+00 -8.861683011054992676e-01 -1.392739892005920410e+00 5.302583575248718262e-01 3.425809368491172791e-02 5.982854366302490234e-01 6.351959705352783203e-01 6.708050966262817383e-01 -1.616754941642284393e-02 -8.087575435638427734e-01 -5.759535431861877441e-01 3.154166936874389648e+00
8.666261434555053711e-01 -2.952637195587158203e+00 3.610631916671991348e-03 -2.127638906240463257e-01 -7.780463099479675293e-01 1.861496925354003906e+00 -9.282922148704528809e-01 1.424145460128784180e+00 -9.950411915779113770e-01 2.925354242324829102e-02 5.426780506968498230e-02 -1.183615803718566895e+00 5.363227128982543945e-01 -2.621549367904663086e-01 6.723483800888061523e-01 9.664008021354675293e-01 1.101819276809692383e+00 3.046965003013610840e-01 -7.236180305480957031e-01 -1.580976605415344238e+00 1.795855760574340820e+00
6.900209188461303711e-01 -2.699153661727905273e+00 -2.677719108760356903e-02 -1.176649928092956543e-01 5.662493780255317688e-02 2.181130409240722656e+00 -3.280932903289794922e-01 1.581006050109863281e-01 -2.148905754089355469e+00 4.587107002735137939e-01 -1.390701055526733398e+00 -1.148863911628723145e+00 -8.645704388618469238e-02 2.503453493118286133e-01 2.174657821655273438e+00 1.181869149208068848e+00 1.046400189399719238e+00 3.549365401268005371e-01 -1.239095926284790039e+00 5.662493780255317688e-02 5.770049691200256348e-01
1.515706658363342285e+00 -2.435087442398071289e+00 9.027837216854095459e-02 -1.546814590692520142e-01 -2.719686031341552734e-01 2.425410270690917969e+00 -9.125036597251892090e-01 -6.423045992851257324e-01 -1.278412103652954102e+00 3.678041398525238037e-01 -8.746141195297241211e-01 -4.957149177789688110e-02 6.373561620712280273e-01 -4.045273661613464355e-01 1.870876252651214600e-01 2.575800418853759766e+00 5.674055814743041992e-01 5.115531682968139648e-01 -7.686421871185302734e-01 -3.812198638916015625e-01 -7.035585045814514160e-01
1.399354815483093262e+00 -2.872859954833984375e+00 7.620331645011901855e-02 -6.260771155357360840e-01 -5.493451356887817383e-01 1.913213372230529785e+00 -6.260771155357360840e-01 -2.335061430931091309e-01 -7.683865427970886230e-01 2.476803958415985107e-01 -1.686327934265136719e+00 1.662982106208801270e+00 -9.815354645252227783e-02 3.535085171461105347e-02 1.408203840255737305e-01 1.573559761047363281e+00 1.724536895751953125e+00 4.693626761436462402e-01 -7.993685603141784668e-01 1.147766828536987305e+00 -2.131239414215087891e+00
-1.979484921321272850e-03 -2.426432371139526367e+00 2.128294706344604492e+00 1.580738306045532227e+00 -1.324456334114074707e+00 1.728812456130981445e+00 1.092765331268310547e-01 -8.754939436912536621e-01 -1.557128548622131348e+00 -9.711572527885437012e-01 -2.105189323425292969e+00 2.275689601898193359e+00 -1.256800889968872070e+00 1.406982779502868652e+00 -6.687142848968505859e-01 7.973078489303588867e-01 1.547457218170166016e+00 -8.362071216106414795e-02 -4.651816785335540771e-01 2.263350725173950195e+00 -2.105189323425292969e+00
-7.407545447349548340e-01 -1.970504164695739746e+00 -8.777653574943542480e-01 4.653225421905517578e+00 -1.970504164695739746e+00 2.848956346511840820e+00 -1.970504164695739746e+00 9.630311131477355957e-01 1.736480355262756348e+00 -1.667912125587463379e+00 -8.777653574943542480e-01 -1.667912125587463379e+00 2.986020088195800781e+00 -7.407545447349548340e-01 -5.078473687171936035e-01 -7.407545447349548340e-01 3.663504838943481445e+00 7.917908430099487305e-01 -1.211136579513549805e+00 -1.667912125587463379e+00 -1.032854080200195312e+00
3.683715343475341797e+00 -1.240734100341796875e+00 -1.586104989051818848e+00 -8.897507935762405396e-02 -1.586104989051818848e+00 -9.617760181427001953e-01 -1.240734100341796875e+00 1.742675185203552246e+00 -1.240734100341796875e+00 3.752440452575683594e+00 -1.586104989051818848e+00 -1.586104989051818848e+00 -1.240734100341796875e+00 5.456745147705078125e+00 -8.897507935762405396e-02 -1.240734100341796875e+00 -5.352739691734313965e-01 -1.240734100341796875e+00 -1.586104989051818848e+00 3.375894069671630859e+00 -9.617760181427001953e-01
-9.036982655525207520e-01 -9.036982655525207520e-01 -1.291645765304565430e+00 -1.291645765304565430e+00 5.446787834167480469e+00 -1.291645765304565430e+00 4.083264350891113281e+00 -1.291645765304565430e+00 -1.291645765304565430e+00 -9.036982655525207520e-01 -1.291645765304565430e+00 -5.943921804428100586e-01 -9.036982655525207520e-01 -1.291645765304565430e+00 -1.291645765304565430e+00 -1.291645765304565430e+00 4.013000011444091797e+00 -1.291645765304565430e+00 -1.291645765304565430e+00 5.468525409698486328e+00 -5.943921804428100586e-01
-4.655375778675079346e-01 -4.655375778675079346e-01 -4.655375778675079346e-01 -4.655375778675079346e-01 8.222406387329101562e+00 -4.655375778675079346e-01 -4.655375778675079346e-01 -4.655375778675079346e-01 -4.655375778675079346e-01 -4.655375778675079346e-01 -4.655375778675079346e-01 -4.655375778675079346e-01 -4.655375778675079346e-01 -4.655375778675079346e-01 -4.655375778675079346e-01 -4.655375778675079346e-01 -4.655375778675079346e-01 -4.655375778675079346e-01 -4.655375778675079346e-01 -4.655375778675079346e-01 6.215603947639465332e-01
