-4.444252848625183105e-01 8.286536216735839844e+00 -4.444252848625183105e-01 -4.444252848625183105e-01 -4.444252848625183105e-01 -4.444252848625183105e-01 -4.444252848625183105e-01 -4.444252848625183105e-01 -4.444252848625183105e-01 -4.444252848625183105e-01 -4.444252848625183105e-01 -4.444252848625183105e-01 -4.444252848625183105e-01 -4.444252848625183105e-01 -4.444252848625183105e-01 1.572142690420150757e-01 -4.444252848625183105e-01 -4.444252848625183105e-01 -4.444252848625183105e-01 -4.444252848625183105e-01 -4.444252848625183105e-01
6.910427093505859375e+00 -9.622727632522583008e-01 -9.622727632522583008e-01 -9.622727632522583008e-01 -9.622727632522583008e-01 -9.622727632522583008e-01 -9.622727632522583008e-01 -9.622727632522583008e-01 -9.622727632522583008e-01 -9.622727632522583008e-01 -9.622727632522583008e-01 -5.090754628181457520e-01 1.367070823907852173e-01 -1.483651250600814819e-01 1.367070823907852173e-01 4.475582599639892578e+00 1.140046477317810059e+00 3.679232895374298096e-01 -9.622727632522583008e-01 -9.622727632522583008e-01 -9.622727632522583008e-01
2.857020139694213867e+00 -1.255988597869873047e+00 -1.255988597869873047e+00 -1.255988597869873047e+00 -1.602472543716430664e+00 2.106896936893463135e-01 -1.602472543716430664e+00 8.793354630470275879e-01 -1.255988597869873047e+00 -7.519062161445617676e-01 -1.255988597869873047e+00 2.106896936893463135e-01 -7.519062161445617676e-01 -1.602472543716430664e+00 -7.519062161445617676e-01 5.698605537414550781e+00 2.319262027740478516e+00 2.306942701339721680e+00 1.441963791847229004e+00 -9.788969755172729492e-01 -1.602472543716430664e+00
7.466233372688293457e-01 -1.787351846694946289e+00 -2.335723936557769775e-01 7.186858654022216797e-01 -2.082340955734252930e+00 1.368060231208801270e+00 -1.547788143157958984e+00 1.624913513660430908e-02 1.707501262426376343e-01 3.467189371585845947e-01 -1.347416520118713379e+00 6.604189276695251465e-01 1.624913513660430908e-02 -5.576574206352233887e-01 2.179964065551757812e+00 4.909327983856201172e+00 1.169757366180419922e+00 -4.671357274055480957e-01 -1.022614598274230957e+00 -1.174684643745422363e+00 -2.082340955734252930e+00
-8.984808921813964844e-01 -2.579384088516235352e+00 5.209820270538330078e-01 2.703132629394531250e-01 8.159022927284240723e-01 -8.332548141479492188e-01 -8.984808921813964844e-01 8.286010026931762695e-01 -8.984808921813964844e-01 2.118227481842041016e+00 -9.678642153739929199e-01 -2.114971160888671875e+00 9.475986957550048828e-01 1.386839747428894043e+00 -5.573394894599914551e-01 4.862149655818939209e-01 -1.206793308258056641e+00 -2.263805568218231201e-01 -1.206793308258056641e+00 1.103424072265625000e+00 3.909891605377197266e+00
-3.233842253684997559e-01 -1.062464356422424316e+00 -1.495084464550018311e-01 3.692911267280578613e-01 -7.661209106445312500e-01 -3.233842253684997559e-01 -1.062464356422424316e+00 -5.251594185829162598e-01 -1.062464356422424316e+00 7.934508323669433594e-01 -1.062464356422424316e+00 -1.495084464550018311e-01 7.934508323669433594e-01 -1.062464356422424316e+00 -5.251594185829162598e-01 5.589823126792907715e-01 -5.251594185829162598e-01 3.692911267280578613e-01 -5.251594185829162598e-01 1.388979256153106689e-01 6.101034164428710938e+00
-7.772354483604431152e-01 -7.772354483604431152e-01 -7.772354483604431152e-01 -7.772354483604431152e-01 1.077734380960464478e-01 1.077734380960464478e-01 -7.772354483604431152e-01 -2.863650918006896973e-01 -7.772354483604431152e-01 1.077734380960464478e-01 -7.772354483604431152e-01 -7.772354483604431152e-01 1.077734380960464478e-01 -2.863650918006896973e-01 -2.863650918006896973e-01 -7.772354483604431152e-01 1.077734380960464478e-01 1.077734380960464478e-01 1.077734380960464478e-01 -2.863650918006896973e-01 7.386658191680908203e+00
-7.973923683166503906e-01 -1.202654480934143066e+00 -7.973923683166503906e-01 -4.737871885299682617e-01 -2.135699391365051270e-01 1.364415884017944336e+00 -1.202654480934143066e+00 -4.737871885299682617e-01 -4.737871885299682617e-01 1.800213241949677467e-03 -1.202654480934143066e+00 -7.973923683166503906e-01 3.471449613571166992e-01 -2.135699391365051270e-01 1.302351474761962891e+00 3.471449613571166992e-01 1.859801262617111206e-01 -2.135699391365051270e-01 -7.973923683166503906e-01 -1.202654480934143066e+00 6.513617992401123047e+00
-3.008706867694854736e-01 -2.131737947463989258e+00 -1.691887378692626953e-01 2.365771383047103882e-01 -1.083069324493408203e+00 9.833033680915832520e-01 -1.083069324493408203e+00 2.365771383047103882e-01 -7.212904691696166992e-01 1.936569362878799438e-01 -1.083069324493408203e+00 -7.212904691696166992e-01 1.250936388969421387e+00 -9.492663145065307617e-01 5.288398265838623047e-01 8.529167771339416504e-01 4.965359866619110107e-01 1.489444524049758911e-01 -9.492663145065307617e-01 -6.231345534324645996e-01 4.886747360229492188e+00
5.687358975410461426e-02 -1.849244832992553711e+00 4.274820387363433838e-01 1.287527382373809814e-01 -2.416272908449172974e-01 1.558684587478637695e+00 -7.359926700592041016e-01 -5.895832777023315430e-01 -9.050261378288269043e-01 4.530896842479705811e-01 -1.849244832992553711e+00 -1.351686835289001465e+00 5.687358975410461426e-02 -3.452176451683044434e-01 5.946232080459594727e-01 3.182296156883239746e-01 8.807415366172790527e-01 1.628954410552978516e-01 -4.603917300701141357e-01 -8.172053694725036621e-01 4.506727695465087891e+00
3.922989070415496826e-01 -2.737330913543701172e+00 1.884258687496185303e-01 -2.895196974277496338e-01 1.302892565727233887e-01 1.374664664268493652e+00 -8.069986701011657715e-01 1.451420634984970093e-01 -1.390871763229370117e+00 9.401927590370178223e-01 -9.254481196403503418e-01 -1.327671408653259277e+00 4.912516176700592041e-01 1.742046326398849487e-01 5.522105693817138672e-01 6.096867322921752930e-01 7.405037283897399902e-01 1.976625621318817139e-02 -8.450581431388854980e-01 -6.039350628852844238e-01 3.167936801910400391e+00
8.305981755256652832e-01 -3.153652191162109375e+00 1.692207604646682739e-01 -3.297055363655090332e-01 -7.578906416893005371e-01 1.886351346969604492e+00 -1.084324479103088379e+00 1.422529578208923340e+00 -1.046603798866271973e+00 7.493550330400466919e-02 1.231647953391075134e-01 -1.123411655426025391e+00 5.797845721244812012e-01 -2.936197221279144287e-01 6.520802378654479980e-01 9.871672391891479492e-01 1.077936649322509766e+00 2.555117011070251465e-01 -6.518537998199462891e-01 -1.502530813217163086e+00 1.884360790252685547e+00
6.499148011207580566e-01 -2.722609043121337891e+00 -8.170185983180999756e-02 -9.673054516315460205e-02 1.080312356352806091e-01 2.153588771820068359e+00 -4.344625473022460938e-01 1.203120052814483643e-01 -2.171359539031982422e+00 3.871679604053497314e-01 -1.173995971679687500e+00 -1.173995971679687500e+00 -1.274709254503250122e-01 2.023796439170837402e-01 2.119071960449218750e+00 1.120455265045166016e+00 1.040381073951721191e+00 4.330055117607116699e-01 -9.777778983116149902e-01 -9.754149243235588074e-03 6.353530287742614746e-01
1.572424054145812988e+00 -2.587630271911621094e+00 1.231981739401817322e-01 -1.000993847846984863e-01 -1.932006776332855225e-01 2.492713212966918945e+00 -8.946944475173950195e-01 -7.172756791114807129e-01 -1.260474920272827148e+00 4.081033766269683838e-01 -8.567142486572265625e-01 3.339334204792976379e-02 7.053738236427307129e-01 -4.597215652465820312e-01 2.186646312475204468e-01 2.532592058181762695e+00 6.215280890464782715e-01 4.910436868667602539e-01 -8.946944475173950195e-01 -3.400625884532928467e-01 -8.946944475173950195e-01
1.347511529922485352e+00 -2.884343862533569336e+00 4.767481610178947449e-02 -6.412056088447570801e-01 -5.893806219100952148e-01 1.904328942298889160e+00 -6.957080960273742676e-01 -2.130216658115386963e-01 -8.142448067665100098e-01 3.593994379043579102e-01 -1.563750624656677246e+00 1.608274698257446289e+00 2.027290500700473785e-02 2.547644078731536865e-01 6.109874323010444641e-02 1.552202343940734863e+00 1.677590012550354004e+00 4.984092414379119873e-01 -9.132663011550903320e-01 1.127867341041564941e+00 -2.144446849822998047e+00
-1.016208827495574951e-01 -2.603859424591064453e+00 2.127721548080444336e+00 1.707659959793090820e+00 -1.533386945724487305e+00 1.785919070243835449e+00 6.173905357718467712e-02 -8.510687947273254395e-01 -1.623318552970886230e+00 -9.976692795753479004e-01 -1.829895377159118652e+00 2.278785943984985352e+00 -1.533386945724487305e+00 1.456797838211059570e+00 -5.715664625167846680e-01 8.493926525115966797e-01 1.516719222068786621e+00 -7.966706156730651855e-02 -2.701288163661956787e-01 2.295397281646728516e+00 -2.084135055541992188e+00
-5.092003941535949707e-01 -1.971288323402404785e+00 -8.798162341117858887e-01 4.641769409179687500e+00 -1.971288323402404785e+00 2.883692264556884766e+00 -1.971288323402404785e+00 9.081118702888488770e-01 1.794816851615905762e+00 -1.418522477149963379e+00 -8.798162341117858887e-01 -1.971288323402404785e+00 2.991785526275634766e+00 -8.798162341117858887e-01 -6.193679571151733398e-01 -6.193679571151733398e-01 3.654919862747192383e+00 9.354734420776367188e-01 -1.418522477149963379e+00 -1.665865421295166016e+00 -1.035166025161743164e+00
3.674615144729614258e+00 -1.210992217063903809e+00 -1.562228441238403320e+00 6.422107666730880737e-02 -1.562228441238403320e+00 -1.210992217063903809e+00 -1.210992217063903809e+00 1.737389206886291504e+00 -1.210992217063903809e+00 3.837307929992675781e+00 -1.562228441238403320e+00 -1.562228441238403320e+00 -1.210992217063903809e+00 5.493036746978759766e+00 -5.418081581592559814e-02 -9.305793642997741699e-01 -1.562228441238403320e+00 -9.305793642997741699e-01 -1.562228441238403320e+00 3.467824459075927734e+00 -9.305793642997741699e-01
-8.865770697593688965e-01 -8.865770697593688965e-01 -1.279117107391357422e+00 -1.279117107391357422e+00 5.457191467285156250e+00 -1.279117107391357422e+00 4.117143154144287109e+00 -1.279117107391357422e+00 -1.279117107391357422e+00 -8.865770697593688965e-01 -1.279117107391357422e+00 -5.756900906562805176e-01 -1.279117107391357422e+00 -1.279117107391357422e+00 -1.279117107391357422e+00 -1.279117107391357422e+00 4.099310398101806641e+00 -1.279117107391357422e+00 -1.279117107391357422e+00 5.487351894378662109e+00 -5.756900906562805176e-01
-4.444283246994018555e-01 -4.444283246994018555e-01 -4.444283246994018555e-01 -4.444283246994018555e-01 8.286384582519531250e+00 -4.444283246994018555e-01 -4.444283246994018555e-01 -4.444283246994018555e-01 -4.444283246994018555e-01 -4.444283246994018555e-01 -4.444283246994018555e-01 -4.444283246994018555e-01 -4.444283246994018555e-01 -4.444283246994018555e-01 -4.444283246994018555e-01 -4.444283246994018555e-01 -4.444283246994018555e-01 -4.444283246994018555e-01 -4.444283246994018555e-01 -4.444283246994018555e-01 1.571993678808212280e-01
