-4.447685480117797852e-01 8.286543846130371094e+00 -4.447685480117797852e-01 -4.447685480117797852e-01 -4.447685480117797852e-01 -4.447685480117797852e-01 -4.447685480117797852e-01 -4.447685480117797852e-01 -4.447685480117797852e-01 -4.447685480117797852e-01 -4.447685480117797852e-01 -4.447685480117797852e-01 -4.447685480117797852e-01 -4.447685480117797852e-01 -4.447685480117797852e-01 1.645432710647583008e-01 -4.447685480117797852e-01 -4.447685480117797852e-01 -4.447685480117797852e-01 -4.447685480117797852e-01 -4.447685480117797852e-01
6.916720390319824219e+00 -9.605731964111328125e-01 -9.605731964111328125e-01 -9.605731964111328125e-01 -9.605731964111328125e-01 -9.605731964111328125e-01 -9.605731964111328125e-01 -9.605731964111328125e-01 -9.605731964111328125e-01 -9.605731964111328125e-01 -9.605731964111328125e-01 -9.605731964111328125e-01 3.690813183784484863e-01 -1.495585143566131592e-01 1.348903775215148926e-01 4.411439418792724609e+00 1.023896813392639160e+00 7.404338121414184570e-01 -9.605731964111328125e-01 -9.605731964111328125e-01 -9.605731964111328125e-01
2.837298870086669922e+00 -7.427816987037658691e-01 -1.249855875968933105e+00 -1.249855875968933105e+00 -1.595435619354248047e+00 1.217850893735885620e-01 -1.595435619354248047e+00 6.054799556732177734e-01 -1.249855875968933105e+00 -7.427816987037658691e-01 -1.595435619354248047e+00 3.073767125606536865e-01 -9.723414778709411621e-01 -1.595435619354248047e+00 -5.475589632987976074e-01 5.714480876922607422e+00 2.265479087829589844e+00 2.169884920120239258e+00 1.683439970016479492e+00 -9.723414778709411621e-01 -1.595435619354248047e+00
7.200022339820861816e-01 -1.788126707077026367e+00 -3.830154538154602051e-01 4.997056126594543457e-01 -1.788126707077026367e+00 1.399072527885437012e+00 -1.548239946365356445e+00 -9.974724799394607544e-02 1.725275069475173950e-01 1.233909279108047485e-01 -1.019380807876586914e+00 6.912503242492675781e-01 1.233909279108047485e-01 -5.577778816223144531e-01 2.052577733993530273e+00 4.920895576477050781e+00 1.258596181869506836e+00 -6.564930677413940430e-01 -1.019380807876586914e+00 -1.019380807876586914e+00 -2.081131219863891602e+00
-6.925677061080932617e-01 -2.564440965652465820e+00 4.540397524833679199e-01 2.246602326631546021e-01 8.253909349441528320e-01 -8.772504925727844238e-01 -1.021105647087097168e+00 7.991384267807006836e-01 -8.120160102844238281e-01 2.151342868804931641e+00 -1.100856065750122070e+00 -1.915701270103454590e+00 9.922766089439392090e-01 1.357160925865173340e+00 -5.354106426239013672e-01 5.603657364845275879e-01 -1.381331920623779297e+00 -3.565954566001892090e-01 -1.100856065750122070e+00 1.045776128768920898e+00 3.947126388549804688e+00
-1.765624135732650757e-01 -1.085141897201538086e+00 -3.506883382797241211e-01 1.097870096564292908e-01 -3.506883382797241211e-01 -2.450198493897914886e-02 -1.450896143913269043e+00 -7.926316857337951660e-01 -1.085141897201538086e+00 6.119080781936645508e-01 -1.085141897201538086e+00 -3.506883382797241211e-01 1.012173056602478027e+00 -7.926316857337951660e-01 -1.765624135732650757e-01 6.899995207786560059e-01 -5.528753399848937988e-01 2.297266721725463867e-01 -5.528753399848937988e-01 1.097870096564292908e-01 6.065160274505615234e+00
-7.901881933212280273e-01 -7.901881933212280273e-01 -2.985612154006958008e-01 -7.901881933212280273e-01 9.092343598604202271e-02 -2.985612154006958008e-01 -7.901881933212280273e-01 9.092343598604202271e-02 -7.901881933212280273e-01 9.092343598604202271e-02 -7.901881933212280273e-01 -7.901881933212280273e-01 9.092343598604202271e-02 -2.985612154006958008e-01 -7.901881933212280273e-01 -7.901881933212280273e-01 3.993898630142211914e-01 9.092343598604202271e-02 9.092343598604202271e-02 -2.985612154006958008e-01 7.361228466033935547e+00
-8.031782507896423340e-01 -1.207036137580871582e+00 -4.825862646102905273e-01 -4.825862646102905273e-01 -4.825862646102905273e-01 1.470969438552856445e+00 -1.207036137580871582e+00 -4.825862646102905273e-01 -8.031782507896423340e-01 4.818352460861206055e-01 -1.207036137580871582e+00 -8.031782507896423340e-01 1.793078035116195679e-01 -6.184823345392942429e-03 1.229541063308715820e+00 3.404111862182617188e-01 -6.184823345392942429e-03 -2.229731827974319458e-01 -8.031782507896423340e-01 -1.207036137580871582e+00 6.504055976867675781e+00
-3.523910045623779297e-01 -1.825995802879333496e+00 1.236252114176750183e-01 2.321184054017066956e-02 -1.214796781539916992e+00 1.045147657394409180e+00 -1.214796781539916992e+00 2.321184054017066956e-02 -6.042896509170532227e-01 2.153189480304718018e-01 -1.214796781539916992e+00 -7.026270627975463867e-01 1.174010515213012695e+00 -8.104624152183532715e-01 6.979366540908813477e-01 7.516259551048278809e-01 4.844731390476226807e-01 2.321184054017066956e-02 -9.298989772796630859e-01 -6.042896509170532227e-01 4.914748668670654297e+00
1.307430416345596313e-01 -1.820134997367858887e+00 5.639027357101440430e-01 1.710135862231254578e-02 -3.650023341178894043e-01 1.535378217697143555e+00 -7.827169895172119141e-01 -5.536105036735534668e-01 -1.071609497070312500e+00 4.650066494941711426e-01 -1.628527522087097168e+00 -1.316686153411865234e+00 5.638684704899787903e-02 -3.089733123779296875e-01 4.906429946422576904e-01 2.331118881702423096e-01 8.674536943435668945e-01 3.555496335029602051e-01 -5.536105036735534668e-01 -8.709772229194641113e-01 4.555972099304199219e+00
3.435969352722167969e-01 -2.950918436050415039e+00 1.073168814182281494e-01 -2.011099606752395630e-01 1.228475570678710938e-01 1.397877693176269531e+00 -7.122042775154113770e-01 2.253740578889846802e-01 -1.136199116706848145e+00 1.034561395645141602e+00 -9.028542041778564453e-01 -1.369055390357971191e+00 5.553858876228332520e-01 1.073168814182281494e-01 4.494660794734954834e-01 6.327819824218750000e-01 6.603447198867797852e-01 -4.432211071252822876e-02 -1.036606669425964355e+00 -4.934130609035491943e-01 3.209959983825683594e+00
8.232091069221496582e-01 -2.951850652694702148e+00 1.275608688592910767e-01 -3.859541416168212891e-01 -8.339203000068664551e-01 1.865281105041503906e+00 -1.064689278602600098e+00 1.466248989105224609e+00 -1.102309584617614746e+00 3.099676594138145447e-02 8.042839169502258301e-02 -1.141350388526916504e+00 4.910059273242950439e-01 -2.774025797843933105e-01 6.538084149360656738e-01 9.631445407867431641e-01 1.058915376663208008e+00 2.869715094566345215e-01 -6.957887411117553711e-01 -1.224131822586059570e+00 1.829924464225769043e+00
5.896234512329101562e-01 -2.721748113632202148e+00 1.684985496103763580e-02 -1.281985044479370117e-01 3.027649037539958954e-02 2.121683597564697266e+00 -4.566129744052886963e-01 1.788989752531051636e-01 -2.068431854248046875e+00 3.769982755184173584e-01 -1.218489289283752441e+00 -1.052297592163085938e+00 -2.263655066490173340e-01 3.285184502601623535e-01 2.160915851593017578e+00 1.049406528472900391e+00 1.073395013809204102e+00 3.864222168922424316e-01 -1.174400091171264648e+00 1.073063239455223083e-01 6.272507309913635254e-01
1.553502798080444336e+00 -2.417790651321411133e+00 5.057356134057044983e-02 -9.840944409370422363e-02 -2.943445444107055664e-01 2.435771226882934570e+00 -8.184334635734558105e-01 -8.550111651420593262e-01 -1.315338015556335449e+00 3.879693746566772461e-01 -9.322965145111083984e-01 -1.295692846179008484e-02 6.405220627784729004e-01 -4.329428970813751221e-01 2.955711781978607178e-01 2.616781949996948242e+00 6.231856942176818848e-01 4.098060429096221924e-01 -8.550111651420593262e-01 -2.315210253000259399e-01 -7.489570975303649902e-01
1.423655867576599121e+00 -2.873740911483764648e+00 1.277288198471069336e-01 -7.688770890235900879e-01 -5.497538447380065918e-01 1.914873123168945312e+00 -7.388070225715637207e-01 -2.160892337560653687e-01 -1.047279477119445801e+00 3.126423060894012451e-01 -1.687007188796997070e+00 1.654154777526855469e+00 -3.710984811186790466e-02 1.527781784534454346e-01 7.569991797208786011e-02 1.520390987396240234e+00 1.729187726974487305e+00 5.555137991905212402e-01 -8.317634463310241699e-01 1.128633379936218262e+00 -1.844165444374084473e+00
-2.224138006567955017e-02 -2.443722009658813477e+00 2.064062356948852539e+00 1.604184985160827637e+00 -1.415931582450866699e+00 1.722252488136291504e+00 1.236332580447196960e-01 -8.952165842056274414e-01 -1.666446805000305176e+00 -9.907565712928771973e-01 -1.989681005477905273e+00 2.236479759216308594e+00 -1.415931582450866699e+00 1.356800317764282227e+00 -5.486454367637634277e-01 7.678698301315307617e-01 1.560161471366882324e+00 -1.038002222776412964e-01 -3.153155148029327393e-01 2.242720365524291992e+00 -1.871145367622375488e+00
-4.375582635402679443e-01 -1.992339611053466797e+00 -7.694072723388671875e-01 4.620678901672363281e+00 -1.992339611053466797e+00 2.894265890121459961e+00 -1.992339611053466797e+00 7.596490383148193359e-01 1.691289424896240234e+00 -1.691170692443847656e+00 -1.238637447357177734e+00 -1.691170692443847656e+00 2.912959098815917969e+00 -6.476221680641174316e-01 -5.377542972564697266e-01 -6.476221680641174316e-01 3.608370065689086914e+00 8.487480878829956055e-01 -1.238637447357177734e+00 -1.691170692443847656e+00 -7.694072723388671875e-01
3.618616342544555664e+00 -1.278307199478149414e+00 -1.620531558990478516e+00 2.701016366481781006e-01 -1.620531558990478516e+00 -1.003091573715209961e+00 -1.278307199478149414e+00 1.643065094947814941e+00 -1.278307199478149414e+00 3.729738235473632812e+00 -1.620531558990478516e+00 -1.620531558990478516e+00 -1.620531558990478516e+00 5.381778717041015625e+00 -1.367205977439880371e-01 -1.003091573715209961e+00 -5.809600949287414551e-01 -1.003091573715209961e+00 -1.620531558990478516e+00 3.416845321655273438e+00 -7.750336527824401855e-01
-9.418187737464904785e-01 -9.418187737464904785e-01 -1.325607538223266602e+00 -1.325607538223266602e+00 5.388401031494140625e+00 -1.325607538223266602e+00 3.995128631591796875e+00 -1.325607538223266602e+00 -1.325607538223266602e+00 -3.874721229076385498e-01 -1.325607538223266602e+00 -6.367633342742919922e-01 -9.418187737464904785e-01 -1.325607538223266602e+00 -1.325607538223266602e+00 -1.325607538223266602e+00 4.045320034027099609e+00 -1.325607538223266602e+00 -1.325607538223266602e+00 5.390228748321533203e+00 -3.874721229076385498e-01
-4.654449224472045898e-01 -4.654449224472045898e-01 -4.654449224472045898e-01 -4.654449224472045898e-01 8.222961425781250000e+00 -4.654449224472045898e-01 -4.654449224472045898e-01 -4.654449224472045898e-01 -4.654449224472045898e-01 -4.654449224472045898e-01 -4.654449224472045898e-01 -4.654449224472045898e-01 -4.654449224472045898e-01 -4.654449224472045898e-01 -4.654449224472045898e-01 -4.654449224472045898e-01 -4.654449224472045898e-01 -4.654449224472045898e-01 -4.654449224472045898e-01 -4.654449224472045898e-01 6.208602190017700195e-01
