-4.188206493854522705e-01 8.375557899475097656e+00 -4.188206493854522705e-01 -4.188206493854522705e-01 -4.188206493854522705e-01 -4.188206493854522705e-01 -4.188206493854522705e-01 -4.188206493854522705e-01 -4.188206493854522705e-01 -4.188206493854522705e-01 -4.188206493854522705e-01 -4.188206493854522705e-01 -4.188206493854522705e-01 -4.188206493854522705e-01 -4.188206493854522705e-01 -4.188206493854522705e-01 -4.188206493854522705e-01 -4.188206493854522705e-01 -4.188206493854522705e-01 -4.188206493854522705e-01 -4.188206493854522705e-01
6.978194236755371094e+00 -9.311204552650451660e-01 -9.311204552650451660e-01 -9.311204552650451660e-01 -9.311204552650451660e-01 -9.311204552650451660e-01 -9.311204552650451660e-01 -9.311204552650451660e-01 -9.311204552650451660e-01 -9.311204552650451660e-01 -9.311204552650451660e-01 -4.716242551803588867e-01 1.782305836677551270e-01 -4.716242551803588867e-01 1.782305836677551270e-01 4.475859165191650391e+00 6.182615756988525391e-01 6.182615756988525391e-01 -9.311204552650451660e-01 -9.311204552650451660e-01 -9.311204552650451660e-01
2.880470275878906250e+00 -5.295297503471374512e-01 -1.235518097877502441e+00 -1.581984758377075195e+00 -1.581984758377075195e+00 4.865560829639434814e-01 -1.581984758377075195e+00 6.250729560852050781e-01 -1.235518097877502441e+00 -5.295297503471374512e-01 -1.235518097877502441e+00 3.459354490041732788e-02 -9.566879868507385254e-01 -1.581984758377075195e+00 -9.566879868507385254e-01 5.737114429473876953e+00 2.246716022491455078e+00 2.205197811126708984e+00 1.607500553131103516e+00 -1.235518097877502441e+00 -1.581984758377075195e+00
7.955802679061889648e-01 -1.532088994979858398e+00 -3.631639778614044189e-01 7.403885126113891602e-01 -2.066982507705688477e+00 1.419733285903930664e+00 -1.773294568061828613e+00 3.733350709080696106e-02 3.733350709080696106e-02 2.394174635410308838e-01 -1.328601837158203125e+00 6.820658445358276367e-01 -2.851810157299041748e-01 -3.631639778614044189e-01 2.195502519607543945e+00 4.936182022094726562e+00 1.135548472404479980e+00 -2.851810157299041748e-01 -1.001218557357788086e+00 -1.153672814369201660e+00 -2.066982507705688477e+00
-8.211817741394042969e-01 -2.571926593780517578e+00 4.066708683967590332e-01 3.260628879070281982e-01 8.288975954055786133e-01 -7.016536593437194824e-01 -1.029673695564270020e+00 8.288975954055786133e-01 -8.211817741394042969e-01 2.145351886749267578e+00 -1.109250664710998535e+00 -2.105323791503906250e+00 9.718466401100158691e-01 1.385279417037963867e+00 -4.967773854732513428e-01 4.258650839328765869e-01 -1.195156812667846680e+00 -2.134180516004562378e-01 -1.288359999656677246e+00 1.106800675392150879e+00 3.927746295928955078e+00
-3.106783032417297363e-01 -1.052272319793701172e+00 -1.352387815713882446e-01 3.822734653949737549e-01 -5.149481892585754395e-01 1.759843528270721436e-02 -1.052272319793701172e+00 -7.572482228279113770e-01 -7.572482228279113770e-01 8.080269694328308105e-01 -1.052272319793701172e+00 -1.352387815713882446e-01 6.571370363235473633e-01 -1.052272319793701172e+00 -5.149481892585754395e-01 5.729525089263916016e-01 -7.572482228279113770e-01 5.729525089263916016e-01 -1.052272319793701172e+00 1.759843528270721436e-02 6.116448879241943359e+00
-7.559093236923217773e-01 -7.559093236923217773e-01 -7.559093236923217773e-01 -7.559093236923217773e-01 1.420774757862091064e-01 -2.537061274051666260e-01 -7.559093236923217773e-01 -2.537061274051666260e-01 -7.559093236923217773e-01 1.420774757862091064e-01 -7.559093236923217773e-01 -7.559093236923217773e-01 1.420774757862091064e-01 -2.537061274051666260e-01 -2.537061274051666260e-01 -7.559093236923217773e-01 7.115883827209472656e-01 -2.537061274051666260e-01 -2.537061274051666260e-01 -2.537061274051666260e-01 7.439970493316650391e+00
-7.726330757141113281e-01 -1.180703282356262207e+00 -7.726330757141113281e-01 -4.492396414279937744e-01 -1.867981851100921631e-01 1.203949332237243652e+00 -1.180703282356262207e+00 -4.492396414279937744e-01 -4.492396414279937744e-01 2.193894237279891968e-01 -1.180703282356262207e+00 -1.180703282356262207e+00 5.232076644897460938e-01 -4.492396414279937744e-01 1.339731216430664062e+00 3.241469711065292358e-02 5.232076644897460938e-01 -1.867981851100921631e-01 -7.726330757141113281e-01 -1.180703282356262207e+00 6.553510665893554688e+00
-5.685145407915115356e-02 -2.134448766708374023e+00 -1.738357543945312500e-01 9.750388562679290771e-02 -1.087013125419616699e+00 9.576694369316101074e-01 -1.087013125419616699e+00 2.319730073213577271e-01 -6.285384297370910645e-01 -2.843074034899473190e-03 -1.087013125419616699e+00 -6.285384297370910645e-01 1.111935615539550781e+00 -8.347624540328979492e-01 4.236721992492675781e-01 8.244343996047973633e-01 4.914208948612213135e-01 1.890418082475662231e-01 -9.539222717285156250e-01 -5.381696224212646484e-01 4.886160373687744141e+00
7.440135627985000610e-02 -1.836593270301818848e+00 5.199713706970214844e-01 7.440135627985000610e-02 -3.284784853458404541e-01 1.439869880676269531e+00 -8.892841935157775879e-01 -5.726923346519470215e-01 -8.892841935157775879e-01 6.121323108673095703e-01 -1.645161390304565430e+00 -1.205761909484863281e+00 7.440135627985000610e-02 -4.436717033386230469e-01 4.449604749679565430e-01 2.762916088104248047e-01 8.816543817520141602e-01 2.452813833951950073e-01 -2.752394378185272217e-01 -1.090133666992187500e+00 4.533636569976806641e+00
4.275476336479187012e-01 -2.738163471221923828e+00 1.895279884338378906e-01 -5.149110555648803711e-01 6.975185871124267578e-02 1.353792667388916016e+00 -8.056765794754028320e-01 1.753093749284744263e-01 -1.267208814620971680e+00 1.006305694580078125e+00 -8.831040263175964355e-01 -1.210792064666748047e+00 6.201174855232238770e-01 6.975185871124267578e-02 5.434740781784057617e-01 6.384055614471435547e-01 6.201174855232238770e-01 1.163425147533416748e-01 -8.831040263175964355e-01 -6.993256807327270508e-01 3.170553684234619141e+00
8.182371854782104492e-01 -2.946314811706542969e+00 1.108719706535339355e-01 -2.538287043571472168e-01 -8.573297858238220215e-01 1.890188336372375488e+00 -9.868890643119812012e-01 1.460689544677734375e+00 -1.175556421279907227e+00 5.018379539251327515e-02 5.018379539251327515e-02 -1.095975279808044434e+00 5.292693376541137695e-01 -2.708452939987182617e-01 6.327331662178039551e-01 9.847556352615356445e-01 1.042466163635253906e+00 3.033821880817413330e-01 -7.155004143714904785e-01 -1.405984878540039062e+00 1.836580514907836914e+00
6.382900476455688477e-01 -2.718197107315063477e+00 -2.084598504006862640e-02 -2.400330454111099243e-01 6.929359864443540573e-03 2.154927015304565430e+00 -3.506235778331756592e-01 1.474041491746902466e-01 -2.065266132354736328e+00 3.420855998992919922e-01 -1.359547495841979980e+00 -1.048886418342590332e+00 -1.889297217130661011e-01 1.940314918756484985e-01 2.133658647537231445e+00 1.158998370170593262e+00 1.013489484786987305e+00 3.994438052177429199e-01 -1.011178970336914062e+00 1.474041491746902466e-01 6.672069430351257324e-01
1.562521457672119141e+00 -2.580270290374755859e+00 1.445113122463226318e-01 -1.668367981910705566e-01 -1.668367981910705566e-01 2.459912300109863281e+00 -8.496139645576477051e-01 -7.776402235031127930e-01 -1.200493216514587402e+00 4.153569638729095459e-01 -8.496139645576477051e-01 -4.079286754131317139e-02 6.963822841644287109e-01 -5.315383076667785645e-01 1.445113122463226318e-01 2.606672525405883789e+00 6.021749377250671387e-01 4.679709076881408691e-01 -7.776402235031127930e-01 -3.106652796268463135e-01 -8.496139645576477051e-01
1.390448570251464844e+00 -3.095169305801391602e+00 5.106253549456596375e-02 -5.979472398757934570e-01 -4.991634488105773926e-01 1.923717498779296875e+00 -6.511188149452209473e-01 -1.616862565279006958e-01 -9.316262602806091309e-01 2.828865647315979004e-01 -1.613795757293701172e+00 1.653806924819946289e+00 -1.990266703069210052e-02 1.674685925245285034e-01 5.106253549456596375e-02 1.500321745872497559e+00 1.731632709503173828e+00 5.327113270759582520e-01 -7.664483189582824707e-01 1.181455850601196289e+00 -2.129381179809570312e+00
-2.381290122866630554e-02 -2.428294420242309570e+00 2.109440088272094727e+00 1.606867790222167969e+00 -1.475856423377990723e+00 1.723176002502441406e+00 1.247315257787704468e-01 -1.078464150428771973e+00 -1.398576736450195312e+00 -9.241688847541809082e-01 -1.973784208297729492e+00 2.271523714065551758e+00 -1.475856423377990723e+00 1.385219335556030273e+00 -6.709048748016357422e-01 8.216106891632080078e-01 1.557961821556091309e+00 -2.381290122866630554e-02 -2.714797258377075195e-01 2.250827789306640625e+00 -2.106451034545898438e+00
-4.973481893539428711e-01 -1.962492465972900391e+00 -8.675268292427062988e-01 4.666892528533935547e+00 -1.962492465972900391e+00 2.856488227844238281e+00 -1.962492465972900391e+00 8.031320571899414062e-01 1.671331286430358887e+00 -1.410560727119445801e+00 -8.675268292427062988e-01 -1.962492465972900391e+00 2.961399793624877930e+00 -7.304221391677856445e-01 -4.973481893539428711e-01 -8.675268292427062988e-01 3.708961725234985352e+00 8.031320571899414062e-01 -1.201877117156982422e+00 -1.658884286880493164e+00 -1.023047804832458496e+00
3.650057315826416016e+00 -1.263813376426696777e+00 -1.607067584991455078e+00 1.044725701212882996e-01 -1.607067584991455078e+00 -9.871571063995361328e-01 -1.263813376426696777e+00 1.664446711540222168e+00 -1.263813376426696777e+00 3.694323062896728516e+00 -1.607067584991455078e+00 -1.607067584991455078e+00 -1.263813376426696777e+00 5.424631118774414062e+00 -2.484323084354400635e-01 -1.263813376426696777e+00 -5.629199147224426270e-01 -9.871571063995361328e-01 -1.607067584991455078e+00 3.359676122665405273e+00 -7.576550841331481934e-01
-9.284558296203613281e-01 -9.284558296203613281e-01 -1.313515186309814453e+00 -1.313515186309814453e+00 5.403071403503417969e+00 -1.313515186309814453e+00 4.019837856292724609e+00 -1.313515186309814453e+00 -1.313515186309814453e+00 -6.219449043273925781e-01 -1.313515186309814453e+00 -6.219449043273925781e-01 -9.284558296203613281e-01 -1.313515186309814453e+00 -1.313515186309814453e+00 -1.313515186309814453e+00 3.990091800689697266e+00 -1.313515186309814453e+00 -1.313515186309814453e+00 5.436591148376464844e+00 -3.708973526954650879e-01
-4.656673371791839600e-01 -4.656673371791839600e-01 -4.656673371791839600e-01 -4.656673371791839600e-01 8.222488403320312500e+00 -4.656673371791839600e-01 -4.656673371791839600e-01 -4.656673371791839600e-01 -4.656673371791839600e-01 -4.656673371791839600e-01 -4.656673371791839600e-01 -4.656673371791839600e-01 -4.656673371791839600e-01 -4.656673371791839600e-01 -4.656673371791839600e-01 -4.656673371791839600e-01 -4.656673371791839600e-01 -4.656673371791839600e-01 -4.656673371791839600e-01 -4.656673371791839600e-01 6.208023428916931152e-01
