-4.189758300781250000e-01 8.373582839965820312e+00 -4.189758300781250000e-01 -4.189758300781250000e-01 -4.189758300781250000e-01 -4.189758300781250000e-01 -4.189758300781250000e-01 -4.189758300781250000e-01 -4.189758300781250000e-01 -4.189758300781250000e-01 -4.189758300781250000e-01 -4.189758300781250000e-01 -4.189758300781250000e-01 -4.189758300781250000e-01 -4.189758300781250000e-01 -4.189758300781250000e-01 -4.189758300781250000e-01 -4.189758300781250000e-01 -4.189758300781250000e-01 -4.189758300781250000e-01 -4.189758300781250000e-01
6.966589927673339844e+00 -9.344859719276428223e-01 -9.344859719276428223e-01 -9.344859719276428223e-01 -9.344859719276428223e-01 -9.344859719276428223e-01 -9.344859719276428223e-01 -9.344859719276428223e-01 -9.344859719276428223e-01 -9.344859719276428223e-01 -9.344859719276428223e-01 -4.775663316249847412e-01 -1.112891882658004761e-01 -4.775663316249847412e-01 -1.112891882658004761e-01 4.510916709899902344e+00 1.067422151565551758e+00 7.817737460136413574e-01 -9.344859719276428223e-01 -9.344859719276428223e-01 -9.344859719276428223e-01
2.799203395843505859e+00 -6.100452542304992676e-01 -1.301787495613098145e+00 -1.301787495613098145e+00 -1.643504738807678223e+00 5.503783747553825378e-02 -1.643504738807678223e+00 8.172498345375061035e-01 -1.301787495613098145e+00 -6.100452542304992676e-01 -1.301787495613098145e+00 2.388813048601150513e-01 -6.100452542304992676e-01 -1.643504738807678223e+00 -6.100452542304992676e-01 5.630208969116210938e+00 2.266769647598266602e+00 2.151705741882324219e+00 1.563249349594116211e+00 -1.301787495613098145e+00 -1.643504738807678223e+00
6.724148988723754883e-01 -1.538614630699157715e+00 -3.726572692394256592e-01 6.419909000396728516e-01 -1.779794096946716309e+00 1.395129084587097168e+00 -1.779794096946716309e+00 1.337345689535140991e-01 1.337345689535140991e-01 3.175142109394073486e-01 -1.337035417556762695e+00 7.306803464889526367e-01 -8.964485675096511841e-02 -6.462919712066650391e-01 2.212200641632080078e+00 4.921664714813232422e+00 1.269255399703979492e+00 -4.564099609851837158e-01 -1.337035417556762695e+00 -1.011712670326232910e+00 -2.075895309448242188e+00
-8.023297190666198730e-01 -2.557914733886718750e+00 5.357819199562072754e-01 3.862599134445190430e-01 8.221446275711059570e-01 -8.677678108215332031e-01 -9.374045133590698242e-01 8.857414126396179199e-01 -1.091391563415527344e+00 2.122229099273681641e+00 -1.011733055114746094e+00 -1.907573699951171875e+00 8.979933261871337891e-01 1.359297037124633789e+00 -3.072769939899444580e-01 4.822762012481689453e-01 -1.485070466995239258e+00 -3.072769939899444580e-01 -1.270503759384155273e+00 1.096418738365173340e+00 3.961053371429443359e+00
-2.809805274009704590e-01 -1.401992321014404297e+00 -2.809805274009704590e-01 4.810113459825515747e-02 -2.809805274009704590e-01 4.810113459825515747e-02 -1.029500246047973633e+00 -4.851694703102111816e-01 -7.294766902923583984e-01 8.417755961418151855e-01 -1.029500246047973633e+00 -7.294766902923583984e-01 8.417755961418151855e-01 -1.029500246047973633e+00 -7.294766902923583984e-01 9.103063941001892090e-01 -4.851694703102111816e-01 4.158633053302764893e-01 -4.851694703102111816e-01 -2.809805274009704590e-01 6.153675079345703125e+00
-8.078747987747192383e-01 -8.078747987747192383e-01 -3.281225562095642090e-01 -8.078747987747192383e-01 5.939947441220283508e-02 5.939947441220283508e-02 -8.078747987747192383e-01 5.939947441220283508e-02 -8.078747987747192383e-01 5.939947441220283508e-02 -8.078747987747192383e-01 -8.078747987747192383e-01 5.939947441220283508e-02 -3.281225562095642090e-01 -3.281225562095642090e-01 -8.078747987747192383e-01 8.222718238830566406e-01 -3.281225562095642090e-01 -3.281225562095642090e-01 -3.281225562095642090e-01 7.312341213226318359e+00
-7.763112187385559082e-01 -1.182901978492736816e+00 -7.763112187385559082e-01 -7.763112187385559082e-01 -4.500295221805572510e-01 1.456383109092712402e+00 -1.182901978492736816e+00 -7.763112187385559082e-01 -4.500295221805572510e-01 7.600924372673034668e-01 -1.182901978492736816e+00 -7.763112187385559082e-01 3.758434951305389404e-01 -1.872999221086502075e-01 1.335474252700805664e+00 -1.872999221086502075e-01 3.758434951305389404e-01 -1.872999221086502075e-01 -7.763112187385559082e-01 -1.182901978492736816e+00 6.548067569732666016e+00
-7.206176966428756714e-02 -1.858189463615417480e+00 8.199540525674819946e-02 -1.812847889959812164e-02 -1.101618528366088867e+00 8.550278544425964355e-01 -1.101618528366088867e+00 3.313661366701126099e-02 -5.530385971069335938e-01 2.575820982456207275e-01 -1.251541972160339355e+00 -8.488877415657043457e-01 1.181755065917968750e+00 -9.683508872985839844e-01 5.393824577331542969e-01 7.601363658905029297e-01 5.081331729888916016e-01 1.286815702915191650e-01 -9.683508872985839844e-01 -4.699881970882415771e-01 4.867025375366210938e+00
2.457787990570068359e-01 -2.060063123703002930e+00 4.454071521759033203e-01 7.476528733968734741e-02 -1.758887618780136108e-01 1.542178034782409668e+00 -8.886470198631286621e-01 -4.430772662162780762e-01 -1.205964803695678711e+00 5.443167090415954590e-01 -1.644897818565368652e+00 -1.335356473922729492e+00 -2.424891339614987373e-03 -3.838416635990142822e-01 5.204682946205139160e-01 4.191302657127380371e-01 8.819814920425415039e-01 1.807771176099777222e-01 -4.430772662162780762e-01 -8.006289601325988770e-01 4.527380943298339844e+00
3.707673251628875732e-01 -2.726559400558471680e+00 2.570047676563262939e-01 -2.761488258838653564e-01 9.792049974203109741e-02 1.366387248039245605e+00 -8.318043351173400879e-01 2.570047676563262939e-01 -1.254937887191772461e+00 9.803926944732666016e-01 -1.094066977500915527e+00 -1.254937887191772461e+00 5.854127407073974609e-01 3.333689272403717041e-02 5.049343705177307129e-01 6.952500343322753906e-01 6.045693755149841309e-01 4.986429214477539062e-02 -8.713126182556152344e-01 -6.870226860046386719e-01 3.194747924804687500e+00
8.088231086730957031e-01 -2.948240756988525391e+00 1.420794278383255005e-01 -4.019000232219696045e-01 -8.607611060142517090e-01 1.835134625434875488e+00 -9.903559088706970215e-01 1.457114100456237793e+00 -1.138733029365539551e+00 2.133556269109249115e-02 1.306346803903579712e-01 -1.221410274505615234e+00 6.078850030899047852e-01 -2.743868231773376465e-01 7.165861129760742188e-01 9.199634790420532227e-01 1.111030101776123047e+00 2.499304860830307007e-01 -6.426197886466979980e-01 -1.358880043029785156e+00 1.835134625434875488e+00
6.463357806205749512e-01 -2.899833440780639648e+00 -7.085865736007690430e-02 -1.809605360031127930e-01 8.122252672910690308e-02 2.126772165298461914e+00 -4.668495357036590576e-01 1.190070584416389465e-01 -2.057706594467163086e+00 3.201414942741394043e-01 -1.301143288612365723e+00 -1.041400551795959473e+00 -5.604979768395423889e-02 2.681593298912048340e-01 2.166270971298217773e+00 1.171415686607360840e+00 1.085143089294433594e+00 3.886934518814086914e-01 -1.041400551795959473e+00 1.190070584416389465e-01 6.240893006324768066e-01
1.548945903778076172e+00 -2.577787637710571289e+00 1.761493086814880371e-01 1.250170264393091202e-02 -1.628671139478683472e-01 2.494267940521240234e+00 -8.459838032722473145e-01 -8.093270063400268555e-01 -1.306233406066894531e+00 2.927524149417877197e-01 -8.093270063400268555e-01 9.015822410583496094e-02 6.584437489509582520e-01 -6.435434818267822266e-01 1.340690106153488159e-01 2.589542150497436523e+00 5.969498157501220703e-01 5.217564105987548828e-01 -8.093270063400268555e-01 -3.069151043891906738e-01 -8.459838032722473145e-01
1.336782455444335938e+00 -2.883908987045288086e+00 3.457302227616310120e-02 -5.888866782188415527e-01 -5.638799071311950684e-01 1.909137964248657227e+00 -6.676182746887207031e-01 -1.126902997493743896e-01 -8.456729650497436523e-01 3.193645477294921875e-01 -1.700394749641418457e+00 1.659196138381958008e+00 -7.415100932121276855e-03 1.869534701108932495e-01 4.819002375006675720e-02 1.509285807609558105e+00 1.709686040878295898e+00 4.814577400684356689e-01 -7.527554631233215332e-01 1.076078653335571289e+00 -2.144535064697265625e+00
-6.579839438199996948e-02 -2.429596662521362305e+00 2.091113328933715820e+00 1.659741282463073730e+00 -1.400056481361389160e+00 1.753222465515136719e+00 1.738293915987014771e-01 -9.741412997245788574e-01 -1.560406088829040527e+00 -9.254893660545349121e-01 -1.856321334838867188e+00 2.247417926788330078e+00 -1.560406088829040527e+00 1.437033057212829590e+00 -5.653513073921203613e-01 8.115803599357604980e-01 1.513984680175781250e+00 -2.501678839325904846e-02 -2.988563477993011475e-01 2.232643127441406250e+00 -2.259054183959960938e+00
-5.837734341621398926e-01 -1.946449041366577148e+00 -8.449259400367736816e-01 4.685696601867675781e+00 -1.946449041366577148e+00 2.896174907684326172e+00 -1.946449041366577148e+00 8.902501463890075684e-01 1.799691796302795410e+00 -1.387878775596618652e+00 -1.179447054862976074e+00 -1.638176798820495605e+00 3.056652069091796875e+00 -7.068710327148437500e-01 -7.068710327148437500e-01 -7.068710327148437500e-01 3.709929227828979492e+00 8.605425357818603516e-01 -1.179447054862976074e+00 -1.946449041366577148e+00 -1.179447054862976074e+00
3.655387878417968750e+00 -1.229583144187927246e+00 -1.578933477401733398e+00 -2.072848975658416748e-01 -1.578933477401733398e+00 -9.489555358886718750e-01 -1.229583144187927246e+00 1.688998103141784668e+00 -1.578933477401733398e+00 3.817129850387573242e+00 -1.578933477401733398e+00 -1.578933477401733398e+00 -1.229583144187927246e+00 5.468651294708251953e+00 -3.557177782058715820e-01 -9.489555358886718750e-01 -5.243940949440002441e-01 -9.489555358886718750e-01 -1.578933477401733398e+00 3.416496992111206055e+00 -9.489555358886718750e-01
-9.299129247665405273e-01 -9.299129247665405273e-01 -1.316233158111572266e+00 -1.316233158111572266e+00 5.391465187072753906e+00 -1.316233158111572266e+00 4.076959609985351562e+00 -1.316233158111572266e+00 -1.316233158111572266e+00 -3.725297451019287109e-01 -1.316233158111572266e+00 -6.218245625495910645e-01 -9.299129247665405273e-01 -1.316233158111572266e+00 -1.316233158111572266e+00 -1.316233158111572266e+00 3.994319438934326172e+00 -1.316233158111572266e+00 -1.316233158111572266e+00 5.424364566802978516e+00 -6.218245625495910645e-01
-4.649231433868408203e-01 -4.649231433868408203e-01 -4.649231433868408203e-01 -4.649231433868408203e-01 8.223023414611816406e+00 -4.649231433868408203e-01 -4.649231433868408203e-01 -4.649231433868408203e-01 -4.649231433868408203e-01 -4.649231433868408203e-01 -4.649231433868408203e-01 -4.649231433868408203e-01 -4.649231433868408203e-01 -4.649231433868408203e-01 -4.649231433868408203e-01 -4.649231433868408203e-01 -4.649231433868408203e-01 -4.649231433868408203e-01 -4.649231433868408203e-01 -4.649231433868408203e-01 6.130628585815429688e-01
