-4.450328946113586426e-01 8.286809921264648438e+00 -4.450328946113586426e-01 -4.450328946113586426e-01 -4.450328946113586426e-01 -4.450328946113586426e-01 -4.450328946113586426e-01 -4.450328946113586426e-01 -4.450328946113586426e-01 -4.450328946113586426e-01 -4.450328946113586426e-01 -4.450328946113586426e-01 -4.450328946113586426e-01 -4.450328946113586426e-01 -4.450328946113586426e-01 1.679164469242095947e-01 -4.450328946113586426e-01 -4.450328946113586426e-01 -4.450328946113586426e-01 -4.450328946113586426e-01 -4.450328946113586426e-01
6.906165599822998047e+00 -9.627467989921569824e-01 -9.627467989921569824e-01 -9.627467989921569824e-01 -9.627467989921569824e-01 -9.627467989921569824e-01 -9.627467989921569824e-01 -9.627467989921569824e-01 -9.627467989921569824e-01 -9.627467989921569824e-01 -9.627467989921569824e-01 -9.627467989921569824e-01 1.315509378910064697e-01 -1.523174345493316650e-01 3.655041158199310303e-01 4.471754550933837891e+00 1.019245505332946777e+00 7.362287044525146484e-01 -9.627467989921569824e-01 -9.627467989921569824e-01 -9.627467989921569824e-01
2.928007364273071289e+00 -7.379087805747985840e-01 -1.591514348983764648e+00 -1.245471954345703125e+00 -1.591514348983764648e+00 1.272308230400085449e-01 -1.591514348983764648e+00 6.735152006149291992e-01 -1.245471954345703125e+00 -7.379087805747985840e-01 -1.245471954345703125e+00 2.238805145025253296e-01 -5.425457954406738281e-01 -1.591514348983764648e+00 -7.379087805747985840e-01 5.717628479003906250e+00 2.203686475753784180e+00 2.203686475753784180e+00 1.617155551910400391e+00 -1.245471954345703125e+00 -1.591514348983764648e+00
7.873329520225524902e-01 -1.538369774818420410e+00 -2.203009575605392456e-01 7.601066827774047852e-01 -1.778917193412780762e+00 1.411427617073059082e+00 -1.538369774818420410e+00 -2.203009575605392456e-01 2.941438369452953339e-02 2.762529551982879639e-01 -1.335511922836303711e+00 5.797958374023437500e-01 8.358986675739288330e-02 -6.447696089744567871e-01 2.239863634109497070e+00 4.924648761749267578e+00 1.146358966827392578e+00 -5.458111763000488281e-01 -1.335511922836303711e+00 -1.008221745491027832e+00 -2.072521686553955078e+00
-7.233262062072753906e-01 -2.587642669677734375e+00 5.451713800430297852e-01 4.942576587200164795e-01 8.802253007888793945e-01 -9.076125621795654297e-01 -8.425485491752624512e-01 7.537742853164672852e-01 -7.812510132789611816e-01 2.080019950866699219e+00 -1.308976054191589355e+00 -1.942412257194519043e+00 9.926202297210693359e-01 1.362528800964355469e+00 -4.297639131546020508e-01 4.221843481063842773e-01 -1.410328865051269531e+00 -2.006763964891433716e-01 -1.308976054191589355e+00 1.013672471046447754e+00 3.898972988128662109e+00
-1.795734614133834839e-01 -1.087342262268066406e+00 -3.536160886287689209e-01 2.265077978372573853e-01 -7.953024506568908691e-01 1.065677255392074585e-01 -1.087342262268066406e+00 -5.557395219802856445e-01 -1.087342262268066406e+00 7.588421106338500977e-01 -1.087342262268066406e+00 -1.795734614133834839e-01 6.861695647239685059e-01 -7.953024506568908691e-01 -1.795734614133834839e-01 6.861695647239685059e-01 -7.953024506568908691e-01 1.065677255392074585e-01 -5.557395219802856445e-01 1.065677255392074585e-01 6.062249660491943359e+00
-8.236846327781677246e-01 -8.236846327781677246e-01 -3.379182815551757812e-01 -8.236846327781677246e-01 4.444961622357368469e-02 -3.379182815551757812e-01 -8.236846327781677246e-01 -3.379182815551757812e-01 -8.236846327781677246e-01 4.444961622357368469e-02 -8.236846327781677246e-01 -8.236846327781677246e-01 3.473816812038421631e-01 -3.379182815551757812e-01 -3.379182815551757812e-01 -8.236846327781677246e-01 8.039144277572631836e-01 4.444961622357368469e-02 4.444961622357368469e-02 -3.379182815551757812e-01 7.287675857543945312e+00
-8.247517347335815430e-01 -1.225941896438598633e+00 -5.071562528610229492e-01 -8.247517347335815430e-01 -5.071562528610229492e-01 1.540752053260803223e+00 -1.225941896438598633e+00 -5.071562528610229492e-01 -8.247517347335815430e-01 6.899228096008300781e-01 -1.225941896438598633e+00 -8.247517347335815430e-01 4.519101679325103760e-01 -5.071562528610229492e-01 1.127439498901367188e+00 4.519101679325103760e-01 5.772166252136230469e-01 -2.496361732482910156e-01 -8.247517347335815430e-01 -1.225941896438598633e+00 6.467117786407470703e+00
1.780109480023384094e-02 -1.829919695854187012e+00 -3.619940951466560364e-02 -2.171320170164108276e-01 -1.068187713623046875e+00 1.059092760086059570e+00 -1.219187974929809570e+00 1.649673730134963989e-01 -8.153792619705200195e-01 2.941270768642425537e-01 -1.219187974929809570e+00 -8.153792619705200195e-01 1.267255663871765137e+00 -8.153792619705200195e-01 6.358384490013122559e-01 7.970873713493347168e-01 5.124843716621398926e-01 2.528094947338104248e-01 -9.347163438796997070e-01 -9.347163438796997070e-01 4.904184341430664062e+00
2.033228427171707153e-01 -2.068783283233642578e+00 4.349729716777801514e-01 2.033228427171707153e-01 -2.850455641746520996e-01 1.549051284790039062e+00 -8.106189966201782227e-01 -5.822646021842956543e-01 -9.945215582847595215e-01 5.099682211875915527e-01 -1.653754949569702148e+00 -1.343276381492614746e+00 2.669961750507354736e-02 -2.344597727060317993e-01 4.855740368366241455e-01 2.352897375822067261e-01 8.015711307525634766e-01 1.009998545050621033e-01 -2.850455641746520996e-01 -8.106189966201782227e-01 4.518005371093750000e+00
3.879281282424926758e-01 -2.742385864257812500e+00 2.254674881696701050e-01 -3.639599680900573730e-01 9.548985213041305542e-02 1.396020531654357910e+00 -8.490570187568664551e-01 1.553253829479217529e-01 -1.215999007225036621e+00 9.752179980278015137e-01 -9.295037388801574707e-01 -1.331852674484252930e+00 5.278655886650085449e-01 1.406956762075424194e-01 5.378709435462951660e-01 6.684145927429199219e-01 6.857585906982421875e-01 6.419000774621963501e-02 -9.721783399581909180e-01 -6.083943247795104980e-01 3.152503252029418945e+00
8.042051792144775391e-01 -2.952895641326904297e+00 1.487860083580017090e-01 -3.500382006168365479e-01 -8.653314113616943359e-01 1.863741755485534668e+00 -9.608707427978515625e-01 1.418010234832763672e+00 -9.948054552078247070e-01 -9.241604246199131012e-03 6.676904112100601196e-02 -1.103853702545166016e+00 5.441738963127136230e-01 -1.965665370225906372e-01 6.385078430175781250e-01 1.005817770957946777e+00 1.048183083534240723e+00 3.144947290420532227e-01 -7.235078215599060059e-01 -1.522029638290405273e+00 1.826237320899963379e+00
6.186951994895935059e-01 -2.716315507888793945e+00 2.316127531230449677e-02 -2.374645173549652100e-01 7.583422958850860596e-02 2.172076940536499023e+00 -4.082038998603820801e-01 1.619002968072891235e-01 -2.166850566864013672e+00 2.733905017375946045e-01 -1.126072883605957031e+00 -1.212476611137390137e+00 -1.064395084977149963e-01 2.942857742309570312e-01 2.156000852584838867e+00 1.130572795867919922e+00 9.853576421737670898e-01 3.447078466415405273e-01 -9.721372127532958984e-01 1.136195138096809387e-01 5.959508419036865234e-01
1.523948073387145996e+00 -2.424868106842041016e+00 1.583866029977798462e-01 -1.431975960731506348e-01 -3.027736842632293701e-01 2.441441774368286133e+00 -8.632582426071166992e-01 -6.920498013496398926e-01 -1.213899493217468262e+00 4.641197621822357178e-01 -9.405493140220642090e-01 -5.110453814268112183e-03 6.146941781044006348e-01 -4.663658440113067627e-01 2.247937023639678955e-01 2.581418752670288086e+00 6.059098839759826660e-01 5.327703356742858887e-01 -1.068397045135498047e+00 -3.027736842632293701e-01 -7.240870594978332520e-01
1.333943605422973633e+00 -2.878172636032104492e+00 1.219864264130592346e-01 -5.804024934768676758e-01 -5.554319024085998535e-01 1.909083127975463867e+00 -6.867976784706115723e-01 -2.042359262704849243e-01 -8.373389840126037598e-01 2.746708691120147705e-01 -1.767780661582946777e+00 1.625803112983703613e+00 4.291876405477523804e-02 1.470318436622619629e-01 -2.803546190261840820e-02 1.558167099952697754e+00 1.753893136978149414e+00 4.630973339080810547e-01 -8.054116964340209961e-01 1.146083354949951172e+00 -2.032333850860595703e+00
-6.807686761021614075e-03 -2.629675388336181641e+00 2.079835414886474609e+00 1.611973762512207031e+00 -1.329008579254150391e+00 1.785495996475219727e+00 3.169301524758338928e-02 -7.926307320594787598e-01 -1.561727404594421387e+00 -9.758569002151489258e-01 -1.975842714309692383e+00 2.239661455154418945e+00 -1.561727404594421387e+00 1.387373566627502441e+00 -5.011106729507446289e-01 8.696100711822509766e-01 1.499321341514587402e+00 3.169301524758338928e-02 -3.536395430564880371e-01 2.260527372360229492e+00 -2.108666658401489258e+00
-4.239345490932464600e-01 -1.981839060783386230e+00 -7.558736801147460938e-01 4.643493175506591797e+00 -1.981839060783386230e+00 2.827156782150268555e+00 -1.981839060783386230e+00 8.637001514434814453e-01 1.642202258110046387e+00 -1.433072805404663086e+00 -8.926305174827575684e-01 -1.679720401763916016e+00 2.961127758026123047e+00 -7.558736801147460938e-01 -6.339151263236999512e-01 -7.558736801147460938e-01 3.634819507598876953e+00 8.637001514434814453e-01 -1.433072805404663086e+00 -1.679720401763916016e+00 -1.047749519348144531e+00
3.689108848571777344e+00 -1.199134230613708496e+00 -1.550323963165283203e+00 8.017347753047943115e-02 -1.550323963165283203e+00 -1.550323963165283203e+00 -1.199134230613708496e+00 1.605766415596008301e+00 -1.550323963165283203e+00 3.872441768646240234e+00 -1.550323963165283203e+00 -1.550323963165283203e+00 -1.550323963165283203e+00 5.516513347625732422e+00 -1.687958687543869019e-01 -9.177356362342834473e-01 -4.879154562950134277e-01 -9.177356362342834473e-01 -1.550323963165283203e+00 3.447426319122314453e+00 -9.177356362342834473e-01
-9.036746621131896973e-01 -9.036746621131896973e-01 -1.292697072029113770e+00 -1.292697072029113770e+00 5.443984508514404297e+00 -1.292697072029113770e+00 4.083205223083496094e+00 -1.292697072029113770e+00 -1.292697072029113770e+00 -9.036746621131896973e-01 -1.292697072029113770e+00 -5.954992175102233887e-01 -9.036746621131896973e-01 -1.292697072029113770e+00 -1.292697072029113770e+00 -1.292697072029113770e+00 4.031930923461914062e+00 -1.292697072029113770e+00 -1.292697072029113770e+00 5.466705799102783203e+00 -5.954992175102233887e-01
-4.449817240238189697e-01 -4.449817240238189697e-01 -4.449817240238189697e-01 -4.449817240238189697e-01 8.286428451538085938e+00 -4.449817240238189697e-01 -4.449817240238189697e-01 -4.449817240238189697e-01 -4.449817240238189697e-01 -4.449817240238189697e-01 -4.449817240238189697e-01 -4.449817240238189697e-01 -4.449817240238189697e-01 -4.449817240238189697e-01 -4.449817240238189697e-01 -4.449817240238189697e-01 -4.449817240238189697e-01 -4.449817240238189697e-01 -4.449817240238189697e-01 -4.449817240238189697e-01 1.680048108100891113e-01
