-4.450123310089111328e-01 8.285382270812988281e+00 -4.450123310089111328e-01 -4.450123310089111328e-01 -4.450123310089111328e-01 -4.450123310089111328e-01 -4.450123310089111328e-01 -4.450123310089111328e-01 -4.450123310089111328e-01 -4.450123310089111328e-01 -4.450123310089111328e-01 -4.450123310089111328e-01 -4.450123310089111328e-01 -4.450123310089111328e-01 -4.450123310089111328e-01 1.566404849290847778e-01 -4.450123310089111328e-01 -4.450123310089111328e-01 -4.450123310089111328e-01 -4.450123310089111328e-01 -4.450123310089111328e-01
6.897060871124267578e+00 -9.685894846916198730e-01 -9.685894846916198730e-01 -9.685894846916198730e-01 -9.685894846916198730e-01 -9.685894846916198730e-01 -9.685894846916198730e-01 -9.685894846916198730e-01 -9.685894846916198730e-01 -9.685894846916198730e-01 -9.685894846916198730e-01 -5.169579982757568359e-01 3.600013256072998047e-01 -5.169579982757568359e-01 3.600013256072998047e-01 4.442824840545654297e+00 1.009792923927307129e+00 5.560923218727111816e-01 -9.685894846916198730e-01 -9.685894846916198730e-01 -9.685894846916198730e-01
2.825949668884277344e+00 -7.462927699089050293e-01 -1.252115607261657715e+00 -1.598748683929443359e+00 -1.598748683929443359e+00 3.858478665351867676e-01 -1.598748683929443359e+00 7.805784344673156738e-01 -1.252115607261657715e+00 -9.743808507919311523e-01 -1.252115607261657715e+00 1.186314448714256287e-01 -7.462927699089050293e-01 -1.598748683929443359e+00 -7.462927699089050293e-01 5.706742286682128906e+00 2.324731111526489258e+00 2.287314176559448242e+00 1.503749251365661621e+00 -9.743808507919311523e-01 -1.598748683929443359e+00
7.322200536727905273e-01 -1.756149291992187500e+00 -1.929612010717391968e-01 6.722395420074462891e-01 -1.756149291992187500e+00 1.411002278327941895e+00 -1.514384388923645020e+00 1.631230413913726807e-01 -1.245096847414970398e-01 2.591765224933624268e-01 -1.756149291992187500e+00 6.084716320037841797e-01 1.116735935211181641e-01 -4.281648993492126465e-01 2.243241310119628906e+00 4.956452846527099609e+00 1.300010561943054199e+00 -4.281648993492126465e-01 -1.137639164924621582e+00 -1.311948895454406738e+00 -2.053212881088256836e+00
-6.876557469367980957e-01 -2.559977054595947266e+00 5.310274958610534668e-01 3.813957273960113525e-01 8.432489037513732910e-01 -7.456445097923278809e-01 -8.725427985191345215e-01 8.685157299041748047e-01 -9.421936273574829102e-01 2.131709337234497070e+00 -1.096232533454895020e+00 -2.304494380950927734e+00 9.750199913978576660e-01 1.392322182655334473e+00 -4.378637671470642090e-01 5.134792923927307129e-01 -1.489032387733459473e+00 -3.115875124931335449e-01 -1.275099396705627441e+00 1.140457510948181152e+00 3.941693544387817383e+00
-3.395600020885467529e-01 -1.444192886352539062e+00 -1.657294183969497681e-01 3.506266772747039795e-01 -3.395600020885467529e-01 -1.657294183969497681e-01 -1.076406598091125488e+00 -7.816999554634094238e-01 -7.816999554634094238e-01 7.750765085220336914e-01 -1.076406598091125488e+00 -3.395600020885467529e-01 8.434045910835266113e-01 -1.076406598091125488e+00 -3.395600020885467529e-01 6.240311861038208008e-01 -5.413174629211425781e-01 4.494070112705230713e-01 -7.816999554634094238e-01 1.215728670358657837e-01 6.079111576080322266e+00
-7.922815084457397461e-01 -7.922815084457397461e-01 -7.922815084457397461e-01 -7.922815084457397461e-01 8.742142468690872192e-02 8.742142468690872192e-02 -7.922815084457397461e-01 -3.036168217658996582e-01 -7.922815084457397461e-01 8.742142468690872192e-02 -7.922815084457397461e-01 -7.922815084457397461e-01 8.742142468690872192e-02 -3.036168217658996582e-01 -3.036168217658996582e-01 -7.922815084457397461e-01 8.543443083763122559e-01 -3.036168217658996582e-01 8.742142468690872192e-02 -3.036168217658996582e-01 7.353398323059082031e+00
-7.893585562705993652e-01 -1.195679187774658203e+00 -7.893585562705993652e-01 -7.893585562705993652e-01 -4.654470086097717285e-01 1.543751955032348633e+00 -1.195679187774658203e+00 -4.654470086097717285e-01 -4.654470086097717285e-01 3.573722541332244873e-01 -1.195679187774658203e+00 -1.195679187774658203e+00 4.995430111885070801e-01 -2.045194953680038452e-01 1.314735174179077148e+00 1.962751597166061401e-01 4.995430111885070801e-01 -2.045194953680038452e-01 -7.893585562705993652e-01 -1.195679187774658203e+00 6.524777412414550781e+00
-1.422213017940521240e-01 -1.867832541465759277e+00 1.150444969534873962e-01 1.597716957330703735e-01 -1.113695621490478516e+00 9.066192507743835449e-01 -1.263496875762939453e+00 1.957920566201210022e-02 -5.666019320487976074e-01 2.439931333065032959e-01 -1.113695621490478516e+00 -4.835267066955566406e-01 1.151016831398010254e+00 -7.542098760604858398e-01 4.943955540657043457e-01 7.704843282699584961e-01 1.597716957330703735e-01 6.838106364011764526e-02 -9.806978106498718262e-01 -6.564036607742309570e-01 4.852661132812500000e+00
1.503367274999618530e-01 -2.329689741134643555e+00 5.239245891571044922e-01 1.214796677231788635e-03 -3.803135156631469727e-01 1.528090596199035645e+00 -6.400126814842224121e-01 -5.022503733634948730e-01 -7.974844574928283691e-01 5.710682868957519531e-01 -1.641535043716430664e+00 -1.202202677726745605e+00 -8.215682208538055420e-02 -3.243670761585235596e-01 5.938490629196166992e-01 3.681015372276306152e-01 7.597753405570983887e-01 7.846413552761077881e-02 -3.243670761585235596e-01 -8.855060935020446777e-01 4.535528659820556641e+00
4.214497506618499756e-01 -2.714113235473632812e+00 1.741351932287216187e-01 -2.835994064807891846e-01 6.527492403984069824e-02 1.381962299346923828e+00 -8.972775936126708984e-01 1.741351932287216187e-01 -1.183708429336547852e+00 9.959322214126586914e-01 -9.845123887062072754e-01 -1.299910068511962891e+00 5.513484477996826172e-01 1.592796444892883301e-01 5.308258533477783203e-01 6.664295196533203125e-01 6.481375098228454590e-01 -3.826574236154556274e-02 -9.845123887062072754e-01 -6.064761281013488770e-01 3.225335121154785156e+00
8.020057678222656250e-01 -2.939212322235107422e+00 1.642944514751434326e-01 -2.984355986118316650e-01 -9.796421527862548828e-01 1.867045879364013672e+00 -9.127774238586425781e-01 1.446325659751892090e+00 -1.168651223182678223e+00 6.260442081838846207e-03 1.933229528367519379e-02 -1.088911652565002441e+00 5.748455524444580078e-01 -2.635309994220733643e-01 6.881453990936279297e-01 9.671108126640319824e-01 1.117658734321594238e+00 3.107677400112152100e-01 -7.352358698844909668e-01 -1.451232433319091797e+00 1.873243689537048340e+00
5.646902322769165039e-01 -2.710147857666015625e+00 -2.461414970457553864e-02 -1.953099370002746582e-01 5.764301493763923645e-02 2.135954618453979492e+00 -4.004119336605072021e-01 1.214210242033004761e-01 -2.055147409439086914e+00 3.720255494117736816e-01 -1.401912331581115723e+00 -1.118752121925354004e+00 -1.953099370002746582e-01 3.021059334278106689e-01 2.197373628616333008e+00 1.138439774513244629e+00 1.023988962173461914e+00 3.720255494117736816e-01 -1.038777709007263184e+00 1.578434258699417114e-01 6.988527178764343262e-01
1.586898326873779297e+00 -2.560538530349731445e+00 6.461968272924423218e-02 -1.622316390275955200e-01 -2.226084172725677490e-01 2.472905874252319336e+00 -9.036465287208557129e-01 -7.198046445846557617e-01 -1.476678133010864258e+00 3.953218758106231689e-01 -7.894752025604248047e-01 -1.679797470569610596e-02 6.702921986579895020e-01 -5.640539526939392090e-01 2.883018255233764648e-01 2.656304597854614258e+00 6.173533797264099121e-01 5.518578290939331055e-01 -1.031544446945190430e+00 -2.020758986473083496e-01 -6.545963287353515625e-01
1.317561864852905273e+00 -2.883906126022338867e+00 -7.674328051507472992e-03 -6.408684849739074707e-01 -4.925419390201568604e-01 1.927855134010314941e+00 -7.829638719558715820e-01 -2.483280897140502930e-01 -8.787886500358581543e-01 2.876025140285491943e-01 -1.563012838363647461e+00 1.667091488838195801e+00 6.510660983622074127e-03 1.383869946002960205e-01 4.791148751974105835e-02 1.502690553665161133e+00 1.722380995750427246e+00 5.158576965332031250e-01 -7.829638719558715820e-01 1.095177888870239258e+00 -1.944671273231506348e+00
-5.328526347875595093e-02 -2.583016395568847656e+00 2.149756431579589844e+00 1.657670378684997559e+00 -1.509247303009033203e+00 1.816229581832885742e+00 1.786817610263824463e-01 -1.025691032409667969e+00 -1.697805166244506836e+00 -9.207754135131835938e-01 -2.059891700744628906e+00 2.311986684799194336e+00 -1.599487900733947754e+00 1.464464664459228516e+00 -6.179938316345214844e-01 8.586157560348510742e-01 1.616909503936767578e+00 -5.328526347875595093e-02 -3.539734780788421631e-01 2.348745584487915039e+00 -1.925799965858459473e+00
-6.928948163986206055e-01 -1.933981776237487793e+00 -1.375079393386840820e+00 4.718445777893066406e+00 -1.933981776237487793e+00 2.908009767532348633e+00 -1.933981776237487793e+00 9.346362352371215820e-01 1.791003942489624023e+00 -1.625337600708007812e+00 -8.311239480972290039e-01 -1.933981776237487793e+00 3.048103809356689453e+00 -5.697249770164489746e-01 -3.583110272884368896e-01 -6.928948163986206055e-01 3.702182531356811523e+00 7.129666805267333984e-01 -1.166428446769714355e+00 -1.933981776237487793e+00 -8.311239480972290039e-01
3.637949705123901367e+00 -1.255616664886474609e+00 -1.601528167724609375e+00 7.746993564069271088e-03 -1.601528167724609375e+00 -9.783758521080017090e-01 -1.255616664886474609e+00 1.763414144515991211e+00 -1.255616664886474609e+00 3.753424406051635742e+00 -1.601528167724609375e+00 -1.601528167724609375e+00 -1.255616664886474609e+00 5.428824424743652344e+00 7.746993564069271088e-03 -9.783758521080017090e-01 -7.504172325134277344e-01 -1.255616664886474609e+00 -1.601528167724609375e+00 3.370458841323852539e+00 -9.783758521080017090e-01
-9.139038920402526855e-01 -9.139038920402526855e-01 -1.302470684051513672e+00 -1.302470684051513672e+00 5.429426193237304688e+00 -1.302470684051513672e+00 4.072128772735595703e+00 -1.302470684051513672e+00 -1.302470684051513672e+00 -3.555339872837066650e-01 -1.302470684051513672e+00 -9.139038920402526855e-01 -9.139038920402526855e-01 -1.302470684051513672e+00 -1.302470684051513672e+00 -1.302470684051513672e+00 3.994731187820434570e+00 -1.302470684051513672e+00 -1.302470684051513672e+00 5.446663379669189453e+00 -6.054019927978515625e-01
-4.652663767337799072e-01 -4.652663767337799072e-01 -4.652663767337799072e-01 -4.652663767337799072e-01 8.221594810485839844e+00 -4.652663767337799072e-01 -4.652663767337799072e-01 -4.652663767337799072e-01 -4.652663767337799072e-01 -4.652663767337799072e-01 -4.652663767337799072e-01 -4.652663767337799072e-01 -4.652663767337799072e-01 -4.652663767337799072e-01 -4.652663767337799072e-01 -4.652663767337799072e-01 -4.652663767337799072e-01 -4.652663767337799072e-01 -4.652663767337799072e-01 -4.652663767337799072e-01 6.163313984870910645e-01
