-4.449414610862731934e-01 8.287126541137695312e+00 -4.449414610862731934e-01 -4.449414610862731934e-01 -4.449414610862731934e-01 -4.449414610862731934e-01 -4.449414610862731934e-01 -4.449414610862731934e-01 -4.449414610862731934e-01 -4.449414610862731934e-01 -4.449414610862731934e-01 -4.449414610862731934e-01 -4.449414610862731934e-01 -4.449414610862731934e-01 -4.449414610862731934e-01 1.672087907791137695e-01 -4.449414610862731934e-01 -4.449414610862731934e-01 -4.449414610862731934e-01 -4.449414610862731934e-01 -4.449414610862731934e-01
6.889839649200439453e+00 -9.722501635551452637e-01 -9.722501635551452637e-01 -9.722501635551452637e-01 -9.722501635551452637e-01 -9.722501635551452637e-01 -9.722501635551452637e-01 -9.722501635551452637e-01 -9.722501635551452637e-01 -9.722501635551452637e-01 -9.722501635551452637e-01 -5.212886333465576172e-01 3.501664698123931885e-01 -1.669355481863021851e-01 1.160803735256195068e-01 4.420585155487060547e+00 1.003059267997741699e+00 5.492892265319824219e-01 -9.722501635551452637e-01 -9.722501635551452637e-01 -9.722501635551452637e-01
2.917935848236083984e+00 -9.500230550765991211e-01 -1.229214549064636230e+00 -1.229214549064636230e+00 -1.576731801033020020e+00 4.181219935417175293e-01 -1.576731801033020020e+00 7.563291192054748535e-01 -1.229214549064636230e+00 -9.500230550765991211e-01 -1.576731801033020020e+00 2.460768669843673706e-01 -7.186313271522521973e-01 -1.576731801033020020e+00 -9.500230550765991211e-01 5.745640277862548828e+00 2.199815750122070312e+00 2.241907119750976562e+00 1.564214468002319336e+00 -9.500230550765991211e-01 -1.576731801033020020e+00
6.799367666244506836e-01 -1.509214401245117188e+00 -3.364211916923522949e-01 7.400540113449096680e-01 -2.047112464904785156e+00 1.433944702148437500e+00 -1.509214401245117188e+00 -5.264158174395561218e-02 -1.850922107696533203e-01 2.206087261438369751e-01 -1.509214401245117188e+00 7.968489527702331543e-01 6.514047086238861084e-02 -4.207889735698699951e-01 2.283782958984375000e+00 4.964613437652587891e+00 1.256508231163024902e+00 -7.201015353202819824e-01 -9.758107066154479980e-01 -1.129121541976928711e+00 -2.047112464904785156e+00
-7.426834702491760254e-01 -2.558439493179321289e+00 6.496531367301940918e-01 3.645327091217041016e-01 8.338880538940429688e-01 -8.692926168441772461e-01 -1.013066172599792480e+00 8.467658162117004395e-01 -9.387514591217041016e-01 2.117330074310302734e+00 -1.092880368232727051e+00 -1.908302307128906250e+00 1.000778079032897949e+00 1.334598660469055176e+00 -5.770225524902343750e-01 5.346007347106933594e-01 -1.272194862365722656e+00 -3.080736100673675537e-01 -1.373844623565673828e+00 1.011707305908203125e+00 3.959769725799560547e+00
-2.630492746829986572e-01 -1.012625098228454590e+00 -4.691850244998931885e-01 4.351829588413238525e-01 -4.691850244998931885e-01 6.843616813421249390e-02 -1.012625098228454590e+00 -7.138379216194152832e-01 -7.138379216194152832e-01 5.350252985954284668e-01 -1.012625098228454590e+00 -2.630492746829986572e-01 6.267399191856384277e-01 -1.012625098228454590e+00 -4.691850244998931885e-01 7.899923324584960938e-01 -1.012625098228454590e+00 4.351829588413238525e-01 -7.138379216194152832e-01 6.843616813421249390e-02 6.178454875946044922e+00
-7.650803327560424805e-01 -7.650803327560424805e-01 -2.654682695865631104e-01 -7.650803327560424805e-01 1.286033987998962402e-01 -2.654682695865631104e-01 -7.650803327560424805e-01 -2.654682695865631104e-01 -7.650803327560424805e-01 -2.654682695865631104e-01 -7.650803327560424805e-01 -7.650803327560424805e-01 1.286033987998962402e-01 -2.654682695865631104e-01 -2.654682695865631104e-01 -7.650803327560424805e-01 4.403623044490814209e-01 -2.654682695865631104e-01 1.286033987998962402e-01 -2.654682695865631104e-01 7.418956756591796875e+00
-7.319404482841491699e-01 -1.146803736686706543e+00 -1.146803736686706543e+00 -4.038366675376892090e-01 -4.038366675376892090e-01 1.575939893722534180e+00 -1.146803736686706543e+00 -7.319404482841491699e-01 -4.038366675376892090e-01 5.784781575202941895e-01 -1.146803736686706543e+00 -7.319404482841491699e-01 8.266966789960861206e-02 -4.038366675376892090e-01 1.018417477607727051e+00 2.716223001480102539e-01 2.716223001480102539e-01 -1.386029571294784546e-01 -7.319404482841491699e-01 -1.146803736686706543e+00 6.618459701538085938e+00
1.129777133464813232e-01 -1.834490656852722168e+00 -1.584644466638565063e-01 1.598123908042907715e-01 -1.073142647743225098e+00 6.870854496955871582e-01 -1.224060654640197754e+00 1.129777133464813232e-01 -8.206258416175842285e-01 2.475923448801040649e-01 -1.224060654640197754e+00 -7.128748893737792969e-01 1.109783053398132324e+00 -8.206258416175842285e-01 6.304657459259033203e-01 7.142621278762817383e-01 4.735938608646392822e-01 2.475923448801040649e-01 -8.206258416175842285e-01 -7.128748893737792969e-01 4.906916141510009766e+00
2.356529235839843750e-01 -1.818276524543762207e+00 4.932215809822082520e-01 5.896629020571708679e-02 -3.626505732536315918e-01 1.510422945022583008e+00 -6.983956694602966309e-01 -4.218432307243347168e-01 -9.645336866378784180e-01 6.566415429115295410e-01 -1.818276524543762207e+00 -1.459925532341003418e+00 -6.354982405900955200e-02 -3.626505732536315918e-01 5.664663910865783691e-01 3.581573069095611572e-01 7.975130081176757812e-01 1.685208827257156372e-01 -3.626505732536315918e-01 -1.069365620613098145e+00 4.557682037353515625e+00
4.035465419292449951e-01 -2.960315942764282227e+00 9.551728516817092896e-02 -2.784523367881774902e-01 1.995362043380737305e-01 1.394612312316894531e+00 -7.958693504333496094e-01 2.678055763244628906e-01 -1.257597804069519043e+00 1.028893828392028809e+00 -1.001425385475158691e+00 -1.201201438903808594e+00 5.435170531272888184e-01 1.562550961971282959e-01 5.435170531272888184e-01 6.115538477897644043e-01 6.021103262901306152e-01 -2.995955059304833412e-03 -8.732414841651916504e-01 -6.564869284629821777e-01 3.181432723999023438e+00
7.736949324607849121e-01 -2.958409309387207031e+00 1.532916277647018433e-01 -3.028835058212280273e-01 -7.038221955299377441e-01 1.856986999511718750e+00 -1.036459684371948242e+00 1.427086949348449707e+00 -1.110291004180908203e+00 -4.258934035897254944e-02 8.420107513666152954e-02 -1.149279594421386719e+00 5.525643229484558105e-01 -2.191656380891799927e-01 6.178445816040039062e-01 9.648712277412414551e-01 1.055198311805725098e+00 2.982074618339538574e-01 -7.038221955299377441e-01 -1.369931578636169434e+00 1.813111782073974609e+00
6.503035426139831543e-01 -2.891892671585083008e+00 -8.985953032970428467e-02 -1.370270401239395142e-01 7.953646034002304077e-02 2.177679061889648438e+00 -4.125932455062866211e-01 1.902668774127960205e-01 -1.952669262886047363e+00 3.711823523044586182e-01 -1.242260217666625977e+00 -1.242260217666625977e+00 -1.864915937185287476e-01 2.794482111930847168e-01 2.182509899139404297e+00 1.133737087249755859e+00 1.062751770019531250e+00 3.314369320869445801e-01 -1.069041371345520020e+00 9.245431423187255859e-02 6.722291111946105957e-01
1.585673093795776367e+00 -2.410422801971435547e+00 1.470632553100585938e-01 -1.452919095754623413e-01 -1.452919095754623413e-01 2.487562656402587891e+00 -8.105295300483703613e-01 -7.751961350440979004e-01 -1.198081731796264648e+00 3.036901354789733887e-01 -8.105295300483703613e-01 -9.034717828035354614e-02 6.486636400222778320e-01 -5.851603746414184570e-01 2.283973693847656250e-01 2.593271493911743164e+00 5.398683547973632812e-01 5.774514675140380859e-01 -1.007853150367736816e+00 -2.863374948501586914e-01 -8.471010327339172363e-01
1.367742061614990234e+00 -2.872332811355590820e+00 9.067033231258392334e-02 -7.078050374984741211e-01 -4.766764640808105469e-01 1.927289247512817383e+00 -8.300752639770507812e-01 -2.506034672260284424e-01 -8.970617651939392090e-01 3.455396890640258789e-01 -1.548142910003662109e+00 1.630527019500732422e+00 -3.541648387908935547e-02 1.420429944992065430e-01 2.256352081894874573e-02 1.571757674217224121e+00 1.736082673072814941e+00 5.818384885787963867e-01 -7.981275916099548340e-01 1.130366563796997070e+00 -2.129711866378784180e+00
-1.347194761037826538e-01 -2.433101177215576172e+00 2.110888957977294922e+00 1.601129412651062012e+00 -1.331758618354797363e+00 1.748824119567871094e+00 6.583338975906372070e-02 -7.540515661239624023e-01 -1.654879450798034668e+00 -1.083944439888000488e+00 -1.859933137893676758e+00 2.253411054611206055e+00 -1.403976798057556152e+00 1.403988122940063477e+00 -6.763422489166259766e-01 7.894948124885559082e-01 1.491985201835632324e+00 4.746398329734802246e-02 -3.292389810085296631e-01 2.259622335433959961e+00 -2.111107826232910156e+00
-6.227004528045654297e-01 -1.973272681236267090e+00 -8.813990354537963867e-01 4.642506122589111328e+00 -1.973272681236267090e+00 2.868512868881225586e+00 -1.973272681236267090e+00 9.585015177726745605e-01 1.731893062591552734e+00 -1.423184752464294434e+00 -1.215190410614013672e+00 -1.670538187026977539e+00 2.977815389633178711e+00 -8.813990354537963867e-01 -3.194066286087036133e-01 -7.446734309196472168e-01 3.666100502014160156e+00 7.557802796363830566e-01 -1.215190410614013672e+00 -1.670538187026977539e+00 -1.036684036254882812e+00
3.627540349960327148e+00 -1.235095024108886719e+00 -1.581819534301757812e+00 2.379458546638488770e-01 -1.581819534301757812e+00 -1.235095024108886719e+00 -1.235095024108886719e+00 1.749649882316589355e+00 -1.235095024108886719e+00 3.798139572143554688e+00 -1.581819534301757812e+00 -1.581819534301757812e+00 -1.581819534301757812e+00 5.463411331176757812e+00 -2.124400138854980469e-01 -1.235095024108886719e+00 -7.254717946052551270e-01 -9.564393758773803711e-01 -1.581819534301757812e+00 3.409102916717529297e+00 -7.254717946052551270e-01
-9.293954968452453613e-01 -9.293954968452453613e-01 -1.314654946327209473e+00 -1.314654946327209473e+00 5.390295982360839844e+00 -1.314654946327209473e+00 4.047064781188964844e+00 -1.314654946327209473e+00 -1.314654946327209473e+00 -6.232391595840454102e-01 -1.314654946327209473e+00 -6.232391595840454102e-01 -9.293954968452453613e-01 -1.314654946327209473e+00 -1.314654946327209473e+00 -1.314654946327209473e+00 3.992201089859008789e+00 -1.314654946327209473e+00 -1.314654946327209473e+00 5.437582969665527344e+00 -3.726351559162139893e-01
-4.655381143093109131e-01 -4.655381143093109131e-01 -4.655381143093109131e-01 -4.655381143093109131e-01 8.222715377807617188e+00 -4.655381143093109131e-01 -4.655381143093109131e-01 -4.655381143093109131e-01 -4.655381143093109131e-01 -4.655381143093109131e-01 -4.655381143093109131e-01 -4.655381143093109131e-01 -4.655381143093109131e-01 -4.655381143093109131e-01 -4.655381143093109131e-01 -4.655381143093109131e-01 -4.655381143093109131e-01 -4.655381143093109131e-01 -4.655381143093109131e-01 -4.655381143093109131e-01 6.222389340400695801e-01
