-4.449006319046020508e-01 8.286952018737792969e+00 -4.449006319046020508e-01 -4.449006319046020508e-01 -4.449006319046020508e-01 -4.449006319046020508e-01 -4.449006319046020508e-01 -4.449006319046020508e-01 -4.449006319046020508e-01 -4.449006319046020508e-01 -4.449006319046020508e-01 -4.449006319046020508e-01 -4.449006319046020508e-01 -4.449006319046020508e-01 -4.449006319046020508e-01 1.665113866329193115e-01 -4.449006319046020508e-01 -4.449006319046020508e-01 -4.449006319046020508e-01 -4.449006319046020508e-01 -4.449006319046020508e-01
6.941614627838134766e+00 -9.457857608795166016e-01 -9.457857608795166016e-01 -9.457857608795166016e-01 -9.457857608795166016e-01 -9.457857608795166016e-01 -9.457857608795166016e-01 -9.457857608795166016e-01 -9.457857608795166016e-01 -9.457857608795166016e-01 -9.457857608795166016e-01 -4.893127679824829102e-01 -4.893127679824829102e-01 -4.893127679824829102e-01 3.912528455257415771e-01 4.496761798858642578e+00 1.168375968933105469e+00 7.653402090072631836e-01 -9.457857608795166016e-01 -9.457857608795166016e-01 -9.457857608795166016e-01
2.911191701889038086e+00 -5.502211451530456543e-01 -1.597588419914245605e+00 -1.252663969993591309e+00 -1.597588419914245605e+00 3.039531111717224121e-01 -1.597588419914245605e+00 8.843172192573547363e-01 -1.597588419914245605e+00 -7.455690503120422363e-01 -1.252663969993591309e+00 2.145607769489288330e-01 -7.455690503120422363e-01 -1.597588419914245605e+00 -7.455690503120422363e-01 5.702519893646240234e+00 2.261121511459350586e+00 2.221246242523193359e+00 1.631853699684143066e+00 -1.252663969993591309e+00 -1.597588419914245605e+00
7.801377177238464355e-01 -1.544383287429809570e+00 -2.997582554817199707e-01 7.249298691749572754e-01 -2.077761888504028320e+00 1.404052019119262695e+00 -1.544383287429809570e+00 2.229789271950721741e-02 1.280989497900009155e-01 2.693194448947906494e-01 -1.544383287429809570e+00 3.934999704360961914e-01 1.773203909397125244e-01 -5.530304312705993652e-01 2.245190858840942383e+00 4.911448001861572266e+00 1.296500682830810547e+00 -3.778773248195648193e-01 -1.166766285896301270e+00 -1.166766285896301270e+00 -2.077761888504028320e+00
-6.480054855346679688e-01 -2.572543144226074219e+00 5.991387367248535156e-01 3.860132396221160889e-01 8.404666185379028320e-01 -8.223050832748413086e-01 -8.873346447944641113e-01 7.886370420455932617e-01 -9.566588997840881348e-01 2.076146602630615234e+00 -1.110639452934265137e+00 -1.924209833145141602e+00 9.817236661911010742e-01 1.376734018325805664e+00 -4.086097180843353271e-01 5.156737565994262695e-01 -1.502880573272705078e+00 -1.798013448715209961e-01 -1.391367316246032715e+00 9.017347693443298340e-01 3.938200235366821289e+00
-5.113082528114318848e-01 -1.419003725051879883e+00 -1.314917057752609253e-01 2.151452563703060150e-02 -3.070795834064483643e-01 1.564826369285583496e-01 -1.049011230468750000e+00 -7.535492181777954102e-01 -7.535492181777954102e-01 6.615546941757202148e-01 -1.049011230468750000e+00 -1.314917057752609253e-01 8.808817267417907715e-01 -1.049011230468750000e+00 -3.070795834064483643e-01 8.808817267417907715e-01 -1.049011230468750000e+00 3.860954940319061279e-01 -7.535492181777954102e-01 1.564826369285583496e-01 6.120346069335937500e+00
-8.228454589843750000e-01 -8.228454589843750000e-01 -3.385595381259918213e-01 -8.228454589843750000e-01 4.361499100923538208e-02 -3.385595381259918213e-01 -8.228454589843750000e-01 4.361499100923538208e-02 -8.228454589843750000e-01 -3.385595381259918213e-01 -8.228454589843750000e-01 -8.228454589843750000e-01 3.469735085964202881e-01 -3.385595381259918213e-01 -3.385595381259918213e-01 -8.228454589843750000e-01 8.049481511116027832e-01 4.361499100923538208e-02 4.361499100923538208e-02 -3.385595381259918213e-01 7.287582397460937500e+00
-7.967444658279418945e-01 -1.201413512229919434e+00 -7.967444658279418945e-01 -4.761195480823516846e-01 -4.761195480823516846e-01 1.532937049865722656e+00 -1.201413512229919434e+00 -7.967444658279418945e-01 -7.967444658279418945e-01 4.902979731559753418e-01 -1.201413512229919434e+00 -7.967444658279418945e-01 3.487698733806610107e-01 -2.161197364330291748e-01 1.239420771598815918e+00 4.902979731559753418e-01 6.160185337066650391e-01 -4.761195480823516846e-01 -7.967444658279418945e-01 -1.201413512229919434e+00 6.512958049774169922e+00
-5.976863205432891846e-02 -1.848973751068115234e+00 9.446200728416442871e-02 1.412635147571563721e-01 -1.089617490768432617e+00 9.751536250114440918e-01 -1.240118026733398438e+00 1.860588043928146362e-01 -5.415176749229431152e-01 1.412635147571563721e-01 -1.412433028221130371e+00 -7.302088737487792969e-01 1.258275032043457031e+00 -1.240118026733398438e+00 4.548679590225219727e-01 6.954469084739685059e-01 4.881836175918579102e-01 2.289938032627105713e-01 -8.377597332000732422e-01 -5.415176749229431152e-01 4.878345489501953125e+00
1.302153170108795166e-01 -2.046481847763061523e+00 5.634125471115112305e-01 1.654730439186096191e-01 -1.572792828083038330e-01 1.534833550453186035e+00 -6.250775456428527832e-01 -5.540064573287963867e-01 -1.072456002235412598e+00 6.094809770584106445e-01 -1.820739984512329102e+00 -1.462567329406738281e+00 1.665473356842994690e-02 -2.564479112625122070e-01 6.749217510223388672e-01 2.646305859088897705e-01 9.013704657554626465e-01 1.995799243450164795e-01 -4.248375296592712402e-01 -1.188058972358703613e+00 4.547399997711181641e+00
3.487372696399688721e-01 -2.726470470428466797e+00 1.609038561582565308e-01 -2.966749668121337891e-01 2.041879296302795410e-01 1.445694684982299805e+00 -6.851226091384887695e-01 1.609038561582565308e-01 -1.375799417495727539e+00 1.076140880584716797e+00 -1.043628096580505371e+00 -1.253259539604187012e+00 4.859662353992462158e-01 1.460542827844619751e-01 5.680862665176391602e-01 5.581799745559692383e-01 6.440284252166748047e-01 1.872820034623146057e-02 -8.687473535537719727e-01 -7.547236084938049316e-01 3.186853885650634766e+00
8.597192764282226562e-01 -2.945237159729003906e+00 2.023691833019256592e-01 -3.779941499233245850e-01 -8.560153841972351074e-01 1.848535776138305664e+00 -1.020625233650207520e+00 1.440258383750915527e+00 -1.133497357368469238e+00 2.764179662335664034e-04 1.004111319780349731e-01 -1.260351181030273438e+00 5.763108134269714355e-01 -2.357189804315567017e-01 6.686543822288513184e-01 9.861510396003723145e-01 1.089546799659729004e+00 3.144533336162567139e-01 -7.408738732337951660e-01 -1.354438781738281250e+00 1.838057160377502441e+00
6.384931802749633789e-01 -2.889270782470703125e+00 -1.275050453841686249e-02 -1.834564357995986938e-01 1.333097219467163086e-01 2.182333707809448242e+00 -3.886581957340240479e-01 1.816032826900482178e-01 -2.263458251953125000e+00 3.445867002010345459e-01 -1.391389966011047363e+00 -1.106820344924926758e+00 -4.172899574041366577e-02 2.931248843669891357e-01 2.167743921279907227e+00 1.150445222854614258e+00 1.060928344726562500e+00 3.345020115375518799e-01 -9.529749155044555664e-01 8.259887248277664185e-02 6.607414484024047852e-01
1.559764385223388672e+00 -2.420737504959106445e+00 1.063306033611297607e-01 -1.763466447591781616e-01 -2.355201095342636108e-01 2.443101882934570312e+00 -8.590178489685058594e-01 -8.590178489685058594e-01 -1.319416880607604980e+00 3.615843653678894043e-01 -8.969044685363769531e-01 -1.700928620994091034e-02 7.268164157867431641e-01 -4.368997216224670410e-01 1.898691356182098389e-01 2.587147712707519531e+00 6.103406548500061035e-01 4.583419263362884521e-01 -8.590178489685058594e-01 -1.763466447591781616e-01 -7.871546745300292969e-01
1.388553023338317871e+00 -2.873201608657836914e+00 1.533039659261703491e-01 -7.090079784393310547e-01 -4.550846815109252930e-01 1.928225517272949219e+00 -7.683426141738891602e-01 -2.335006892681121826e-01 -9.334293603897094727e-01 2.363839000463485718e-01 -1.615411996841430664e+00 1.585580110549926758e+00 3.538465499877929688e-02 1.408583819866180420e-01 1.533039659261703491e-01 1.564487814903259277e+00 1.734879136085510254e+00 4.784084558486938477e-01 -8.642358779907226562e-01 1.184021353721618652e+00 -2.131043910980224609e+00
-7.522185146808624268e-02 -2.419518947601318359e+00 2.141537666320800781e+00 1.671703338623046875e+00 -1.388698339462280273e+00 1.747884511947631836e+00 4.486680030822753906e-02 -9.141762256622314453e-01 -1.845633983612060547e+00 -8.672862648963928223e-01 -2.096990823745727539e+00 2.286258459091186523e+00 -1.248780369758605957e+00 1.390869498252868652e+00 -5.881757736206054688e-01 8.057838678359985352e-01 1.517176389694213867e+00 -7.522185146808624268e-02 -2.358961552381515503e-01 2.246746063232421875e+00 -2.096990823745727539e+00
-5.024242401123046875e-01 -1.966213464736938477e+00 -7.351360917091369629e-01 4.662755489349365234e+00 -1.966213464736938477e+00 2.804907560348510742e+00 -1.966213464736938477e+00 7.336143255233764648e-01 1.802293896675109863e+00 -1.414696455001831055e+00 -1.027527451515197754e+00 -1.662667751312255859e+00 2.959598541259765625e+00 -8.720560073852539062e-01 -4.015266001224517822e-01 -8.720560073852539062e-01 3.699992656707763672e+00 8.283103108406066895e-01 -1.414696455001831055e+00 -1.662667751312255859e+00 -1.027527451515197754e+00
3.633857488632202148e+00 -1.249760746955871582e+00 -1.594817757606506348e+00 2.195680737495422363e-01 -1.594817757606506348e+00 -1.249760746955871582e+00 -1.249760746955871582e+00 1.729232549667358398e+00 -1.249760746955871582e+00 3.777302503585815430e+00 -1.594817757606506348e+00 -1.594817757606506348e+00 -1.249760746955871582e+00 5.445807933807373047e+00 1.224349364638328552e-01 -1.249760746955871582e+00 -5.462332963943481445e-01 -1.249760746955871582e+00 -1.594817757606506348e+00 3.312726259231567383e+00 -9.721617698669433594e-01
-9.008333086967468262e-01 -9.008333086967468262e-01 -1.290022730827331543e+00 -1.290022730827331543e+00 5.456915378570556641e+00 -1.290022730827331543e+00 4.065337181091308594e+00 -1.290022730827331543e+00 -1.290022730827331543e+00 -9.008333086967468262e-01 -1.290022730827331543e+00 -5.916950106620788574e-01 -9.008333086967468262e-01 -1.290022730827331543e+00 -1.290022730827331543e+00 -1.290022730827331543e+00 3.973659992218017578e+00 -1.290022730827331543e+00 -1.290022730827331543e+00 5.481185913085937500e+00 -5.916950106620788574e-01
-4.654812812805175781e-01 -4.654812812805175781e-01 -4.654812812805175781e-01 -4.654812812805175781e-01 8.222630500793457031e+00 -4.654812812805175781e-01 -4.654812812805175781e-01 -4.654812812805175781e-01 -4.654812812805175781e-01 -4.654812812805175781e-01 -4.654812812805175781e-01 -4.654812812805175781e-01 -4.654812812805175781e-01 -4.654812812805175781e-01 -4.654812812805175781e-01 -4.654812812805175781e-01 -4.654812812805175781e-01 -4.654812812805175781e-01 -4.654812812805175781e-01 -4.654812812805175781e-01 6.216906309127807617e-01
