-4.448818862438201904e-01 8.287034988403320312e+00 -4.448818862438201904e-01 -4.448818862438201904e-01 -4.448818862438201904e-01 -4.448818862438201904e-01 -4.448818862438201904e-01 -4.448818862438201904e-01 -4.448818862438201904e-01 -4.448818862438201904e-01 -4.448818862438201904e-01 -4.448818862438201904e-01 -4.448818862438201904e-01 -4.448818862438201904e-01 -4.448818862438201904e-01 1.668571084737777710e-01 -4.448818862438201904e-01 -4.448818862438201904e-01 -4.448818862438201904e-01 -4.448818862438201904e-01 -4.448818862438201904e-01
6.858535766601562500e+00 -9.874505996704101562e-01 -9.874505996704101562e-01 -9.874505996704101562e-01 -9.874505996704101562e-01 -9.874505996704101562e-01 -9.874505996704101562e-01 -9.874505996704101562e-01 -9.874505996704101562e-01 -9.874505996704101562e-01 -9.874505996704101562e-01 -5.402514338493347168e-01 3.258121609687805176e-01 -1.885792315006256104e-01 3.258121609687805176e-01 4.385177612304687500e+00 9.753772616386413574e-01 6.946883201599121094e-01 -9.874505996704101562e-01 -9.874505996704101562e-01 -9.874505996704101562e-01
2.806030511856079102e+00 -7.550842165946960449e-01 -1.261446237564086914e+00 -1.261446237564086914e+00 -1.605233550071716309e+00 2.926221489906311035e-01 -1.605233550071716309e+00 6.524111628532409668e-01 -1.261446237564086914e+00 -7.550842165946960449e-01 -1.261446237564086914e+00 2.926221489906311035e-01 -7.550842165946960449e-01 -1.605233550071716309e+00 -9.846680164337158203e-01 5.697596549987792969e+00 2.249211549758911133e+00 2.274950742721557617e+00 1.435315370559692383e+00 -9.846680164337158203e-01 -1.605233550071716309e+00
6.726862192153930664e-01 -1.539511680603027344e+00 -2.939651608467102051e-01 6.108483076095581055e-01 -2.073392152786254883e+00 1.318752169609069824e+00 -1.539511680603027344e+00 2.823657169938087463e-02 1.832877546548843384e-01 3.183255195617675781e-01 -1.009250998497009277e+00 5.450366735458374023e-01 8.247121423482894897e-02 -5.472282767295837402e-01 2.199374198913574219e+00 4.927395343780517578e+00 1.235671401023864746e+00 -5.472282767295837402e-01 -1.161631941795349121e+00 -1.336400032043457031e+00 -2.073392152786254883e+00
-7.688128352165222168e-01 -2.578607320785522461e+00 5.415837764739990234e-01 1.334135532379150391e-01 8.570754528045654297e-01 -8.301346898078918457e-01 -8.951805830001831055e-01 8.814272880554199219e-01 -1.038559675216674805e+00 2.064048528671264648e+00 -9.644572138786315918e-01 -2.113066673278808594e+00 1.016385436058044434e+00 1.353395581245422363e+00 -5.534820556640625000e-01 4.898309111595153809e-01 -1.297113299369812012e+00 -1.879267394542694092e-01 -1.118161201477050781e+00 1.087515592575073242e+00 3.921636581420898438e+00
-3.583611547946929932e-01 -1.091706991195678711e+00 -1.843931376934051514e-01 4.284476637840270996e-01 -3.583611547946929932e-01 -3.270195424556732178e-02 -1.091706991195678711e+00 -8.002072572708129883e-01 -8.002072572708129883e-01 7.536402940750122070e-01 -1.091706991195678711e+00 -3.583611547946929932e-01 6.811048984527587891e-01 -8.002072572708129883e-01 -1.843931376934051514e-01 6.811048984527587891e-01 -5.606172680854797363e-01 1.012618690729141235e-01 -1.091706991195678711e+00 1.012618690729141235e-01 6.055949211120605469e+00
-8.011348843574523926e-01 -8.011348843574523926e-01 -3.107947111129760742e-01 -8.011348843574523926e-01 7.591867446899414062e-02 7.591867446899414062e-02 -8.011348843574523926e-01 -8.011348843574523926e-01 -8.011348843574523926e-01 7.591867446899414062e-02 -8.011348843574523926e-01 -8.011348843574523926e-01 3.826029300689697266e-01 -3.107947111129760742e-01 -3.107947111129760742e-01 -8.011348843574523926e-01 8.447269201278686523e-01 7.591867446899414062e-02 7.591867446899414062e-02 -8.011348843574523926e-01 7.337046146392822266e+00
-8.075116276741027832e-01 -1.210537791252136230e+00 -4.880236089229583740e-01 -4.880236089229583740e-01 -2.286332696676254272e-01 1.516744375228881836e+00 -1.210537791252136230e+00 -4.880236089229583740e-01 -8.075116276741027832e-01 7.142922878265380859e-01 -1.210537791252136230e+00 -1.210537791252136230e+00 3.347479701042175293e-01 -2.286332696676254272e-01 1.153406262397766113e+00 3.347479701042175293e-01 3.347479701042175293e-01 -4.880236089229583740e-01 -8.075116276741027832e-01 -1.210537791252136230e+00 6.495973587036132812e+00
7.681591808795928955e-02 -1.862684369087219238e+00 7.681591808795928955e-02 -2.342634834349155426e-02 -9.729264378547668457e-01 9.153542518615722656e-01 -1.255748391151428223e+00 1.235626116394996643e-01 -8.541675806045532227e-01 2.523801922798156738e-01 -1.105641961097717285e+00 -5.582513213157653809e-01 1.224461436271667480e+00 -9.729264378547668457e-01 5.026372075080871582e-01 8.032079339027404785e-01 4.703627228736877441e-01 -7.733479142189025879e-02 -9.729264378547668457e-01 -6.485255956649780273e-01 4.859010219573974609e+00
1.572880297899246216e-01 -1.827465891838073730e+00 3.468625545501708984e-01 1.220202222466468811e-01 -4.328414797782897949e-01 1.561962962150573730e+00 -7.088896036148071289e-01 -4.954266548156738281e-01 -8.790144324302673340e-01 6.011070013046264648e-01 -1.827465891838073730e+00 -1.469721198081970215e+00 1.572880297899246216e-01 -4.954266548156738281e-01 6.011070013046264648e-01 2.874761819839477539e-01 8.409189581871032715e-01 1.572880297899246216e-01 -2.644168138504028320e-01 -9.749399423599243164e-01 4.541992664337158203e+00
4.309283792972564697e-01 -2.726532459259033203e+00 1.459350436925888062e-01 -3.201679885387420654e-01 1.308647692203521729e-01 1.359541296958923340e+00 -9.099274277687072754e-01 1.607821881771087646e-01 -1.196886658668518066e+00 1.014654636383056641e+00 -8.689504265785217285e-01 -1.375890731811523438e+00 5.875117182731628418e-01 5.196525529026985168e-02 5.679814219474792480e-01 6.439231634140014648e-01 6.620496511459350586e-01 1.509254565462470055e-03 -9.971120357513427734e-01 -5.584265589714050293e-01 3.196847200393676758e+00
8.011487722396850586e-01 -2.936276435852050781e+00 1.115007922053337097e-01 -3.480806350708007812e-01 -8.450697064399719238e-01 1.882496833801269531e+00 -1.122859001159667969e+00 1.448321580886840820e+00 -1.205634474754333496e+00 3.732465207576751709e-02 1.115007922053337097e-01 -1.122859001159667969e+00 5.724611282348632812e-01 -2.414185553789138794e-01 7.391097545623779297e-01 1.012064218521118164e+00 1.096243262290954590e+00 3.351666629314422607e-01 -6.769298911094665527e-01 -1.502559423446655273e+00 1.853429794311523438e+00
6.503432989120483398e-01 -2.891692876815795898e+00 -3.014986962080001831e-02 -2.035087645053863525e-01 -1.584844663739204407e-03 2.164714336395263672e+00 -3.916409313678741455e-01 1.052452623844146729e-01 -2.266175746917724609e+00 3.109980821609497070e-01 -1.030123710632324219e+00 -1.069239258766174316e+00 -2.563957571983337402e-01 3.415587544441223145e-01 2.180931806564331055e+00 1.156368255615234375e+00 1.096546173095703125e+00 3.809176385402679443e-01 -1.030123710632324219e+00 1.178426146507263184e-01 6.650157570838928223e-01
1.594334006309509277e+00 -2.405934572219848633e+00 2.072533518075942993e-01 -5.009141564369201660e-02 -1.981323361396789551e-01 2.471995592117309570e+00 -7.700957655906677246e-01 -8.799863457679748535e-01 -1.424982309341430664e+00 4.550758004188537598e-01 -1.093658447265625000e+00 -6.746689230203628540e-02 6.189507842063903809e-01 -3.952913880348205566e-01 1.937950998544692993e-01 2.602277278900146484e+00 6.278104782104492188e-01 5.258039236068725586e-01 -8.799863457679748535e-01 -3.952913880348205566e-01 -7.358869910240173340e-01
1.369103193283081055e+00 -2.880007028579711914e+00 -3.019929863512516022e-02 -6.888847947120666504e-01 -4.861866831779479980e-01 1.919678926467895508e+00 -7.465039491653442383e-01 -2.239648848772048950e-01 -8.075703382492065430e-01 1.813136488199234009e-01 -1.623364329338073730e+00 1.629328966140747070e+00 -3.019929863512516022e-02 2.164907157421112061e-01 2.695022337138652802e-02 1.555973887443542480e+00 1.713430523872375488e+00 5.223631262779235840e-01 -9.417070746421813965e-01 1.175510525703430176e+00 -1.851121544837951660e+00
-1.343182623386383057e-01 -2.432657241821289062e+00 2.096770048141479492e+00 1.569145917892456055e+00 -1.331244587898254395e+00 1.674355387687683105e+00 8.424912393093109131e-02 -8.378665447235107422e-01 -1.564115047454833984e+00 -9.293869733810424805e-01 -2.260838270187377930e+00 2.302401781082153320e+00 -1.564115047454833984e+00 1.339360594749450684e+00 -5.037350058555603027e-01 8.419483900070190430e-01 1.565032720565795898e+00 4.783465340733528137e-02 -3.560587763786315918e-01 2.253792047500610352e+00 -1.859599947929382324e+00
-4.288545548915863037e-01 -1.986094951629638672e+00 -1.052582263946533203e+00 4.641976833343505859e+00 -1.986094951629638672e+00 2.787665367126464844e+00 -1.986094951629638672e+00 9.397162795066833496e-01 1.636099219322204590e+00 -1.438050270080566406e+00 -1.230599761009216309e+00 -1.684652209281921387e+00 2.903497695922851562e+00 -6.393624544143676758e-01 -4.288545548915863037e-01 -7.612148523330688477e-01 3.653933525085449219e+00 7.370650768280029297e-01 -1.230599761009216309e+00 -1.684652209281921387e+00 -7.612148523330688477e-01
3.653975486755371094e+00 -1.242661833763122559e+00 -1.588388562202453613e+00 2.286730706691741943e-01 -1.588388562202453613e+00 -9.644606113433837891e-01 -1.242661833763122559e+00 1.843941330909729004e+00 -1.242661833763122559e+00 3.730608940124511719e+00 -1.588388562202453613e+00 -1.588388562202453613e+00 -1.242661833763122559e+00 5.459763050079345703e+00 -9.157063812017440796e-02 -1.588388562202453613e+00 -7.337848544120788574e-01 -1.242661833763122559e+00 -1.588388562202453613e+00 3.350118398666381836e+00 -7.337848544120788574e-01
-1.306023597717285156e+00 -9.195930361747741699e-01 -1.306023597717285156e+00 -1.306023597717285156e+00 5.416260719299316406e+00 -1.306023597717285156e+00 4.003278255462646484e+00 -1.306023597717285156e+00 -1.306023597717285156e+00 -3.611845970153808594e-01 -1.306023597717285156e+00 -6.124594807624816895e-01 -9.195930361747741699e-01 -1.306023597717285156e+00 -1.306023597717285156e+00 -1.306023597717285156e+00 3.960886240005493164e+00 -1.306023597717285156e+00 -1.306023597717285156e+00 5.466557025909423828e+00 -3.611845970153808594e-01
-4.655137360095977783e-01 -4.655137360095977783e-01 -4.655137360095977783e-01 -4.655137360095977783e-01 8.222752571105957031e+00 -4.655137360095977783e-01 -4.655137360095977783e-01 -4.655137360095977783e-01 -4.655137360095977783e-01 -4.655137360095977783e-01 -4.655137360095977783e-01 -4.655137360095977783e-01 -4.655137360095977783e-01 -4.655137360095977783e-01 -4.655137360095977783e-01 -4.655137360095977783e-01 -4.655137360095977783e-01 -4.655137360095977783e-01 -4.655137360095977783e-01 -4.655137360095977783e-01 6.213101744651794434e-01
