-4.448812603950500488e-01 8.286434173583984375e+00 -4.448812603950500488e-01 -4.448812603950500488e-01 -4.448812603950500488e-01 -4.448812603950500488e-01 -4.448812603950500488e-01 -4.448812603950500488e-01 -4.448812603950500488e-01 -4.448812603950500488e-01 -4.448812603950500488e-01 -4.448812603950500488e-01 -4.448812603950500488e-01 -4.448812603950500488e-01 -4.448812603950500488e-01 1.659723222255706787e-01 -4.448812603950500488e-01 -4.448812603950500488e-01 -4.448812603950500488e-01 -4.448812603950500488e-01 -4.448812603950500488e-01
6.926963329315185547e+00 -9.544270038604736328e-01 -9.544270038604736328e-01 -9.544270038604736328e-01 -9.544270038604736328e-01 -9.544270038604736328e-01 -9.544270038604736328e-01 -9.544270038604736328e-01 -9.544270038604736328e-01 -9.544270038604736328e-01 -9.544270038604736328e-01 -4.985229074954986572e-01 1.445012390613555908e-01 -4.985229074954986572e-01 1.445012390613555908e-01 4.457152843475341797e+00 1.154318332672119141e+00 5.781021714210510254e-01 -9.544270038604736328e-01 -9.544270038604736328e-01 -9.544270038604736328e-01
2.859309673309326172e+00 -5.711642503738403320e-01 -1.269124746322631836e+00 -1.613049268722534180e+00 -1.613049268722534180e+00 1.914417594671249390e-01 -1.613049268722534180e+00 6.413140892982482910e-01 -1.269124746322631836e+00 -5.711642503738403320e-01 -1.269124746322631836e+00 2.804214060306549072e-01 -7.653673887252807617e-01 -1.613049268722534180e+00 -7.653673887252807617e-01 5.684941291809082031e+00 2.155838489532470703e+00 2.141627073287963867e+00 1.583842635154724121e+00 -9.933953881263732910e-01 -1.613049268722534180e+00
7.341102361679077148e-01 -1.559080839157104492e+00 -1.770462840795516968e-01 6.476884484291076660e-01 -1.798191666603088379e+00 1.244609475135803223e+00 -1.559080839157104492e+00 -5.269692093133926392e-02 1.099717766046524048e-01 2.062312513589859009e-01 -1.357373118400573730e+00 6.476884484291076660e-01 5.843458324670791626e-02 -7.770882248878479004e-01 2.174003601074218750e+00 4.898354053497314453e+00 1.261210680007934570e+00 -3.963979482650756836e-01 -1.183293938636779785e+00 -1.031073331832885742e+00 -2.090533018112182617e+00
-7.606961727142333984e-01 -2.571792125701904297e+00 4.802941083908081055e-01 4.055041968822479248e-01 8.653023242950439453e-01 -7.028104662895202637e-01 -8.871852159500122070e-01 8.147565722465515137e-01 -1.031209349632263184e+00 2.101622581481933594e+00 -1.289987921714782715e+00 -2.106446027755737305e+00 1.055705666542053223e+00 1.369158983230590820e+00 -4.523265063762664795e-01 4.055041968822479248e-01 -1.289987921714782715e+00 -1.799109578132629395e-01 -1.289987921714782715e+00 1.143663048744201660e+00 3.922963619232177734e+00
-1.840567141771316528e-01 -1.090748786926269531e+00 -1.840567141771316528e-01 1.018753349781036377e-01 -5.595489740371704102e-01 1.018753349781036377e-01 -1.090748786926269531e+00 -5.595489740371704102e-01 -1.090748786926269531e+00 7.549955248832702637e-01 -1.090748786926269531e+00 -1.840567141771316528e-01 8.230800032615661621e-01 -1.090748786926269531e+00 -1.840567141771316528e-01 5.195797681808471680e-01 -5.595489740371704102e-01 1.018753349781036377e-01 -5.595489740371704102e-01 -3.219392895698547363e-02 6.057289600372314453e+00
-7.946705222129821777e-01 -7.946705222129821777e-01 -3.030603229999542236e-01 -7.946705222129821777e-01 8.593025803565979004e-02 -3.030603229999542236e-01 -7.946705222129821777e-01 8.593025803565979004e-02 -7.946705222129821777e-01 8.593025803565979004e-02 -7.946705222129821777e-01 -7.946705222129821777e-01 8.593025803565979004e-02 -3.030603229999542236e-01 -3.030603229999542236e-01 -7.946705222129821777e-01 3.932616412639617920e-01 -3.030603229999542236e-01 8.593025803565979004e-02 -3.030603229999542236e-01 7.352557182312011719e+00
-7.869749665260314941e-01 -1.194229245185852051e+00 -4.645763337612152100e-01 -7.869749665260314941e-01 -4.645763337612152100e-01 1.596680045127868652e+00 -1.194229245185852051e+00 -7.869749665260314941e-01 -7.869749665260314941e-01 6.283003687858581543e-01 -1.194229245185852051e+00 -7.869749665260314941e-01 1.988208442926406860e-01 1.280358619987964630e-02 1.106889486312866211e+00 3.605599403381347656e-01 1.988208442926406860e-01 -2.043284326791763306e-01 -7.869749665260314941e-01 -1.194229245185852051e+00 6.528186798095703125e+00
-9.266079962253570557e-02 -1.829571127891540527e+00 6.957497447729110718e-02 6.957497447729110718e-02 -1.068221688270568848e+00 9.583377838134765625e-01 -1.392116308212280273e+00 1.185962185263633728e-01 -6.097136735916137695e-01 3.342460691928863525e-01 -1.392116308212280273e+00 -6.097136735916137695e-01 1.151332736015319824e+00 -9.346392154693603516e-01 5.759073495864868164e-01 7.465926408767700195e-01 3.723982870578765869e-01 1.654624640941619873e-01 -9.346392154693603516e-01 -6.097136735916137695e-01 4.909834384918212891e+00
1.201253831386566162e-01 -1.828724622726440430e+00 4.280901253223419189e-01 2.542259395122528076e-01 -4.344297945499420166e-01 1.559992432594299316e+00 -7.931271195411682129e-01 -7.112684845924377441e-01 -1.081573247909545898e+00 5.993211269378662109e-01 -1.637643218040466309e+00 -1.197132945060729980e+00 -7.663529366254806519e-02 -4.344297945499420166e-01 5.765629410743713379e-01 2.222567200660705566e-01 9.078426957130432129e-01 4.594932869076728821e-02 -2.662728726863861084e-01 -7.931271195411682129e-01 4.540909290313720703e+00
4.039738476276397705e-01 -2.738730907440185547e+00 1.000503078103065491e-01 -2.894038259983062744e-01 1.452478021383285522e-01 1.374809503555297852e+00 -7.700827121734619141e-01 1.598843932151794434e-01 -1.211734890937805176e+00 9.797957539558410645e-01 -8.066213130950927734e-01 -1.211734890937805176e+00 4.808702170848846436e-01 1.452478021383285522e-01 5.223324894905090332e-01 6.190938353538513184e-01 6.098238229751586914e-01 3.165780333802103996e-03 -9.250021576881408691e-01 -7.700827121734619141e-01 3.179652452468872070e+00
8.387452960014343262e-01 -3.158433914184570312e+00 1.769304722547531128e-01 -3.148221969604492188e-01 -8.490357398986816406e-01 1.882913231849670410e+00 -1.013256669044494629e+00 1.450947165489196777e+00 -1.049481630325317383e+00 -5.556901451200246811e-03 1.078620627522468567e-01 -1.299232363700866699e+00 5.535737872123718262e-01 -2.619439065456390381e-01 7.095127105712890625e-01 9.324195384979248047e-01 1.074471473693847656e+00 3.504418134689331055e-01 -6.299691200256347656e-01 -1.347289681434631348e+00 1.851821064949035645e+00
5.152273774147033691e-01 -2.905973672866821289e+00 8.573580533266067505e-03 -1.385707259178161621e-01 6.197677180171012878e-02 2.155034542083740234e+00 -3.888269662857055664e-01 1.490904688835144043e-01 -1.969276905059814453e+00 3.632383942604064941e-01 -1.168988823890686035e+00 -1.009083747863769531e+00 -2.559337019920349121e-01 2.510726451873779297e-01 2.161504268646240234e+00 1.102208614349365234e+00 1.025218486785888672e+00 4.728520810604095459e-01 -1.168988823890686035e+00 1.370973587036132812e-01 6.026263236999511719e-01
1.568695187568664551e+00 -2.413620710372924805e+00 1.577627658843994141e-01 -9.350465238094329834e-02 -2.683170139789581299e-01 2.453448534011840820e+00 -7.444208860397338867e-01 -6.483137011528015137e-01 -1.500131249427795410e+00 3.476049602031707764e-01 -9.275534152984619141e-01 -8.134718053042888641e-03 7.277932763099670410e-01 -5.052345991134643555e-01 2.508557438850402832e-01 2.609533071517944336e+00 5.269111990928649902e-01 4.359395802021026611e-01 -8.502773642539978027e-01 -2.683170139789581299e-01 -8.502773642539978027e-01
1.401500940322875977e+00 -2.880002975463867188e+00 8.100827783346176147e-02 -6.613095402717590332e-01 -6.080838441848754883e-01 1.887308359146118164e+00 -6.890089511871337891e-01 -1.552041172981262207e-01 -8.724921941757202148e-01 3.358062207698822021e-01 -1.694631338119506836e+00 1.640523195266723633e+00 -6.013863906264305115e-02 1.692355573177337646e-01 8.100827783346176147e-02 1.470123052597045898e+00 1.749144673347473145e+00 5.961077213287353516e-01 -8.724921941757202148e-01 1.115879654884338379e+00 -2.034640312194824219e+00
-3.322879225015640259e-02 -2.634822845458984375e+00 2.133153200149536133e+00 1.593407154083251953e+00 -1.568653583526611328e+00 1.741633296012878418e+00 1.821609586477279663e-01 -9.823681116104125977e-01 -1.407588720321655273e+00 -8.865700960159301758e-01 -1.981676697731018066e+00 2.266132831573486328e+00 -1.335118532180786133e+00 1.400257587432861328e+00 -5.400872230529785156e-01 7.587221264839172363e-01 1.492679357528686523e+00 -1.165834441781044006e-01 -3.065079450607299805e-01 2.207262992858886719e+00 -1.981676697731018066e+00
-6.072973012924194336e-01 -1.961364626884460449e+00 -1.022544264793395996e+00 4.652028083801269531e+00 -1.961364626884460449e+00 2.890125513076782227e+00 -1.961364626884460449e+00 8.649210333824157715e-01 1.659384250640869141e+00 -1.656910300254821777e+00 -8.667614459991455078e-01 -1.961364626884460449e+00 2.995462179183959961e+00 -6.072973012924194336e-01 -4.969242811203002930e-01 -7.295510768890380859e-01 3.722543478012084961e+00 7.730010151863098145e-01 -1.201251506805419922e+00 -1.656910300254821777e+00 -8.667614459991455078e-01
3.617427110671997070e+00 -1.239767909049987793e+00 -1.586555361747741699e+00 1.357658654451370239e-01 -1.586555361747741699e+00 -9.617584347724914551e-01 -1.239767909049987793e+00 1.743117451667785645e+00 -1.239767909049987793e+00 3.755972862243652344e+00 -1.586555361747741699e+00 -1.586555361747741699e+00 -1.239767909049987793e+00 5.462764263153076172e+00 1.357658654451370239e-01 -1.239767909049987793e+00 -1.239767909049987793e+00 -9.617584347724914551e-01 -1.586555361747741699e+00 3.406714677810668945e+00 -9.617584347724914551e-01
-1.273751258850097656e+00 -8.809151053428649902e-01 -1.273751258850097656e+00 -1.273751258850097656e+00 5.465893268585205078e+00 -1.273751258850097656e+00 4.108007907867431641e+00 -1.273751258850097656e+00 -1.273751258850097656e+00 -5.700227022171020508e-01 -1.273751258850097656e+00 -5.700227022171020508e-01 -1.273751258850097656e+00 -1.273751258850097656e+00 -1.273751258850097656e+00 -1.273751258850097656e+00 4.063873291015625000e+00 -1.273751258850097656e+00 -1.273751258850097656e+00 5.511260986328125000e+00 -5.700227022171020508e-01
-4.448719620704650879e-01 -4.448719620704650879e-01 -4.448719620704650879e-01 -4.448719620704650879e-01 8.286521911621093750e+00 -4.448719620704650879e-01 -4.448719620704650879e-01 -4.448719620704650879e-01 -4.448719620704650879e-01 -4.448719620704650879e-01 -4.448719620704650879e-01 -4.448719620704650879e-01 -4.448719620704650879e-01 -4.448719620704650879e-01 -4.448719620704650879e-01 -4.448719620704650879e-01 -4.448719620704650879e-01 -4.448719620704650879e-01 -4.448719620704650879e-01 -4.448719620704650879e-01 1.659858673810958862e-01
