-4.187320768833160400e-01 8.374878883361816406e+00 -4.187320768833160400e-01 -4.187320768833160400e-01 -4.187320768833160400e-01 -4.187320768833160400e-01 -4.187320768833160400e-01 -4.187320768833160400e-01 -4.187320768833160400e-01 -4.187320768833160400e-01 -4.187320768833160400e-01 -4.187320768833160400e-01 -4.187320768833160400e-01 -4.187320768833160400e-01 -4.187320768833160400e-01 -4.187320768833160400e-01 -4.187320768833160400e-01 -4.187320768833160400e-01 -4.187320768833160400e-01 -4.187320768833160400e-01 -4.187320768833160400e-01
6.913191795349121094e+00 -9.611780047416687012e-01 -9.611780047416687012e-01 -9.611780047416687012e-01 -9.611780047416687012e-01 -9.611780047416687012e-01 -9.611780047416687012e-01 -9.611780047416687012e-01 -9.611780047416687012e-01 -9.611780047416687012e-01 -9.611780047416687012e-01 -5.097802877426147461e-01 1.407663226127624512e-01 -5.097802877426147461e-01 3.735876083374023438e-01 4.458570957183837891e+00 8.889409899711608887e-01 7.387248873710632324e-01 -9.611780047416687012e-01 -9.611780047416687012e-01 -9.611780047416687012e-01
2.949531793594360352e+00 -9.607703685760498047e-01 -1.240159630775451660e+00 -1.588443636894226074e+00 -1.588443636894226074e+00 3.210830390453338623e-01 -1.588443636894226074e+00 7.976175546646118164e-01 -1.588443636894226074e+00 -5.394695401191711426e-01 -1.240159630775451660e+00 2.326178401708602905e-01 -7.323893904685974121e-01 -1.588443636894226074e+00 -9.607703685760498047e-01 5.722326278686523438e+00 2.239163875579833984e+00 2.183429002761840820e+00 1.719672560691833496e+00 -9.607703685760498047e-01 -1.588443636894226074e+00
7.442482113838195801e-01 -1.789561748504638672e+00 -3.081039488315582275e-01 5.639485120773315430e-01 -1.789561748504638672e+00 1.424105286598205566e+00 -2.084958791732788086e+00 6.821864098310470581e-02 6.821864098310470581e-02 3.031174540519714355e-01 -1.024463176727294922e+00 6.581550836563110352e-01 1.405025739222764969e-02 -5.596506595611572266e-01 2.242723703384399414e+00 4.901693820953369141e+00 1.237993359565734863e+00 -3.856017887592315674e-01 -1.024463176727294922e+00 -1.176131248474121094e+00 -2.084958791732788086e+00
-7.464416623115539551e-01 -2.561458826065063477e+00 5.644267797470092773e-01 4.006172120571136475e-01 8.295850157737731934e-01 -9.429367184638977051e-01 -9.429367184638977051e-01 8.424544930458068848e-01 -9.429367184638977051e-01 2.152060747146606445e+00 -1.377381086349487305e+00 -1.912507891654968262e+00 9.044677019119262695e-01 1.322345852851867676e+00 -4.840048253536224365e-01 5.127143263816833496e-01 -1.377381086349487305e+00 -1.653510332107543945e-01 -1.096400976181030273e+00 1.070575714111328125e+00 3.950198173522949219e+00
-3.354928493499755859e-01 -1.074151277542114258e+00 -5.372502207756042480e-01 -1.619033217430114746e-01 -5.372502207756042480e-01 -9.503049775958061218e-03 -1.074151277542114258e+00 -7.783635854721069336e-01 -7.783635854721069336e-01 5.452833771705627441e-01 -1.074151277542114258e+00 -1.619033217430114746e-01 7.065013051033020020e-01 -7.783635854721069336e-01 -1.619033217430114746e-01 7.065013051033020020e-01 -5.372502207756042480e-01 2.469560503959655762e-01 -5.372502207756042480e-01 2.469560503959655762e-01 6.086336612701416016e+00
-7.691223621368408203e-01 -7.691223621368408203e-01 -2.806877791881561279e-01 -7.691223621368408203e-01 -2.806877791881561279e-01 -2.806877791881561279e-01 -7.691223621368408203e-01 1.153544262051582336e-01 -7.691223621368408203e-01 1.153544262051582336e-01 -7.691223621368408203e-01 -7.691223621368408203e-01 4.294999837875366211e-01 -7.691223621368408203e-01 -2.806877791881561279e-01 -7.691223621368408203e-01 4.294999837875366211e-01 1.153544262051582336e-01 -2.806877791881561279e-01 -2.806877791881561279e-01 7.399903774261474609e+00
-7.863368391990661621e-01 -1.191164731979370117e+00 -4.609248340129852295e-01 -4.609248340129852295e-01 -4.609248340129852295e-01 1.440835595130920410e+00 -1.191164731979370117e+00 -7.863368391990661621e-01 -4.609248340129852295e-01 3.622692525386810303e-01 -1.191164731979370117e+00 -7.863368391990661621e-01 5.047816634178161621e-01 -1.989077627658843994e-01 8.487857580184936523e-01 3.622692525386810303e-01 3.622692525386810303e-01 -4.609248340129852295e-01 -7.863368391990661621e-01 -1.191164731979370117e+00 6.533507823944091797e+00
-2.220219671726226807e-01 -1.833140134811401367e+00 -4.091107100248336792e-02 1.313012093305587769e-02 -1.073559522628784180e+00 1.015196084976196289e+00 -1.224131226539611816e+00 1.600309163331985474e-01 -6.122164726257324219e-01 1.133498027920722961e-01 -1.395490407943725586e+00 -5.221236944198608398e-01 1.110584139823913574e+00 -8.192269206047058105e-01 6.020478010177612305e-01 7.674462199211120605e-01 4.744278788566589355e-01 3.670156300067901611e-01 -1.073559522628784180e+00 -7.107194066047668457e-01 4.903566360473632812e+00
1.343384534120559692e-01 -2.041373014450073242e+00 3.594806790351867676e-01 2.039317637681961060e-01 -2.012367844581604004e-01 1.520936012268066406e+00 -6.968523859977722168e-01 -4.835078120231628418e-01 -8.665451407432556152e-01 5.194591283798217773e-01 -1.815675854682922363e+00 -1.625587344169616699e+00 9.771860390901565552e-02 -2.518775761127471924e-01 5.677784681320190430e-01 3.302362561225891113e-01 9.223456382751464844e-01 9.771860390901565552e-02 -5.501511693000793457e-01 -7.783267498016357422e-01 4.558094501495361328e+00
3.254737854003906250e-01 -2.943676710128784180e+00 1.298151761293411255e-01 -3.062200844287872314e-01 2.598814070224761963e-01 1.455843925476074219e+00 -7.780766487121582031e-01 2.041402906179428101e-01 -1.029887437820434570e+00 9.500131607055664062e-01 -1.029887437820434570e+00 -1.429748177528381348e+00 5.317615270614624023e-01 -1.602032105438411236e-03 5.522808432579040527e-01 6.490490436553955078e-01 6.763669252395629883e-01 8.247342705726623535e-02 -9.391815662384033203e-01 -5.743802189826965332e-01 3.215592861175537109e+00
8.175988197326660156e-01 -2.940843343734741211e+00 1.507596671581268311e-01 -3.741242587566375732e-01 -7.104639410972595215e-01 1.820373415946960449e+00 -1.053750038146972656e+00 1.468968868255615234e+00 -9.480192661285400391e-01 5.534776672720909119e-02 4.276917129755020142e-02 -1.350398778915405273e+00 6.093990206718444824e-01 -2.487465143203735352e-01 6.791753172874450684e-01 9.699453711509704590e-01 1.093345284461975098e+00 2.483476400375366211e-01 -7.104639410972595215e-01 -1.509320974349975586e+00 1.889353513717651367e+00
5.699885487556457520e-01 -2.906004190444946289e+00 3.393803164362907410e-02 -2.576274871826171875e-01 2.051359601318836212e-02 2.146774768829345703e+00 -3.702384531497955322e-01 2.164918035268783569e-01 -1.969176173210144043e+00 3.518058657646179199e-01 -1.171366453170776367e+00 -1.088662266731262207e+00 -1.725173890590667725e-01 2.707144618034362793e-01 2.146774768829345703e+00 1.127863526344299316e+00 9.981448650360107422e-01 3.518058657646179199e-01 -1.088662266731262207e+00 6.025952100753784180e-02 7.293341159820556641e-01
1.501146435737609863e+00 -2.419262170791625977e+00 1.541189849376678467e-01 -1.195571105927228928e-02 -2.718202769756317139e-01 2.451082229614257812e+00 -9.315099120140075684e-01 -7.820572257041931152e-01 -1.373805522918701172e+00 3.438745141029357910e-01 -9.315099120140075684e-01 -2.847347967326641083e-02 7.240487337112426758e-01 -5.088157057762145996e-01 2.844690382480621338e-01 2.610589504241943359e+00 6.154471039772033691e-01 4.216055274009704590e-01 -8.921636343002319336e-01 -2.718202769756317139e-01 -6.824403405189514160e-01
1.350440144538879395e+00 -2.881544351577758789e+00 1.159460470080375671e-01 -6.652625203132629395e-01 -5.135586261749267578e-01 1.894374847412109375e+00 -6.928358078002929688e-01 -1.425505876541137695e-01 -7.804316878318786621e-01 3.217164278030395508e-01 -1.773225069046020508e+00 1.650599360466003418e+00 -7.915612310171127319e-02 9.028640389442443848e-02 9.028640389442443848e-02 1.489267587661743164e+00 1.747839450836181641e+00 5.184001326560974121e-01 -8.114334344863891602e-01 1.107375741004943848e+00 -2.037069797515869141e+00
-1.326957643032073975e-01 -2.610739231109619141e+00 2.128833770751953125e+00 1.634161353111267090e+00 -1.380588412284851074e+00 1.780785560607910156e+00 1.489200536161661148e-02 -8.144390583038330078e-01 -1.630669951438903809e+00 -1.116511344909667969e+00 -2.091613292694091797e+00 2.272318363189697266e+00 -1.308474302291870117e+00 1.424211740493774414e+00 -4.481868445873260498e-01 8.322286009788513184e-01 1.547652363777160645e+00 -2.506651915609836578e-02 -4.178128242492675781e-01 2.299121618270874023e+00 -1.957747101783752441e+00
-5.228712558746337891e-01 -1.983062148094177246e+00 -7.558552026748657227e-01 4.630103111267089844e+00 -1.983062148094177246e+00 2.836051225662231445e+00 -1.983062148094177246e+00 9.465192556381225586e-01 1.802322983741760254e+00 -1.431124925613403320e+00 -1.431124925613403320e+00 -1.678453564643859863e+00 2.979642152786254883e+00 -7.558552026748657227e-01 -4.231856763362884521e-01 -8.933618068695068359e-01 3.637402534484863281e+00 8.061199188232421875e-01 -1.225087523460388184e+00 -1.678453564643859863e+00 -8.933618068695068359e-01
3.655300855636596680e+00 -1.254695296287536621e+00 -1.601142406463623047e+00 9.878104552626609802e-03 -1.601142406463623047e+00 -9.763401150703430176e-01 -1.254695296287536621e+00 1.676288008689880371e+00 -1.254695296287536621e+00 3.780550956726074219e+00 -1.601142406463623047e+00 -1.601142406463623047e+00 -1.254695296287536621e+00 5.424251556396484375e+00 -3.872161507606506348e-01 -9.763401150703430176e-01 -5.551071166992187500e-01 -1.254695296287536621e+00 -1.601142406463623047e+00 3.375713109970092773e+00 -7.481819987297058105e-01
-1.295356988906860352e+00 -1.295356988906860352e+00 -1.295356988906860352e+00 -1.295356988906860352e+00 5.438189506530761719e+00 -1.295356988906860352e+00 4.098631858825683594e+00 -1.295356988906860352e+00 -1.295356988906860352e+00 -3.436793684959411621e-01 -1.295356988906860352e+00 -5.943910479545593262e-01 -9.052633643150329590e-01 -1.295356988906860352e+00 -1.295356988906860352e+00 -1.295356988906860352e+00 4.037329196929931641e+00 -1.295356988906860352e+00 -1.295356988906860352e+00 5.451881408691406250e+00 -3.436793684959411621e-01
-4.651141166687011719e-01 -4.651141166687011719e-01 -4.651141166687011719e-01 -4.651141166687011719e-01 8.222276687622070312e+00 -4.651141166687011719e-01 -4.651141166687011719e-01 -4.651141166687011719e-01 -4.651141166687011719e-01 -4.651141166687011719e-01 -4.651141166687011719e-01 -4.651141166687011719e-01 -4.651141166687011719e-01 -4.651141166687011719e-01 -4.651141166687011719e-01 -4.651141166687011719e-01 -4.651141166687011719e-01 -4.651141166687011719e-01 -4.651141166687011719e-01 -4.651141166687011719e-01 6.122611165046691895e-01
