-4.449556171894073486e-01 8.287011146545410156e+00 -4.449556171894073486e-01 -4.449556171894073486e-01 -4.449556171894073486e-01 -4.449556171894073486e-01 -4.449556171894073486e-01 -4.449556171894073486e-01 -4.449556171894073486e-01 -4.449556171894073486e-01 -4.449556171894073486e-01 -4.449556171894073486e-01 -4.449556171894073486e-01 -4.449556171894073486e-01 -4.449556171894073486e-01 1.666918694972991943e-01 -4.449556171894073486e-01 -4.449556171894073486e-01 -4.449556171894073486e-01 -4.449556171894073486e-01 -4.449556171894073486e-01
6.934473514556884766e+00 -9.508872032165527344e-01 -9.508872032165527344e-01 -9.508872032165527344e-01 -9.508872032165527344e-01 -9.508872032165527344e-01 -9.508872032165527344e-01 -9.508872032165527344e-01 -9.508872032165527344e-01 -9.508872032165527344e-01 -9.508872032165527344e-01 -4.955715835094451904e-01 1.483947038650512695e-01 -1.375186294317245483e-01 1.483947038650512695e-01 4.468896865844726562e+00 9.086375832557678223e-01 3.846085071563720703e-01 -9.508872032165527344e-01 -9.508872032165527344e-01 -9.508872032165527344e-01
2.925441026687622070e+00 -5.328191518783569336e-01 -1.584738612174987793e+00 -1.238457441329956055e+00 -1.584738612174987793e+00 3.231547772884368896e-01 -1.584738612174987793e+00 7.999437451362609863e-01 -1.238457441329956055e+00 -1.238457441329956055e+00 -1.238457441329956055e+00 4.057955741882324219e-01 -9.600068926811218262e-01 -1.584738612174987793e+00 -9.600068926811218262e-01 5.727148056030273438e+00 2.255713224411010742e+00 2.200734138488769531e+00 1.652612090110778809e+00 -9.600068926811218262e-01 -1.584738612174987793e+00
6.397404074668884277e-01 -1.516328692436218262e+00 -2.664084136486053467e-01 6.397404074668884277e-01 -2.053222179412841797e+00 1.348145723342895508e+00 -1.758219599723815918e+00 5.651244893670082092e-02 1.625097543001174927e-01 2.588403522968292236e-01 -1.136606097221374512e+00 7.016491293907165527e-01 1.108272299170494080e-01 -6.194152832031250000e-01 2.261908769607543945e+00 4.956402301788330078e+00 1.265028834342956543e+00 -3.446789383888244629e-01 -1.516328692436218262e+00 -1.136606097221374512e+00 -2.053222179412841797e+00
-7.423761487007141113e-01 -2.558246374130249023e+00 5.693225264549255371e-01 3.650957942008972168e-01 7.535256743431091309e-01 -8.688874840736389160e-01 -1.092345356941223145e+00 8.725609183311462402e-01 -1.092345356941223145e+00 2.077150344848632812e+00 -9.382862448692321777e-01 -2.090465545654296875e+00 9.902468323707580566e-01 1.396369338035583496e+00 -3.480328619480133057e-01 4.249779880046844482e-01 -1.373433947563171387e+00 -3.078006207942962646e-01 -1.178431510925292969e+00 1.181944727897644043e+00 3.959123611450195312e+00
-1.790061891078948975e-01 -1.087217450141906738e+00 -1.790061891078948975e-01 1.069005280733108521e-01 -3.531608283519744873e-01 -2.715411037206649780e-02 -1.087217450141906738e+00 -7.953583598136901855e-01 -1.087217450141906738e+00 7.596972584724426270e-01 -1.087217450141906738e+00 -5.555821657180786133e-01 7.596972584724426270e-01 -1.087217450141906738e+00 -3.531608283519744873e-01 7.596972584724426270e-01 -5.555821657180786133e-01 4.341428577899932861e-01 -5.555821657180786133e-01 1.069005280733108521e-01 6.062042236328125000e+00
-8.191548585891723633e-01 -8.191548585891723633e-01 -3.336609303951263428e-01 -8.191548585891723633e-01 4.924621433019638062e-02 4.924621433019638062e-02 -8.191548585891723633e-01 4.924621433019638062e-02 -8.191548585891723633e-01 4.924621433019638062e-02 -8.191548585891723633e-01 -8.191548585891723633e-01 3.531856536865234375e-01 -8.191548585891723633e-01 -3.336609303951263428e-01 -8.191548585891723633e-01 8.120368123054504395e-01 -3.336609303951263428e-01 4.924621433019638062e-02 -3.336609303951263428e-01 7.296272277832031250e+00
-8.000016808509826660e-01 -1.204141855239868164e+00 -4.796934425830841064e-01 -4.796934425830841064e-01 -8.000016808509826660e-01 1.419936418533325195e+00 -1.204141855239868164e+00 -8.000016808509826660e-01 -4.796934425830841064e-01 4.857577681541442871e-01 -1.204141855239868164e+00 -8.000016808509826660e-01 3.444342911243438721e-01 -2.475509652867913246e-03 1.234194278717041016e+00 -2.475509652867913246e-03 4.857577681541442871e-01 -2.198189795017242432e-01 -8.000016808509826660e-01 -1.204141855239868164e+00 6.508784294128417969e+00
1.388477981090545654e-01 -1.814500689506530762e+00 8.976650238037109375e-02 1.388477981090545654e-01 -1.201017856597900391e+00 9.791151881217956543e-01 -1.374501705169677734e+00 -7.276317477226257324e-02 -4.988919198513031006e-01 3.546450138092041016e-01 -1.374501705169677734e+00 -7.962802052497863770e-01 1.172299385070800781e+00 -6.882231235504150391e-01 4.298336505889892578e-01 8.668376803398132324e-01 4.298336505889892578e-01 -7.276317477226257324e-02 -1.049568653106689453e+00 -5.895891189575195312e-01 4.933288097381591797e+00
2.152485996484756470e-01 -1.807908773422241211e+00 5.059425234794616699e-01 7.143258303403854370e-02 -2.943013906478881836e-01 1.541786193847656250e+00 -7.681314945220947266e-01 -5.389127731323242188e-01 -1.173609256744384766e+00 6.025153398513793945e-01 -1.615403652191162109e+00 -1.807908773422241211e+00 3.215352073311805725e-02 -5.389127731323242188e-01 5.792079567909240723e-01 4.540272653102874756e-01 7.719894647598266602e-01 1.811031997203826904e-01 -2.943013906478881836e-01 -6.861917972564697266e-01 4.571622848510742188e+00
4.139248430728912354e-01 -2.943800449371337891e+00 1.633381992578506470e-01 -3.029168248176574707e-01 2.072627544403076172e-01 1.399344563484191895e+00 -8.930230140686035156e-01 2.493579536676406860e-01 -1.426557660102844238e+00 1.075559377670288086e+00 -9.802883863449096680e-01 -1.296256065368652344e+00 5.139693617820739746e-01 2.355206459760665894e-01 5.139693617820739746e-01 5.952741503715515137e-01 7.148530483245849609e-01 1.016475036740303040e-01 -8.125611543655395508e-01 -7.378833889961242676e-01 3.210181236267089844e+00
8.633726835250854492e-01 -3.157989740371704102e+00 1.332083791494369507e-01 -3.313473761081695557e-01 -8.778512477874755859e-01 1.836656808853149414e+00 -1.047994017601013184e+00 1.459002971649169922e+00 -1.085616230964660645e+00 -3.752323333173990250e-03 3.547139465808868408e-02 -1.165209531784057617e+00 6.149095892906188965e-01 -2.265334278345108032e-01 6.980971693992614746e-01 1.039040327072143555e+00 1.098847150802612305e+00 3.428107202053070068e-01 -6.787778139114379883e-01 -1.395857810974121094e+00 1.849417924880981445e+00
6.593354940414428711e-01 -2.890481472015380859e+00 -5.792219564318656921e-02 -2.192066758871078491e-01 1.319174915552139282e-01 2.163089752197265625e+00 -4.540090262889862061e-01 8.120772242546081543e-02 -2.150167226791381836e+00 4.204337000846862793e-01 -1.194693684577941895e+00 -1.108248829841613770e+00 -1.353790611028671265e-01 2.703877985477447510e-01 2.177740097045898438e+00 1.171315073966979980e+00 1.098177790641784668e+00 3.331036865711212158e-01 -1.067600846290588379e+00 1.194752678275108337e-01 6.519738435745239258e-01
1.563439369201660156e+00 -2.429205179214477539e+00 1.250963807106018066e-01 -1.861471533775329590e-01 -1.302455216646194458e-01 2.431699514389038086e+00 -8.686473965644836426e-01 -6.663601994514465332e-01 -1.119950890541076660e+00 3.629300892353057861e-01 -1.029246330261230469e+00 -1.058774068951606750e-02 6.686280965805053711e-01 -4.466796815395355225e-01 1.665586233139038086e-01 2.570992231369018555e+00 5.826471447944641113e-01 4.586537480354309082e-01 -9.458382129669189453e-01 -2.658177614212036133e-01 -8.320970535278320312e-01
1.328536987304687500e+00 -3.102467298507690430e+00 9.475850313901901245e-02 -6.337519288063049316e-01 -4.405665695667266846e-01 1.916058540344238281e+00 -7.459424734115600586e-01 -2.412943542003631592e-01 -9.775023460388183594e-01 3.053131103515625000e-01 -1.622828006744384766e+00 1.598337531089782715e+00 4.136796668171882629e-02 1.577709913253784180e-01 1.204350665211677551e-01 1.528807997703552246e+00 1.742280244827270508e+00 5.564577579498291016e-01 -7.167179584503173828e-01 1.125977039337158203e+00 -2.033903121948242188e+00
3.007205203175544739e-03 -2.622188568115234375e+00 2.149800777435302734e+00 1.597988963127136230e+00 -1.319639205932617188e+00 1.747896432876586914e+00 9.660014510154724121e-02 -1.017732381820678711e+00 -1.643039345741271973e+00 -9.173496365547180176e-01 -2.250363349914550781e+00 2.255907058715820312e+00 -1.319639205932617188e+00 1.397323250770568848e+00 -6.271193027496337891e-01 8.544427156448364258e-01 1.522462844848632812e+00 2.242633141577243805e-02 -3.438109159469604492e-01 2.262175083160400391e+00 -1.848452329635620117e+00
-7.426363825798034668e-01 -1.971680283546447754e+00 -8.795257210731506348e-01 4.658130645751953125e+00 -1.971680283546447754e+00 2.854610681533813477e+00 -1.971680283546447754e+00 8.199179768562316895e-01 1.616756677627563477e+00 -1.421489596366882324e+00 -1.034888029098510742e+00 -1.668916583061218262e+00 2.965584039688110352e+00 -6.204476356506347656e-01 -5.100427865982055664e-01 -6.204476356506347656e-01 3.668255805969238281e+00 7.577789425849914551e-01 -1.213435053825378418e+00 -1.971680283546447754e+00 -7.426363825798034668e-01
3.652652740478515625e+00 -1.241107940673828125e+00 -1.587044596672058105e+00 2.306253463029861450e-01 -1.587044596672058105e+00 -9.628733396530151367e-01 -1.587044596672058105e+00 1.695967912673950195e+00 -1.241107940673828125e+00 3.762919664382934570e+00 -1.587044596672058105e+00 -1.587044596672058105e+00 -1.241107940673828125e+00 5.454103946685791016e+00 2.735090814530849457e-02 -9.628733396530151367e-01 -7.321673035621643066e-01 -1.587044596672058105e+00 -1.587044596672058105e+00 3.400378227233886719e+00 -7.321673035621643066e-01
-8.930569291114807129e-01 -1.283255934715270996e+00 -1.283255934715270996e+00 -1.283255934715270996e+00 5.457233428955078125e+00 -1.283255934715270996e+00 4.080230236053466797e+00 -1.283255934715270996e+00 -1.283255934715270996e+00 -5.832751989364624023e-01 -1.283255934715270996e+00 -5.832751989364624023e-01 -1.283255934715270996e+00 -1.283255934715270996e+00 -1.283255934715270996e+00 -1.283255934715270996e+00 4.046950340270996094e+00 -1.283255934715270996e+00 -1.283255934715270996e+00 5.488048553466796875e+00 -3.300463259220123291e-01
-4.654926955699920654e-01 -4.654926955699920654e-01 -4.654926955699920654e-01 -4.654926955699920654e-01 8.222830772399902344e+00 -4.654926955699920654e-01 -4.654926955699920654e-01 -4.654926955699920654e-01 -4.654926955699920654e-01 -4.654926955699920654e-01 -4.654926955699920654e-01 -4.654926955699920654e-01 -4.654926955699920654e-01 -4.654926955699920654e-01 -4.654926955699920654e-01 -4.654926955699920654e-01 -4.654926955699920654e-01 -4.654926955699920654e-01 -4.654926955699920654e-01 -4.654926955699920654e-01 6.215613484382629395e-01
