-4.452003538608551025e-01 8.287362098693847656e+00 -4.452003538608551025e-01 -4.452003538608551025e-01 -4.452003538608551025e-01 -4.452003538608551025e-01 -4.452003538608551025e-01 -4.452003538608551025e-01 -4.452003538608551025e-01 -4.452003538608551025e-01 -4.452003538608551025e-01 -4.452003538608551025e-01 -4.452003538608551025e-01 -4.452003538608551025e-01 -4.452003538608551025e-01 1.713375449180603027e-01 -4.452003538608551025e-01 -4.452003538608551025e-01 -4.452003538608551025e-01 -4.452003538608551025e-01 -4.452003538608551025e-01
6.896651268005371094e+00 -9.688454270362854004e-01 -9.688454270362854004e-01 -9.688454270362854004e-01 -9.688454270362854004e-01 -9.688454270362854004e-01 -9.688454270362854004e-01 -9.688454270362854004e-01 -9.688454270362854004e-01 -9.688454270362854004e-01 -9.688454270362854004e-01 -5.179017186164855957e-01 3.558584153652191162e-01 -1.642276048660278320e-01 1.201380044221878052e-01 4.422334194183349609e+00 1.126377463340759277e+00 3.558584153652191162e-01 -9.688454270362854004e-01 -9.688454270362854004e-01 -9.688454270362854004e-01
2.937340259552001953e+00 -1.235257029533386230e+00 -1.235257029533386230e+00 -1.235257029533386230e+00 -1.581424355506896973e+00 2.389763295650482178e-01 -1.581424355506896973e+00 8.045869469642639160e-01 -1.235257029533386230e+00 -7.246117591857910156e-01 -1.235257029533386230e+00 3.525454923510551453e-02 -9.561325907707214355e-01 -1.581424355506896973e+00 -7.246117591857910156e-01 5.734284877777099609e+00 2.260708093643188477e+00 2.147581100463867188e+00 1.704862117767333984e+00 -9.561325907707214355e-01 -1.581424355506896973e+00
6.941490173339843750e-01 -1.786838531494140625e+00 -9.707272797822952271e-02 6.341682076454162598e-01 -1.786838531494140625e+00 1.227497220039367676e+00 -1.546114802360534668e+00 -9.707272797822952271e-02 -9.707272797822952271e-02 3.516201078891754150e-01 -1.016891360282897949e+00 6.941490173339843750e-01 2.049324288964271545e-02 -6.536074280738830566e-01 2.210928440093994141e+00 4.918653488159179688e+00 1.210039019584655762e+00 -4.634416699409484863e-01 -1.168729662895202637e+00 -1.168729662895202637e+00 -2.079150676727294922e+00
-9.401933550834655762e-01 -2.560282945632934570e+00 5.673223733901977539e-01 2.994132339954376221e-01 7.927449345588684082e-01 -8.054997324943542480e-01 -9.401933550834655762e-01 9.072964191436767578e-01 -9.401933550834655762e-01 2.067534685134887695e+00 -9.401933550834655762e-01 -2.091796398162841797e+00 9.543244838714599609e-01 1.364186882972717285e+00 -4.356023371219635010e-01 6.004340648651123047e-01 -1.375304341316223145e+00 -1.624436229467391968e-01 -1.375304341316223145e+00 1.052768707275390625e+00 3.961107254028320312e+00
-4.815599322319030762e-01 -1.023557186126708984e+00 -2.756840884685516357e-01 3.111719787120819092e-01 -2.756840884685516357e-01 5.421927943825721741e-02 -1.023557186126708984e+00 -1.023557186126708984e+00 -1.023557186126708984e+00 7.748335599899291992e-01 -1.023557186126708984e+00 -7.260757684707641602e-01 9.162902235984802246e-01 -7.260757684707641602e-01 -2.756840884685516357e-01 6.122022867202758789e-01 -7.260757684707641602e-01 1.898199021816253662e-01 -7.260757684707641602e-01 3.111719787120819092e-01 6.160762786865234375e+00
-8.206965923309326172e-01 -8.206965923309326172e-01 -3.339332044124603271e-01 -8.206965923309326172e-01 -3.339332044124603271e-01 4.756159707903862000e-02 -8.206965923309326172e-01 4.756159707903862000e-02 -8.206965923309326172e-01 4.756159707903862000e-02 -8.206965923309326172e-01 -8.206965923309326172e-01 3.515901267528533936e-01 -3.339332044124603271e-01 -3.339332044124603271e-01 -8.206965923309326172e-01 3.515901267528533936e-01 4.756159707903862000e-02 4.756159707903862000e-02 -3.339332044124603271e-01 7.294532299041748047e+00
-7.603068351745605469e-01 -1.170154929161071777e+00 -7.603068351745605469e-01 -1.170154929161071777e+00 -7.603068351745605469e-01 1.478476405143737793e+00 -1.170154929161071777e+00 -4.361958205699920654e-01 -4.361958205699920654e-01 5.397352576255798340e-01 -1.170154929161071777e+00 -7.603068351745605469e-01 5.397352576255798340e-01 -4.361958205699920654e-01 1.065947890281677246e+00 5.397352576255798340e-01 3.974134325981140137e-01 -1.726040393114089966e-01 -7.603068351745605469e-01 -1.170154929161071777e+00 6.572396755218505859e+00
-1.182261407375335693e-01 -1.850618124008178711e+00 -1.182261407375335693e-01 9.294506162405014038e-02 -9.582307934761047363e-01 9.530063271522521973e-01 -1.241437435150146484e+00 1.844885051250457764e-01 -4.591237008571624756e-01 9.294506162405014038e-02 -1.241437435150146484e+00 -9.582307934761047363e-01 1.176412940025329590e+00 -8.390330076217651367e-01 5.190008282661437988e-01 8.661560416221618652e-01 3.083941638469696045e-01 9.294506162405014038e-02 -8.390330076217651367e-01 -5.424459576606750488e-01 4.880142211914062500e+00
3.558265790343284607e-02 -2.031993389129638672e+00 5.826959013938903809e-01 -4.782256111502647400e-02 -3.469527959823608398e-01 1.590023159980773926e+00 -8.530469536781311035e-01 -5.356856584548950195e-01 -8.530469536781311035e-01 6.942617297172546387e-01 -1.612240552902221680e+00 -1.445914149284362793e+00 -9.213319420814514160e-02 -4.690342545509338379e-01 6.510813832283020020e-01 4.027590751647949219e-01 8.864147067070007324e-01 2.188402116298675537e-01 -2.907923161983489990e-01 -1.054787397384643555e+00 4.571659088134765625e+00
3.536512255668640137e-01 -2.962964773178100586e+00 2.783210277557373047e-01 -2.810367345809936523e-01 1.536572724580764771e-01 1.356826543807983398e+00 -7.983964681625366211e-01 2.652032673358917236e-01 -1.260003447532653809e+00 1.026264548301696777e+00 -9.595721960067749023e-01 -1.319615721702575684e+00 5.509008765220642090e-01 1.388104707002639771e-01 5.706183910369873047e-01 5.509008765220642090e-01 6.901704072952270508e-01 -5.869808048009872437e-02 -8.759011626243591309e-01 -5.956842303276062012e-01 3.176609992980957031e+00
8.208253979682922363e-01 -2.962564706802368164e+00 1.021900177001953125e-01 -4.189305305480957031e-01 -8.474088907241821289e-01 1.820220470428466797e+00 -1.041834235191345215e+00 1.418326020240783691e+00 -9.728493094444274902e-01 -4.813170805573463440e-02 9.048134088516235352e-02 -1.115767002105712891e+00 5.909581184387207031e-01 -2.911073565483093262e-01 6.399612426757812500e-01 9.789643883705139160e-01 1.035855174064636230e+00 3.488829433917999268e-01 -7.623944282531738281e-01 -1.195342063903808594e+00 1.809620141983032227e+00
6.245477199554443359e-01 -2.912204980850219727e+00 -2.720423229038715363e-02 -1.952483654022216797e-01 9.218721836805343628e-02 2.127290248870849609e+00 -3.187635838985443115e-01 1.529002338647842407e-01 -2.175154924392700195e+00 3.258127868175506592e-01 -1.094142556190490723e+00 -9.117447733879089355e-01 -1.952483654022216797e-01 9.218721836805343628e-02 2.115645408630371094e+00 1.182717323303222656e+00 1.046688914299011230e+00 4.114718735218048096e-01 -1.017288684844970703e+00 -1.322355307638645172e-02 6.889304518699645996e-01
1.559853672981262207e+00 -2.587925910949707031e+00 6.190606579184532166e-02 -1.386410742998123169e-01 -2.559936046600341797e-01 2.448851823806762695e+00 -8.222888112068176270e-01 -6.566002964973449707e-01 -1.262930631637573242e+00 3.839850425720214844e-01 -1.019648909568786621e+00 -1.386410742998123169e-01 6.703459620475769043e-01 -4.368512332439422607e-01 2.671369016170501709e-01 2.582296609878540039e+00 6.451010704040527344e-01 4.377104938030242920e-01 -8.222888112068176270e-01 -1.956355422735214233e-01 -7.197015285491943359e-01
1.347163677215576172e+00 -2.873550891876220703e+00 -5.228014662861824036e-02 -6.004357933998107910e-01 -6.266912221908569336e-01 1.901798486709594727e+00 -8.318537473678588867e-01 -1.812610179185867310e-01 -8.318537473678588867e-01 2.802977859973907471e-01 -1.616248488426208496e+00 1.654030084609985352e+00 -6.753328442573547363e-02 2.693349421024322510e-01 -2.244348078966140747e-02 1.599710941314697266e+00 1.741901636123657227e+00 5.636534690856933594e-01 -8.648023605346679688e-01 1.142510890960693359e+00 -1.931587815284729004e+00
-7.462844252586364746e-02 -2.418952703475952148e+00 2.137455940246582031e+00 1.653310418128967285e+00 -1.465407013893127441e+00 1.727332949638366699e+00 1.184046268463134766e-01 -1.067570447921752930e+00 -1.465407013893127441e+00 -1.067570447921752930e+00 -1.964138269424438477e+00 2.293021440505981445e+00 -1.548677563667297363e+00 1.371363043785095215e+00 -6.231036782264709473e-01 8.752987980842590332e-01 1.543845891952514648e+00 -5.360056459903717041e-02 -2.604714334011077881e-01 2.253707885742187500e+00 -1.964138269424438477e+00
-4.128827452659606934e-01 -1.974389195442199707e+00 -8.829568028450012207e-01 4.645749568939208984e+00 -1.974389195442199707e+00 2.850968122482299805e+00 -1.974389195442199707e+00 7.860038876533508301e-01 1.730391144752502441e+00 -1.672336339950561523e+00 -8.829568028450012207e-01 -1.974389195442199707e+00 2.951009035110473633e+00 -7.461366057395935059e-01 -4.128827452659606934e-01 -7.461366057395935059e-01 3.675339698791503906e+00 7.860038876533508301e-01 -1.216303467750549316e+00 -1.672336339950561523e+00 -8.829568028450012207e-01
3.652108430862426758e+00 -1.583194494247436523e+00 -1.583194494247436523e+00 1.389309763908386230e-01 -1.583194494247436523e+00 -9.584112763404846191e-01 -1.237343788146972656e+00 1.768943667411804199e+00 -1.583194494247436523e+00 3.772019147872924805e+00 -1.583194494247436523e+00 -1.583194494247436523e+00 -1.237343788146972656e+00 5.459685802459716797e+00 -8.492635190486907959e-02 -9.584112763404846191e-01 -7.270521521568298340e-01 -9.584112763404846191e-01 -1.583194494247436523e+00 3.410768985748291016e+00 -9.584112763404846191e-01
-9.148632287979125977e-01 -9.148632287979125977e-01 -1.301462769508361816e+00 -1.301462769508361816e+00 5.423226833343505859e+00 -1.301462769508361816e+00 4.037187576293945312e+00 -1.301462769508361816e+00 -1.301462769508361816e+00 -3.546092212200164795e-01 -1.301462769508361816e+00 -9.148632287979125977e-01 -9.148632287979125977e-01 -1.301462769508361816e+00 -1.301462769508361816e+00 -1.301462769508361816e+00 4.018630027770996094e+00 -1.301462769508361816e+00 -1.301462769508361816e+00 5.458554744720458984e+00 -6.070119738578796387e-01
-4.451929032802581787e-01 -4.451929032802581787e-01 -4.451929032802581787e-01 -4.451929032802581787e-01 8.287361145019531250e+00 -4.451929032802581787e-01 -4.451929032802581787e-01 -4.451929032802581787e-01 -4.451929032802581787e-01 -4.451929032802581787e-01 -4.451929032802581787e-01 -4.451929032802581787e-01 -4.451929032802581787e-01 -4.451929032802581787e-01 -4.451929032802581787e-01 -4.451929032802581787e-01 -4.451929032802581787e-01 -4.451929032802581787e-01 -4.451929032802581787e-01 -4.451929032802581787e-01 1.713467091321945190e-01
