-4.442982673645019531e-01 8.285871505737304688e+00 -4.442982673645019531e-01 -4.442982673645019531e-01 -4.442982673645019531e-01 -4.442982673645019531e-01 -4.442982673645019531e-01 -4.442982673645019531e-01 -4.442982673645019531e-01 -4.442982673645019531e-01 -4.442982673645019531e-01 -4.442982673645019531e-01 -4.442982673645019531e-01 -4.442982673645019531e-01 -4.442982673645019531e-01 1.565916538238525391e-01 -4.442982673645019531e-01 -4.442982673645019531e-01 -4.442982673645019531e-01 -4.442982673645019531e-01 -4.442982673645019531e-01
6.909855365753173828e+00 -9.632139205932617188e-01 -9.632139205932617188e-01 -9.632139205932617188e-01 -9.632139205932617188e-01 -9.632139205932617188e-01 -9.632139205932617188e-01 -9.632139205932617188e-01 -9.632139205932617188e-01 -9.632139205932617188e-01 -9.632139205932617188e-01 -5.108591318130493164e-01 3.689596951007843018e-01 -1.501179635524749756e-01 1.361096501350402832e-01 4.464805126190185547e+00 5.654610991477966309e-01 7.361083626747131348e-01 -9.632139205932617188e-01 -9.632139205932617188e-01 -9.632139205932617188e-01
2.865588426589965820e+00 -9.988214969635009766e-01 -1.274924874305725098e+00 -1.274924874305725098e+00 -1.619032859802246094e+00 2.739742398262023926e-01 -1.619032859802246094e+00 8.035435676574707031e-01 -1.274924874305725098e+00 -5.795057415962219238e-01 -1.274924874305725098e+00 8.963647484779357910e-02 -7.719549536705017090e-01 -1.619032859802246094e+00 -7.719549536705017090e-01 5.671733379364013672e+00 2.267864704132080078e+00 2.148193597793579102e+00 1.576224565505981445e+00 -9.988214969635009766e-01 -1.619032859802246094e+00
5.934048891067504883e-01 -1.552023053169250488e+00 -2.382834851741790771e-01 4.574180841445922852e-01 -1.791872262954711914e+00 1.362852096557617188e+00 -1.791872262954711914e+00 -1.059795618057250977e-01 -4.552482068538665771e-02 2.129298299551010132e-01 -1.026272416114807129e+00 5.276919603347778320e-01 2.129298299551010132e-01 -5.628902912139892578e-01 2.207805156707763672e+00 4.907624721527099609e+00 1.235077023506164551e+00 -3.109586238861083984e-01 -1.026272416114807129e+00 -1.178170800209045410e+00 -2.086386919021606445e+00
-7.662472128868103027e-01 -2.575895786285400391e+00 6.089152693748474121e-01 2.976649403572082520e-01 8.468994498252868652e-01 -6.532480716705322266e-01 -8.930701017379760742e-01 8.216337561607360840e-01 -1.116219162940979004e+00 2.084689378738403320e+00 -1.036741256713867188e+00 -2.110328674316406250e+00 9.306735992431640625e-01 1.370602488517761230e+00 -5.514975786209106445e-01 5.604456663131713867e-01 -1.294781804084777832e+00 -2.204923182725906372e-01 -1.294781804084777832e+00 1.069930672645568848e+00 3.921585559844970703e+00
-1.497723162174224854e-01 -1.063781380653381348e+00 -5.262215137481689453e-01 1.380975246429443359e-01 -5.262215137481689453e-01 2.842810936272144318e-03 -1.063781380653381348e+00 -5.262215137481689453e-01 -7.675961852073669434e-01 5.577681064605712891e-01 -1.063781380653381348e+00 -3.239061236381530762e-01 9.255325198173522949e-01 -1.432787895202636719e+00 -1.497723162174224854e-01 5.577681064605712891e-01 -5.262215137481689453e-01 4.668933749198913574e-01 -7.675961852073669434e-01 1.380975246429443359e-01 6.099787712097167969e+00
-8.031224608421325684e-01 -8.031224608421325684e-01 -8.031224608421325684e-01 -8.031224608421325684e-01 -3.186831772327423096e-01 7.030092924833297729e-02 -8.031224608421325684e-01 7.030092924833297729e-02 -8.031224608421325684e-01 -3.186831772327423096e-01 -8.031224608421325684e-01 -8.031224608421325684e-01 3.782058954238891602e-01 -3.186831772327423096e-01 -3.186831772327423096e-01 -8.031224608421325684e-01 8.340229392051696777e-01 7.030092924833297729e-02 7.030092924833297729e-02 -3.186831772327423096e-01 7.327866554260253906e+00
-8.227313160896301270e-01 -1.223726272583007812e+00 -5.023283958435058594e-01 -5.023283958435058594e-01 -5.023283958435058594e-01 1.495007395744323730e+00 -1.223726272583007812e+00 -8.227313160896301270e-01 -5.023283958435058594e-01 3.130907118320465088e-01 -1.223726272583007812e+00 -8.227313160896301270e-01 3.130907118320465088e-01 -2.440786659717559814e-01 1.055838942527770996e+00 4.545342326164245605e-01 5.805354714393615723e-01 -2.440786659717559814e-01 -8.227313160896301270e-01 -1.223726272583007812e+00 6.472756385803222656e+00
-1.933112889528274536e-01 -1.860620141029357910e+00 2.889433316886425018e-02 -2.235073223710060120e-02 -1.105574965476989746e+00 8.728191256523132324e-01 -1.255492568016052246e+00 1.244016587734222412e-01 -5.574750304222106934e-01 1.691021621227264404e-01 -1.105574965476989746e+00 -5.574750304222106934e-01 1.091485857963562012e+00 -8.530136346817016602e-01 5.036627054214477539e-01 7.303742170333862305e-01 3.680945336818695068e-01 1.691021621227264404e-01 -8.530136346817016602e-01 -5.574750304222106934e-01 4.865763187408447266e+00
9.929960966110229492e-02 -2.039986371994018555e+00 5.207500457763671875e-01 9.929960966110229492e-02 -3.598318696022033691e-01 1.465464353561401367e+00 -7.774939537048339844e-01 -4.820393919944763184e-01 -1.066959381103515625e+00 6.805695295333862305e-01 -2.039986371994018555e+00 -1.313289284706115723e+00 -1.878202520310878754e-02 -4.191687405109405518e-01 4.701331555843353271e-01 5.207500457763671875e-01 9.070703983306884766e-01 1.712306290864944458e-01 -1.998578906059265137e-01 -7.774939537048339844e-01 4.558608531951904297e+00
4.212657213211059570e-01 -2.944519042968750000e+00 1.461221929639577866e-02 -3.311096429824829102e-01 1.590688973665237427e-01 1.390634775161743164e+00 -8.973014950752258301e-01 1.131558939814567566e-01 -1.130260705947875977e+00 1.008723616600036621e+00 -8.973014950752258301e-01 -1.430891156196594238e+00 4.990526735782623291e-01 2.450861781835556030e-01 5.712707042694091797e-01 7.105618715286254883e-01 6.752545833587646484e-01 3.171052783727645874e-02 -8.167955875396728516e-01 -6.067331433296203613e-01 3.214480161666870117e+00
8.197883367538452148e-01 -2.944123029708862305e+00 1.357037723064422607e-01 -3.042305707931518555e-01 -8.257319927215576172e-01 1.875546574592590332e+00 -1.174160480499267578e+00 1.452961683273315430e+00 -1.094539046287536621e+00 3.913727402687072754e-02 1.348727941513061523e-02 -1.056855320930480957e+00 5.614697337150573730e-01 -2.029023617506027222e-01 6.342817544937133789e-01 9.763546586036682129e-01 1.062539696693420410e+00 2.651924490928649902e-01 -7.407929301261901855e-01 -1.353910565376281738e+00 1.861158132553100586e+00
6.474804878234863281e-01 -2.898906946182250977e+00 -2.591569721698760986e-02 -2.664830982685089111e-01 6.942074745893478394e-02 2.162580251693725586e+00 -3.812426030635833740e-01 1.445563286542892456e-01 -1.961386084556579590e+00 3.898350596427917480e-01 -1.162189602851867676e+00 -1.119954466819763184e+00 -1.633535772562026978e-01 2.145013064146041870e-01 2.157699584960937500e+00 1.128081321716308594e+00 1.067144751548767090e+00 3.610238730907440186e-01 -1.119954466819763184e+00 8.233643323183059692e-02 6.763965487480163574e-01
1.554501533508300781e+00 -2.436060190200805664e+00 1.745271086692810059e-01 -3.232881054282188416e-02 -1.000753715634346008e-01 2.419003486633300781e+00 -9.118895530700683594e-01 -6.715905070304870605e-01 -1.277394533157348633e+00 3.348739147186279297e-01 -9.920635819435119629e-01 -1.357063651084899902e-01 6.464951634407043457e-01 -4.038496017456054688e-01 2.761636972427368164e-01 2.565442085266113281e+00 5.122696161270141602e-01 4.632498919963836670e-01 -8.373531103134155273e-01 -3.805206120014190674e-01 -7.677863836288452148e-01
1.376846790313720703e+00 -2.881361007690429688e+00 9.098462760448455811e-02 -6.920241117477416992e-01 -5.607614517211914062e-01 1.937447190284729004e+00 -5.857198238372802734e-01 -1.583517342805862427e-01 -8.755344748497009277e-01 2.583916783332824707e-01 -1.626860618591308594e+00 1.588660001754760742e+00 -6.320044398307800293e-02 1.166612356901168823e-01 6.464125216007232666e-02 1.549724578857421875e+00 1.735928177833557129e+00 4.577525258064270020e-01 -7.796471118927001953e-01 1.084046721458435059e+00 -2.036761522293090820e+00
-1.375591568648815155e-02 -2.436404466629028320e+00 2.116314888000488281e+00 1.564679980278015137e+00 -1.568358540534973145e+00 1.737816452980041504e+00 1.978646516799926758e-01 -7.582486867904663086e-01 -1.658069133758544922e+00 -8.867682814598083496e-01 -1.982887864112854004e+00 2.245126724243164062e+00 -1.408205270767211914e+00 1.329721450805664062e+00 -5.734089016914367676e-01 7.304656505584716797e-01 1.527011156082153320e+00 -3.354149684309959412e-02 -4.168741405010223389e-01 2.271855592727661133e+00 -1.982887864112854004e+00
-6.161214709281921387e-01 -1.969569087028503418e+00 -1.031593441963195801e+00 4.668566226959228516e+00 -1.969569087028503418e+00 2.863738536834716797e+00 -1.969569087028503418e+00 8.250828981399536133e-01 1.701537489891052246e+00 -1.416229844093322754e+00 -1.031593441963195801e+00 -1.664196252822875977e+00 2.907116413116455078e+00 -8.761743903160095215e-01 -4.059594273567199707e-01 -7.386854887008666992e-01 3.678729772567749023e+00 7.945255041122436523e-01 -1.209244370460510254e+00 -1.664196252822875977e+00 -8.761743903160095215e-01
3.642874240875244141e+00 -1.256733775138854980e+00 -1.602593183517456055e+00 1.117864176630973816e-01 -1.602593183517456055e+00 -9.794236421585083008e-01 -1.256733775138854980e+00 1.626374840736389160e+00 -1.256733775138854980e+00 3.703436136245727539e+00 -1.602593183517456055e+00 -1.602593183517456055e+00 -1.256733775138854980e+00 5.435951709747314453e+00 -1.109364777803421021e-01 -9.794236421585083008e-01 -5.582690834999084473e-01 -1.256733775138854980e+00 -1.602593183517456055e+00 3.381653547286987305e+00 -9.794236421585083008e-01
-9.150040149688720703e-01 -9.150040149688720703e-01 -1.303275108337402344e+00 -1.303275108337402344e+00 5.428387165069580078e+00 -1.303275108337402344e+00 3.993696212768554688e+00 -1.303275108337402344e+00 -1.303275108337402344e+00 -6.063551306724548340e-01 -1.303275108337402344e+00 -6.063551306724548340e-01 -9.150040149688720703e-01 -1.303275108337402344e+00 -1.303275108337402344e+00 -1.303275108337402344e+00 4.020164489746093750e+00 -1.303275108337402344e+00 -1.303275108337402344e+00 5.458140850067138672e+00 -6.063551306724548340e-01
-4.442920982837677002e-01 -4.442920982837677002e-01 -4.442920982837677002e-01 -4.442920982837677002e-01 8.285615921020507812e+00 -4.442920982837677002e-01 -4.442920982837677002e-01 -4.442920982837677002e-01 -4.442920982837677002e-01 -4.442920982837677002e-01 -4.442920982837677002e-01 -4.442920982837677002e-01 -4.442920982837677002e-01 -4.442920982837677002e-01 -4.442920982837677002e-01 -4.442920982837677002e-01 -4.442920982837677002e-01 -4.442920982837677002e-01 -4.442920982837677002e-01 -4.442920982837677002e-01 1.566019505262374878e-01
