-4.187553226947784424e-01 8.375459671020507812e+00 -4.187553226947784424e-01 -4.187553226947784424e-01 -4.187553226947784424e-01 -4.187553226947784424e-01 -4.187553226947784424e-01 -4.187553226947784424e-01 -4.187553226947784424e-01 -4.187553226947784424e-01 -4.187553226947784424e-01 -4.187553226947784424e-01 -4.187553226947784424e-01 -4.187553226947784424e-01 -4.187553226947784424e-01 -4.187553226947784424e-01 -4.187553226947784424e-01 -4.187553226947784424e-01 -4.187553226947784424e-01 -4.187553226947784424e-01 -4.187553226947784424e-01
7.096193313598632812e+00 -8.728902339935302734e-01 -8.728902339935302734e-01 -8.728902339935302734e-01 -8.728902339935302734e-01 -8.728902339935302734e-01 -8.728902339935302734e-01 -8.728902339935302734e-01 -8.728902339935302734e-01 -8.728902339935302734e-01 -8.728902339935302734e-01 -8.728902339935302734e-01 -4.000130891799926758e-01 -4.000130891799926758e-01 -2.860537730157375336e-02 4.677391529083251953e+00 1.304259657859802246e+00 -2.860537730157375336e-02 -8.728902339935302734e-01 -8.728902339935302734e-01 -8.728902339935302734e-01
2.985785007476806641e+00 -7.078860998153686523e-01 -1.219937562942504883e+00 -1.219937562942504883e+00 -1.568459272384643555e+00 5.416382476687431335e-02 -1.568459272384643555e+00 7.688854932785034180e-01 -1.568459272384643555e+00 -7.078860998153686523e-01 -1.568459272384643555e+00 2.582134008407592773e-01 -9.396674633026123047e-01 -1.568459272384643555e+00 -7.078860998153686523e-01 5.757105827331542969e+00 2.183720111846923828e+00 2.268549680709838867e+00 1.576926469802856445e+00 -9.396674633026123047e-01 -1.568459272384643555e+00
6.221886873245239258e-01 -1.555460572242736816e+00 -3.910893201828002930e-01 6.821765303611755371e-01 -1.795472741127014160e+00 1.360301613807678223e+00 -1.795472741127014160e+00 8.929690346121788025e-03 -1.085969284176826477e-01 2.984910011291503906e-01 -1.027432084083557129e+00 5.250406265258789062e-01 1.146681979298591614e-01 -4.749414920806884766e-01 2.230871438980102539e+00 4.900147438049316406e+00 1.266028285026550293e+00 -5.657935738563537598e-01 -1.027432084083557129e+00 -1.179246544837951660e+00 -2.087609529495239258e+00
-7.045428752899169922e-01 -2.574115753173828125e+00 5.311706066131591797e-01 4.603523612022399902e-01 8.130934834480285645e-01 -8.891433477401733398e-01 -9.583630561828613281e-01 9.117674827575683594e-01 -8.891433477401733398e-01 2.149242162704467773e+00 -1.197975516319274902e+00 -2.107481479644775391e+00 9.577198624610900879e-01 1.418545365333557129e+00 -4.104628562927246094e-01 4.963771998882293701e-01 -1.504561901092529297e+00 -2.898536324501037598e-01 -1.197975516319274902e+00 1.074270606040954590e+00 3.911230802536010742e+00
-3.434336483478546143e-01 -1.079608440399169922e+00 -3.434336483478546143e-01 2.370251864194869995e-01 -5.462233424186706543e-01 1.169615015387535095e-01 -1.079608440399169922e+00 -1.079608440399169922e+00 -7.868359088897705078e-01 6.198363900184631348e-01 -1.079608440399169922e+00 -1.692319661378860474e-01 7.704619169235229492e-01 -7.868359088897705078e-01 -5.462233424186706543e-01 8.385170102119445801e-01 -5.462233424186706543e-01 4.449319541454315186e-01 -5.462233424186706543e-01 -1.692319661378860474e-01 6.074356555938720703e+00
-7.785120010375976562e-01 -7.785120010375976562e-01 -2.828896641731262207e-01 -7.785120010375976562e-01 1.081157997250556946e-01 1.081157997250556946e-01 -7.785120010375976562e-01 -2.828896641731262207e-01 -7.785120010375976562e-01 -2.828896641731262207e-01 -7.785120010375976562e-01 -7.785120010375976562e-01 1.081157997250556946e-01 -2.828896641731262207e-01 -7.785120010375976562e-01 -7.785120010375976562e-01 8.840395212173461914e-01 1.081157997250556946e-01 -2.828896641731262207e-01 -2.828896641731262207e-01 7.387045860290527344e+00
-8.102201819419860840e-01 -1.212433099746704102e+00 -4.908549189567565918e-01 -8.102201819419860840e-01 -4.908549189567565918e-01 1.563521981239318848e+00 -1.212433099746704102e+00 -4.908549189567565918e-01 -4.908549189567565918e-01 4.723481833934783936e-01 -1.212433099746704102e+00 -8.102201819419860840e-01 4.723481833934783936e-01 -2.312483936548233032e-01 1.149469614028930664e+00 -2.312483936548233032e-01 5.979382991790771484e-01 -2.312483936548233032e-01 -8.102201819419860840e-01 -1.212433099746704102e+00 6.492101669311523438e+00
-4.353006556630134583e-02 -1.836365103721618652e+00 6.195413321256637573e-02 2.025291174650192261e-01 -1.075003147125244141e+00 9.289082884788513184e-01 -1.398198604583740234e+00 -4.353006556630134583e-02 -5.255574584007263184e-01 3.645225167274475098e-01 -1.225695490837097168e+00 -5.255574584007263184e-01 1.125712633132934570e+00 -8.224644660949707031e-01 5.048393011093139648e-01 7.895497083663940430e-01 2.025291174650192261e-01 2.025291174650192261e-01 -1.075003147125244141e+00 -7.145353555679321289e-01 4.902266025543212891e+00
2.171056270599365234e-01 -1.833206772804260254e+00 4.745709002017974854e-01 -3.944781795144081116e-02 -4.399057924747467041e-01 1.527996778488159180e+00 -7.974430918693542480e-01 -5.689429044723510742e-01 -9.817408919334411621e-01 4.995642006397247314e-01 -1.833206772804260254e+00 -1.202230930328369141e+00 4.054975137114524841e-02 -4.399057924747467041e-01 4.226777553558349609e-01 3.680259287357330322e-01 8.856454491615295410e-01 1.499881446361541748e-01 -2.712668776512145996e-01 -7.157727479934692383e-01 4.536753177642822266e+00
4.875817000865936279e-01 -2.733395099639892578e+00 1.809704154729843140e-01 -3.289403915405273438e-01 2.765721678733825684e-01 1.398802638053894043e+00 -7.635270953178405762e-01 1.067104190587997437e-01 -1.205412507057189941e+00 9.129434227943420410e-01 -1.051969885826110840e+00 -1.384395360946655273e+00 5.491517782211303711e-01 4.312724992632865906e-02 4.981072247028350830e-01 6.884176731109619141e-01 6.349951624870300293e-01 7.541637122631072998e-02 -8.001075983047485352e-01 -7.635270953178405762e-01 3.178470373153686523e+00
8.683085441589355469e-01 -3.145586490631103516e+00 1.137980818748474121e-01 -2.970288097858428955e-01 -7.719008922576904297e-01 1.911121249198913574e+00 -9.958339929580688477e-01 1.450116276741027832e+00 -1.032132387161254883e+00 2.561453916132450104e-02 8.937636017799377441e-02 -1.281594276428222656e+00 5.868326425552368164e-01 -2.791037857532501221e-01 6.805179119110107422e-01 9.967826604843139648e-01 1.124052405357360840e+00 3.005527555942535400e-01 -6.890610456466674805e-01 -1.547797679901123047e+00 1.892749428749084473e+00
6.899641752243041992e-01 -3.106133460998535156e+00 -1.973496749997138977e-02 -1.427990943193435669e-01 7.692462205886840820e-02 2.178559064865112305e+00 -3.407611846923828125e-01 1.530197858810424805e-01 -2.257335424423217773e+00 4.199388623237609863e-01 -1.141922950744628906e+00 -1.099606990814208984e+00 -2.280463576316833496e-01 2.792144119739532471e-01 2.180176019668579102e+00 1.175777316093444824e+00 1.073310732841491699e+00 4.292781352996826172e-01 -9.458078145980834961e-01 -6.415492296218872070e-02 6.899641752243041992e-01
1.569089293479919434e+00 -2.768770694732666016e+00 1.077371016144752502e-01 -5.137987807393074036e-02 -2.400787621736526489e-01 2.481870412826538086e+00 -8.432452678680419922e-01 -7.040807008743286133e-01 -1.194202542304992676e+00 3.548658788204193115e-01 -8.811564445495605469e-01 3.129164502024650574e-02 7.815239429473876953e-01 -4.210495054721832275e-01 2.192099690437316895e-01 2.594774484634399414e+00 5.047664046287536621e-01 4.641582071781158447e-01 -1.048364758491516113e+00 -2.195619791746139526e-01 -7.371839880943298340e-01
1.323331952095031738e+00 -2.889531612396240234e+00 8.205273002386093140e-02 -4.980951249599456787e-01 -5.695063471794128418e-01 1.883919596672058105e+00 -7.008093595504760742e-01 -2.539040148258209229e-01 -9.182565212249755859e-01 3.030846118927001953e-01 -1.634997367858886719e+00 1.594231605529785156e+00 4.228185117244720459e-02 1.450556814670562744e-01 -4.226920008659362793e-02 1.555876612663269043e+00 1.719250917434692383e+00 5.102158188819885254e-01 -7.292045354843139648e-01 1.122478485107421875e+00 -2.045561313629150391e+00
-1.351219862699508667e-01 -2.414640665054321289e+00 2.152256727218627930e+00 1.582851529121398926e+00 -1.460648298263549805e+00 1.736225605010986328e+00 1.410919725894927979e-01 -8.614492416381835938e-01 -1.634220600128173828e+00 -1.008523464202880859e+00 -1.840253114700317383e+00 2.279956579208374023e+00 -1.634220600128173828e+00 1.386800885200500488e+00 -6.547594070434570312e-01 8.553395271301269531e-01 1.500897407531738281e+00 3.172355890274047852e-02 -2.552144229412078857e-01 2.324424743652343750e+00 -2.092324256896972656e+00
-2.857921421527862549e-01 -1.948980450630187988e+00 -1.005898475646972656e+00 4.691600322723388672e+00 -1.948980450630187988e+00 2.913286924362182617e+00 -1.948980450630187988e+00 9.406283497810363770e-01 1.594268083572387695e+00 -1.394463777542114258e+00 -8.500269651412963867e-01 -1.643848061561584473e+00 3.003897905349731445e+00 -1.005898475646972656e+00 -4.791243076324462891e-01 -7.126634716987609863e-01 3.704821586608886719e+00 7.254297137260437012e-01 -1.394463777542114258e+00 -1.948980450630187988e+00 -1.005898475646972656e+00
3.661102533340454102e+00 -1.185577034950256348e+00 -1.537915468215942383e+00 -1.513382494449615479e-01 -1.537915468215942383e+00 -1.185577034950256348e+00 -1.185577034950256348e+00 1.775380730628967285e+00 -1.185577034950256348e+00 3.831842184066772461e+00 -1.537915468215942383e+00 -1.537915468215942383e+00 -1.537915468215942383e+00 5.552172183990478516e+00 -3.003042638301849365e-01 -9.024744033813476562e-01 -9.024744033813476562e-01 -9.024744033813476562e-01 -1.537915468215942383e+00 3.494002342224121094e+00 -1.185577034950256348e+00
-1.248994112014770508e+00 -8.533830046653747559e-01 -1.248994112014770508e+00 -1.248994112014770508e+00 5.498257637023925781e+00 -1.248994112014770508e+00 4.159579277038574219e+00 -1.248994112014770508e+00 -1.248994112014770508e+00 -5.392993092536926270e-01 -1.248994112014770508e+00 -8.533830046653747559e-01 -1.248994112014770508e+00 -1.248994112014770508e+00 -1.248994112014770508e+00 -1.248994112014770508e+00 4.112011909484863281e+00 -1.248994112014770508e+00 -1.248994112014770508e+00 5.566349029541015625e+00 -8.533830046653747559e-01
-4.187992811203002930e-01 -4.187992811203002930e-01 -4.187992811203002930e-01 -4.187992811203002930e-01 8.375437736511230469e+00 -4.187992811203002930e-01 -4.187992811203002930e-01 -4.187992811203002930e-01 -4.187992811203002930e-01 -4.187992811203002930e-01 -4.187992811203002930e-01 -4.187992811203002930e-01 -4.187992811203002930e-01 -4.187992811203002930e-01 -4.187992811203002930e-01 -4.187992811203002930e-01 -4.187992811203002930e-01 -4.187992811203002930e-01 -4.187992811203002930e-01 -4.187992811203002930e-01 -4.187992811203002930e-01
