-4.449491798877716064e-01 8.286805152893066406e+00 -4.449491798877716064e-01 -4.449491798877716064e-01 -4.449491798877716064e-01 -4.449491798877716064e-01 -4.449491798877716064e-01 -4.449491798877716064e-01 -4.449491798877716064e-01 -4.449491798877716064e-01 -4.449491798877716064e-01 -4.449491798877716064e-01 -4.449491798877716064e-01 -4.449491798877716064e-01 -4.449491798877716064e-01 1.665059626102447510e-01 -4.449491798877716064e-01 -4.449491798877716064e-01 -4.449491798877716064e-01 -4.449491798877716064e-01 -4.449491798877716064e-01
6.871699810028076172e+00 -9.794638156890869141e-01 -9.794638156890869141e-01 -9.794638156890869141e-01 -9.794638156890869141e-01 -9.794638156890869141e-01 -9.794638156890869141e-01 -9.794638156890869141e-01 -9.794638156890869141e-01 -9.794638156890869141e-01 -9.794638156890869141e-01 -5.301401019096374512e-01 3.390566706657409668e-01 -1.767940968275070190e-01 3.390566706657409668e-01 4.442690849304199219e+00 1.108644843101501465e+00 3.390566706657409668e-01 -9.794638156890869141e-01 -9.794638156890869141e-01 -9.794638156890869141e-01
2.893233776092529297e+00 -9.944065809249877930e-01 -1.613173604011535645e+00 -1.270242691040039062e+00 -1.613173604011535645e+00 9.518469125032424927e-02 -1.613173604011535645e+00 8.100239038467407227e-01 -1.270242691040039062e+00 -7.656162977218627930e-01 -1.270242691040039062e+00 2.807881534099578857e-01 -5.709480047225952148e-01 -1.613173604011535645e+00 -7.656162977218627930e-01 5.673762798309326172e+00 2.262243032455444336e+00 2.210119962692260742e+00 1.743105173110961914e+00 -9.944065809249877930e-01 -1.613173604011535645e+00
7.578011751174926758e-01 -1.562232732772827148e+00 -1.165254414081573486e-01 7.026365995407104492e-01 -2.092941045761108398e+00 1.410262227058410645e+00 -1.562232732772827148e+00 -5.624680221080780029e-02 -2.484454065561294556e-01 2.026852071285247803e-01 -1.186108589172363281e+00 7.305901050567626953e-01 5.499282851815223694e-02 -5.737221837043762207e-01 2.190272092819213867e+00 4.889480590820312500e+00 1.171837210655212402e+00 -3.990767002105712891e-01 -1.186108589172363281e+00 -1.034164547920227051e+00 -2.092941045761108398e+00
-6.546908617019653320e-01 -2.577683687210083008e+00 5.919663906097412109e-01 3.984392583370208740e-01 8.582392334938049316e-01 -8.289979100227355957e-01 -1.037592649459838867e+00 8.205785751342773438e-01 -8.289979100227355957e-01 2.079943895339965820e+00 -1.117268323898315430e+00 -2.112314701080322266e+00 7.814639806747436523e-01 1.323934674263000488e+00 -3.738113641738891602e-01 4.909846186637878418e-01 -1.397587418556213379e+00 -2.576372027397155762e-01 -1.203165531158447266e+00 1.117696166038513184e+00 3.926301002502441406e+00
-2.323712855577468872e-01 -9.871253967285156250e-01 -6.858804821968078613e-01 4.691303074359893799e-01 -2.323712855577468872e-01 1.007641777396202087e-01 -1.365258216857910156e+00 -6.858804821968078613e-01 -9.871253967285156250e-01 6.613588333129882812e-01 -1.365258216857910156e+00 -5.430560559034347534e-02 8.251116871833801270e-01 -9.871253967285156250e-01 -6.858804821968078613e-01 6.613588333129882812e-01 -6.858804821968078613e-01 3.591989576816558838e-01 -4.396246671676635742e-01 1.007641777396202087e-01 6.216809749603271484e+00
-7.302263379096984863e-01 -7.302263379096984863e-01 -7.302263379096984863e-01 -7.302263379096984863e-01 -2.209708094596862793e-01 1.813297420740127563e-01 -7.302263379096984863e-01 1.813297420740127563e-01 -7.302263379096984863e-01 1.813297420740127563e-01 -7.302263379096984863e-01 -7.302263379096984863e-01 1.813297420740127563e-01 -2.209708094596862793e-01 -2.209708094596862793e-01 -7.302263379096984863e-01 1.813297420740127563e-01 -2.209708094596862793e-01 -7.302263379096984863e-01 -2.209708094596862793e-01 7.501472473144531250e+00
-1.158833503723144531e+00 -1.158833503723144531e+00 -7.460668683052062988e-01 -4.194740951061248779e-01 -4.194740951061248779e-01 1.554822921752929688e+00 -1.158833503723144531e+00 -7.460668683052062988e-01 -4.194740951061248779e-01 4.159250259399414062e-01 -1.158833503723144531e+00 -7.460668683052062988e-01 6.483496725559234619e-02 6.483496725559234619e-02 1.241961598396301270e+00 2.529602944850921631e-01 4.159250259399414062e-01 -1.554336547851562500e-01 -1.158833503723144531e+00 -1.158833503723144531e+00 6.594600677490234375e+00
-1.893679946660995483e-01 -1.808591485023498535e+00 4.585622996091842651e-02 9.734438359737396240e-02 -1.042839884757995605e+00 9.654766917228698730e-01 -1.368277192115783691e+00 1.933521777391433716e-01 -5.825086832046508789e-01 1.933521777391433716e-01 -1.808591485023498535e+00 -4.918162524700164795e-01 1.180152893066406250e+00 -7.892042994499206543e-01 4.374659359455108643e-01 8.981392979621887207e-01 4.731147587299346924e-01 2.812644243240356445e-01 -1.042839884757995605e+00 -5.825086832046508789e-01 4.940834045410156250e+00
1.777547448873519897e-01 -1.810742378234863281e+00 5.025029778480529785e-01 2.118711918592453003e-01 -2.443290799856185913e-01 1.565330862998962402e+00 -6.895989179611206055e-01 -6.895989179611206055e-01 -1.176753759384155273e+00 5.990884304046630859e-01 -1.810742378234863281e+00 -1.451933503150939941e+00 1.777547448873519897e-01 -5.422488451004028320e-01 5.025029778480529785e-01 3.674167990684509277e-01 8.437680602073669434e-01 2.118711918592453003e-01 -3.537043631076812744e-01 -9.559983611106872559e-01 4.565420627593994141e+00
3.314349949359893799e-01 -2.730492353439331055e+00 1.992143988609313965e-01 -3.733924627304077148e-01 1.410767436027526855e-01 1.389945387840270996e+00 -9.572418928146362305e-01 2.132419645786285400e-01 -1.380516171455383301e+00 9.775962233543395996e-01 -9.145585298538208008e-01 -1.201504588127136230e+00 6.481350660324096680e-01 7.940392196178436279e-02 5.431816577911376953e-01 7.181456089019775391e-01 6.205759048461914062e-01 -3.839870169758796692e-02 -9.145585298538208008e-01 -5.338580012321472168e-01 3.182549238204956055e+00
8.054512143135070801e-01 -2.952058553695678711e+00 1.272636950016021729e-01 -3.487506210803985596e-01 -8.049260973930358887e-01 1.858843207359313965e+00 -9.936229586601257324e-01 1.435085296630859375e+00 -1.064972519874572754e+00 -4.825748875737190247e-02 5.069646518677473068e-03 -1.141578912734985352e+00 6.045163273811340332e-01 -2.439695000648498535e-01 7.067546844482421875e-01 9.425564408302307129e-01 1.067721366882324219e+00 3.346735239028930664e-01 -8.049260973930358887e-01 -1.314277648925781250e+00 1.829623579978942871e+00
6.418299078941345215e-01 -2.703017711639404297e+00 -2.674046205356717110e-03 -2.045894414186477661e-01 1.041635274887084961e-01 2.173388242721557617e+00 -3.722969293594360352e-01 1.656314134597778320e-01 -2.266867160797119141e+00 3.894279599189758301e-01 -1.110808491706848145e+00 -1.110808491706848145e+00 -1.543204784393310547e-01 2.122547626495361328e-01 2.181447744369506836e+00 1.150790095329284668e+00 9.905906915664672852e-01 4.177064299583435059e-01 -1.291605591773986816e+00 1.041635274887084961e-01 6.855261325836181641e-01
1.614466786384582520e+00 -2.565684556961059570e+00 8.909586071968078613e-02 -9.321505576372146606e-02 -1.882592737674713135e-01 2.470761299133300781e+00 -8.701944947242736816e-01 -6.297939419746398926e-01 -1.415554285049438477e+00 4.754587411880493164e-01 -9.505013823509216309e-01 -6.303443573415279388e-03 6.977393031120300293e-01 -5.995822548866271973e-01 2.693317532539367676e-01 2.625835418701171875e+00 6.465883851051330566e-01 4.222838580608367920e-01 -9.931268095970153809e-01 -3.383057415485382080e-01 -6.609219908714294434e-01
1.335364580154418945e+00 -3.100118160247802734e+00 2.375432522967457771e-03 -6.308453083038330078e-01 -6.308453083038330078e-01 1.921165466308593750e+00 -6.853858828544616699e-01 -2.751399576663970947e-01 -9.381487369537353516e-01 2.869591116905212402e-01 -1.620058655738830566e+00 1.595496058464050293e+00 -4.142381250858306885e-02 2.084884643554687500e-01 7.140345871448516846e-02 1.522390484809875488e+00 1.760376930236816406e+00 5.918657183647155762e-01 -7.137921452522277832e-01 1.188003182411193848e+00 -1.848050475120544434e+00
1.094270497560501099e-02 -2.432204246520996094e+00 2.107290267944335938e+00 1.622072577476501465e+00 -1.653676390647888184e+00 1.736240625381469727e+00 1.202399879693984985e-01 -7.940211892127990723e-01 -1.563508510589599609e+00 -9.774456620216369629e-01 -1.858895421028137207e+00 2.262987375259399414e+00 -1.480082750320434570e+00 1.360700607299804688e+00 -6.383177042007446289e-01 6.974384188652038574e-01 1.475338697433471680e+00 -4.847218096256256104e-02 -3.830044269561767578e-01 2.295377492904663086e+00 -1.858895421028137207e+00
-4.842330217361450195e-01 -1.952838659286499023e+00 -1.190091252326965332e+00 4.682994842529296875e+00 -1.952838659286499023e+00 2.923071861267089844e+00 -1.952838659286499023e+00 8.173891305923461914e-01 1.737683653831481934e+00 -1.399215817451477051e+00 -1.010660648345947266e+00 -1.648049592971801758e+00 2.961236715316772461e+00 -4.842330217361450195e-01 -4.842330217361450195e-01 -1.190091252326965332e+00 3.706059694290161133e+00 6.849596500396728516e-01 -1.399215817451477051e+00 -1.648049592971801758e+00 -7.172471880912780762e-01
3.597674369812011719e+00 -1.243852019309997559e+00 -1.589578032493591309e+00 3.160730600357055664e-01 -1.589578032493591309e+00 -1.243852019309997559e+00 -1.589578032493591309e+00 1.759282588958740234e+00 -1.243852019309997559e+00 3.738047361373901367e+00 -1.589578032493591309e+00 -1.589578032493591309e+00 -1.243852019309997559e+00 5.458020210266113281e+00 -9.293165057897567749e-02 -9.658943414688110352e-01 -7.354284524917602539e-01 -1.243852019309997559e+00 -1.589578032493591309e+00 3.417797803878784180e+00 -7.354284524917602539e-01
-1.307616353034973145e+00 -9.212060570716857910e-01 -1.307616353034973145e+00 -1.307616353034973145e+00 5.405301094055175781e+00 -1.307616353034973145e+00 4.000627994537353516e+00 -1.307616353034973145e+00 -1.307616353034973145e+00 -3.632898926734924316e-01 -1.307616353034973145e+00 -6.142963767051696777e-01 -9.212060570716857910e-01 -1.307616353034973145e+00 -1.307616353034973145e+00 -1.307616353034973145e+00 4.008147239685058594e+00 -1.307616353034973145e+00 -1.307616353034973145e+00 5.460416793823242188e+00 -3.632898926734924316e-01
-4.655355215072631836e-01 -4.655355215072631836e-01 -4.655355215072631836e-01 -4.655355215072631836e-01 8.222729682922363281e+00 -4.655355215072631836e-01 -4.655355215072631836e-01 -4.655355215072631836e-01 -4.655355215072631836e-01 -4.655355215072631836e-01 -4.655355215072631836e-01 -4.655355215072631836e-01 -4.655355215072631836e-01 -4.655355215072631836e-01 -4.655355215072631836e-01 -4.655355215072631836e-01 -4.655355215072631836e-01 -4.655355215072631836e-01 -4.655355215072631836e-01 -4.655355215072631836e-01 6.217917799949645996e-01
