-4.187607169151306152e-01 8.374885559082031250e+00 -4.187607169151306152e-01 -4.187607169151306152e-01 -4.187607169151306152e-01 -4.187607169151306152e-01 -4.187607169151306152e-01 -4.187607169151306152e-01 -4.187607169151306152e-01 -4.187607169151306152e-01 -4.187607169151306152e-01 -4.187607169151306152e-01 -4.187607169151306152e-01 -4.187607169151306152e-01 -4.187607169151306152e-01 -4.187607169151306152e-01 -4.187607169151306152e-01 -4.187607169151306152e-01 -4.187607169151306152e-01 -4.187607169151306152e-01 -4.187607169151306152e-01
6.892666816711425781e+00 -9.718340039253234863e-01 -9.718340039253234863e-01 -9.718340039253234863e-01 -9.718340039253234863e-01 -9.718340039253234863e-01 -9.718340039253234863e-01 -9.718340039253234863e-01 -9.718340039253234863e-01 -9.718340039253234863e-01 -9.718340039253234863e-01 -5.214276313781738281e-01 3.518171012401580811e-01 -1.655051559209823608e-01 1.182516440749168396e-01 4.402986049652099609e+00 1.003854751586914062e+00 5.501095056533813477e-01 -9.718340039253234863e-01 -9.718340039253234863e-01 -9.718340039253234863e-01
2.836323022842407227e+00 -5.781346559524536133e-01 -1.618230342864990234e+00 -1.275448441505432129e+00 -1.618230342864990234e+00 1.837634742259979248e-01 -1.618230342864990234e+00 6.922836899757385254e-01 -1.275448441505432129e+00 -5.781346559524536133e-01 -1.275448441505432129e+00 2.726981341838836670e-01 -5.781346559524536133e-01 -1.618230342864990234e+00 -5.781346559524536133e-01 5.675252914428710938e+00 2.188573360443115234e+00 2.161097288131713867e+00 1.498122096061706543e+00 -1.275448441505432129e+00 -1.618230342864990234e+00
7.564659714698791504e-01 -1.541012406349182129e+00 -4.589263498783111572e-01 6.997265219688415527e-01 -2.075220346450805664e+00 1.300156235694885254e+00 -1.541012406349182129e+00 -9.146891534328460693e-02 -9.146891534328460693e-02 2.279644608497619629e-01 -1.164029717445373535e+00 6.396985650062561035e-01 2.279644608497619629e-01 -7.569828033447265625e-01 2.203506469726562500e+00 4.924005031585693359e+00 1.215712428092956543e+00 -3.748161494731903076e-01 -1.011639356613159180e+00 -1.011639356613159180e+00 -2.075220346450805664e+00
-7.207934260368347168e-01 -2.585902929306030273e+00 4.793403446674346924e-01 3.269195258617401123e-01 8.587524890899658203e-01 -7.786796092987060547e-01 -9.743592739105224609e-01 7.959701418876647949e-01 -1.128185749053955078e+00 2.086272001266479492e+00 -1.048551082611083984e+00 -1.940328955650329590e+00 9.627877473831176758e-01 1.387003302574157715e+00 -4.270091056823730469e-01 4.433189034461975098e-01 -1.306845545768737793e+00 -2.329989075660705566e-01 -1.128185749053955078e+00 1.026631474494934082e+00 3.906870841979980469e+00
-1.341726034879684448e-01 -1.051270842552185059e+00 -3.094981312751770020e-01 3.833292424678802490e-01 -1.051270842552185059e+00 -1.341726034879684448e-01 -1.051270842552185059e+00 -7.554668188095092773e-01 -7.554668188095092773e-01 7.367116212844848633e-01 -1.051270842552185059e+00 -1.341726034879684448e-01 6.583625078201293945e-01 -7.554668188095092773e-01 -3.094981312751770020e-01 5.739561319351196289e-01 -7.554668188095092773e-01 2.744470238685607910e-01 -5.133291482925415039e-01 1.882631331682205200e-02 6.118999481201171875e+00
-7.812216281890869141e-01 -7.812216281890869141e-01 -2.886499166488647461e-01 -7.812216281890869141e-01 -2.886499166488647461e-01 -2.886499166488647461e-01 -7.812216281890869141e-01 -2.886499166488647461e-01 -7.812216281890869141e-01 1.024828329682350159e-01 -7.812216281890869141e-01 -7.812216281890869141e-01 1.024828329682350159e-01 -2.886499166488647461e-01 -2.886499166488647461e-01 -7.812216281890869141e-01 8.755998611450195312e-01 -2.886499166488647461e-01 1.024828329682350159e-01 -2.886499166488647461e-01 7.378105640411376953e+00
-8.043516278266906738e-01 -1.207820415496826172e+00 -4.835960865020751953e-01 -4.835960865020751953e-01 -2.239153087139129639e-01 1.414019703865051270e+00 -1.207820415496826172e+00 -4.835960865020751953e-01 -8.043516278266906738e-01 7.186529636383056641e-01 -1.207820415496826172e+00 -8.043516278266906738e-01 1.780060082674026489e-01 -2.239153087139129639e-01 1.083107829093933105e+00 3.389417231082916260e-01 3.389417231082916260e-01 -2.239153087139129639e-01 -1.207820415496826172e+00 -1.207820415496826172e+00 6.502387046813964844e+00
-1.553071886301040649e-01 -2.121385097503662109e+00 -9.515681117773056030e-02 2.508361637592315674e-01 -1.070191144943237305e+00 9.974930286407470703e-01 -1.070191144943237305e+00 6.712898612022399902e-02 -7.097629904747009277e-01 2.921085953712463379e-01 -1.221131801605224609e+00 -7.097629904747009277e-01 1.148925423622131348e+00 -8.174774050712585449e-01 4.767917692661285400e-01 8.436132073402404785e-01 2.921085953712463379e-01 6.712898612022399902e-02 -9.367327094078063965e-01 -4.374302327632904053e-01 4.907391071319580078e+00
7.892212271690368652e-02 -2.301998376846313477e+00 4.614603519439697266e-01 3.187579810619354248e-01 -4.022797048091888428e-01 1.567501306533813477e+00 -6.793279051780700684e-01 -5.317998528480529785e-01 -9.457876086235046387e-01 5.628392696380615234e-01 -1.801431059837341309e+00 -1.296524405479431152e+00 1.532900482416152954e-01 -5.317998528480529785e-01 6.768971085548400879e-01 2.876920104026794434e-01 8.547807931900024414e-01 -1.259535318240523338e-03 -2.869712114334106445e-01 -7.612985372543334961e-01 4.578863143920898438e+00
3.468139469623565674e-01 -2.948304176330566406e+00 2.560713887214660645e-01 -2.863839864730834961e-01 7.870408892631530762e-02 1.409785151481628418e+00 -7.091095447540283203e-01 2.695399522781372070e-01 -1.302757382392883301e+00 1.074631929397583008e+00 -9.423918128013610840e-01 -1.243139266967773438e+00 5.070261955261230469e-01 4.588195309042930603e-02 5.175494551658630371e-01 6.452754139900207520e-01 6.904010176658630371e-01 1.564075350761413574e-01 -9.869664907455444336e-01 -7.811178565025329590e-01 3.201009750366210938e+00
8.236349821090698242e-01 -2.951245307922363281e+00 1.046773791313171387e-01 -3.480912744998931885e-01 -7.214441299438476562e-01 1.830346345901489258e+00 -1.027939200401306152e+00 1.438934922218322754e+00 -1.101803660392761230e+00 1.394163221120834351e-01 4.399262741208076477e-02 -1.181414246559143066e+00 5.761135816574096680e-01 -2.943063080310821533e-01 6.404693126678466797e-01 9.277643561363220215e-01 1.081924438476562500e+00 3.631183207035064697e-01 -8.334761857986450195e-01 -1.361619591712951660e+00 1.851281881332397461e+00
5.419193506240844727e-01 -2.910622596740722656e+00 2.637115074321627617e-03 -2.269634157419204712e-01 1.067036911845207214e-01 2.149016380310058594e+00 -3.745915293693542480e-01 1.067036911845207214e-01 -2.172731161117553711e+00 3.475801944732666016e-01 -1.015212774276733398e+00 -9.098537564277648926e-01 -1.931740641593933105e-01 2.342996001243591309e-01 2.122740507125854492e+00 1.163390636444091797e+00 1.048789739608764648e+00 3.179194927215576172e-01 -1.132669329643249512e+00 1.897424906492233276e-01 6.042332053184509277e-01
1.505791068077087402e+00 -2.574469089508056641e+00 1.518516838550567627e-01 -6.789091229438781738e-02 -2.392943799495697021e-01 2.479938507080078125e+00 -1.003240108489990234e+00 -7.363815903663635254e-01 -1.246810674667358398e+00 3.441312909126281738e-01 -8.802993297576904297e-01 7.871534675359725952e-02 7.199849486351013184e-01 -3.957175016403198242e-01 2.589162588119506836e-01 2.618951320648193359e+00 5.253425240516662598e-01 5.446716547012329102e-01 -9.606086611747741699e-01 -2.816096246242523193e-01 -8.423895835876464844e-01
1.368607759475708008e+00 -2.868450403213500977e+00 1.339808255434036255e-01 -4.721526205539703369e-01 -6.472682952880859375e-01 1.946623086929321289e+00 -7.936885952949523926e-01 -2.278459370136260986e-01 -8.925576806068420410e-01 3.293962180614471436e-01 -1.838618755340576172e+00 1.614934682846069336e+00 -4.590795189142227173e-02 1.713282018899917603e-01 5.489790439605712891e-02 1.529890418052673340e+00 1.768522620201110840e+00 5.534602403640747070e-01 -7.033846974372863770e-01 1.144292354583740234e+00 -2.125713586807250977e+00
4.020714014768600464e-02 -2.622773885726928711e+00 2.085963726043701172e+00 1.640215396881103516e+00 -1.470696926116943359e+00 1.794206261634826660e+00 1.130870282649993896e-01 -1.129482746124267578e+00 -1.470696926116943359e+00 -9.186478853225708008e-01 -1.968363165855407715e+00 2.262966156005859375e+00 -1.393124461174011230e+00 1.376102924346923828e+00 -6.649218797683715820e-01 7.647615671157836914e-01 1.542736053466796875e+00 2.114413306117057800e-02 -4.312010407447814941e-01 2.277436971664428711e+00 -1.849522709846496582e+00
-6.178200244903564453e-01 -1.969870448112487793e+00 -1.032496571540832520e+00 4.658699035644531250e+00 -1.969870448112487793e+00 2.881838798522949219e+00 -1.969870448112487793e+00 8.529467582702636719e-01 1.686791300773620605e+00 -1.666343927383422852e+00 -1.032496571540832520e+00 -1.666343927383422852e+00 2.943141222000122070e+00 -6.178200244903564453e-01 -4.068987369537353516e-01 -7.399929761886596680e-01 3.667904376983642578e+00 8.232350349426269531e-01 -1.418762922286987305e+00 -1.666343927383422852e+00 -7.399929761886596680e-01
3.593687057495117188e+00 -1.270362257957458496e+00 -1.613504409790039062e+00 9.567666798830032349e-02 -1.613504409790039062e+00 -9.942699074745178223e-01 -1.270362257957458496e+00 1.582749724388122559e+00 -1.270362257957458496e+00 3.738426208496093750e+00 -1.613504409790039062e+00 -1.613504409790039062e+00 -1.270362257957458496e+00 5.409585952758789062e+00 9.567666798830032349e-02 -9.942699074745178223e-01 -9.942699074745178223e-01 -9.942699074745178223e-01 -1.613504409790039062e+00 3.375200986862182617e+00 -7.656511664390563965e-01
-9.402794241905212402e-01 -9.402794241905212402e-01 -1.324215888977050781e+00 -1.324215888977050781e+00 5.393250942230224609e+00 -1.324215888977050781e+00 3.994474411010742188e+00 -1.324215888977050781e+00 -1.324215888977050781e+00 -3.855982720851898193e-01 -1.324215888977050781e+00 -6.348912715911865234e-01 -9.402794241905212402e-01 -1.324215888977050781e+00 -1.324215888977050781e+00 -1.324215888977050781e+00 3.998158454895019531e+00 -1.324215888977050781e+00 -1.324215888977050781e+00 5.405060291290283203e+00 -3.855982720851898193e-01
-4.655363857746124268e-01 -4.655363857746124268e-01 -4.655363857746124268e-01 -4.655363857746124268e-01 8.221999168395996094e+00 -4.655363857746124268e-01 -4.655363857746124268e-01 -4.655363857746124268e-01 -4.655363857746124268e-01 -4.655363857746124268e-01 -4.655363857746124268e-01 -4.655363857746124268e-01 -4.655363857746124268e-01 -4.655363857746124268e-01 -4.655363857746124268e-01 -4.655363857746124268e-01 -4.655363857746124268e-01 -4.655363857746124268e-01 -4.655363857746124268e-01 -4.655363857746124268e-01 6.192788481712341309e-01
