-4.451390504837036133e-01 8.287019729614257812e+00 -4.451390504837036133e-01 -4.451390504837036133e-01 -4.451390504837036133e-01 -4.451390504837036133e-01 -4.451390504837036133e-01 -4.451390504837036133e-01 -4.451390504837036133e-01 -4.451390504837036133e-01 -4.451390504837036133e-01 -4.451390504837036133e-01 -4.451390504837036133e-01 -4.451390504837036133e-01 -4.451390504837036133e-01 1.687498986721038818e-01 -4.451390504837036133e-01 -4.451390504837036133e-01 -4.451390504837036133e-01 -4.451390504837036133e-01 -4.451390504837036133e-01
6.890260219573974609e+00 -9.703671336174011230e-01 -9.703671336174011230e-01 -9.703671336174011230e-01 -9.703671336174011230e-01 -9.703671336174011230e-01 -9.703671336174011230e-01 -9.703671336174011230e-01 -9.703671336174011230e-01 -9.703671336174011230e-01 -9.703671336174011230e-01 -5.191155076026916504e-01 1.183779314160346985e-01 -1.650446951389312744e-01 3.532970845699310303e-01 4.460782527923583984e+00 1.124341368675231934e+00 3.532970845699310303e-01 -9.703671336174011230e-01 -9.703671336174011230e-01 -9.703671336174011230e-01
2.873308658599853516e+00 -9.992777109146118164e-01 -1.274765491485595703e+00 -1.274765491485595703e+00 -1.616889595985412598e+00 8.928198367357254028e-02 -1.616889595985412598e+00 7.504355311393737793e-01 -1.274765491485595703e+00 -5.760574340820312500e-01 -1.274765491485595703e+00 8.928198367357254028e-02 -7.705255150794982910e-01 -1.616889595985412598e+00 -5.760574340820312500e-01 5.672132968902587891e+00 2.243277072906494141e+00 2.217223167419433594e+00 1.551947474479675293e+00 -9.992777109146118164e-01 -1.616889595985412598e+00
6.294021010398864746e-01 -1.549851179122924805e+00 -1.656780540943145752e-01 6.294021010398864746e-01 -1.789970993995666504e+00 1.367591381072998047e+00 -1.789970993995666504e+00 -1.017410680651664734e-01 1.571154966950416565e-02 4.252250194549560547e-01 -1.172318100929260254e+00 6.294021010398864746e-01 1.215785667300224304e-01 -5.593641400337219238e-01 2.179555177688598633e+00 4.908487319946289062e+00 1.305709838867187500e+00 -3.064207434654235840e-01 -1.346940755844116211e+00 -1.346940755844116211e+00 -2.082134723663330078e+00
-7.071752548217773438e-01 -2.575774192810058594e+00 5.453301668167114258e-01 2.554459869861602783e-01 8.852198719978332520e-01 -7.071752548217773438e-01 -1.035038352012634277e+00 8.971783518791198730e-01 -1.035038352012634277e+00 2.093567609786987305e+00 -1.035038352012634277e+00 -2.109988927841186523e+00 9.771533608436584473e-01 1.379555225372314453e+00 -5.497803092002868652e-01 4.757480323314666748e-01 -1.200609445571899414e+00 -2.550384104251861572e-01 -1.200609445571899414e+00 9.771533608436584473e-01 3.925487041473388672e+00
-4.842567145824432373e-01 -1.025493621826171875e+00 -1.021775230765342712e-01 4.172085225582122803e-01 -2.787082791328430176e-01 5.146092921495437622e-02 -1.398478507995605469e+00 -4.842567145824432373e-01 -7.281088829040527344e-01 9.131902456283569336e-01 -1.025493621826171875e+00 -2.787082791328430176e-01 8.448476791381835938e-01 -1.398478507995605469e+00 -7.281088829040527344e-01 6.086905002593994141e-01 -4.842567145824432373e-01 -2.787082791328430176e-01 -4.842567145824432373e-01 1.868889331817626953e-01 6.156897068023681641e+00
-7.754407525062561035e-01 -7.754407525062561035e-01 -7.754407525062561035e-01 -7.754407525062561035e-01 1.146686598658561707e-01 -2.770781219005584717e-01 -7.754407525062561035e-01 1.146686598658561707e-01 -7.754407525062561035e-01 1.146686598658561707e-01 -7.754407525062561035e-01 -7.754407525062561035e-01 1.146686598658561707e-01 -2.770781219005584717e-01 -2.770781219005584717e-01 -7.754407525062561035e-01 8.922292590141296387e-01 -2.770781219005584717e-01 1.146686598658561707e-01 -7.754407525062561035e-01 7.396971702575683594e+00
-7.244814634323120117e-01 -1.140427470207214355e+00 -1.140427470207214355e+00 -7.244814634323120117e-01 -3.959960341453552246e-01 1.586826801300048828e+00 -1.140427470207214355e+00 -7.244814634323120117e-01 -7.244814634323120117e-01 4.448209106922149658e-01 -1.140427470207214355e+00 -7.244814634323120117e-01 9.181695431470870972e-02 -1.301473826169967651e-01 1.273574709892272949e+00 9.181695431470870972e-02 5.879920721054077148e-01 -1.301473826169967651e-01 -7.244814634323120117e-01 -1.140427470207214355e+00 6.629242420196533203e+00
-6.640782207250595093e-02 -1.854055285453796387e+00 3.888675570487976074e-02 8.785359561443328857e-02 -1.095626592636108398e+00 9.052597284317016602e-01 -1.245936393737792969e+00 2.635271549224853516e-01 -6.382496356964111328e-01 1.794034689664840698e-01 -1.095626592636108398e+00 -7.364847660064697266e-01 1.046833753585815430e+00 -9.628156423568725586e-01 5.754147768020629883e-01 7.905967831611633301e-01 2.635271549224853516e-01 1.794034689664840698e-01 -9.628156423568725586e-01 -5.478838682174682617e-01 4.876000881195068359e+00
1.258870959281921387e-01 -1.824274182319641113e+00 5.107397437095642090e-01 5.158266052603721619e-02 -2.606287300586700439e-01 1.512060880661010742e+00 -5.582712292671203613e-01 -7.053313255310058594e-01 -9.714192152023315430e-01 5.351456403732299805e-01 -1.632262587547302246e+00 -1.632262587547302246e+00 1.258870959281921387e-01 -3.699602186679840088e-01 5.822771191596984863e-01 2.602649927139282227e-01 6.704921722412109375e-01 1.611419469118118286e-01 -4.291127026081085205e-01 -7.053313255310058594e-01 4.552712917327880859e+00
4.024229049682617188e-01 -2.721773624420166016e+00 1.367987990379333496e-01 -3.627102673053741455e-01 2.100177407264709473e-01 1.356540679931640625e+00 -8.236402273178100586e-01 2.783023118972778320e-01 -1.307255506515502930e+00 1.076038837432861328e+00 -9.467908740043640137e-01 -1.437433838844299316e+00 5.739321112632751465e-01 9.019535779953002930e-02 5.024418234825134277e-01 6.406976580619812012e-01 6.220682859420776367e-01 5.789912864565849304e-02 -9.040812253952026367e-01 -6.462138295173645020e-01 3.202856063842773438e+00
8.894909024238586426e-01 -2.952158689498901367e+00 1.382786482572555542e-01 -4.058881700038909912e-01 -8.345610499382019043e-01 1.864524602890014648e+00 -9.940518140792846680e-01 1.444014430046081543e+00 -9.601346850395202637e-01 -1.645993590354919434e-01 6.759204715490341187e-02 -1.065391659736633301e+00 4.902912378311157227e-01 -2.443764805793762207e-01 6.253829002380371094e-01 9.318088293075561523e-01 1.025692701339721680e+00 2.862286567687988281e-01 -6.460786461830139160e-01 -1.362805962562561035e+00 1.866647124290466309e+00
5.874101519584655762e-01 -2.893236160278320312e+00 2.419272251427173615e-02 -1.884645670652389526e-01 6.449415534734725952e-02 2.165951490402221680e+00 -3.731930851936340332e-01 2.880682647228240967e-01 -2.153501272201538086e+00 3.691913187503814697e-01 -1.198175787925720215e+00 -1.111695885658264160e+00 -1.884645670652389526e-01 3.495119214057922363e-01 2.170819759368896484e+00 1.145363926887512207e+00 1.089761972427368164e+00 3.294421434402465820e-01 -1.071042656898498535e+00 -6.156634539365768433e-02 6.556803584098815918e-01
1.558089494705200195e+00 -2.410239934921264648e+00 2.151583433151245117e-01 -1.267890632152557373e-01 -2.650702595710754395e-01 2.490168333053588867e+00 -8.472578525543212891e-01 -6.760197877883911133e-01 -1.367326259613037109e+00 3.274362981319427490e-01 -1.008033752441406250e+00 -1.084864288568496704e-01 7.309951186180114746e-01 -5.021122694015502930e-01 1.884160637855529785e-01 2.585664510726928711e+00 5.772957801818847656e-01 5.397040843963623047e-01 -8.472578525543212891e-01 -2.441247850656509399e-01 -8.106844425201416016e-01
1.393037796020507812e+00 -2.889589309692382812e+00 4.241377860307693481e-02 -6.461778879165649414e-01 -3.890434503555297852e-01 1.875311136245727539e+00 -6.730846762657165527e-01 -2.537746429443359375e-01 -9.533495306968688965e-01 3.031941056251525879e-01 -1.634775042533874512e+00 1.588539123535156250e+00 2.879958413541316986e-02 1.693245470523834229e-01 8.218806236982345581e-02 1.512963414192199707e+00 1.703932046890258789e+00 4.931808710098266602e-01 -9.533495306968688965e-01 1.150007486343383789e+00 -1.950210809707641602e+00
-3.796967491507530212e-02 -2.423101186752319336e+00 2.146506071090698242e+00 1.572477221488952637e+00 -1.392834663391113281e+00 1.729378342628479004e+00 2.142172493040561676e-02 -7.837877869606018066e-01 -1.742171049118041992e+00 -9.183673262596130371e-01 -2.100743532180786133e+00 2.287991762161254883e+00 -1.392834663391113281e+00 1.314118146896362305e+00 -5.924626588821411133e-01 8.785738348960876465e-01 1.530180096626281738e+00 -1.010650470852851868e-01 -3.176825046539306641e-01 2.289950609207153320e+00 -1.968104004859924316e+00
-4.173124432563781738e-01 -1.977120757102966309e+00 -8.866171240806579590e-01 4.643080234527587891e+00 -1.977120757102966309e+00 2.897566080093383789e+00 -1.977120757102966309e+00 8.985747694969177246e-01 1.622250914573669434e+00 -1.428039431571960449e+00 -1.041698217391967773e+00 -1.977120757102966309e+00 2.897566080093383789e+00 -6.281235814094543457e-01 -4.173124432563781738e-01 -1.041698217391967773e+00 3.665302753448486328e+00 9.259099960327148438e-01 -1.220087528228759766e+00 -1.675130009651184082e+00 -8.866171240806579590e-01
3.618539810180664062e+00 -1.258071064949035645e+00 -1.601981282234191895e+00 1.116399168968200684e-01 -1.601981282234191895e+00 -9.811051487922668457e-01 -1.258071064949035645e+00 1.695195317268371582e+00 -1.258071064949035645e+00 3.720764875411987305e+00 -1.601981282234191895e+00 -1.601981282234191895e+00 -1.258071064949035645e+00 5.429395675659179688e+00 5.687914323061704636e-03 -1.258071064949035645e+00 -7.511137723922729492e-01 -9.811051487922668457e-01 -1.601981282234191895e+00 3.414103984832763672e+00 -9.811051487922668457e-01
-9.287005662918090820e-01 -9.287005662918090820e-01 -1.313811540603637695e+00 -1.313811540603637695e+00 5.388004302978515625e+00 -1.313811540603637695e+00 3.970837354660034180e+00 -1.313811540603637695e+00 -1.313811540603637695e+00 -3.717067241668701172e-01 -1.313811540603637695e+00 -6.225705742835998535e-01 -9.287005662918090820e-01 -1.313811540603637695e+00 -1.313811540603637695e+00 -1.313811540603637695e+00 4.048517704010009766e+00 -1.313811540603637695e+00 -1.313811540603637695e+00 5.447875499725341797e+00 -6.225705742835998535e-01
-4.450088143348693848e-01 -4.450088143348693848e-01 -4.450088143348693848e-01 -4.450088143348693848e-01 8.286931037902832031e+00 -4.450088143348693848e-01 -4.450088143348693848e-01 -4.450088143348693848e-01 -4.450088143348693848e-01 -4.450088143348693848e-01 -4.450088143348693848e-01 -4.450088143348693848e-01 -4.450088143348693848e-01 -4.450088143348693848e-01 -4.450088143348693848e-01 -4.450088143348693848e-01 -4.450088143348693848e-01 -4.450088143348693848e-01 -4.450088143348693848e-01 -4.450088143348693848e-01 1.689519584178924561e-01
