-4.188550412654876709e-01 8.375864982604980469e+00 -4.188550412654876709e-01 -4.188550412654876709e-01 -4.188550412654876709e-01 -4.188550412654876709e-01 -4.188550412654876709e-01 -4.188550412654876709e-01 -4.188550412654876709e-01 -4.188550412654876709e-01 -4.188550412654876709e-01 -4.188550412654876709e-01 -4.188550412654876709e-01 -4.188550412654876709e-01 -4.188550412654876709e-01 -4.188550412654876709e-01 -4.188550412654876709e-01 -4.188550412654876709e-01 -4.188550412654876709e-01 -4.188550412654876709e-01 -4.188550412654876709e-01
7.039819717407226562e+00 -9.004153013229370117e-01 -9.004153013229370117e-01 -9.004153013229370117e-01 -9.004153013229370117e-01 -9.004153013229370117e-01 -9.004153013229370117e-01 -9.004153013229370117e-01 -9.004153013229370117e-01 -9.004153013229370117e-01 -9.004153013229370117e-01 -9.004153013229370117e-01 2.247863709926605225e-01 -6.817957758903503418e-02 -6.817957758903503418e-02 4.581861495971679688e+00 6.705831885337829590e-01 2.247863709926605225e-01 -9.004153013229370117e-01 -9.004153013229370117e-01 -9.004153013229370117e-01
2.800845861434936523e+00 -7.533583641052246094e-01 -1.260343074798583984e+00 -1.260343074798583984e+00 -1.603456020355224609e+00 1.091542318463325500e-01 -1.603456020355224609e+00 7.706235051155090332e-01 -1.260343074798583984e+00 -7.533583641052246094e-01 -1.260343074798583984e+00 2.948760986328125000e-01 -5.586460828781127930e-01 -1.603456020355224609e+00 -5.586460828781127930e-01 5.699533939361572266e+00 2.225152969360351562e+00 2.289905786514282227e+00 1.493826150894165039e+00 -1.603456020355224609e+00 -1.603456020355224609e+00
8.029263615608215332e-01 -1.547359108924865723e+00 -2.307644486427307129e-01 4.651944637298583984e-01 -1.788082361221313477e+00 1.429048180580139160e+00 -1.547359108924865723e+00 -1.627029478549957275e-01 1.883202604949474335e-02 2.206331491470336914e-01 -1.018438458442687988e+00 5.353754162788391113e-01 -9.869104623794555664e-02 -3.812511265277862549e-01 2.189387083053588867e+00 4.916942596435546875e+00 1.172511577606201172e+00 -3.812511265277862549e-01 -1.344363808631896973e+00 -1.170198321342468262e+00 -2.080296993255615234e+00
-7.661303281784057617e-01 -2.577221870422363281e+00 6.250262856483459473e-01 3.803338408470153809e-01 7.560080289840698242e-01 -8.926791548728942871e-01 -8.926791548728942871e-01 8.597419261932373047e-01 -8.275348544120788574e-01 2.117459535598754883e+00 -1.201385259628295898e+00 -1.928795576095581055e+00 8.840954899787902832e-01 1.340877056121826172e+00 -4.143755137920379639e-01 5.100386142730712891e-01 -1.396262049674987793e+00 -2.560849189758300781e-01 -1.294528007507324219e+00 1.050153136253356934e+00 3.923755884170532227e+00
-9.319961071014404297e-02 -1.391378521919250488e+00 -2.697253227233886719e-01 6.045829132199287415e-02 -1.018525958061218262e+00 -9.319961071014404297e-02 -1.018525958061218262e+00 -7.206201553344726562e-01 -7.206201553344726562e-01 6.188817024230957031e-01 -1.018525958061218262e+00 -2.697253227233886719e-01 7.816665768623352051e-01 -7.206201553344726562e-01 -2.697253227233886719e-01 7.816665768623352051e-01 -7.206201553344726562e-01 3.176941573619842529e-01 -7.206201553344726562e-01 3.176941573619842529e-01 6.168900012969970703e+00
-8.435924053192138672e-01 -8.435924053192138672e-01 -3.630866408348083496e-01 -8.435924053192138672e-01 1.365669444203376770e-02 1.365669444203376770e-02 -8.435924053192138672e-01 1.365669444203376770e-02 -8.435924053192138672e-01 1.365669444203376770e-02 -8.435924053192138672e-01 -8.435924053192138672e-01 3.145689070224761963e-01 -3.630866408348083496e-01 -3.630866408348083496e-01 -8.435924053192138672e-01 5.619998574256896973e-01 1.365669444203376770e-02 1.365669444203376770e-02 -3.630866408348083496e-01 7.243039608001708984e+00
-7.800766825675964355e-01 -1.186605215072631836e+00 -4.580260515213012695e-01 -7.800766825675964355e-01 -1.957776695489883423e-01 1.557656645774841309e+00 -1.186605215072631836e+00 -4.580260515213012695e-01 -4.580260515213012695e-01 7.530174255371093750e-01 -1.186605215072631836e+00 -7.800766825675964355e-01 2.097730636596679688e-01 -4.580260515213012695e-01 1.192889332771301270e+00 2.097730636596679688e-01 2.097730636596679688e-01 -7.800766825675964355e-01 -7.800766825675964355e-01 -1.186605215072631836e+00 6.540437698364257812e+00
-1.779879778623580933e-01 -2.091229438781738281e+00 -5.371060967445373535e-02 3.379668574780225754e-03 -1.184014797210693359e+00 9.775474667549133301e-01 -1.184014797210693359e+00 2.050749212503433228e-01 -4.800489544868469238e-01 3.379668574780225754e-03 -1.184014797210693359e+00 -3.962656855583190918e-01 1.138066411018371582e+00 -1.184014797210693359e+00 5.196145772933959961e-01 8.380848765373229980e-01 6.470685005187988281e-01 1.581586003303527832e-01 -1.032515645027160645e+00 -4.800489544868469238e-01 4.956545352935791016e+00
5.106997489929199219e-02 -1.824583530426025391e+00 4.063912034034729004e-01 1.947880089282989502e-01 -2.103298902511596680e-01 1.502364754676818848e+00 -9.716370701789855957e-01 -3.142388761043548584e-01 -8.755677938461303711e-01 5.102626681327819824e-01 -2.050687789916992188e+00 -1.192731380462646484e+00 1.179088000208139420e-02 -3.703103363513946533e-01 5.346648693084716797e-01 3.209477961063385010e-01 8.793994188308715820e-01 1.947880089282989502e-01 -5.587664246559143066e-01 -7.872612476348876953e-01 4.549572467803955078e+00
3.047632277011871338e-01 -2.741585493087768555e+00 1.269057244062423706e-01 -2.705187201499938965e-01 1.118394434452056885e-01 1.366906642913818359e+00 -8.100436329841613770e-01 1.990505158901214600e-01 -1.161483883857727051e+00 1.032732009887695312e+00 -8.874763250350952148e-01 -1.330950736999511719e+00 5.389414429664611816e-01 3.297888487577438354e-02 4.667447209358215332e-01 6.428982019424438477e-01 7.122957110404968262e-01 -8.885230123996734619e-02 -7.733936309814453125e-01 -6.385914683341979980e-01 3.167437791824340820e+00
7.371779680252075195e-01 -2.957800865173339844e+00 7.245224714279174805e-02 -2.683195471763610840e-01 -7.297667860984802246e-01 1.836575746536254883e+00 -1.001104593276977539e+00 1.427309036254882812e+00 -1.001104593276977539e+00 6.032125279307365417e-02 1.028795354068279266e-02 -1.149134874343872070e+00 5.602711439132690430e-01 -2.853299081325531006e-01 6.727622747421264648e-01 9.700765609741210938e-01 1.099912166595458984e+00 3.362978994846343994e-01 -7.842096090316772461e-01 -1.419906020164489746e+00 1.813346743583679199e+00
6.052997112274169922e-01 -2.714414119720458984e+00 -2.553337486460804939e-03 -1.681190878152847290e-01 1.397482156753540039e-01 2.152860879898071289e+00 -3.860799670219421387e-01 1.028799861669540405e-01 -2.165483236312866211e+00 4.130310416221618652e-01 -1.083716750144958496e+00 -1.256781101226806641e+00 -1.845968216657638550e-01 1.869063973426818848e-01 2.152860879898071289e+00 1.150170326232910156e+00 1.067126393318176270e+00 3.755053579807281494e-01 -1.044567942619323730e+00 7.753179222345352173e-02 5.822061896324157715e-01
1.568360567092895508e+00 -2.425375461578369141e+00 5.680985003709793091e-02 -1.253789663314819336e-01 -1.436845213174819946e-01 2.449334144592285156e+00 -8.638433218002319336e-01 -7.247458100318908691e-01 -1.267824053764343262e+00 4.326207935810089111e-01 -9.017574787139892578e-01 2.602168731391429901e-02 6.141062974929809570e-01 -3.935718238353729248e-01 1.848756819963455200e-01 2.577143907546997070e+00 5.509731769561767578e-01 4.114734530448913574e-01 -8.638433218002319336e-01 -2.610324621200561523e-01 -9.017574787139892578e-01
1.352780580520629883e+00 -3.087311029434204102e+00 8.865041285753250122e-02 -5.875323414802551270e-01 -4.888057708740234375e-01 1.934394121170043945e+00 -6.968138813972473145e-01 -1.855454146862030029e-01 -1.034733772277832031e+00 2.713658809661865234e-01 -1.603896379470825195e+00 1.653241038322448730e+00 -1.343970298767089844e-01 1.532938629388809204e-01 1.959982141852378845e-02 1.598131418228149414e+00 1.777821540832519531e+00 5.601934194564819336e-01 -7.260425686836242676e-01 1.151045322418212891e+00 -2.015276193618774414e+00
-1.997335068881511688e-02 -2.624716997146606445e+00 2.096392869949340820e+00 1.638284683227539062e+00 -1.472221255302429199e+00 1.755085229873657227e+00 3.832580894231796265e-02 -7.860431075096130371e-01 -1.394924759864807129e+00 -8.737116456031799316e-01 -1.851601839065551758e+00 2.240036487579345703e+00 -1.322774410247802734e+00 1.418485879898071289e+00 -7.448062896728515625e-01 8.512419462203979492e-01 1.519251108169555664e+00 -1.704793423414230347e-01 -4.946608841419219971e-01 2.301817893981933594e+00 -2.103316307067871094e+00
-5.889149308204650879e-01 -1.948254227638244629e+00 -8.492666482925415039e-01 4.692433834075927734e+00 -1.948254227638244629e+00 2.869696378707885742e+00 -1.948254227638244629e+00 7.599380612373352051e-01 1.840553641319274902e+00 -1.393968582153320312e+00 -1.005068063735961914e+00 -1.643618941307067871e+00 3.026173114776611328e+00 -5.889149308204650879e-01 -5.889149308204650879e-01 -8.492666482925415039e-01 3.689375877380371094e+00 8.240333795547485352e-01 -1.393968582153320312e+00 -1.948254227638244629e+00 -1.005068063735961914e+00
3.665380954742431641e+00 -1.239775776863098145e+00 -1.585276603698730469e+00 2.954863384366035461e-02 -1.585276603698730469e+00 -9.608954787254333496e-01 -1.239775776863098145e+00 1.651399970054626465e+00 -1.239775776863098145e+00 3.809453964233398438e+00 -1.585276603698730469e+00 -1.585276603698730469e+00 -1.239775776863098145e+00 5.451898574829101562e+00 2.954863384366035461e-02 -9.608954787254333496e-01 -7.296364307403564453e-01 -1.239775776863098145e+00 -1.585276603698730469e+00 3.381513357162475586e+00 -1.239775776863098145e+00
-9.015653729438781738e-01 -9.015653729438781738e-01 -1.289857864379882812e+00 -1.289857864379882812e+00 5.451104164123535156e+00 -1.289857864379882812e+00 4.100850582122802734e+00 -1.289857864379882812e+00 -1.289857864379882812e+00 -3.387861549854278564e-01 -1.289857864379882812e+00 -9.015653729438781738e-01 -9.015653729438781738e-01 -1.289857864379882812e+00 -1.289857864379882812e+00 -1.289857864379882812e+00 4.016370773315429688e+00 -1.289857864379882812e+00 -1.289857864379882812e+00 5.467453479766845703e+00 -9.015653729438781738e-01
-4.452556669712066650e-01 -4.452556669712066650e-01 -4.452556669712066650e-01 -4.452556669712066650e-01 8.287064552307128906e+00 -4.452556669712066650e-01 -4.452556669712066650e-01 -4.452556669712066650e-01 -4.452556669712066650e-01 -4.452556669712066650e-01 -4.452556669712066650e-01 -4.452556669712066650e-01 -4.452556669712066650e-01 -4.452556669712066650e-01 -4.452556669712066650e-01 -4.452556669712066650e-01 -4.452556669712066650e-01 -4.452556669712066650e-01 -4.452556669712066650e-01 -4.452556669712066650e-01 1.713156998157501221e-01
