-4.443135857582092285e-01 8.286274909973144531e+00 -4.443135857582092285e-01 -4.443135857582092285e-01 -4.443135857582092285e-01 -4.443135857582092285e-01 -4.443135857582092285e-01 -4.443135857582092285e-01 -4.443135857582092285e-01 -4.443135857582092285e-01 -4.443135857582092285e-01 -4.443135857582092285e-01 -4.443135857582092285e-01 -4.443135857582092285e-01 -4.443135857582092285e-01 1.570154577493667603e-01 -4.443135857582092285e-01 -4.443135857582092285e-01 -4.443135857582092285e-01 -4.443135857582092285e-01 -4.443135857582092285e-01
6.903436660766601562e+00 -9.645375013351440430e-01 -9.645375013351440430e-01 -9.645375013351440430e-01 -9.645375013351440430e-01 -9.645375013351440430e-01 -9.645375013351440430e-01 -9.645375013351440430e-01 -9.645375013351440430e-01 -9.645375013351440430e-01 -9.645375013351440430e-01 -5.124439597129821777e-01 3.666062057018280029e-01 -1.521202176809310913e-01 1.338336616754531860e-01 4.502163887023925781e+00 7.337380647659301758e-01 5.631115436553955078e-01 -9.645375013351440430e-01 -9.645375013351440430e-01 -9.645375013351440430e-01
2.911604404449462891e+00 -5.807552933692932129e-01 -1.275992870330810547e+00 -1.275992870330810547e+00 -1.619845986366271973e+00 4.313251376152038574e-01 -1.619845986366271973e+00 8.526600599288940430e-01 -1.275992870330810547e+00 -1.000104427337646484e+00 -1.275992870330810547e+00 1.848090887069702148e-01 -7.732843756675720215e-01 -1.619845986366271973e+00 -7.732843756675720215e-01 5.666923522949218750e+00 2.241060733795166016e+00 2.174637794494628906e+00 1.524186372756958008e+00 -1.275992870330810547e+00 -1.619845986366271973e+00
7.575899362564086914e-01 -1.517109513282775879e+00 -3.473521769046783447e-01 6.050782799720764160e-01 -1.758948087692260742e+00 1.407636880874633789e+00 -1.758948087692260742e+00 1.085520684719085693e-01 1.085520684719085693e-01 2.091948240995407104e-01 -1.517109513282775879e+00 6.374741792678833008e-01 1.085520684719085693e-01 -6.212161779403686523e-01 2.297510623931884766e+00 4.949542522430419922e+00 1.313278079032897949e+00 -6.212161779403686523e-01 -9.874504208564758301e-01 -1.314630627632141113e+00 -2.056052684783935547e+00
-1.013604402542114258e+00 -2.558458566665649414e+00 5.338595509529113770e-01 4.237391352653503418e-01 9.551542997360229492e-01 -8.694512844085693359e-01 -1.013604402542114258e+00 8.837707042694091797e-01 -9.391801953315734863e-01 2.105716466903686523e+00 -1.179192781448364258e+00 -2.090463876724243164e+00 1.000094294548034668e+00 1.395179390907287598e+00 -3.494803309440612793e-01 4.984611868858337402e-01 -1.374177217483520508e+00 -1.278330534696578979e-01 -1.374177217483520508e+00 1.152793288230895996e+00 3.942252397537231445e+00
-3.713874220848083496e-01 -1.467343211174011230e+00 -1.985781937837600708e-01 2.074280828237533569e-01 -3.713874220848083496e-01 -4.701393097639083862e-02 -1.103087425231933594e+00 -8.106380701065063477e-01 -8.106380701065063477e-01 8.067101240158081055e-01 -1.103087425231933594e+00 -3.713874220848083496e-01 8.067101240158081055e-01 -8.106380701065063477e-01 -3.713874220848083496e-01 7.385745644569396973e-01 -8.106380701065063477e-01 4.141100645065307617e-01 -5.718935132026672363e-01 2.074280828237533569e-01 6.038141727447509766e+00
-8.351064920425415039e-01 -8.351064920425415039e-01 -3.585862219333648682e-01 -8.351064920425415039e-01 2.342723496258258820e-02 2.342723496258258820e-02 -8.351064920425415039e-01 2.342723496258258820e-02 -8.351064920425415039e-01 2.342723496258258820e-02 -8.351064920425415039e-01 -8.351064920425415039e-01 3.263447582721710205e-01 -3.585862219333648682e-01 -3.585862219333648682e-01 -8.351064920425415039e-01 7.770668864250183105e-01 2.342723496258258820e-02 -3.585862219333648682e-01 -3.585862219333648682e-01 7.256333827972412109e+00
-8.126766681671142578e-01 -1.215143442153930664e+00 -8.126766681671142578e-01 -4.912558197975158691e-01 -4.912558197975158691e-01 1.607484102249145508e+00 -1.215143442153930664e+00 -8.126766681671142578e-01 -4.912558197975158691e-01 5.943449139595031738e-01 -1.215143442153930664e+00 -8.126766681671142578e-01 1.661886274814605713e-01 -2.322234809398651123e-01 1.215251922607421875e+00 4.682245254516601562e-01 3.265376389026641846e-01 -2.322234809398651123e-01 -8.126766681671142578e-01 -1.215143442153930664e+00 6.487527847290039062e+00
-3.716555237770080566e-02 -1.872389912605285645e+00 6.287219375371932983e-02 -3.716555237770080566e-02 -1.118831992149353027e+00 9.628037214279174805e-01 -1.118831992149353027e+00 1.095103323459625244e-01 -6.616293191909790039e-01 2.779493033885955811e-01 -1.268532514572143555e+00 -6.616293191909790039e-01 1.111353397369384766e+00 -7.593697905540466309e-01 4.885825514793395996e-01 8.122651576995849609e-01 4.563626945018768311e-01 1.541876047849655151e-01 -9.858607053756713867e-01 -7.593697905540466309e-01 4.843103885650634766e+00
1.239653974771499634e-01 -1.853716015815734863e+00 4.973981380462646484e-01 8.867868781089782715e-02 -2.967964112758636475e-01 1.536395430564880371e+00 -9.101483225822448730e-01 -5.277531147003173828e-01 -1.005653023719787598e+00 6.740736365318298340e-01 -1.664369702339172363e+00 -1.355286598205566406e+00 -2.492657117545604706e-02 -5.943541526794433594e-01 6.326899528503417969e-01 2.840735614299774170e-01 8.245843052864074707e-01 1.910658478736877441e-01 -2.967964112758636475e-01 -8.223546147346496582e-01 4.498942375183105469e+00
4.576251506805419922e-01 -2.951681137084960938e+00 1.651494055986404419e-01 -2.473070621490478516e-01 2.084461450576782227e-01 1.407900571823120117e+00 -7.873013615608215332e-01 1.199234575033187866e-01 -1.138736248016357422e+00 9.868897199630737305e-01 -9.059278368949890137e-01 -1.248803377151489258e+00 5.918827056884765625e-01 1.199234575033187866e-01 5.524409413337707520e-01 6.204866170883178711e-01 6.753683686256408691e-01 5.632095411419868469e-02 -1.087834358215332031e+00 -7.873013615608215332e-01 3.193353176116943359e+00
8.627964854240417480e-01 -3.147704839706420898e+00 1.203337460756301880e-01 -3.392756879329681396e-01 -9.318868517875671387e-01 1.901640176773071289e+00 -1.114378213882446289e+00 1.466681241989135742e+00 -1.075264811515808105e+00 5.890252068638801575e-02 3.324517235159873962e-02 -1.241089701652526855e+00 6.037427186965942383e-01 -3.392756879329681396e-01 6.400104761123657227e-01 9.962762594223022461e-01 1.131721735000610352e+00 3.440285027027130127e-01 -6.427343487739562988e-01 -1.197162628173828125e+00 1.870738267898559570e+00
6.380534172058105469e-01 -3.098631858825683594e+00 5.741503462195396423e-02 -2.032867968082427979e-01 5.741503462195396423e-02 2.192300558090209961e+00 -3.950579464435577393e-01 2.079380601644515991e-01 -2.031102180480957031e+00 3.985920250415802002e-01 -1.323752880096435547e+00 -1.273367881774902344e+00 -1.689268201589584351e-01 2.755606174468994141e-01 2.185809373855590820e+00 1.174132943153381348e+00 1.080552101135253906e+00 4.457356929779052734e-01 -1.093225479125976562e+00 1.843562722206115723e-01 6.899814605712890625e-01
1.560519337654113770e+00 -2.413396358489990234e+00 2.141478061676025391e-01 -7.385915517807006836e-02 -2.451332211494445801e-01 2.455646991729736328e+00 -8.861785531044006348e-01 -8.115477561950683594e-01 -1.252116560935974121e+00 3.725954294204711914e-01 -9.255635142326354980e-01 -2.262398041784763336e-02 6.895822882652282715e-01 -5.862091779708862305e-01 1.874079555273056030e-01 2.615363597869873047e+00 5.945672988891601562e-01 4.693641960620880127e-01 -8.482006788253784180e-01 -2.451332211494445801e-01 -8.482006788253784180e-01
1.374478936195373535e+00 -2.866039514541625977e+00 1.504913717508316040e-02 -6.452435255050659180e-01 -4.933822453022003174e-01 1.936152696609497070e+00 -7.915082573890686035e-01 -2.077148258686065674e-01 -8.564688563346862793e-01 3.104082942008972168e-01 -1.608368873596191406e+00 1.645798206329345703e+00 -4.379433020949363708e-02 1.734637469053268433e-01 7.065989077091217041e-02 1.538364291191101074e+00 1.765687227249145508e+00 5.301650762557983398e-01 -7.915082573890686035e-01 1.183013916015625000e+00 -2.239519834518432617e+00
-1.562103722244501114e-02 -2.404990434646606445e+00 2.171535253524780273e+00 1.670926690101623535e+00 -1.372034311294555664e+00 1.737794041633605957e+00 2.037014812231063843e-01 -8.498681187629699707e-01 -1.449506282806396484e+00 -9.963869452476501465e-01 -1.948822259902954102e+00 2.316727161407470703e+00 -1.720954179763793945e+00 1.388957142829895020e+00 -5.704869031906127930e-01 7.876456379890441895e-01 1.508687138557434082e+00 4.581019282341003418e-03 -3.504741787910461426e-01 2.292273044586181641e+00 -2.404990434646606445e+00
-4.950109720230102539e-01 -1.961208581924438477e+00 -8.661161661148071289e-01 4.669543743133544922e+00 -1.961208581924438477e+00 2.830708742141723633e+00 -1.961208581924438477e+00 8.955766558647155762e-01 1.763567209243774414e+00 -1.655329704284667969e+00 -1.021816849708557129e+00 -1.655329704284667969e+00 2.964710712432861328e+00 -4.950109720230102539e-01 -4.950109720230102539e-01 -6.054967641830444336e-01 3.708790302276611328e+00 8.064581155776977539e-01 -1.407037019729614258e+00 -1.655329704284667969e+00 -1.407037019729614258e+00
3.677519559860229492e+00 -1.207416534423828125e+00 -1.558581590652465820e+00 1.761022508144378662e-01 -1.558581590652465820e+00 -1.207416534423828125e+00 -1.207416534423828125e+00 1.810720205307006836e+00 -1.558581590652465820e+00 3.817328453063964844e+00 -1.558581590652465820e+00 -1.558581590652465820e+00 -1.207416534423828125e+00 5.514184474945068359e+00 6.960803270339965820e-02 -9.264335632324218750e-01 -9.264335632324218750e-01 -1.207416534423828125e+00 -1.558581590652465820e+00 3.382407903671264648e+00 -1.207416534423828125e+00
-8.824104070663452148e-01 -8.824104070663452148e-01 -1.275170922279357910e+00 -1.275170922279357910e+00 5.473482131958007812e+00 -1.275170922279357910e+00 4.084551811218261719e+00 -1.275170922279357910e+00 -1.275170922279357910e+00 -5.706011056900024414e-01 -1.275170922279357910e+00 -5.706011056900024414e-01 -1.275170922279357910e+00 -1.275170922279357910e+00 -1.275170922279357910e+00 -1.275170922279357910e+00 4.012121677398681641e+00 -1.275170922279357910e+00 -1.275170922279357910e+00 5.517550468444824219e+00 -8.824104070663452148e-01
-4.446886181831359863e-01 -4.446886181831359863e-01 -4.446886181831359863e-01 -4.446886181831359863e-01 8.285304069519042969e+00 -4.446886181831359863e-01 -4.446886181831359863e-01 -4.446886181831359863e-01 -4.446886181831359863e-01 -4.446886181831359863e-01 -4.446886181831359863e-01 -4.446886181831359863e-01 -4.446886181831359863e-01 -4.446886181831359863e-01 -4.446886181831359863e-01 -4.446886181831359863e-01 -4.446886181831359863e-01 -4.446886181831359863e-01 -4.446886181831359863e-01 -4.446886181831359863e-01 1.563495099544525146e-01
