-4.450827538967132568e-01 8.287396430969238281e+00 -4.450827538967132568e-01 -4.450827538967132568e-01 -4.450827538967132568e-01 -4.450827538967132568e-01 -4.450827538967132568e-01 -4.450827538967132568e-01 -4.450827538967132568e-01 -4.450827538967132568e-01 -4.450827538967132568e-01 -4.450827538967132568e-01 -4.450827538967132568e-01 -4.450827538967132568e-01 -4.450827538967132568e-01 1.686402559280395508e-01 -4.450827538967132568e-01 -4.450827538967132568e-01 -4.450827538967132568e-01 -4.450827538967132568e-01 -4.450827538967132568e-01
6.922475814819335938e+00 -9.554500579833984375e-01 -9.554500579833984375e-01 -9.554500579833984375e-01 -9.554500579833984375e-01 -9.554500579833984375e-01 -9.554500579833984375e-01 -9.554500579833984375e-01 -9.554500579833984375e-01 -9.554500579833984375e-01 -9.554500579833984375e-01 -9.554500579833984375e-01 3.769026100635528564e-01 -1.447661370038986206e-01 1.406304985284805298e-01 4.472774505615234375e+00 1.032207846641540527e+00 5.772839784622192383e-01 -9.554500579833984375e-01 -9.554500579833984375e-01 -9.554500579833984375e-01
2.822818994522094727e+00 -7.653687596321105957e-01 -1.270549297332763672e+00 -1.270549297332763672e+00 -1.612996459007263184e+00 2.812648117542266846e-01 -1.612996459007263184e+00 6.406023502349853516e-01 -1.270549297332763672e+00 -7.653687596321105957e-01 -1.270549297332763672e+00 -1.034246664494276047e-02 -7.653687596321105957e-01 -1.612996459007263184e+00 -5.708357691764831543e-01 5.682625770568847656e+00 2.249424219131469727e+00 2.249424219131469727e+00 1.478993535041809082e+00 -9.945152997970581055e-01 -1.612996459007263184e+00
6.918642520904541016e-01 -1.548066139221191406e+00 -2.313537597656250000e-01 6.623226404190063477e-01 -1.788448691368103027e+00 1.354930520057678223e+00 -1.788448691368103027e+00 -3.905921429395675659e-02 7.236551493406295776e-02 3.491583168506622314e-01 -1.345102071762084961e+00 6.623226404190063477e-01 7.236551493406295776e-02 -6.558002829551696777e-01 2.234371900558471680e+00 4.908735752105712891e+00 1.275756239891052246e+00 -4.657444357872009277e-01 -1.170631170272827148e+00 -1.170631170272827148e+00 -2.080740213394165039e+00
-6.810579299926757812e-01 -2.598255872726440430e+00 5.803098082542419434e-01 3.314413428306579590e-01 8.548984527587890625e-01 -7.360501289367675781e-01 -1.063323378562927246e+00 7.669963240623474121e-01 -8.553338646888732910e-01 2.048357963562011719e+00 -9.203050732612609863e-01 -1.953507542610168457e+00 9.246099591255187988e-01 1.319179296493530273e+00 -5.790905356407165527e-01 3.709225654602050781e-01 -1.228353381156921387e+00 -2.486432790756225586e-01 -1.228353381156921387e+00 1.000292181968688965e+00 3.894803762435913086e+00
-1.379703730344772339e-01 -1.054576158523559570e+00 -5.176894664764404297e-01 4.787664115428924561e-01 -7.598946094512939453e-01 1.496491134166717529e-01 -1.054576158523559570e+00 -7.598946094512939453e-01 -7.598946094512939453e-01 8.049290180206298828e-01 -1.054576158523559570e+00 -3.133972585201263428e-01 9.372119903564453125e-01 -1.054576158523559570e+00 -3.133972585201263428e-01 6.541501879692077637e-01 -7.598946094512939453e-01 1.496491134166717529e-01 -7.598946094512939453e-01 1.479513663798570633e-02 6.112280845642089844e+00
-8.001403212547302246e-01 -8.001403212547302246e-01 -8.001403212547302246e-01 -8.001403212547302246e-01 7.716638594865798950e-02 7.716638594865798950e-02 -8.001403212547302246e-01 7.716638594865798950e-02 -8.001403212547302246e-01 -3.090655505657196045e-01 -8.001403212547302246e-01 -8.001403212547302246e-01 7.716638594865798950e-02 -3.090655505657196045e-01 -3.090655505657196045e-01 -8.001403212547302246e-01 6.355587244033813477e-01 7.716638594865798950e-02 7.716638594865798950e-02 -3.090655505657196045e-01 7.339632511138916016e+00
-8.053806424140930176e-01 -1.208521246910095215e+00 -8.053806424140930176e-01 -4.858457148075103760e-01 -2.259521484375000000e-01 1.467562079429626465e+00 -1.208521246910095215e+00 -4.858457148075103760e-01 -4.858457148075103760e-01 3.378421366214752197e-01 -1.208521246910095215e+00 -8.053806424140930176e-01 -2.259521484375000000e-01 -2.259521484375000000e-01 1.291953921318054199e+00 3.378421366214752197e-01 4.789040088653564453e-01 -2.259521484375000000e-01 -8.053806424140930176e-01 -1.208521246910095215e+00 6.500234603881835938e+00
2.290778048336505890e-02 -2.115900754928588867e+00 2.290778048336505890e-02 1.701975464820861816e-01 -1.063637614250183105e+00 9.197505712509155273e-01 -1.387687802314758301e+00 -3.117855265736579895e-02 -6.038463115692138672e-01 4.142948091030120850e-01 -1.214641690254211426e+00 -9.301487803459167480e-01 1.102148771286010742e+00 -7.025194764137268066e-01 6.699853539466857910e-01 9.197505712509155273e-01 2.579778134822845459e-01 2.579778134822845459e-01 -8.106538653373718262e-01 -8.106538653373718262e-01 4.913374900817871094e+00
2.281753420829772949e-01 -1.824487566947937012e+00 3.506066799163818359e-01 2.601924538612365723e-01 -2.606256306171417236e-01 1.511965155601501465e+00 -7.051667571067810059e-01 -4.918487071990966797e-01 -8.752648830413818359e-01 4.855590760707855225e-01 -1.824487566947937012e+00 -1.632449865341186523e+00 -2.876735478639602661e-02 -3.139101862907409668e-01 5.588097572326660156e-01 3.506066799163818359e-01 7.515472173690795898e-01 1.951221525669097900e-01 -3.139101862907409668e-01 -9.713221788406372070e-01 4.550342082977294922e+00
3.592207133769989014e-01 -2.737525701522827148e+00 1.904892027378082275e-01 -4.327696859836578369e-01 2.454519271850585938e-01 1.341333031654357910e+00 -6.651445627212524414e-01 2.587417960166931152e-01 -1.156283140182495117e+00 1.025961279869079590e+00 -9.232100844383239746e-01 -1.325854539871215820e+00 5.543344020843505859e-01 1.323758661746978760e-01 4.506164193153381348e-01 5.930132269859313965e-01 6.483873724937438965e-01 -1.202911045402288437e-02 -8.822633028030395508e-01 -8.428386449813842773e-01 3.177309989929199219e+00
8.138042688369750977e-01 -2.959280014038085938e+00 1.521514356136322021e-01 -3.577775061130523682e-01 -8.728131055831909180e-01 1.849566817283630371e+00 -1.037553310394287109e+00 1.419647574424743652e+00 -1.002427935600280762e+00 -3.999151289463043213e-03 4.665907099843025208e-02 -1.150525450706481934e+00 5.209929347038269043e-01 -2.364925593137741089e-01 6.444131135940551758e-01 9.587413072586059570e-01 1.035700082778930664e+00 2.873752117156982422e-01 -5.606494545936584473e-01 -1.370930314064025879e+00 1.822690367698669434e+00
5.915477871894836426e-01 -2.883800029754638672e+00 2.234520949423313141e-02 -2.465179562568664551e-01 1.402393728494644165e-01 2.194198846817016602e+00 -4.026493430137634277e-01 2.233113497495651245e-01 -2.257757902145385742e+00 4.742246866226196289e-01 -1.100424289703369141e+00 -1.142696738243103027e+00 -3.412573933601379395e-01 2.569241821765899658e-01 2.168215036392211914e+00 1.143802285194396973e+00 1.106566429138183594e+00 4.742246866226196289e-01 -1.186756372451782227e+00 1.277944743633270264e-01 6.379269957542419434e-01
1.562320590019226074e+00 -2.415834665298461914e+00 1.408871412277221680e-01 -9.652489423751831055e-02 -3.594057261943817139e-01 2.461904525756835938e+00 -8.911291956901550293e-01 -6.506798267364501953e-01 -1.502664089202880859e+00 4.117218255996704102e-01 -8.531967401504516602e-01 -6.147178262472152710e-02 6.679080128669738770e-01 -4.817614257335662842e-01 2.090863883495330811e-01 2.589540719985961914e+00 5.336589813232421875e-01 5.895207524299621582e-01 -7.811985015869140625e-01 -2.924206554889678955e-01 -7.811985015869140625e-01
1.351027011871337891e+00 -2.879734754562377930e+00 1.338616386055946350e-02 -6.885153651237487793e-01 -3.563086986541748047e-01 1.896562814712524414e+00 -7.460776567459106445e-01 -1.885855346918106079e-01 -7.761344909667968750e-01 2.837890982627868652e-01 -1.693641066551208496e+00 1.643819451332092285e+00 -2.977271378040313721e-02 1.202444881200790405e-01 8.147653192281723022e-02 1.550284147262573242e+00 1.737007737159729004e+00 5.312585830688476562e-01 -9.413530826568603516e-01 1.125793457031250000e+00 -2.033932924270629883e+00
-1.130165010690689087e-01 -2.597053289413452148e+00 2.151172399520874023e+00 1.650081634521484375e+00 -1.522985696792602539e+00 1.786936759948730469e+00 1.974205821752548218e-01 -1.041170120239257812e+00 -1.613483667373657227e+00 -9.355701208114624023e-01 -2.072567462921142578e+00 2.304605484008789062e+00 -1.439462065696716309e+00 1.389071941375732422e+00 -5.259494781494140625e-01 8.606203198432922363e-01 1.571814537048339844e+00 1.471794862300157547e-02 -4.602252542972564697e-01 2.335129261016845703e+00 -1.939292430877685547e+00
-3.669712543487548828e-01 -1.940553545951843262e+00 -9.954773783683776855e-01 4.704699993133544922e+00 -1.940553545951843262e+00 2.913739919662475586e+00 -1.940553545951843262e+00 8.956102728843688965e-01 1.780691027641296387e+00 -1.940553545951843262e+00 -9.954773783683776855e-01 -1.940553545951843262e+00 2.990695953369140625e+00 -5.788807868957519531e-01 -3.669712543487548828e-01 -9.954773783683776855e-01 3.708221912384033203e+00 8.658824563026428223e-01 -1.385235309600830078e+00 -1.635062575340270996e+00 -8.392802476882934570e-01
3.617701530456542969e+00 -1.251628041267395020e+00 -1.596132516860961914e+00 1.420819852501153946e-02 -1.596132516860961914e+00 -9.740408062934875488e-01 -1.251628041267395020e+00 1.748393297195434570e+00 -1.596132516860961914e+00 3.759998083114624023e+00 -1.596132516860961914e+00 -1.596132516860961914e+00 -1.251628041267395020e+00 5.438733577728271484e+00 -2.332001477479934692e-01 -9.740408062934875488e-01 -7.437305450439453125e-01 -9.740408062934875488e-01 -1.596132516860961914e+00 3.394161462783813477e+00 -7.437305450439453125e-01
-1.286311864852905273e+00 -8.969941735267639160e-01 -1.286311864852905273e+00 -1.286311864852905273e+00 5.442712306976318359e+00 -1.286311864852905273e+00 4.052855491638183594e+00 -1.286311864852905273e+00 -1.286311864852905273e+00 -5.874819755554199219e-01 -1.286311864852905273e+00 -8.969941735267639160e-01 -8.969941735267639160e-01 -1.286311864852905273e+00 -1.286311864852905273e+00 -1.286311864852905273e+00 4.060276031494140625e+00 -1.286311864852905273e+00 -1.286311864852905273e+00 5.492546081542968750e+00 -3.340405225753784180e-01
-4.655016660690307617e-01 -4.655016660690307617e-01 -4.655016660690307617e-01 -4.655016660690307617e-01 8.222740173339843750e+00 -4.655016660690307617e-01 -4.655016660690307617e-01 -4.655016660690307617e-01 -4.655016660690307617e-01 -4.655016660690307617e-01 -4.655016660690307617e-01 -4.655016660690307617e-01 -4.655016660690307617e-01 -4.655016660690307617e-01 -4.655016660690307617e-01 -4.655016660690307617e-01 -4.655016660690307617e-01 -4.655016660690307617e-01 -4.655016660690307617e-01 -4.655016660690307617e-01 6.219443678855895996e-01
