4.422881
2.818932
4.955370
7.038436
8.515316
4.273056
8.515316
5.548412
4.848353
-0.901225
3.151772
3.611270
0.731189
1.285224
1.395175
2.537504
2.537504
7.510770
-4.263041
9.222173
9.222173
9.222173
1.321301
1.063958
8.798648
8.291293
8.798648
5.595242
5.595242
1.719514
0.791743
4.125629
4.125629
5.255553
5.123456
5.976892
5.123456
6.728419
6.728419
1.805857
3.808855
-2.005068
3.459776
7.044753
3.794288
7.044753
4.801271
7.538280
4.781072
3.611729
5.097296
5.097296
9.098922
9.098922
9.098922
8.180617
8.180617
8.180617
4.080988
0.516697
3.165239
4.261826
1.801934
5.636648
4.440303
-2.638048
6.356423
1.358175
1.856547
-0.923237
7.463172
-0.987086
1.788437
-0.485320
0.294676
0.495403
0.545553
5.668618
4.127947
6.269702
3.606827
-1.376056
3.615085
4.648059
4.261826
4.573504
8.353913
2.250600
-0.945379
5.370293
4.003275
9.514320
7.463172
5.668618
2.860474
4.127947
6.027059
6.269702
3.606827
5.291382
3.615085
0.308547
4.648059
6.103779
4.398941
-3.766791
0.623231
4.523588
6.554687
7.108583
0.360676
8.069305
3.231142
6.867516
3.361469
12.361730
7.854342
8.425364
6.103779
5.361991
3.615898
2.444106
3.564788
8.877685
4.523588
6.554687
1.925116
3.433680
4.448812
7.108583
7.058173
7.790604
6.777117
6.867516
7.663476
6.855085
6.224640
7.021678
3.299873
2.507675
2.507675
2.184318
4.730739
4.730739
4.730739
3.314441
2.165783
2.165783
0.987257
4.767943
9.546057
13.277860
13.925587
-3.244304
3.829235
-1.449885
0.021898
0.938077
8.974762
2.482347
2.482347
2.482347
9.602485
-3.289831
-2.055616
5.374127
6.134952
7.711999
7.711999
7.711999
1.860668
4.283780
6.232672
1.263801
-3.247453
0.629925
3.223883
4.800742
1.027714
-2.903471
6.134952
6.134952
4.521049
5.007133
5.007133
4.361604
4.297464
10.430420
10.430420
11.320755
11.320755
5.088146
5.088146
5.088146
2.853347
0.094867
5.277273
1.360180
-4.737122
0.694980
4.339798
4.748292
4.643435
4.643435
4.774417
4.774417
0.782774
6.705161
2.547746
9.602485
11.320755
7.364971
13.925587
13.925587
6.599788
1.860668
5.277273
5.277273
9.400780
9.400780
-2.449897
5.379458
5.379458
-2.297360
2.320131
7.114592
-3.377151
5.277273
-4.473572
1.075322
-3.562727
-3.562727
5.379458
0.092884
0.092884
7.114592
2.170807
2.170807
0.379335
2.195172
6.599788
5.931171
5.931171
-0.867780
6.776314
6.776314
-0.053385
5.373650
5.373650
2.195172
-1.323934
-1.159815
4.361604
1.781383
2.099390
10.430420
10.430420
7.120736
7.120736
3.989999
3.989999
0.587690
0.587690
3.641122
3.641122
6.074030
1.830134
7.364971
11.692441
3.931704
5.579909
5.579909
-4.064669
4.748292
5.006375
6.183918
-5.184901
9.400780
7.114592
0.445336
0.445336
4.475738
3.954020
0.782774
6.705161
6.705161
11.320755
13.277860
13.925587
5.379458
5.379458
2.641633
0.374633
-3.639241
-3.759936
1.008883
2.002637
-3.676335
5.006375
5.144837
6.319687
6.319687
6.319687
2.268297
2.268297
1.183074
-0.742931
0.374633
2.704586
8.275351
5.302977
4.377376
6.440996
6.808490
1.289227
6.121661
10.919641
8.152808
3.636866
4.546197
0.423440
6.385691
3.494443
10.568765
-1.744118
-0.895478
8.547754
8.547754
3.706943
11.086619
11.086619
2.643140
9.515582
-0.818649
0.654954
2.040976
-2.853887
-0.917518
1.756105
6.206407
5.594047
4.572063
7.158214
10.205162
4.735488
9.367588
9.367588
4.448578
3.014844
4.773818
7.799370
-2.720064
11.050977
7.308974
6.477423
10.640333
5.260328
4.194970
4.507293
5.544820
7.090277
8.332612
8.332612
2.841136
5.513420
6.808256
6.469958
9.377394
0.227475
4.136249
0.297666
5.193992
2.235380
7.158214
6.937204
10.205162
10.205162
7.090277
10.919641
8.152808
8.152808
5.260328
2.212910
0.275476
7.105771
1.193563
6.808256
7.625788
4.770398
9.448230
6.778859
5.792753
9.226536
8.200514
5.358873
-1.039849
8.893866
9.034677
9.575570
6.661238
8.969374
9.864400
6.440996
11.050977
4.718108
9.448230
9.448230
-1.172207
2.874246
-2.053460
5.561889
7.281659
7.281659
4.459570
2.398486
3.874693
0.810652
9.427944
1.329304
7.490019
2.058564
6.248056
3.061313
1.960573
8.510774
9.129450
10.519707
10.519707
8.303375
5.929549
5.929549
7.960203
-0.290015
6.580276
0.606108
4.150448
7.383494
9.428592
3.232759
6.017598
2.923251
8.725583
11.733708
-1.079074
9.135907
14.233942
0.518468
0.730344
10.741019
10.829935
4.271787
5.267852
8.769964
4.766229
6.653569
6.941785
9.084676
3.773747
5.995786
4.021224
9.477519
9.477519
2.252075
11.178357
7.255723
9.675813
7.772634
1.452898
7.885211
-0.383310
11.107943
4.613634
9.358755
8.343205
12.266672
8.673588
4.629384
4.153510
4.274824
2.556735
8.300829
2.411141
8.013463
10.000128
8.740853
0.919087
9.384310
5.716776
4.811340
6.468127
8.013463
7.841863
10.102248
10.352881
7.877478
7.589844
10.559625
-3.965171
4.196306
9.006010
9.791618
8.564626
8.267723
1.931455
-1.895549
8.856358
9.763600
5.796351
3.102094
10.259691
10.259691
10.755722
10.361998
6.189869
6.189869
2.778725
5.692096
4.350012
6.249228
4.312271
5.390667
8.244699
3.216576
8.856358
8.856358
3.764714
7.356215
6.022005
8.564626
6.498390
7.834544
8.236690
-0.863272
5.758128
7.243664
8.500038
6.426036
5.106226
8.705478
6.498390
7.304711
7.117791
7.117791
5.297544
6.017654
4.938025
6.494543
10.237058
8.587635
2.272803
0.550473
8.102028
10.812313
5.294773
5.316559
6.790951
6.362036
5.380461
7.732922
8.433072
0.863729
5.138154
1.669466
2.414634
5.466405
8.472410
7.931374
6.362036
10.749162
8.750248
9.487081
8.388873
5.380461
7.555403
2.835336
5.820871
2.990375
3.141624
8.024661
5.011118
13.115350
8.647923
0.962153
7.971861
3.592660
6.375512
5.481004
7.472652
-1.902292
1.850549
1.850549
9.316789
4.303963
6.338236
6.952964
3.486624
7.076929
2.681530
7.408588
4.804758
7.134496
5.651960
9.917957
8.457471
7.550585
7.672510
5.515882
3.233695
1.808344
4.820238
6.338236
3.739700
9.920268
8.172318
11.657353
10.261484
3.391875
5.509213
5.509213
9.496832
4.597687
8.141064
8.141064
9.920268
2.712854
6.500268
7.947622
7.947622
6.124783
10.380418
4.326616
0.006779
-0.274564
8.702823
4.857109
7.590723
5.972504
4.341573
9.707418
1.735676
-2.794937
3.556368
8.172318
4.524867
10.660024
9.679800
2.179445
0.752559
9.213914
2.181997
7.543663
0.048480
6.441479
8.534789
-2.499023
1.566364
-3.111183
6.441479
3.925727
0.848461
8.534789
3.202106
3.896591
7.378312
6.742670
8.957343
2.503071
4.218395
1.108225
5.244695
3.212672
8.530727
4.685241
2.857333
0.389120
1.426142
-0.203009
-2.516558
3.172678
-0.442659
-0.667959
9.170078
9.664404
4.569633
6.700719
-1.046058
8.003640
11.263887
6.675043
5.368450
0.403766
8.869379
8.681373
-2.875996
6.038067
6.795862
-1.375520
2.062964
6.182676
8.817875
8.817875
6.191849
4.136620
0.497581
5.273568
4.264812
-1.214403
-0.006034
6.360415
8.188347
0.287179
12.650366
1.172776
11.791689
10.980971
6.355739
2.713634
5.637034
3.532682
4.062033
0.761128
2.865152
5.586756
-3.136941
7.797564
7.797564
3.288026
-2.523380
2.436141
-5.651402
0.419629
6.106416
-0.313676
-4.988482
0.039867
-0.758550
-2.928814
7.601513
4.268778
0.168549
6.701764
6.701764
6.701764
8.167173
8.167173
4.036074
5.090769
7.958536
4.080599
5.731405
-0.002969
6.813088
6.813088
5.319692
4.771251
6.589417
6.517899
7.790682
7.790682
5.878852
5.878852
-1.440344
6.778767
3.667101
