0 0 4 5 5 15 3 4 4
0 0 8 15 5 5 9 0 9
0 12 3 11 0 19 13 0 19
0 12 16 12 15 12 17 12 15
0 12 16 14 17 17 9 15 3
0 12 19 6 14 15 15 0 13
0 17 16 0 9 16 7 0 19
5 15 3 2 5 0 9 0 19
1 12 0 19 17 15 12 3 7
1 12 0 19 17 15 12 3 7
1 12 4 14 12 12 0 10 9
4 15 11 14 17 18 11 15 4
9 15 14 11 7 16 3 18 19
1 12 20 20 18 15 9 3 10
2 0 13 9 11 2 5 0 10
2 4 15 17 15 11 15 0 19
2 12 11 0 19 15 5 3 9
2 15 10 5 6 3 2 9 19
11 10 3 3 11 9 2 12 4
10 13 6 4 12 5 4 0 19
3 7 9 11 16 15 5 15 19
3 12 2 8 6 4 15 6 19
3 12 4 9 11 12 16 2 19
3 12 9 3 5 2 6 17 4
3 16 17 19 0 18 4 16 4
3 17 15 8 13 16 17 0 19
6 16 3 2 14 3 16 17 19
4 1 7 8 17 9 1 12 19
4 5 10 8 2 15 9 17 19
13 15 9 1 8 17 7 12 19
9 12 9 5 0 1 4 12 9
4 12 5 9 0 11 8 16 16
4 12 5 9 0 11 8 16 16
4 12 6 1 9 0 4 15 19
4 12 9 17 9 12 15 7 12
9 17 9 12 15 7 12 15 17
4 12 11 17 8 2 9 11 9
4 12 11 17 8 2 9 11 9
4 12 15 16 16 0 2 1 9
4 16 4 15 6 18 9 17 19
4 12 20 20 20 20 20 9 9
5 0 10 3 16 5 16 9 19
10 0 17 15 10 16 5 17 10
5 12 14 9 9 9 12 1 12
12 16 4 11 1 9 9 2 10
6 0 9 14 4 9 11 2 10
1 0 9 10 2 1 7 10 4
6 5 19 16 5 15 19 11 19
9 10 4 2 2 19 17 9 19
10 13 6 4 12 5 4 0 19
6 12 0 0 10 12 6 9 9
6 12 6 12 10 13 15 13 19
6 12 10 13 15 13 19 12 0
6 12 10 13 15 13 19 12 0
6 12 10 13 15 13 19 12 0
6 12 12 12 16 15 9 7 4
6 12 13 0 15 15 0 17 5
6 12 16 12 17 16 12 14 18
6 12 17 5 2 0 2 19 4
6 12 18 4 15 16 2 4 15
6 12 18 4 15 16 2 4 15
6 12 19 14 16 18 0 19 6
6 12 19 14 16 18 0 19 6
6 15 0 2 7 16 4 13 10
6 15 0 12 15 4 5 15 4
7 0 10 16 2 16 16 12 19
7 0 17 8 3 15 15 13 19
7 0 17 8 3 15 15 13 19
7 10 7 12 13 0 7 17 10
7 12 7 12 15 15 18 0 4
7 12 14 15 0 9 19 10 6
7 12 15 15 13 8 13 15 4
7 12 15 15 13 8 17 7 4
7 12 15 17 7 9 2 18 15
7 12 19 9 13 16 17 15 17
7 17 10 3 1 15 16 17 4
8 5 20 5 4 15 4 14 4
4 15 7 11 11 8 9 17 19
9 0 9 3 15 3 9 16 1
9 10 4 2 2 19 17 9 19
9 12 0 0 11 5 0 5 12
9 12 2 15 9 16 13 17 7
9 12 3 3 8 17 15 16 4
9 12 3 3 8 17 15 16 4
9 12 3 11 9 14 11 7 8
9 12 6 2 16 0 7 15 5
9 12 6 2 16 0 7 15 5
9 12 7 15 7 9 11 17 9
9 12 9 5 0 1 4 12 9
9 12 9 5 0 1 4 12 9
9 12 10 3 16 12 9 17 7
9 12 15 7 12 15 17 7 9
9 12 15 7 15 16 8 3 11
9 12 17 9 5 15 15 16 17
9 12 17 9 5 15 15 16 17
9 15 2 8 6 5 1 12 0
9 17 0 9 16 9 16 15 19
9 17 9 0 17 5 12 0 19
9 17 17 2 7 16 3 16 18
10 0 5 1 5 19 9 10 4
10 0 10 16 2 16 16 12 4
0 12 9 1 9 10 17 9 0
10 0 18 13 5 9 17 9 0
10 7 17 9 9 17 4 0 7
10 9 11 5 16 16 9 3 0
18 0 0 4 5 5 15 3 4
10 12 3 0 10 16 7 17 10
9 9 1 5 7 5 1 0 10
10 12 12 6 10 9 12 17 9
12 12 9 15 12 3 8 12 0
10 13 6 4 12 5 4 0 19
13 15 19 16 18 15 9 16 19
10 16 9 6 15 0 12 15 4
10 17 10 14 0 14 2 15 17
10 17 14 12 19 12 9 7 19
11 7 16 3 18 19 6 19 19
7 17 5 17 1 2 15 7 9
11 12 16 2 19 2 2 3 3
11 15 0 0 11 12 7 7 19
7 17 10 3 1 15 16 17 4
13 15 19 16 18 15 9 16 19
14 0 3 2 11 15 1 12 4
14 0 11 3 9 10 14 0 10
14 12 0 3 8 5 8 16 17
14 12 0 12 5 5 8 0 19
14 12 7 2 2 14 4 5 9
14 12 19 12 9 7 19 4 9
14 12 19 12 9 7 19 4 9
14 19 5 11 15 15 2 10 19
15 12 0 9 5 17 2 7 17
3 7 9 11 16 15 5 15 19
15 12 7 3 15 19 7 3 18
15 13 16 16 9 16 11 9 4
15 12 15 17 6 15 0 14 19
15 12 17 12 15 4 15 12 0
15 12 17 15 11 12 15 12 3
16 0 7 15 5 12 9 6 19
9 16 16 14 14 11 15 3 19
9 17 7 8 7 2 8 12 19
17 7 6 15 0 2 7 16 4
17 7 6 15 0 2 7 16 4
17 12 9 9 10 7 5 1 19
17 12 9 9 10 7 5 1 19
18 0 0 4 5 5 15 3 4
18 0 0 4 5 5 15 3 4
18 0 16 15 15 15 14 17 18
18 0 19 6 5 15 19 3 0
18 4 19 2 11 2 11 12 19
3 17 12 15 0 11 16 1 19
9 7 0 5 19 7 7 17 4
19 0 20 4 17 5 17 10 19
19 0 7 1 6 12 9 10 4
19 0 11 15 0 0 11 12 7
7 0 17 8 3 15 15 13 19
19 5 11 13 6 12 6 12 10
19 12 0 9 10 12 9 19 0
19 12 0 9 12 6 2 16 0
19 12 0 9 12 6 2 16 0
19 12 4 6 2 7 3 12 15
19 12 6 14 3 3 6 5 19
19 12 8 10 19 6 7 1 4
19 12 8 10 19 6 7 1 4
19 12 9 7 19 4 9 4 9
19 12 12 13 9 15 19 16 3
16 10 9 17 5 14 19 12 4
15 12 15 17 6 15 0 14 19
