0 0 17 8 0 5 0 0 9
0 10 10 0 14 2 16 0 3
0 12 0 14 9 3 14 14 6
0 12 0 18 15 10 16 14 11
0 12 4 3 15 3 5 17 9
0 12 6 5 20 17 17 4 9
0 12 6 5 17 17 4 9 6
0 12 11 1 19 5 11 7 12
0 12 12 12 0 12 0 12 0
0 12 13 12 17 14 7 2 11
0 12 14 7 16 4 5 5 12
0 12 15 0 15 0 4 4 5
0 12 16 14 17 17 0 0 3
0 12 16 14 17 17 0 15 3
16 17 8 16 5 11 7 8 9
1 12 3 3 8 13 14 6 9
1 14 17 9 1 1 19 17 9
1 17 14 17 15 5 13 5 9
4 17 17 17 20 20 20 16 17
2 12 14 14 1 9 8 12 17
4 3 12 15 16 13 19 3 19
3 7 8 3 15 17 13 16 4
7 9 2 7 16 12 1 15 4
7 9 2 7 16 12 1 15 4
3 9 12 2 3 4 17 17 17
9 12 2 3 4 17 17 17 16
3 12 8 9 5 15 9 17 17
3 12 17 9 8 5 17 8 9
4 0 15 3 0 0 14 17 17
4 0 17 2 0 0 8 0 19
4 12 0 9 14 4 17 3 17
4 12 9 8 9 14 5 16 0
4 12 12 11 16 4 2 0 9
4 12 13 15 0 12 6 5 17
4 12 14 3 20 5 17 4 17
4 12 17 8 12 13 17 12 9
4 12 17 14 12 13 17 12 9
4 12 17 14 12 13 17 12 9
4 12 17 16 12 13 17 12 9
4 12 18 2 7 9 4 12 0
4 16 11 17 11 13 4 4 8
5 7 9 5 4 17 4 16 9
5 9 7 16 9 15 19 6 9
5 12 5 6 8 0 14 17 9
5 12 6 3 16 7 16 0 9
5 12 7 14 4 17 9 0 9
5 12 9 17 0 5 5 9 9
5 12 10 8 9 17 10 0 4
5 12 10 8 9 17 10 0 4
5 12 15 9 7 5 9 0 10
5 12 15 9 14 16 16 16 17
5 12 18 6 9 5 8 9 3
6 0 2 13 9 16 12 16 18
6 12 0 0 16 6 16 8 0
6 12 0 9 17 4 2 7 16
6 12 10 12 7 11 7 8 9
6 12 14 6 19 0 16 17 10
6 12 14 7 15 15 3 17 6
6 12 14 13 3 13 7 0 9
6 12 14 19 4 11 13 9 15
6 16 15 17 4 12 5 9 19
6 19 5 7 11 12 17 13 9
7 0 0 10 0 15 0 15 9
7 0 11 13 0 16 17 9 10
7 10 19 11 19 12 0 10 9
7 12 0 14 0 14 17 3 1
7 12 2 15 7 0 9 7 13
7 12 8 9 17 0 11 11 16
7 12 10 0 16 19 5 18 11
7 12 10 11 17 11 12 11 7
7 12 10 15 16 19 5 18 11
7 12 10 17 16 13 7 0 10
7 12 14 14 7 14 13 5 9
7 12 17 0 19 14 8 17 9
7 14 13 3 3 17 13 3 9
7 19 0 5 15 9 15 0 9
8 5 14 9 0 0 9 0 7
8 9 12 12 9 9 11 3 7
8 9 18 0 13 1 17 13 9
8 11 7 2 5 19 4 8 7
8 12 5 16 15 5 15 12 7
8 12 5 16 15 5 15 12 7
8 12 5 16 15 5 15 12 7
6 11 15 6 3 5 8 16 4
8 12 8 12 0 17 14 4 0
8 12 11 3 9 15 14 17 9
8 12 11 17 11 6 16 3 9
8 12 12 7 20 15 4 12 9
8 12 14 7 1 16 14 3 3
8 12 14 9 1 16 14 3 3
8 12 14 15 20 13 10 3 7
8 12 14 18 9 2 0 14 7
8 14 17 2 18 16 7 3 19
9 0 16 11 11 9 17 17 10
8 0 4 13 20 20 20 20 9
7 12 14 14 11 17 0 16 9
9 7 15 14 9 16 9 8 19
9 12 0 7 17 14 3 0 7
9 12 0 9 0 4 16 4 4
9 12 1 17 9 18 12 17 9
9 12 4 3 8 15 16 17 10
9 12 7 5 7 11 7 16 14
9 12 7 14 19 13 16 12 0
9 12 8 3 7 16 17 0 16
9 12 9 9 0 9 9 0 9
9 12 9 10 14 8 0 19 9
9 12 11 11 16 0 15 18 4
9 12 12 0 19 16 11 15 4
9 12 13 4 0 16 0 0 16
9 12 13 5 20 4 15 0 9
9 12 14 11 10 17 7 16 1
9 12 14 14 15 5 0 0 5
9 12 15 4 5 17 15 5 7
9 12 19 12 2 12 15 14 7
15 12 14 12 20 17 15 19 9
9 17 0 12 12 12 0 12 0
10 0 10 10 0 14 2 16 0
10 7 0 13 19 16 15 0 9
10 12 0 15 18 17 10 14 7
10 12 0 19 7 14 11 16 9
10 12 9 17 7 9 7 17 9
10 12 9 17 7 9 7 17 9
10 12 11 10 9 14 7 10 0
10 12 17 5 5 5 15 15 4
10 12 17 5 5 13 15 15 4
10 16 13 8 0 14 11 0 9
11 9 4 3 18 15 8 16 17
11 12 0 11 11 0 0 7 17
11 12 1 6 16 16 8 9 9
11 12 7 13 9 15 15 19 15
11 12 7 16 9 16 0 0 9
11 12 8 0 15 9 9 15 9
11 12 8 16 12 8 19 8 4
11 12 9 16 9 16 0 0 17
11 12 11 10 7 2 8 16 12
11 12 14 9 1 16 14 3 3
11 12 18 10 3 2 8 16 12
11 12 19 0 17 1 2 8 1
11 16 4 2 0 9 19 19 17
11 19 8 13 11 11 4 12 4
12 0 18 15 14 14 16 9 9
13 12 5 13 16 4 15 17 9
13 12 14 9 16 12 12 13 12
13 12 16 3 15 7 17 14 4
13 12 17 14 7 2 11 12 17
13 12 19 14 17 17 17 9 15
14 0 6 19 11 7 17 16 4
14 0 14 15 17 15 12 8 9
14 7 14 5 5 2 5 8 10
14 7 15 5 18 8 5 2 11
14 9 11 9 4 1 4 15 4
14 9 11 11 14 15 7 19 8
14 12 0 0 2 5 8 16 17
14 12 0 3 20 12 17 12 4
14 12 0 3 20 12 17 12 9
14 12 0 12 5 5 8 0 19
14 12 0 15 0 18 16 9 19
14 12 0 15 0 18 16 9 19
14 12 2 16 20 14 19 17 9
14 12 2 16 14 19 17 9 10
14 12 5 19 6 16 13 16 0
14 12 6 6 2 13 14 15 9
14 12 7 2 2 14 4 5 9
14 12 7 2 2 14 4 5 9
14 12 7 2 2 14 4 5 9
14 12 9 9 20 3 15 3 9
14 12 9 17 0 12 12 12 0
14 12 10 15 9 14 15 16 7
14 12 10 16 4 8 5 0 9
14 12 10 16 19 8 0 0 4
14 12 10 16 19 8 0 0 9
14 12 10 16 19 8 0 0 17
14 12 10 16 19 8 5 0 9
14 12 10 16 19 8 5 0 17
14 12 13 5 9 12 11 11 16
14 12 14 1 9 1 16 0 17
14 12 14 5 3 17 14 4 9
14 12 14 8 9 12 13 9 1
14 12 14 8 16 6 3 15 6
14 12 14 8 16 6 3 15 6
14 12 14 9 1 16 14 3 3
14 12 14 18 9 2 0 14 16
14 12 16 3 20 12 17 12 4
14 12 16 3 20 12 17 12 9
14 12 16 12 8 5 0 17 10
14 12 16 12 8 5 16 17 10
14 17 7 2 12 14 14 1 9
14 17 7 2 12 14 14 1 10
14 17 8 9 15 0 9 16 9
13 12 16 3 15 7 17 14 4
14 17 14 4 4 4 12 15 9
14 17 15 16 9 14 17 15 9
15 3 4 15 15 9 12 15 19
15 9 3 2 8 0 4 13 9
15 12 0 0 11 0 12 2 0
15 12 0 7 4 13 0 15 10
15 12 0 7 4 13 1 15 10
15 12 3 7 7 14 13 6 9
15 12 5 8 4 18 11 16 16
15 12 7 4 9 7 17 0 0
15 12 7 7 11 14 3 5 8
15 12 7 17 12 15 4 2 10
15 12 8 5 7 15 14 10 15
15 12 8 14 9 0 16 0 7
15 12 12 6 12 5 14 9 12
15 12 14 3 20 14 9 17 9
15 12 14 3 14 9 17 9 16
15 12 14 9 1 16 14 3 3
15 12 14 14 20 0 14 15 17
15 12 14 18 19 4 19 19 9
15 12 15 12 16 17 3 3 15
15 12 17 11 8 15 4 3 7
12 17 14 17 12 11 19 11 9
16 12 1 15 4 5 5 17 15
16 12 3 5 7 7 12 0 9
16 12 3 5 7 7 12 0 9
16 12 3 5 7 7 12 15 10
16 12 3 5 7 7 12 15 10
16 12 3 5 7 7 12 16 9
5 12 5 7 20 14 19 12 9
5 12 5 16 20 14 4 12 9
5 12 5 17 20 14 4 12 9
5 12 5 17 20 14 18 12 9
5 12 5 17 20 14 19 12 9
16 12 8 5 0 17 10 2 7
16 12 10 9 14 6 16 7 3
16 12 12 5 15 14 2 12 4
16 12 13 2 20 9 11 16 10
16 12 13 2 11 13 9 0 19
16 12 14 5 16 17 10 2 7
16 12 14 10 1 16 14 3 3
16 12 14 15 10 12 5 16 14
16 12 14 17 16 5 5 5 0
16 12 14 17 16 5 5 5 0
16 12 14 19 16 5 5 5 0
15 17 15 15 15 7 15 15 9
16 12 16 9 6 3 19 10 9
16 12 17 17 13 16 7 3 17
17 0 16 15 14 16 9 15 19
17 5 19 9 13 12 14 16 4
17 7 6 19 5 7 11 12 17
17 12 0 11 20 15 16 17 9
17 12 0 16 5 14 16 9 17
17 12 4 17 17 4 9 17 0
17 12 5 9 12 5 16 7 9
17 12 6 7 15 14 13 14 9
17 12 6 17 5 3 7 12 17
17 12 10 17 16 13 10 0 10
17 12 15 10 3 2 9 17 11
17 12 19 9 5 8 14 3 2
18 12 0 12 12 5 0 14 15
19 9 0 5 0 5 9 0 4
19 9 11 15 16 11 17 16 7
19 12 7 3 8 9 5 6 17
19 12 12 12 12 12 0 9 9
19 12 14 11 12 16 3 13 5
19 16 7 5 9 12 12 19 7
14 17 16 17 13 0 14 17 10
