1.000000000000000000e+00
9.999993485910676494e-01
9.999999348591067649e-01
1.000000000000000000e+00
9.999998697182135299e-01
9.999997394364270598e-01
1.000000000000000000e+00
9.999998697182135299e-01
9.999999999999998890e-01
9.999997394364270598e-01
1.000000000000000000e+00
9.999999348591067649e-01
1.000000000000000000e+00
1.000000000000000000e+00
9.999998697182135299e-01
1.000000000000000000e+00
1.000000000000000000e+00
9.999991531683878332e-01
1.000000000000000000e+00
1.000000000000000000e+00
1.000000000000000000e+00
9.999999999999998890e-01
9.999999348591068760e-01
9.999999999999998890e-01
1.000000000000000000e+00
1.000000000000000000e+00
1.000000000000000000e+00
1.000000000000000000e+00
1.000000000000000000e+00
9.999997394364270598e-01
9.999999348591066539e-01
9.999998697182135299e-01
9.999998697182135299e-01
1.000000000000000000e+00
1.000000000000000000e+00
1.000000000000000000e+00
9.999999999999998890e-01
1.000000000000000000e+00
1.000000000000000000e+00
9.999999999999998890e-01
9.999992834501744143e-01
1.000000000000000000e+00
9.999996742955338247e-01
1.000000000000000000e+00
9.999999348591067649e-01
9.999999999999998890e-01
9.999997394364270598e-01
9.999999348591067649e-01
9.999999348591068760e-01
9.999999348591067649e-01
