9.894179894179895296e-01
9.511211892164271875e-01
9.795918367346938549e-01
9.833711262282690546e-01
9.503653313177122808e-01
9.916855631141345828e-01
9.644746787603930560e-01
9.934492315444696242e-01
9.614512471655328740e-01
9.654824892920131907e-01
9.836230788611740605e-01
9.826152683295540369e-01
9.541446208112874805e-01
9.896699420508945355e-01
9.868984630889392484e-01
9.949609473418997707e-01
9.531368102796674568e-01
9.674981103552532380e-01
9.909297052154194541e-01
9.586797682035776980e-01
9.939531368102796360e-01
9.554043839758125101e-01
9.939531368102796360e-01
9.715293524817334436e-01
9.740488788107836138e-01
9.858906525573191137e-01
9.876543209876542662e-01
9.901738473167045473e-01
9.415469891660368518e-01
9.760644998740236611e-01
1.000000000000000000e+00
9.669942050894432262e-01
9.697656840513982912e-01
9.692617787855883904e-01
9.750566893424036374e-01
9.901738473167043253e-01
9.617031997984378799e-01
9.813555051650290073e-01
9.967246157722349231e-01
9.987402368354748594e-01
9.450743260267070456e-01
9.685059208868732616e-01
9.634668682287730324e-01
9.813555051650290073e-01
9.821113630637440250e-01
9.743008314436886197e-01
9.627110103300579036e-01
9.916855631141345828e-01
9.700176366843034081e-01
9.649785840262030678e-01
