5.000000000000000000e+00
5.000000000000000000e+00
4.859397411346435547e+00
5.000000000000000000e+00
5.000000000000000000e+00
5.000000000000000000e+00
5.000000000000000000e+00
5.000000000000000000e+00
4.326900005340576172e+00
4.384724617004394531e+00
5.000000000000000000e+00
5.000000000000000000e+00
3.684529304504394531e+00
1.795955181121826172e+00
2.781170368194580078e+00
5.000000000000000000e+00
5.000000000000000000e+00
4.055780410766601562e+00
1.252817273139953613e+00
5.000000000000000000e+00
3.591718196868896484e+00
5.000000000000000000e+00
4.495587825775146484e+00
4.134103775024414062e+00
3.988585233688354492e+00
5.000000000000000000e+00
1.533975362777709961e+00
5.000000000000000000e+00
5.000000000000000000e+00
5.000000000000000000e+00
2.987881183624267578e+00
2.801141262054443359e+00
4.865468978881835938e+00
5.000000000000000000e+00
-4.895087718963623047e+00
4.157689094543457031e+00
5.000000000000000000e+00
5.000000000000000000e+00
5.000000000000000000e+00
5.000000000000000000e+00
5.000000000000000000e+00
5.000000000000000000e+00
5.000000000000000000e+00
4.928790092468261719e+00
3.944227457046508789e+00
4.365328311920166016e+00
5.000000000000000000e+00
4.855147361755371094e+00
5.000000000000000000e+00
5.000000000000000000e+00
4.312907218933105469e+00
5.000000000000000000e+00
5.000000000000000000e+00
1.730611205101013184e+00
3.772264480590820312e+00
4.240445137023925781e+00
4.933996200561523438e+00
2.162458419799804688e+00
1.064442873001098633e+00
3.001040220260620117e+00
4.384093761444091797e+00
2.748896598815917969e+00
5.000000000000000000e+00
