4.974471569061279297e+00
5.000000000000000000e+00
5.000000000000000000e+00
3.040348291397094727e+00
3.785847425460815430e+00
2.728814363479614258e+00
3.028863668441772461e+00
3.948335170745849609e+00
4.670856952667236328e+00
5.000000000000000000e+00
2.097429752349853516e+00
4.689403533935546875e+00
5.000000000000000000e+00
5.000000000000000000e+00
5.000000000000000000e+00
5.000000000000000000e+00
2.544015645980834961e+00
5.000000000000000000e+00
5.000000000000000000e+00
3.238000869750976562e+00
4.807975888252258301e-02
5.000000000000000000e+00
5.000000000000000000e+00
5.000000000000000000e+00
5.000000000000000000e+00
5.000000000000000000e+00
4.473047733306884766e+00
5.000000000000000000e+00
5.000000000000000000e+00
5.000000000000000000e+00
2.610315322875976562e+00
4.092535018920898438e+00
-4.720329284667968750e+00
5.000000000000000000e+00
5.000000000000000000e+00
5.000000000000000000e+00
2.862969398498535156e+00
5.000000000000000000e+00
5.000000000000000000e+00
-5.035438537597656250e+00
-1.960169911384582520e+00
2.411489963531494141e+00
5.000000000000000000e+00
4.054535388946533203e+00
5.000000000000000000e+00
2.259194374084472656e+00
3.205528259277343750e+00
5.000000000000000000e+00
2.925969839096069336e+00
4.865334510803222656e+00
3.331347703933715820e+00
5.000000000000000000e+00
5.000000000000000000e+00
4.471098899841308594e+00
5.000000000000000000e+00
9.557254910469055176e-01
7.540507912635803223e-01
5.000000000000000000e+00
1.112409353256225586e+00
4.313674926757812500e+00
5.000000000000000000e+00
4.820343971252441406e+00
5.000000000000000000e+00
