4.433111190795898438e+00
5.000000000000000000e+00
4.910332679748535156e+00
3.675126075744628906e+00
5.000000000000000000e+00
5.000000000000000000e+00
5.000000000000000000e+00
5.000000000000000000e+00
5.000000000000000000e+00
5.000000000000000000e+00
5.000000000000000000e+00
4.633213996887207031e+00
-1.621368885040283203e+00
5.000000000000000000e+00
5.000000000000000000e+00
5.000000000000000000e+00
2.811721324920654297e+00
2.230345010757446289e+00
4.910789966583251953e+00
3.989356279373168945e+00
5.000000000000000000e+00
5.000000000000000000e+00
5.000000000000000000e+00
3.991806507110595703e+00
4.046599388122558594e+00
3.624218463897705078e+00
5.000000000000000000e+00
5.000000000000000000e+00
5.000000000000000000e+00
1.454401850700378418e+00
5.000000000000000000e+00
4.610548973083496094e+00
5.000000000000000000e+00
3.865780115127563477e+00
4.637442588806152344e+00
4.339080810546875000e+00
4.784021854400634766e+00
5.000000000000000000e+00
5.000000000000000000e+00
5.000000000000000000e+00
4.624318599700927734e+00
3.836636543273925781e+00
4.746562957763671875e+00
4.311629295349121094e+00
3.826048135757446289e+00
5.000000000000000000e+00
4.903987407684326172e+00
2.863229990005493164e+00
2.548696041107177734e+00
4.040663719177246094e+00
2.629472970962524414e+00
4.874975681304931641e+00
5.000000000000000000e+00
3.403884649276733398e+00
3.200803995132446289e+00
5.000000000000000000e+00
5.000000000000000000e+00
4.456541061401367188e+00
2.854250669479370117e+00
5.000000000000000000e+00
3.957892417907714844e+00
4.712247848510742188e+00
4.906893730163574219e+00
