-3.294398546218872070e+00
-1.848822593688964844e+00
-1.827172160148620605e+00
-2.258196592330932617e+00
-2.366396427154541016e+00
-3.257613658905029297e+00
-1.647115111351013184e+00
-4.714513778686523438e+00
-2.406740903854370117e+00
-3.799834728240966797e+00
-4.776711463928222656e+00
-4.464839935302734375e+00
-2.420238971710205078e+00
-2.851157426834106445e+00
-4.642303586006164551e-01
3.759786128997802734e+00
-2.780580520629882812e-02
-3.284334421157836914e+00
2.073094129562377930e+00
1.969670057296752930e-01
-1.846304297447204590e+00
-7.083813548088073730e-01
-4.478651523590087891e+00
-1.193793296813964844e+00
-1.469776630401611328e+00
-4.997875213623046875e+00
-2.782136440277099609e+00
-1.416279077529907227e+00
1.402407288551330566e+00
-1.105187177658081055e+00
-9.025272130966186523e-01
-4.055576801300048828e+00
-4.644932746887207031e+00
-2.337595701217651367e+00
4.963968992233276367e-01
-3.024871110916137695e+00
-2.576869010925292969e+00
-1.857349634170532227e+00
-1.973180174827575684e+00
2.600894868373870850e-01
1.252883434295654297e+00
-3.994703531265258789e+00
-3.579508543014526367e+00
-4.166694164276123047e+00
4.209532141685485840e-01
-3.652439594268798828e+00
-1.921845912933349609e+00
-1.117172002792358398e+00
5.228161811828613281e-01
3.513014316558837891e-01
2.931654453277587891e-03
-4.792032241821289062e+00
2.169074058532714844e+00
-7.123876214027404785e-01
-2.408720970153808594e+00
-2.319855213165283203e+00
-4.457222461700439453e+00
-3.702673912048339844e+00
-1.188753128051757812e+00
-2.519273281097412109e+00
-1.312662720680236816e+00
-4.094480037689208984e+00
-3.986031532287597656e+00
