4.971117019653320312e+00
5.000000000000000000e+00
5.000000000000000000e+00
5.000000000000000000e+00
5.000000000000000000e+00
5.000000000000000000e+00
5.000000000000000000e+00
2.344910144805908203e+00
5.000000000000000000e+00
1.237679958343505859e+00
4.775972843170166016e+00
3.720597267150878906e+00
5.000000000000000000e+00
3.792133808135986328e+00
-1.747347235679626465e+00
4.929636478424072266e+00
5.000000000000000000e+00
5.000000000000000000e+00
5.000000000000000000e+00
4.484723567962646484e+00
5.000000000000000000e+00
1.478373885154724121e+00
2.927610874176025391e+00
5.000000000000000000e+00
4.026066303253173828e+00
2.240796327590942383e+00
5.000000000000000000e+00
5.000000000000000000e+00
3.566632032394409180e+00
5.000000000000000000e+00
4.656530857086181641e+00
3.985455036163330078e+00
5.000000000000000000e+00
5.000000000000000000e+00
5.000000000000000000e+00
2.077323913574218750e+00
3.934070110321044922e+00
5.000000000000000000e+00
2.968521356582641602e+00
5.000000000000000000e+00
4.879048347473144531e+00
5.000000000000000000e+00
4.558815956115722656e+00
2.909716129302978516e+00
2.879457712173461914e+00
3.816162347793579102e+00
4.588460922241210938e+00
4.140496253967285156e+00
5.000000000000000000e+00
5.000000000000000000e+00
3.506626844406127930e+00
4.426306724548339844e+00
5.000000000000000000e+00
4.939419269561767578e+00
5.000000000000000000e+00
4.858928680419921875e+00
3.243653059005737305e+00
5.000000000000000000e+00
-2.125472307205200195e+00
3.932191133499145508e+00
5.000000000000000000e+00
4.268186569213867188e+00
2.428975820541381836e+00
