4.749637603759765625e+00
5.000000000000000000e+00
5.000000000000000000e+00
5.000000000000000000e+00
-5.779091119766235352e-01
4.547307014465332031e+00
4.596358299255371094e+00
5.000000000000000000e+00
1.595856904983520508e+00
5.000000000000000000e+00
1.609476804733276367e+00
5.000000000000000000e+00
5.000000000000000000e+00
4.346318244934082031e+00
2.369231462478637695e+00
-3.269011735916137695e+00
4.652424812316894531e+00
5.000000000000000000e+00
5.000000000000000000e+00
5.000000000000000000e+00
-2.885593891143798828e+00
1.985431313514709473e+00
5.000000000000000000e+00
5.000000000000000000e+00
4.754314422607421875e+00
5.000000000000000000e+00
4.567763328552246094e+00
-1.895919799804687500e+00
4.392904281616210938e+00
5.000000000000000000e+00
5.000000000000000000e+00
5.000000000000000000e+00
4.413038253784179688e+00
4.167131900787353516e+00
5.000000000000000000e+00
5.000000000000000000e+00
4.893749237060546875e+00
5.000000000000000000e+00
5.000000000000000000e+00
4.626060485839843750e+00
5.000000000000000000e+00
2.930083274841308594e+00
5.000000000000000000e+00
4.611208915710449219e+00
4.521777629852294922e+00
5.000000000000000000e+00
3.626527309417724609e+00
1.964244127273559570e+00
5.000000000000000000e+00
5.000000000000000000e+00
4.897344589233398438e+00
5.000000000000000000e+00
3.104282379150390625e+00
5.000000000000000000e+00
2.069853782653808594e+00
4.675806999206542969e+00
-1.923370838165283203e+00
5.000000000000000000e+00
5.000000000000000000e+00
2.781837463378906250e+00
3.096100807189941406e+00
5.000000000000000000e+00
5.000000000000000000e+00
