-2.260193347930908203e+00
-4.403656005859375000e+00
-2.022614955902099609e+00
-1.949656724929809570e+00
-2.694970369338989258e+00
-4.759786128997802734e+00
-4.152931213378906250e+00
-1.777376532554626465e-01
-2.905650138854980469e-01
-2.430265665054321289e+00
-4.253906250000000000e+00
-2.830785989761352539e+00
-1.447059273719787598e+00
1.731846332550048828e-01
-1.472350239753723145e+00
-1.679381608963012695e+00
-2.306158542633056641e+00
-4.500562667846679688e+00
-3.037899255752563477e+00
-2.589647769927978516e+00
-3.630109786987304688e+00
-2.284778356552124023e+00
-4.582551002502441406e+00
-9.156011939048767090e-01
-2.341520190238952637e-01
-3.131891727447509766e+00
-3.984489679336547852e+00
-2.279198169708251953e+00
-5.128343701362609863e-01
-1.845488071441650391e+00
-1.899452805519104004e-01
-4.785261154174804688e+00
-6.667217254638671875e+00
-3.863644599914550781e+00
-2.876052379608154297e+00
-3.574836492538452148e+00
2.348479032516479492e-01
-1.722842812538146973e+00
1.138528823852539062e+00
-7.107621431350708008e-02
-4.086836814880371094e+00
-3.112948179244995117e+00
-2.077925205230712891e-01
-3.717677354812622070e+00
1.643052339553833008e+00
-3.927867650985717773e+00
-5.410013198852539062e-01
8.903006315231323242e-01
-3.468195676803588867e+00
-9.463279724121093750e+00
-5.747528672218322754e-01
1.667745471000671387e+00
-3.110070466995239258e+00
-1.648075580596923828e+00
-4.784183502197265625e+00
-4.583770751953125000e+00
-5.228348731994628906e+00
-1.983169913291931152e+00
-3.351843833923339844e+00
-4.000878810882568359e+00
8.159756660461425781e-02
-2.352050542831420898e+00
-6.572923660278320312e+00
