-3.484810352325439453e+00
-3.837007999420166016e+00
-5.241955757141113281e+00
-1.886799216270446777e+00
3.796535730361938477e-01
-4.233381748199462891e+00
-6.248641014099121094e-01
-2.500564098358154297e+00
-4.180830955505371094e+00
-5.089920043945312500e+00
-1.387154579162597656e+00
-3.985336065292358398e+00
-1.323624610900878906e+00
-4.578287124633789062e+00
-8.397410392761230469e+00
-3.000102281570434570e+00
-5.183629035949707031e+00
-2.610853910446166992e+00
-5.074675559997558594e+00
-9.704557061195373535e-01
-3.727740049362182617e+00
-3.714967966079711914e+00
-2.738698005676269531e+00
-4.933924198150634766e+00
-3.039272785186767578e+00
-3.969268560409545898e+00
-7.217880487442016602e-01
-5.223215818405151367e-01
-4.979354858398437500e+00
-5.026042461395263672e-01
-9.662385940551757812e+00
-2.387900590896606445e+00
-8.093860149383544922e-01
-1.776178359985351562e+00
-2.722718715667724609e+00
-2.129115343093872070e+00
-1.497019290924072266e+00
-2.288969516754150391e+00
-2.693392038345336914e+00
1.453228592872619629e-01
-3.680859088897705078e+00
-3.294487237930297852e+00
-5.851641654968261719e+00
-3.235528945922851562e+00
-3.927955150604248047e+00
-2.246864318847656250e+00
-2.728229761123657227e+00
-2.908185482025146484e+00
-2.561518669128417969e+00
-1.018633127212524414e+00
-5.101385593414306641e+00
-4.128963947296142578e+00
-1.418333768844604492e+00
-2.443474292755126953e+00
-1.699911475181579590e+00
7.674971222877502441e-01
-3.789229393005371094e+00
1.259974122047424316e+00
-8.376238822937011719e+00
-3.613179206848144531e+00
-2.223140478134155273e+00
-3.823178768157958984e+00
-3.706690669059753418e-01
