5.000000000000000000e+00
-1.258820295333862305e-01
5.000000000000000000e+00
2.619608402252197266e+00
4.919857978820800781e+00
4.003162384033203125e+00
-2.702563762664794922e+00
4.905925750732421875e+00
5.000000000000000000e+00
5.000000000000000000e+00
5.000000000000000000e+00
3.338802576065063477e+00
3.845251798629760742e+00
5.000000000000000000e+00
4.402274131774902344e+00
5.000000000000000000e+00
5.000000000000000000e+00
3.198622941970825195e+00
4.287058830261230469e+00
4.619210720062255859e+00
5.000000000000000000e+00
5.000000000000000000e+00
5.000000000000000000e+00
5.000000000000000000e+00
3.008771419525146484e+00
-4.297164440155029297e+00
5.000000000000000000e+00
3.928497314453125000e+00
-1.200274586677551270e+00
5.000000000000000000e+00
5.000000000000000000e+00
-4.718235015869140625e+00
3.321997642517089844e+00
4.391836166381835938e+00
3.722796678543090820e+00
3.747526645660400391e+00
-2.862876057624816895e-01
2.465181589126586914e+00
2.791128635406494141e+00
5.000000000000000000e+00
4.029112815856933594e+00
5.000000000000000000e+00
2.549084663391113281e+00
4.483549118041992188e+00
5.000000000000000000e+00
5.000000000000000000e+00
2.597555398941040039e+00
5.000000000000000000e+00
4.637306213378906250e+00
5.000000000000000000e+00
4.705031871795654297e+00
3.392242431640625000e+00
5.000000000000000000e+00
2.221988439559936523e+00
1.752892136573791504e+00
5.000000000000000000e+00
4.382760047912597656e+00
3.714453697204589844e+00
4.648058414459228516e+00
4.176342964172363281e+00
3.199239969253540039e+00
4.915553092956542969e+00
5.000000000000000000e+00
