5.000000000000000000e+00
5.000000000000000000e+00
5.000000000000000000e+00
5.000000000000000000e+00
1.270406723022460938e+00
5.000000000000000000e+00
5.000000000000000000e+00
4.320045948028564453e+00
5.000000000000000000e+00
5.000000000000000000e+00
3.439077138900756836e+00
5.000000000000000000e+00
5.000000000000000000e+00
5.000000000000000000e+00
5.000000000000000000e+00
5.000000000000000000e+00
4.853253841400146484e+00
2.900854110717773438e+00
4.750932693481445312e+00
5.000000000000000000e+00
3.943941116333007812e+00
2.011070013046264648e+00
5.000000000000000000e+00
4.444430351257324219e+00
4.821501255035400391e+00
5.000000000000000000e+00
5.000000000000000000e+00
4.952150821685791016e+00
3.419028759002685547e+00
5.000000000000000000e+00
5.000000000000000000e+00
2.457693576812744141e+00
5.000000000000000000e+00
5.000000000000000000e+00
5.000000000000000000e+00
3.407064914703369141e+00
5.000000000000000000e+00
5.000000000000000000e+00
4.921752929687500000e+00
3.876461029052734375e+00
5.000000000000000000e+00
5.000000000000000000e+00
-2.897310853004455566e-01
5.000000000000000000e+00
1.303878873586654663e-01
-1.752558827400207520e+00
1.353134512901306152e+00
4.178608417510986328e+00
3.329950332641601562e+00
5.000000000000000000e+00
5.000000000000000000e+00
1.824318289756774902e+00
5.000000000000000000e+00
5.000000000000000000e+00
5.000000000000000000e+00
2.063431501388549805e+00
3.439866542816162109e+00
5.000000000000000000e+00
5.000000000000000000e+00
5.000000000000000000e+00
4.756398677825927734e+00
5.000000000000000000e+00
5.000000000000000000e+00
