-4.895226478576660156e+00
-3.501758098602294922e+00
-4.675919055938720703e+00
-7.714565992355346680e-01
-6.902240514755249023e-01
-1.256928086280822754e+00
-1.343416690826416016e+00
-2.102288722991943359e+00
-1.860842585563659668e+00
-5.032728910446166992e-01
-8.723896741867065430e-01
-6.818032264709472656e+00
-5.131821155548095703e+00
-3.483147144317626953e+00
-3.328324317932128906e+00
-3.257782459259033203e+00
-2.709850549697875977e+00
-3.536814451217651367e+00
-6.009669303894042969e+00
-3.922417163848876953e+00
-3.740472316741943359e+00
-2.669548034667968750e+00
-2.131838560104370117e+00
-1.422991394996643066e+00
-3.184743404388427734e+00
-3.529743671417236328e+00
-3.040143966674804688e+00
-1.292633712291717529e-01
-3.319423198699951172e+00
-2.978007316589355469e+00
6.441433429718017578e-01
-2.483174085617065430e+00
-3.661956310272216797e+00
-1.381115436553955078e+00
-2.859475612640380859e+00
-3.982060432434082031e+00
1.768136024475097656e-01
-1.374700665473937988e+00
-1.894323110580444336e+00
-1.949760913848876953e+00
-4.635717391967773438e+00
-1.099360466003417969e+00
-6.185809373855590820e-01
-3.091981410980224609e+00
-3.572260379791259766e+00
-2.801548004150390625e+00
-4.657731056213378906e+00
-2.841849327087402344e+00
-3.379244089126586914e+00
-5.021115303039550781e+00
-7.166293859481811523e-01
-1.115599989891052246e+00
6.688852310180664062e-01
-5.166242599487304688e+00
-1.320684075355529785e+00
-1.640862822532653809e+00
6.624748110771179199e-01
-4.560936927795410156e+00
-5.505985260009765625e+00
-1.385495901107788086e+00
-1.069530367851257324e+00
-4.381896972656250000e+00
-3.460594892501831055e+00
