4.926653861999511719e+00
5.000000000000000000e+00
5.000000000000000000e+00
4.481301307678222656e+00
5.000000000000000000e+00
4.255637168884277344e+00
-6.993147134780883789e-01
1.198030352592468262e+00
4.460512161254882812e+00
2.204316377639770508e+00
5.000000000000000000e+00
4.420212268829345703e+00
5.000000000000000000e+00
5.000000000000000000e+00
5.000000000000000000e+00
3.560312509536743164e+00
1.655479788780212402e+00
3.189930438995361328e+00
3.120658874511718750e+00
4.180969238281250000e+00
3.485280513763427734e+00
4.262329101562500000e+00
2.997181653976440430e+00
5.000000000000000000e+00
5.000000000000000000e+00
4.650939464569091797e+00
4.739789009094238281e+00
5.000000000000000000e+00
5.000000000000000000e+00
5.000000000000000000e+00
5.000000000000000000e+00
4.781783580780029297e+00
4.892936706542968750e+00
4.753219604492187500e+00
5.000000000000000000e+00
5.000000000000000000e+00
3.632911443710327148e+00
5.000000000000000000e+00
4.062827110290527344e+00
-4.189599037170410156e+00
5.000000000000000000e+00
5.000000000000000000e+00
5.000000000000000000e+00
5.000000000000000000e+00
4.830979347229003906e+00
5.000000000000000000e+00
5.000000000000000000e+00
2.896519899368286133e+00
5.000000000000000000e+00
5.000000000000000000e+00
1.481212258338928223e+00
3.449826955795288086e+00
1.333472728729248047e+00
4.292592048645019531e+00
5.000000000000000000e+00
5.000000000000000000e+00
5.000000000000000000e+00
5.000000000000000000e+00
5.000000000000000000e+00
-2.668879508972167969e+00
5.000000000000000000e+00
5.000000000000000000e+00
5.000000000000000000e+00
