4.051935195922851562e+00
-5.039719581604003906e+00
5.000000000000000000e+00
4.882489204406738281e+00
3.576825857162475586e+00
5.000000000000000000e+00
5.000000000000000000e+00
2.920314788818359375e+00
4.141583919525146484e+00
5.000000000000000000e+00
5.000000000000000000e+00
-2.545518875122070312e+00
-5.545264720916748047e+00
4.966454029083251953e+00
5.000000000000000000e+00
5.000000000000000000e+00
4.083876609802246094e+00
5.000000000000000000e+00
4.964597702026367188e+00
4.485015392303466797e+00
5.000000000000000000e+00
5.000000000000000000e+00
-4.771583080291748047e+00
5.000000000000000000e+00
5.000000000000000000e+00
3.394997119903564453e+00
5.000000000000000000e+00
5.000000000000000000e+00
-1.978083133697509766e+00
5.000000000000000000e+00
5.000000000000000000e+00
5.000000000000000000e+00
1.121056199073791504e+00
5.000000000000000000e+00
5.000000000000000000e+00
5.000000000000000000e+00
5.000000000000000000e+00
5.000000000000000000e+00
5.000000000000000000e+00
5.000000000000000000e+00
5.000000000000000000e+00
5.000000000000000000e+00
5.000000000000000000e+00
4.949375629425048828e+00
5.000000000000000000e+00
5.000000000000000000e+00
4.950469970703125000e+00
2.053708076477050781e+00
3.011721134185791016e+00
1.469491839408874512e+00
2.030669689178466797e+00
4.877606868743896484e+00
3.898668289184570312e+00
5.000000000000000000e+00
4.811916351318359375e+00
5.000000000000000000e+00
2.353613853454589844e+00
4.051831722259521484e+00
5.000000000000000000e+00
4.654983520507812500e+00
5.000000000000000000e+00
5.000000000000000000e+00
4.559703350067138672e+00
