-3.105674743652343750e+00
-3.020618200302124023e+00
1.169925451278686523e+00
-7.530788183212280273e-01
-2.685464620590209961e+00
-1.125967383384704590e+00
-9.321171641349792480e-01
-2.350571155548095703e+00
-5.059526443481445312e+00
-1.538350343704223633e+00
-2.920562744140625000e+00
-4.165069580078125000e+00
-2.030373334884643555e+00
-4.145039081573486328e+00
-2.819960117340087891e+00
-2.118171930313110352e+00
-4.243169307708740234e+00
-3.987957239151000977e+00
-1.336973428726196289e+00
-7.826670646667480469e+00
-4.378870964050292969e+00
-3.641509294509887695e+00
-2.112003087997436523e+00
-4.616601943969726562e+00
-5.483663082122802734e+00
-2.098061084747314453e+00
-5.279417991638183594e+00
-1.768755316734313965e-01
-3.810075998306274414e+00
-1.698258876800537109e+00
1.810577034950256348e+00
-5.244559764862060547e+00
-4.429420948028564453e+00
-4.881614685058593750e+00
-1.706439018249511719e+00
-1.220700979232788086e+00
-5.275789260864257812e+00
-5.239718556404113770e-01
-2.218681335449218750e+00
1.840167045593261719e-01
-3.566107273101806641e+00
-5.529801845550537109e+00
-3.660449266433715820e+00
-2.420272827148437500e+00
-7.820981740951538086e-01
-1.753495454788208008e+00
-4.947233676910400391e+00
-4.302873134613037109e+00
-2.865595340728759766e+00
-3.268832206726074219e+00
-1.086996078491210938e+00
-2.187005996704101562e+00
-1.556261777877807617e+00
-5.059353828430175781e+00
2.215662479400634766e+00
-3.853165209293365479e-01
-2.796904325485229492e+00
-7.234339714050292969e+00
-3.785502433776855469e+00
-3.496853828430175781e+00
-1.373332142829895020e+00
-1.575158834457397461e+00
-2.639673233032226562e+00
