-1.684190273284912109e+00
-2.609951972961425781e+00
-1.690571904182434082e+00
-2.225992679595947266e+00
-6.855922937393188477e-01
-5.329273700714111328e+00
-1.693960666656494141e+00
2.906857967376708984e+00
-2.259544372558593750e+00
-2.287510037422180176e-02
-2.484038352966308594e+00
-2.809259176254272461e+00
-2.540966272354125977e+00
-2.202816009521484375e+00
7.888884544372558594e-01
-4.985516548156738281e+00
-4.163594722747802734e+00
-2.280649185180664062e+00
-3.676954269409179688e+00
-1.532995939254760742e+00
-1.000000000000000000e+01
-3.708024501800537109e+00
-4.942219734191894531e+00
-5.298328876495361328e+00
-1.615494728088378906e+00
-4.924025535583496094e+00
-2.278980731964111328e+00
-1.557958364486694336e+00
-1.630204916000366211e+00
-1.572003245353698730e+00
-3.090483427047729492e+00
-4.714807510375976562e+00
-1.761099100112915039e+00
-3.112066030502319336e+00
-3.229763507843017578e+00
-6.981534004211425781e+00
6.264280676841735840e-01
-4.968596458435058594e+00
-1.923097610473632812e+00
-2.930335044860839844e+00
-3.230077743530273438e+00
-3.446665287017822266e+00
-2.107509136199951172e+00
-5.194302797317504883e-01
-4.809353828430175781e+00
-2.642947673797607422e+00
-5.402988433837890625e+00
-4.363878726959228516e+00
-7.579890727996826172e+00
-4.416997909545898438e+00
-4.297540664672851562e+00
8.069628477096557617e-02
-3.122763633728027344e+00
-8.483833312988281250e+00
-2.344196319580078125e+00
-3.287561416625976562e+00
-4.085282325744628906e+00
-4.062879562377929688e+00
-1.201416850090026855e+00
-3.849257469177246094e+00
-1.704387426376342773e+00
7.946342825889587402e-01
-1.590868711471557617e+00
