-6.450407981872558594e+00
1.566248178482055664e+00
-2.116142749786376953e+00
-2.537906885147094727e+00
-2.567446231842041016e+00
-1.092198371887207031e+00
-6.024011611938476562e+00
-3.587760925292968750e+00
-2.647484064102172852e+00
-2.367603063583374023e+00
-6.054673194885253906e-01
-2.577490091323852539e+00
-3.156901597976684570e+00
-4.464759349822998047e+00
-2.921546459197998047e+00
-4.356441497802734375e+00
-3.286197423934936523e+00
-6.767467260360717773e-01
-8.558448553085327148e-01
-7.816798090934753418e-01
9.195736646652221680e-01
-2.248450517654418945e+00
-4.617102622985839844e+00
-2.275595188140869141e+00
4.144058227539062500e-01
-2.915211915969848633e+00
-2.470150470733642578e+00
7.276460528373718262e-01
-1.969863414764404297e+00
-2.302480697631835938e+00
-3.132694721221923828e+00
-5.781406879425048828e+00
-3.109159231185913086e+00
-2.301457881927490234e+00
-4.472672462463378906e+00
-4.929870605468750000e+00
-1.134290337562561035e+00
-7.651245594024658203e-01
-4.375121593475341797e+00
-7.057501077651977539e-01
-1.128772377967834473e+00
-3.186510562896728516e+00
-6.789148449897766113e-01
-4.006897807121276855e-01
-5.577862858772277832e-01
-1.734760403633117676e+00
-2.474101305007934570e+00
-8.873682618141174316e-01
-3.746752977371215820e+00
-2.382533073425292969e+00
-4.151311874389648438e+00
-2.274327754974365234e+00
1.765244305133819580e-01
-8.754246234893798828e-01
-2.096948146820068359e+00
-3.642629146575927734e+00
-7.440004348754882812e-01
-4.860021591186523438e+00
-1.797732114791870117e+00
-6.363670349121093750e+00
2.242010831832885742e-01
-1.045744299888610840e+00
-5.239508152008056641e+00
