5.000000000000000000e+00
5.000000000000000000e+00
3.041161537170410156e+00
5.000000000000000000e+00
5.000000000000000000e+00
5.000000000000000000e+00
4.632766246795654297e+00
5.000000000000000000e+00
5.000000000000000000e+00
4.591653823852539062e+00
3.418605089187622070e+00
3.202707529067993164e+00
5.000000000000000000e+00
5.000000000000000000e+00
3.606040000915527344e+00
2.004945993423461914e+00
5.000000000000000000e+00
2.218680858612060547e+00
5.000000000000000000e+00
5.000000000000000000e+00
5.000000000000000000e+00
4.242208480834960938e+00
2.249430418014526367e+00
4.563588619232177734e+00
5.000000000000000000e+00
4.394353389739990234e+00
5.000000000000000000e+00
5.000000000000000000e+00
5.000000000000000000e+00
4.334008216857910156e+00
5.000000000000000000e+00
5.000000000000000000e+00
5.000000000000000000e+00
3.639391183853149414e+00
5.000000000000000000e+00
4.946729183197021484e+00
5.000000000000000000e+00
4.847771644592285156e+00
4.675884246826171875e+00
5.000000000000000000e+00
5.000000000000000000e+00
5.000000000000000000e+00
4.807216644287109375e+00
4.925791740417480469e+00
2.288032054901123047e+00
5.000000000000000000e+00
5.000000000000000000e+00
2.907945156097412109e+00
5.000000000000000000e+00
4.622545242309570312e+00
2.244271755218505859e+00
5.000000000000000000e+00
3.473004817962646484e+00
5.000000000000000000e+00
4.689508438110351562e+00
4.944558143615722656e+00
3.087668895721435547e+00
5.000000000000000000e+00
4.725152015686035156e+00
5.000000000000000000e+00
5.000000000000000000e+00
1.013411521911621094e+00
5.000000000000000000e+00
