-2.885267257690429688e+00
-5.631281852722167969e+00
-3.519944667816162109e+00
-7.833302617073059082e-01
-1.698049306869506836e+00
-2.978543281555175781e+00
-3.148385584354400635e-01
-7.059521675109863281e-01
-1.254042863845825195e+00
-5.894611835479736328e+00
-4.037127017974853516e+00
-3.925649642944335938e+00
-3.060951471328735352e+00
-3.970955610275268555e+00
-1.499717473983764648e+00
-3.438380241394042969e+00
-2.139209270477294922e+00
-8.888782262802124023e-01
-1.044229745864868164e+00
-3.912958860397338867e+00
3.944873809814453125e-03
-4.044256210327148438e+00
-3.508176803588867188e+00
-2.948239088058471680e+00
-2.896842956542968750e+00
-2.789141654968261719e+00
-3.734805583953857422e+00
4.760509133338928223e-01
-4.333267211914062500e+00
-1.417615115642547607e-01
-2.703658103942871094e+00
-1.285425901412963867e+00
-3.847990512847900391e+00
-3.114406347274780273e+00
-2.734117507934570312e+00
-2.666886329650878906e+00
-3.689791917800903320e+00
-3.319298267364501953e+00
-1.835578441619873047e+00
-1.651162505149841309e+00
-4.000723838806152344e+00
-9.889124631881713867e-01
-3.284904956817626953e+00
-3.842456817626953125e+00
-3.915891170501708984e+00
-7.293134331703186035e-01
-5.160708904266357422e+00
-4.478759765625000000e-01
2.277472734451293945e+00
-8.960277438163757324e-01
-3.133640289306640625e+00
-1.183071494102478027e+00
-2.063324451446533203e+00
-1.277704477310180664e+00
-1.501953244209289551e+00
-2.182843685150146484e+00
-2.841295719146728516e+00
-4.480378627777099609e+00
-4.921770095825195312e+00
-4.951553642749786377e-01
-3.231342554092407227e+00
-8.852903366088867188e+00
-1.568633317947387695e+00
