5.000000000000000000e+00
5.000000000000000000e+00
5.000000000000000000e+00
5.000000000000000000e+00
4.500716209411621094e+00
-6.239825487136840820e-02
4.860557079315185547e+00
4.721255302429199219e+00
5.000000000000000000e+00
5.000000000000000000e+00
5.000000000000000000e+00
-2.392096519470214844e+00
5.000000000000000000e+00
5.000000000000000000e+00
4.320421218872070312e+00
5.000000000000000000e+00
5.000000000000000000e+00
1.309993743896484375e+00
3.694282770156860352e+00
5.000000000000000000e+00
1.473262906074523926e+00
3.563568353652954102e+00
5.000000000000000000e+00
1.800970911979675293e+00
3.031733512878417969e+00
3.906214714050292969e+00
5.000000000000000000e+00
5.000000000000000000e+00
4.734196186065673828e+00
5.000000000000000000e+00
5.000000000000000000e+00
5.000000000000000000e+00
5.000000000000000000e+00
5.000000000000000000e+00
4.762236595153808594e+00
5.000000000000000000e+00
5.000000000000000000e+00
5.000000000000000000e+00
5.000000000000000000e+00
5.000000000000000000e+00
4.867360115051269531e+00
5.000000000000000000e+00
5.000000000000000000e+00
5.000000000000000000e+00
4.893349170684814453e+00
4.942262649536132812e+00
5.000000000000000000e+00
4.870151519775390625e+00
5.000000000000000000e+00
-2.112379550933837891e+00
4.781069755554199219e+00
4.542459487915039062e+00
4.842625617980957031e+00
2.371488571166992188e+00
3.729717731475830078e+00
5.000000000000000000e+00
3.665116310119628906e+00
5.000000000000000000e+00
5.000000000000000000e+00
5.000000000000000000e+00
-4.855639457702636719e+00
4.563919067382812500e+00
-3.312152385711669922e+00
