-2.288370847702026367e+00
-7.898415327072143555e-01
-4.830800533294677734e+00
-1.831726431846618652e+00
1.144140839576721191e+00
-6.419388055801391602e-01
-4.728516101837158203e+00
-3.496862411499023438e+00
-1.061467885971069336e+00
-1.035077929496765137e+00
-2.962073564529418945e+00
-4.615742683410644531e+00
-2.519278526306152344e+00
-7.857820034027099609e+00
-3.183693408966064453e+00
-2.647322177886962891e+00
1.710355281829833984e-02
-4.646673679351806641e+00
-6.440842628479003906e+00
-2.721914649009704590e-02
-2.480854034423828125e+00
-2.689718723297119141e+00
-4.054406881332397461e-01
-2.423019886016845703e+00
-6.121687889099121094e-01
-2.822324752807617188e+00
-4.688854217529296875e+00
-6.119995117187500000e+00
-4.393052101135253906e+00
-6.212481021881103516e+00
-3.577403068542480469e+00
-2.735264062881469727e+00
-5.714078426361083984e+00
-1.235425233840942383e+00
-4.506048679351806641e+00
-4.732501983642578125e+00
-6.259561061859130859e+00
-4.257905960083007812e+00
-4.216751098632812500e+00
-4.859438538551330566e-01
-3.787041664123535156e+00
-7.706485271453857422e+00
-3.057198762893676758e+00
1.879187226295471191e+00
-1.178179979324340820e+00
-2.084416389465332031e+00
-4.072493553161621094e+00
-1.927213907241821289e+00
-4.028625011444091797e+00
-2.548317432403564453e+00
-3.221723556518554688e+00
-5.330954790115356445e-01
-2.960210800170898438e+00
-2.883294105529785156e+00
-3.519991636276245117e+00
-3.125355243682861328e+00
-3.984168529510498047e+00
-3.784821987152099609e+00
-2.456428050994873047e+00
-2.044476509094238281e+00
2.445982456207275391e+00
-4.494029045104980469e+00
-2.552479267120361328e+00
