5.577101707458496094e-01
2.357558727264404297e+00
5.000000000000000000e+00
3.188821315765380859e+00
-7.396594285964965820e-01
3.387193918228149414e+00
4.688382148742675781e+00
4.413015842437744141e+00
5.000000000000000000e+00
5.000000000000000000e+00
5.000000000000000000e+00
4.150682926177978516e+00
5.000000000000000000e+00
3.543209075927734375e+00
4.450719356536865234e+00
2.420395851135253906e+00
5.000000000000000000e+00
3.306357622146606445e+00
4.087306976318359375e+00
4.472017765045166016e+00
5.000000000000000000e+00
3.825806856155395508e+00
4.162689208984375000e+00
4.511775016784667969e+00
5.000000000000000000e+00
3.625441551208496094e+00
4.926319122314453125e+00
5.000000000000000000e+00
1.249243140220642090e+00
4.717215538024902344e+00
5.000000000000000000e+00
4.972434043884277344e+00
4.285193920135498047e+00
5.000000000000000000e+00
4.842507839202880859e+00
4.527566909790039062e+00
-2.473814964294433594e+00
1.861748695373535156e+00
4.077165603637695312e+00
2.349123716354370117e+00
5.000000000000000000e+00
3.653576374053955078e+00
5.000000000000000000e+00
3.459922552108764648e+00
5.000000000000000000e+00
5.000000000000000000e+00
5.000000000000000000e+00
5.000000000000000000e+00
2.695064544677734375e+00
5.000000000000000000e+00
2.811373233795166016e+00
5.000000000000000000e+00
4.853515625000000000e+00
5.000000000000000000e+00
4.969177722930908203e+00
3.041555881500244141e+00
5.000000000000000000e+00
3.953486442565917969e+00
5.000000000000000000e+00
5.000000000000000000e+00
4.295505523681640625e+00
3.289908409118652344e+00
5.000000000000000000e+00
