-4.146523475646972656e+00
3.423293828964233398e-01
-2.268013477325439453e+00
-3.815206050872802734e+00
-1.824731826782226562e+00
-5.047596454620361328e+00
-2.827341556549072266e+00
-3.694854497909545898e+00
-3.230685710906982422e+00
-3.594641208648681641e+00
-5.389993667602539062e+00
-3.635328531265258789e+00
-2.549273014068603516e+00
-2.901487350463867188e+00
-1.849404931068420410e+00
-4.333699703216552734e+00
-3.610382556915283203e+00
1.888686656951904297e+00
-2.217528104782104492e+00
-4.360150814056396484e+00
-1.507334470748901367e+00
-3.697179794311523438e+00
-1.856517791748046875e-02
-4.927561283111572266e+00
-3.072377204895019531e+00
-1.568659543991088867e+00
1.431224346160888672e-01
-5.756950378417968750e+00
-3.824396133422851562e+00
-1.823915600776672363e+00
-3.562242031097412109e+00
-2.919043064117431641e+00
-1.974941968917846680e+00
-4.536770582199096680e-01
-4.574191093444824219e+00
-2.497277021408081055e+00
-2.235671997070312500e+00
1.829738616943359375e-01
-4.566222190856933594e+00
-1.675889015197753906e+00
-1.478062272071838379e-01
-1.491960644721984863e+00
-2.631105184555053711e+00
-4.592300891876220703e+00
-5.051312923431396484e+00
-1.149169564247131348e+00
-3.061148643493652344e+00
-3.121526002883911133e+00
-1.381299495697021484e+00
-4.239874362945556641e+00
-3.831283569335937500e+00
-4.729242324829101562e+00
-1.779190421104431152e+00
4.148985147476196289e-01
-2.305867195129394531e+00
-4.279886722564697266e+00
-4.561288833618164062e+00
-1.614114999771118164e+00
-1.694539070129394531e+00
-2.131887912750244141e+00
-2.103744983673095703e+00
-3.240312099456787109e+00
-1.710354804992675781e+00
