-1.838838577270507812e+00
-2.926171779632568359e+00
-4.255127906799316406e+00
-3.160852909088134766e+00
-2.519272804260253906e+00
-2.810579299926757812e+00
-1.774880528450012207e+00
-1.695338487625122070e+00
-1.851064682006835938e+00
-1.792566895484924316e+00
6.796160936355590820e-01
-4.459673881530761719e+00
-4.735281944274902344e+00
-5.653872489929199219e+00
-4.499569416046142578e+00
1.050214767456054688e-01
-2.184787034988403320e+00
-3.670134842395782471e-01
-4.297977924346923828e+00
-4.414151191711425781e+00
-7.943602800369262695e-01
-3.611238002777099609e+00
1.313563585281372070e-01
-4.030014991760253906e+00
-8.058331608772277832e-01
-2.625290155410766602e+00
-4.608859539031982422e+00
-1.445097684860229492e+00
-2.089976787567138672e+00
-3.766097307205200195e+00
-2.771689176559448242e+00
-2.284033775329589844e+00
-1.606262445449829102e+00
-3.832806110382080078e+00
-1.307247281074523926e+00
-2.036093711853027344e+00
-1.416922330856323242e+00
-4.171756744384765625e+00
-3.003083229064941406e+00
-4.484833717346191406e+00
-1.430257797241210938e+00
-5.248783111572265625e+00
-5.142619609832763672e+00
-1.114653348922729492e+00
-1.340743303298950195e+00
-2.613660812377929688e+00
3.684942960739135742e+00
-3.994716405868530273e-01
-1.293271064758300781e+00
-1.518157243728637695e+00
-2.658620834350585938e+00
-5.864959716796875000e+00
-1.768453001976013184e+00
-3.506011009216308594e+00
-2.465834379196166992e+00
-2.501392841339111328e+00
-4.786323070526123047e+00
-3.563977241516113281e+00
-2.210472583770751953e+00
-1.710364699363708496e+00
1.340295791625976562e+00
-1.950497150421142578e+00
-4.035604476928710938e+00
