-2.708506822586059570e+00
8.174612522125244141e-01
-3.473133087158203125e+00
-9.347248077392578125e-01
-1.513067245483398438e+00
1.779601454734802246e+00
-9.991546869277954102e-01
-3.588082313537597656e+00
-3.444390535354614258e+00
-3.895856857299804688e+00
-1.224882304668426514e-01
-3.100745677947998047e+00
-2.420037508010864258e+00
-4.842234611511230469e+00
-4.730356216430664062e+00
-2.422763109207153320e+00
-3.532932519912719727e+00
1.971154689788818359e+00
-1.892273783683776855e+00
-2.882125616073608398e+00
-2.215828657150268555e+00
1.963697791099548340e+00
-2.555074691772460938e+00
-2.089547157287597656e+00
-2.149994850158691406e+00
-2.663009643554687500e+00
-1.509850502014160156e+00
-2.106788396835327148e+00
-7.674314975738525391e-01
-4.464321136474609375e+00
-7.598251104354858398e-01
-3.916700124740600586e+00
-1.627957820892333984e+00
-1.303981900215148926e+00
-1.478940248489379883e+00
-3.666785001754760742e+00
-2.541331529617309570e+00
-3.607827901840209961e+00
-1.898491144180297852e+00
-3.828874588012695312e+00
-4.472876548767089844e+00
-1.704600572586059570e+00
-1.124066948890686035e+00
-7.632100582122802734e-02
-3.355831146240234375e+00
8.513602614402770996e-01
-3.928117513656616211e+00
-3.178536653518676758e+00
-1.316251873970031738e+00
-1.334938406944274902e+00
-2.430013656616210938e+00
-4.677912712097167969e+00
-7.415454983711242676e-01
-3.262069702148437500e+00
-5.107605457305908203e-01
-2.812954187393188477e+00
-5.008726119995117188e+00
-4.895134866237640381e-01
-4.277585983276367188e+00
-1.966642618179321289e+00
-1.843487143516540527e+00
-1.208616256713867188e+00
-2.467458009719848633e+00
