5.000000000000000000e+00
5.000000000000000000e+00
4.609341621398925781e+00
4.467237949371337891e+00
4.591978073120117188e+00
5.000000000000000000e+00
3.468845844268798828e+00
4.510856151580810547e+00
4.067257404327392578e+00
5.000000000000000000e+00
5.000000000000000000e+00
5.000000000000000000e+00
5.000000000000000000e+00
5.000000000000000000e+00
4.690240859985351562e+00
2.739376306533813477e+00
4.928113937377929688e+00
3.624812126159667969e+00
5.000000000000000000e+00
5.000000000000000000e+00
4.135557174682617188e+00
5.000000000000000000e+00
3.745957612991333008e+00
5.000000000000000000e+00
4.906600952148437500e+00
3.994693517684936523e+00
5.000000000000000000e+00
4.310445785522460938e+00
5.000000000000000000e+00
3.738749504089355469e+00
5.000000000000000000e+00
5.000000000000000000e+00
3.790267944335937500e+00
5.000000000000000000e+00
5.000000000000000000e+00
3.172530889511108398e+00
4.092921733856201172e+00
4.826669216156005859e+00
5.000000000000000000e+00
4.762141704559326172e+00
5.000000000000000000e+00
4.210976123809814453e+00
5.000000000000000000e+00
3.940145969390869141e+00
4.151157379150390625e+00
4.282365798950195312e+00
5.000000000000000000e+00
4.362245559692382812e+00
4.438931941986083984e+00
5.000000000000000000e+00
5.000000000000000000e+00
5.000000000000000000e+00
5.000000000000000000e+00
3.080418586730957031e+00
4.263416290283203125e+00
3.000915527343750000e+00
2.686053752899169922e+00
3.034661531448364258e+00
-1.438805103302001953e+00
4.605478286743164062e+00
5.000000000000000000e+00
5.000000000000000000e+00
-1.673373878002166748e-01
