5.000000000000000000e+00
3.925011157989501953e+00
5.000000000000000000e+00
5.000000000000000000e+00
2.463346958160400391e+00
5.000000000000000000e+00
3.058247327804565430e+00
1.617438435554504395e+00
5.000000000000000000e+00
5.000000000000000000e+00
5.000000000000000000e+00
4.694918155670166016e+00
5.000000000000000000e+00
5.000000000000000000e+00
5.000000000000000000e+00
5.000000000000000000e+00
5.000000000000000000e+00
5.000000000000000000e+00
4.873961448669433594e+00
5.000000000000000000e+00
4.750648021697998047e+00
4.057337760925292969e+00
5.000000000000000000e+00
-1.796517848968505859e+00
2.655298233032226562e+00
5.000000000000000000e+00
5.000000000000000000e+00
1.867161035537719727e+00
3.930825233459472656e+00
5.000000000000000000e+00
5.000000000000000000e+00
4.665008068084716797e+00
1.850951194763183594e+00
5.000000000000000000e+00
5.000000000000000000e+00
5.000000000000000000e+00
4.904825687408447266e+00
5.000000000000000000e+00
5.000000000000000000e+00
5.000000000000000000e+00
-4.975919425487518311e-01
5.000000000000000000e+00
5.000000000000000000e+00
5.000000000000000000e+00
5.000000000000000000e+00
5.000000000000000000e+00
5.000000000000000000e+00
5.000000000000000000e+00
5.000000000000000000e+00
4.411647796630859375e+00
5.000000000000000000e+00
4.295761585235595703e+00
4.672904491424560547e+00
3.644180297851562500e+00
5.000000000000000000e+00
3.460906744003295898e+00
4.240797042846679688e+00
5.000000000000000000e+00
5.000000000000000000e+00
5.000000000000000000e+00
5.000000000000000000e+00
5.000000000000000000e+00
5.000000000000000000e+00
