-2.314970016479492188e+00
-4.437709808349609375e+00
3.176239013671875000e+00
-4.254547119140625000e+00
-4.773485660552978516e+00
-2.960496187210083008e+00
-3.016772031784057617e+00
-2.966902017593383789e+00
-6.439792156219482422e+00
-2.478427171707153320e+00
-1.083609104156494141e+00
-4.763060092926025391e+00
-2.023293375968933105e-01
-3.111086368560791016e+00
-2.843978404998779297e+00
-2.933368921279907227e+00
1.516678631305694580e-01
-2.397902727127075195e+00
2.669582962989807129e-01
-5.284876346588134766e+00
-2.520616531372070312e+00
-2.392218589782714844e+00
-2.620068311691284180e+00
-1.919873833656311035e+00
-4.746424674987792969e+00
-4.360433578491210938e+00
-3.742161691188812256e-01
-3.322242259979248047e+00
-2.943052291870117188e+00
-5.373739600181579590e-01
9.392973184585571289e-01
-1.761683106422424316e+00
-3.312445878982543945e+00
-2.646406650543212891e+00
-2.491847038269042969e+00
-4.323018074035644531e+00
-8.984088897705078125e-03
1.431073784828186035e+00
-3.770170211791992188e+00
-2.074547767639160156e+00
-3.278999328613281250e+00
-5.888432502746582031e+00
-6.162812709808349609e+00
-1.414544939994812012e+00
-2.411482334136962891e+00
1.657133102416992188e-01
-9.570170640945434570e-01
-1.361281871795654297e+00
-9.603549957275390625e+00
-2.338042736053466797e+00
-8.626338005065917969e+00
-6.081505417823791504e-01
-1.850043535232543945e+00
-1.457716226577758789e+00
9.043822288513183594e-01
-2.151212692260742188e+00
-4.800551414489746094e+00
-7.520388960838317871e-01
-3.060700654983520508e+00
-3.403079509735107422e+00
-4.320020079612731934e-01
-4.009799480438232422e+00
-2.215898036956787109e-02
