-3.426080346107482910e-01
1.058523952960968018e-01
-2.139668464660644531e+00
-2.263075351715087891e+00
-2.495507001876831055e+00
-2.917650699615478516e+00
-4.645974159240722656e+00
-1.951492190361022949e+00
-2.870018720626831055e+00
-2.649507999420166016e+00
-4.876060009002685547e+00
-2.696109294891357422e+00
8.455218076705932617e-01
-9.175541877746582031e+00
-2.131042718887329102e+00
-3.547560691833496094e+00
-3.893452405929565430e+00
3.447027206420898438e-01
-2.637607574462890625e+00
-4.561899662017822266e+00
-1.858182907104492188e+00
2.125849246978759766e+00
-4.831463813781738281e+00
-3.041813850402832031e+00
-4.012974739074707031e+00
-3.091820716857910156e+00
-5.083346843719482422e+00
-4.506034851074218750e+00
-2.700923919677734375e+00
-3.536447286605834961e-01
-3.040609598159790039e+00
-3.099958419799804688e+00
-2.138791084289550781e+00
-1.165162563323974609e+00
-5.686367034912109375e+00
-1.625878810882568359e+00
-2.758184671401977539e+00
-1.428246974945068359e+00
-3.405646324157714844e+00
-2.091288089752197266e+00
-3.151008844375610352e+00
-2.640209436416625977e+00
-8.659642934799194336e-01
-5.664611339569091797e+00
-3.337635517120361328e+00
-5.154673099517822266e+00
-4.737573623657226562e+00
-3.423904180526733398e+00
-6.704362034797668457e-01
-1.846673250198364258e+00
-3.815639019012451172e+00
-3.035820960998535156e+00
-1.000000000000000000e+01
-2.833608150482177734e+00
-1.686557412147521973e+00
-2.457296848297119141e+00
-4.868279457092285156e+00
-3.261133670806884766e+00
-2.371105194091796875e+00
-4.774984359741210938e+00
-2.814313411712646484e+00
-2.482676982879638672e+00
-1.345471858978271484e+00
