-2.100002765655517578e+00
-1.905961513519287109e+00
-7.619578838348388672e-01
-2.098612308502197266e+00
-4.274570465087890625e+00
-4.342626094818115234e+00
-2.662476778030395508e+00
-6.369006633758544922e-01
4.434389472007751465e-01
-2.070928096771240234e+00
-2.395047903060913086e+00
-3.727732658386230469e+00
-2.051858901977539062e+00
-1.712912678718566895e+00
-5.277091026306152344e+00
-3.675051331520080566e-01
-1.588737130165100098e+00
-1.746890187263488770e+00
-7.273232936859130859e+00
-4.432340145111083984e+00
-2.723593235015869141e+00
-5.016693592071533203e+00
-3.868475437164306641e+00
-1.568893432617187500e+00
-3.620484828948974609e+00
-1.261625528335571289e+00
-1.513586759567260742e+00
1.950937509536743164e-01
-3.891035318374633789e-01
-5.939370155334472656e+00
-6.660146713256835938e+00
-5.340265274047851562e+00
-1.772835969924926758e+00
-2.599470138549804688e+00
-2.303205251693725586e+00
-3.322027206420898438e+00
-5.810277938842773438e+00
-2.458213806152343750e+00
-7.452633857727050781e+00
-2.684573650360107422e+00
-2.573782920837402344e+00
-3.487127542495727539e+00
-1.526580810546875000e+00
-2.484197020530700684e-01
-6.043408870697021484e+00
-3.066104173660278320e+00
-2.696117877960205078e+00
-2.023540258407592773e+00
-2.917189598083496094e+00
-3.944821357727050781e+00
-2.472089290618896484e+00
-3.135202407836914062e+00
-1.251816868782043457e+00
2.093974202871322632e-01
4.519124627113342285e-01
-1.926322102546691895e+00
-3.005648612976074219e+00
-3.157408237457275391e+00
-5.140485763549804688e+00
-2.959434986114501953e+00
-6.391647815704345703e+00
5.951130390167236328e-02
-2.448891639709472656e+00
