5.000000000000000000e+00
5.000000000000000000e+00
3.050329923629760742e+00
5.000000000000000000e+00
5.000000000000000000e+00
5.000000000000000000e+00
2.868634462356567383e+00
5.000000000000000000e+00
5.000000000000000000e+00
5.000000000000000000e+00
5.000000000000000000e+00
5.000000000000000000e+00
4.630992889404296875e+00
6.259505748748779297e-01
4.084537506103515625e+00
4.299580097198486328e+00
5.000000000000000000e+00
5.000000000000000000e+00
5.000000000000000000e+00
4.457273483276367188e+00
5.000000000000000000e+00
4.315948486328125000e+00
5.000000000000000000e+00
5.000000000000000000e+00
5.000000000000000000e+00
5.000000000000000000e+00
5.000000000000000000e+00
5.000000000000000000e+00
4.973899841308593750e+00
3.801613330841064453e+00
5.000000000000000000e+00
4.910648345947265625e+00
5.000000000000000000e+00
2.727935791015625000e+00
5.000000000000000000e+00
4.066083908081054688e+00
5.000000000000000000e+00
4.815459728240966797e+00
1.348846435546875000e+00
-2.751575469970703125e+00
-2.916654586791992188e+00
4.560137748718261719e+00
5.000000000000000000e+00
3.715749979019165039e+00
4.137640476226806641e+00
5.000000000000000000e+00
5.000000000000000000e+00
3.600555658340454102e+00
4.262157440185546875e+00
5.000000000000000000e+00
4.594451904296875000e+00
5.000000000000000000e+00
5.000000000000000000e+00
4.452361106872558594e+00
3.734572172164916992e+00
4.250185012817382812e+00
4.948822498321533203e+00
3.478250265121459961e+00
5.000000000000000000e+00
3.402199268341064453e+00
5.000000000000000000e+00
5.000000000000000000e+00
5.000000000000000000e+00
