2.924002647399902344e+00
5.000000000000000000e+00
5.000000000000000000e+00
5.000000000000000000e+00
3.258593797683715820e+00
5.000000000000000000e+00
-5.464772224426269531e+00
4.820626258850097656e+00
5.000000000000000000e+00
5.000000000000000000e+00
-3.345680713653564453e+00
5.000000000000000000e+00
3.573911190032958984e+00
1.411236524581909180e+00
9.819247126579284668e-01
3.810136556625366211e+00
5.000000000000000000e+00
5.000000000000000000e+00
5.000000000000000000e+00
5.000000000000000000e+00
4.531726360321044922e+00
4.952480792999267578e+00
1.990463495254516602e+00
3.155888319015502930e+00
4.930290699005126953e+00
3.830231428146362305e+00
4.028419017791748047e+00
5.000000000000000000e+00
2.918833971023559570e+00
3.787175893783569336e+00
3.713136672973632812e+00
5.000000000000000000e+00
5.000000000000000000e+00
5.000000000000000000e+00
6.441599130630493164e-01
5.000000000000000000e+00
5.000000000000000000e+00
5.000000000000000000e+00
4.220978736877441406e+00
4.710419654846191406e+00
4.717418670654296875e+00
4.621865272521972656e+00
5.000000000000000000e+00
5.000000000000000000e+00
3.721578359603881836e+00
1.752182483673095703e+00
3.880019426345825195e+00
5.000000000000000000e+00
4.985905647277832031e+00
-4.923619747161865234e+00
5.000000000000000000e+00
4.996690273284912109e+00
4.179732322692871094e+00
5.000000000000000000e+00
5.000000000000000000e+00
5.000000000000000000e+00
4.851821899414062500e+00
3.118185520172119141e+00
5.000000000000000000e+00
5.000000000000000000e+00
2.197936296463012695e+00
5.000000000000000000e+00
5.000000000000000000e+00
