-5.554183483123779297e+00
3.626143217086791992e+00
5.000000000000000000e+00
5.000000000000000000e+00
5.000000000000000000e+00
5.000000000000000000e+00
5.000000000000000000e+00
4.065310478210449219e+00
4.820199012756347656e+00
1.764895796775817871e+00
5.000000000000000000e+00
5.000000000000000000e+00
5.000000000000000000e+00
5.000000000000000000e+00
5.000000000000000000e+00
5.000000000000000000e+00
4.269798755645751953e+00
5.000000000000000000e+00
-5.320301055908203125e+00
4.090289592742919922e+00
3.389934539794921875e+00
5.000000000000000000e+00
5.000000000000000000e+00
2.821693897247314453e+00
4.287994384765625000e+00
5.000000000000000000e+00
4.828683853149414062e+00
5.000000000000000000e+00
3.998821735382080078e+00
4.718206882476806641e+00
5.000000000000000000e+00
5.000000000000000000e+00
-6.073271632194519043e-01
5.000000000000000000e+00
5.000000000000000000e+00
5.000000000000000000e+00
3.973857879638671875e+00
-2.619218826293945312e+00
5.000000000000000000e+00
4.840601921081542969e+00
3.678823947906494141e+00
3.802792787551879883e+00
5.000000000000000000e+00
5.000000000000000000e+00
3.639883995056152344e+00
5.000000000000000000e+00
5.000000000000000000e+00
4.123217582702636719e+00
3.932898044586181641e-01
5.000000000000000000e+00
2.761417865753173828e+00
1.514949321746826172e+00
5.000000000000000000e+00
4.068592071533203125e+00
5.000000000000000000e+00
5.000000000000000000e+00
4.661252021789550781e+00
5.000000000000000000e+00
5.000000000000000000e+00
5.000000000000000000e+00
5.000000000000000000e+00
5.000000000000000000e+00
5.000000000000000000e+00
