-2.481315612792968750e+00
-2.321043729782104492e+00
-3.267944812774658203e+00
-4.128818511962890625e+00
1.036792278289794922e+00
-2.347683429718017578e+00
-2.965685367584228516e+00
-6.047334671020507812e+00
-9.714452743530273438e+00
-1.606413364410400391e+00
-1.484044313430786133e+00
-2.951666831970214844e+00
-2.353380203247070312e+00
-3.648638725280761719e+00
-2.035980463027954102e+00
-2.690460205078125000e+00
-7.917156219482421875e-01
-4.000469207763671875e+00
-2.238152027130126953e+00
-7.612056255340576172e+00
-2.464586734771728516e+00
-3.761484146118164062e+00
-2.740264892578125000e+00
-5.091164588928222656e+00
-2.644864320755004883e-01
-1.730944037437438965e+00
-1.981093525886535645e+00
-6.002915382385253906e+00
-4.208833694458007812e+00
-2.854594945907592773e+00
-4.999026298522949219e+00
-5.759864807128906250e+00
-4.754235744476318359e+00
-3.402029037475585938e+00
-4.699351310729980469e+00
6.630409955978393555e-01
-2.859526872634887695e-01
-2.309615850448608398e+00
-3.717208862304687500e+00
-3.884132206439971924e-01
-1.368230581283569336e+00
1.662204504013061523e+00
-2.983721733093261719e+00
-2.956406116485595703e+00
-5.286874771118164062e+00
-3.410276651382446289e+00
-1.945205926895141602e+00
-3.676525115966796875e+00
1.645269274711608887e+00
-2.516153335571289062e+00
-4.720666885375976562e+00
-4.292737483978271484e+00
-5.380517005920410156e+00
-1.705461859703063965e+00
-1.810194849967956543e+00
-3.177036285400390625e+00
-2.559720993041992188e+00
-3.720776319503784180e+00
-5.448494911193847656e+00
-3.410242080688476562e+00
-1.832936167716979980e+00
-4.057634353637695312e+00
-1.871594071388244629e+00
