5.000000000000000000e+00
5.000000000000000000e+00
4.455077648162841797e+00
5.000000000000000000e+00
5.000000000000000000e+00
5.000000000000000000e+00
5.000000000000000000e+00
-2.207564115524291992e+00
4.169055461883544922e+00
5.000000000000000000e+00
5.000000000000000000e+00
5.000000000000000000e+00
5.000000000000000000e+00
3.598841905593872070e+00
4.958340644836425781e+00
3.395397186279296875e+00
4.841894149780273438e+00
5.000000000000000000e+00
4.127472877502441406e+00
2.638145446777343750e+00
4.739725112915039062e+00
5.000000000000000000e+00
5.000000000000000000e+00
5.000000000000000000e+00
5.000000000000000000e+00
5.000000000000000000e+00
5.000000000000000000e+00
5.000000000000000000e+00
4.395872116088867188e+00
5.000000000000000000e+00
5.000000000000000000e+00
3.816910266876220703e+00
4.529983997344970703e+00
1.045257449150085449e+00
5.000000000000000000e+00
4.926305770874023438e+00
5.000000000000000000e+00
5.000000000000000000e+00
3.622068643569946289e+00
2.283777713775634766e+00
5.000000000000000000e+00
3.447859764099121094e+00
2.849738597869873047e+00
5.000000000000000000e+00
4.152135372161865234e+00
-3.121325016021728516e+00
2.055157184600830078e+00
4.111333370208740234e+00
5.000000000000000000e+00
5.000000000000000000e+00
1.418224573135375977e+00
4.185243606567382812e+00
5.000000000000000000e+00
4.406912326812744141e+00
5.000000000000000000e+00
4.910726070404052734e+00
5.000000000000000000e+00
4.980403900146484375e+00
5.000000000000000000e+00
5.000000000000000000e+00
5.000000000000000000e+00
5.000000000000000000e+00
-2.332791090011596680e+00
