5.000000000000000000e+00
4.908632278442382812e+00
4.797909557819366455e-01
5.000000000000000000e+00
3.570966958999633789e+00
3.580090522766113281e+00
4.259336471557617188e+00
5.000000000000000000e+00
4.737856388092041016e+00
3.128660440444946289e+00
5.000000000000000000e+00
5.000000000000000000e+00
5.000000000000000000e+00
5.000000000000000000e+00
5.000000000000000000e+00
4.560102462768554688e+00
5.000000000000000000e+00
3.799404621124267578e+00
4.092700004577636719e+00
9.647603034973144531e-01
4.714533805847167969e+00
4.116290569305419922e+00
4.628681659698486328e+00
4.728136062622070312e+00
5.000000000000000000e+00
1.955824136734008789e+00
5.000000000000000000e+00
2.107625484466552734e+00
5.000000000000000000e+00
5.000000000000000000e+00
5.000000000000000000e+00
5.000000000000000000e+00
5.000000000000000000e+00
7.936996221542358398e-01
3.773554325103759766e+00
5.000000000000000000e+00
4.982913017272949219e+00
3.237053871154785156e+00
5.000000000000000000e+00
4.769261360168457031e+00
2.091597318649291992e+00
3.419066667556762695e+00
4.468978881835937500e+00
5.000000000000000000e+00
5.000000000000000000e+00
3.916175842285156250e+00
3.890899658203125000e+00
5.000000000000000000e+00
4.893962383270263672e+00
4.593965530395507812e+00
4.036409854888916016e+00
5.000000000000000000e+00
4.547480106353759766e+00
5.000000000000000000e+00
5.000000000000000000e+00
4.323618888854980469e+00
4.983968734741210938e+00
5.000000000000000000e+00
5.000000000000000000e+00
4.841935157775878906e+00
4.491698265075683594e+00
4.939001560211181641e+00
2.203052520751953125e+00
