-1.704959273338317871e+00
-3.443591833114624023e+00
-3.095887184143066406e+00
-1.018653988838195801e+00
-4.857527315616607666e-01
-3.265705585479736328e+00
-2.470168113708496094e+00
-2.193744659423828125e+00
-4.224717140197753906e+00
-1.282946944236755371e+00
-5.227700233459472656e+00
-2.598247528076171875e+00
-6.011653423309326172e+00
2.161702156066894531e+00
-4.620506763458251953e+00
-4.090284347534179688e+00
-3.613677263259887695e+00
-3.603811264038085938e-01
-1.510568976402282715e+00
-3.725158214569091797e+00
-1.697262883186340332e+00
-4.324196815490722656e+00
-4.613453865051269531e+00
-1.142060756683349609e+00
-3.252755403518676758e-01
-1.951014757156372070e+00
-1.872524380683898926e+00
-4.561712265014648438e+00
-1.289603829383850098e+00
-2.529119253158569336e+00
-1.263867855072021484e+00
-2.850922822952270508e+00
-3.738370180130004883e+00
-1.248889088630676270e+00
-2.556509971618652344e-01
1.964167118072509766e+00
-1.274039268493652344e+00
-2.382841706275939941e-02
-4.460630416870117188e+00
-2.804500341415405273e+00
-2.954007387161254883e+00
-1.788853526115417480e+00
9.827159643173217773e-01
-2.403920888900756836e+00
-4.823983669281005859e+00
1.301100701093673706e-01
-7.347911596298217773e-01
-3.912974119186401367e+00
-2.830791950225830078e+00
-2.314718961715698242e+00
-3.300255060195922852e+00
-3.243462085723876953e+00
-4.647152900695800781e+00
-2.220417499542236328e+00
-3.213265419006347656e+00
-3.237217187881469727e+00
-2.843149662017822266e+00
-4.437640190124511719e+00
-4.546517372131347656e+00
-4.867047309875488281e+00
-8.771280050277709961e-01
-2.297604084014892578e+00
1.727139949798583984e-01
