-7.413406848907470703e+00
-2.182722091674804688e+00
-2.360372304916381836e+00
-1.977422237396240234e+00
-3.144703626632690430e+00
-2.450559616088867188e+00
-2.327047586441040039e+00
-5.964957237243652344e+00
3.703136444091796875e+00
3.206019401550292969e-01
-5.313919067382812500e+00
-4.823965549468994141e+00
-3.269671916961669922e+00
-3.310388326644897461e+00
-1.660478353500366211e+00
3.059870243072509766e+00
-2.856990694999694824e-01
-1.296254515647888184e+00
-2.292558193206787109e+00
-4.856271743774414062e+00
1.281342208385467529e-01
1.537079811096191406e-01
-2.674720287322998047e+00
-2.541614294052124023e+00
-3.198557853698730469e+00
-1.701575279235839844e+00
-3.553354024887084961e+00
-6.948227405548095703e+00
-1.573661208152770996e+00
-2.218315601348876953e+00
-2.044021129608154297e+00
-2.777562379837036133e+00
-3.837210655212402344e+00
-2.829216241836547852e+00
-1.744985818862915039e+00
-5.664820194244384766e+00
-3.558854579925537109e+00
-1.211438536643981934e+00
-6.273768901824951172e+00
-4.423117160797119141e+00
-2.496550083160400391e+00
-1.730957031250000000e+00
-4.709582805633544922e+00
-3.412596464157104492e+00
-1.351133465766906738e+00
-2.567249298095703125e+00
-5.795534133911132812e+00
-3.242201566696166992e+00
-7.359561920166015625e+00
2.304488122463226318e-01
-6.576815843582153320e-01
-1.231322288513183594e+00
-2.331110954284667969e+00
-1.484665632247924805e+00
-3.170407295227050781e+00
-4.119026184082031250e+00
-9.114711284637451172e-01
1.598915815353393555e+00
-2.674078941345214844e+00
-2.347421169281005859e+00
-1.694481253623962402e+00
-7.958419322967529297e-01
2.450600147247314453e+00
