-4.070405960083007812e+00
-1.306145548820495605e+00
-3.710423946380615234e+00
-1.169892251491546631e-01
-2.110553264617919922e+00
-3.564277648925781250e+00
-3.625541687011718750e+00
-2.966318130493164062e+00
-7.967824935913085938e-01
-4.466870784759521484e+00
-3.917819976806640625e+00
-3.194656848907470703e+00
-1.865036010742187500e+00
-1.543419837951660156e+00
-1.753677606582641602e+00
-5.480871200561523438e+00
-2.381389141082763672e+00
-3.792876958847045898e+00
-1.089952707290649414e+00
-3.390452146530151367e+00
2.858648598194122314e-01
-8.158043026924133301e-01
-8.233542442321777344e+00
3.091149628162384033e-01
-4.365816116333007812e+00
-9.500887989997863770e-01
-9.129586219787597656e+00
-4.715771198272705078e+00
-3.307018280029296875e+00
2.808410525321960449e-01
-4.786924362182617188e+00
-4.008336544036865234e+00
-3.053075313568115234e+00
-3.639407634735107422e+00
-2.461449623107910156e+00
-1.916388630867004395e+00
-1.678832292556762695e+00
-3.670225143432617188e+00
-3.180616617202758789e+00
-3.412183046340942383e+00
-3.742050170898437500e+00
-2.963721752166748047e+00
-1.847766637802124023e+00
-2.307296514511108398e+00
-1.438976526260375977e+00
-5.039153099060058594e+00
-4.357021331787109375e+00
-2.799009561538696289e+00
-2.593948364257812500e+00
1.839993715286254883e+00
-1.879480361938476562e+00
-9.366251826286315918e-01
-2.168560981750488281e+00
-5.131788730621337891e+00
-3.000104188919067383e+00
-1.193923830986022949e+00
-1.509936094284057617e+00
-2.780348539352416992e+00
-1.140249729156494141e+00
-1.717131376266479492e+00
-1.961326599121093750e+00
2.878911256790161133e+00
-3.157087564468383789e+00
