-2.492527008056640625e+00
-6.522755146026611328e+00
-4.122935295104980469e+00
-3.627801418304443359e+00
-5.333037376403808594e-01
-5.829862594604492188e+00
-5.083204746246337891e+00
-2.778235912322998047e+00
7.145695686340332031e-01
-1.945160746574401855e+00
-2.293511152267456055e+00
-2.912193775177001953e+00
-4.273470878601074219e+00
-3.556917428970336914e+00
-2.006081581115722656e+00
-3.671314239501953125e+00
-3.113791465759277344e+00
-2.588940143585205078e+00
-4.242342948913574219e+00
-2.517799854278564453e+00
-3.195022583007812500e+00
-2.716461420059204102e+00
-2.567704677581787109e+00
-1.871493220329284668e+00
3.175857543945312500e+00
-3.370173215866088867e+00
-1.186330676078796387e+00
-3.071087598800659180e+00
-3.131144046783447266e+00
-1.970768451690673828e+00
-3.656166553497314453e+00
-3.928475379943847656e+00
-6.176209449768066406e+00
-2.658006429672241211e+00
-2.380781173706054688e+00
-4.259849071502685547e+00
-2.452279329299926758e+00
-6.183563232421875000e+00
-3.748585700988769531e+00
-2.062002658843994141e+00
-3.924316406250000000e+00
-3.009591579437255859e+00
-3.908141136169433594e+00
-1.057148218154907227e+00
1.303144335746765137e+00
-4.378508567810058594e+00
-5.640350341796875000e+00
-1.143833398818969727e+00
2.623513936996459961e-01
-5.259580612182617188e+00
1.349796533584594727e+00
1.330026984214782715e-02
-4.520099639892578125e+00
-1.714897751808166504e+00
-4.114691734313964844e+00
-1.400768756866455078e+00
-5.606311798095703125e+00
-4.205893039703369141e+00
-3.372010707855224609e+00
-1.268269121646881104e-01
-1.459261655807495117e+00
-3.088316679000854492e+00
-2.035667181015014648e+00
