-1.903097271919250488e+00
1.453932523727416992e-01
-2.687228441238403320e+00
4.823135733604431152e-01
-5.510420322418212891e+00
8.753926753997802734e-01
-5.305634498596191406e+00
2.498537302017211914e+00
-7.026672363281250000e-01
-1.044418573379516602e+00
-2.203576087951660156e+00
-2.753410816192626953e+00
-5.067558288574218750e+00
-1.783588886260986328e+00
-2.450495004653930664e+00
-1.103682637214660645e+00
-1.888507127761840820e+00
-6.396877765655517578e+00
-1.707317352294921875e+00
-4.174447059631347656e+00
-1.563508987426757812e+00
-4.292648315429687500e+00
-3.036725759506225586e+00
5.213468074798583984e-01
-3.306857585906982422e+00
-5.802879333496093750e+00
-5.634121894836425781e+00
-3.751021921634674072e-01
-1.296321630477905273e+00
-2.339247465133666992e+00
-8.515709877014160156e+00
-2.687695026397705078e+00
-2.656614065170288086e+00
-7.884042263031005859e-01
2.837309598922729492e+00
-2.404731988906860352e+00
-3.357430458068847656e+00
-5.832051753997802734e+00
-4.353505074977874756e-01
-2.894238710403442383e+00
-4.671678066253662109e+00
-2.268150806427001953e+00
-3.168784141540527344e+00
-1.948835134506225586e+00
-4.182700157165527344e+00
1.525095105171203613e-01
7.862928509712219238e-01
-8.589533805847167969e+00
2.851541638374328613e-01
-1.970414519309997559e+00
-3.824771881103515625e+00
-4.290997505187988281e+00
-2.200002670288085938e+00
-3.920299530029296875e+00
-3.151888370513916016e+00
-1.236182808876037598e+00
-5.264444828033447266e+00
-6.635673522949218750e+00
-5.611459732055664062e+00
-2.259199768304824829e-01
-3.727764606475830078e+00
-1.143482208251953125e+00
-3.406932353973388672e+00
