-4.559628486633300781e+00
-1.889893651008605957e+00
-3.088170766830444336e+00
-2.181560993194580078e+00
-3.036310911178588867e+00
-3.222578763961791992e+00
-5.309417724609375000e+00
-3.066878080368041992e+00
8.350101709365844727e-01
-4.454198837280273438e+00
-3.833913803100585938e+00
-6.330187320709228516e-01
-1.045391559600830078e+00
6.997770071029663086e-02
-1.152023792266845703e+00
-2.954146862030029297e+00
-4.008166790008544922e+00
-2.808701992034912109e-02
-1.281656861305236816e+00
-5.521180629730224609e+00
-4.984083175659179688e+00
-3.840253829956054688e+00
-4.640695571899414062e+00
-3.449203491210937500e+00
-4.525548458099365234e+00
1.658240675926208496e+00
-4.203589439392089844e+00
-2.811938524246215820e+00
-2.169855117797851562e+00
7.731914520263671875e-04
-2.076991558074951172e+00
-2.207285881042480469e+00
-1.118353843688964844e+00
-5.722119808197021484e-01
-5.875867843627929688e+00
-4.730659484863281250e+00
-3.091514110565185547e+00
-5.214941978454589844e+00
-1.513347625732421875e+00
-1.861126184463500977e+00
-6.372019767761230469e+00
-5.087360382080078125e+00
-4.805827140808105469e+00
-7.946013212203979492e-01
-3.656892299652099609e+00
-9.194161891937255859e-01
-1.647075772285461426e+00
-2.858760118484497070e+00
-4.859313488006591797e+00
-6.462396383285522461e-01
-2.239625215530395508e+00
-4.190288543701171875e+00
-2.240558624267578125e+00
-4.270401477813720703e+00
-2.647917985916137695e+00
-2.264123439788818359e+00
-2.666688442230224609e+00
-9.682555198669433594e-01
1.537445306777954102e+00
-6.850135326385498047e-02
-2.444181203842163086e+00
-1.913878917694091797e+00
-1.642846941947937012e+00
