-4.452058970928192139e-01
-5.326550483703613281e+00
-3.704751014709472656e+00
-4.220397472381591797e-01
1.579015731811523438e+00
-4.412434101104736328e+00
-4.985844612121582031e+00
-4.214684009552001953e+00
-6.237366676330566406e+00
-3.494424581527709961e+00
-4.657910823822021484e+00
-3.303499221801757812e+00
-1.840371489524841309e+00
-4.873706698417663574e-01
-9.433822631835937500e-01
-3.333645343780517578e+00
-4.651600837707519531e+00
-2.555703639984130859e+00
-2.263891935348510742e+00
-3.378632068634033203e+00
-4.631390571594238281e+00
-1.543042421340942383e+00
-3.560077905654907227e+00
-6.520290851593017578e+00
-5.892973899841308594e+00
4.392748177051544189e-01
-2.925407171249389648e+00
-2.421642541885375977e+00
-3.149240493774414062e+00
-3.492414951324462891e+00
-6.601088643074035645e-01
4.538150429725646973e-01
-4.597698211669921875e+00
-4.384032249450683594e+00
-2.834621906280517578e+00
-2.028228282928466797e+00
-3.466278314590454102e+00
-4.026139259338378906e+00
-4.283728599548339844e+00
-1.394094347953796387e+00
-1.483866453170776367e+00
-1.783536434173583984e+00
-3.449859619140625000e+00
-1.489992856979370117e+00
-3.628591537475585938e+00
-1.560598611831665039e+00
-2.454293251037597656e+00
-5.155748367309570312e+00
-3.122809648513793945e+00
-1.834130764007568359e+00
8.146193027496337891e-01
-3.871191978454589844e+00
-4.216754913330078125e+00
-4.430541515350341797e+00
-1.363365203142166138e-01
-3.903791427612304688e+00
-1.607571840286254883e+00
-6.757805824279785156e+00
-4.197509288787841797e+00
3.078372776508331299e-01
-4.324503421783447266e+00
-2.735689401626586914e+00
-2.506654739379882812e+00
