-9.567039489746093750e+00
-3.495652675628662109e+00
-3.186831951141357422e+00
-8.411499977111816406e+00
-5.245846271514892578e+00
-5.304118633270263672e+00
-4.183155536651611328e+00
-2.928182125091552734e+00
-4.873484134674072266e+00
9.242725372314453125e-02
-3.808291912078857422e+00
-3.172713994979858398e+00
-1.414395093917846680e+00
-4.688280582427978516e+00
8.791665434837341309e-01
-4.658976554870605469e+00
-2.336874246597290039e+00
-4.380195617675781250e+00
-1.476074337959289551e+00
-5.724805593490600586e-01
-1.901938080787658691e+00
-3.179502487182617188e+00
-3.579133033752441406e+00
-4.407094478607177734e+00
-2.076992273330688477e+00
-3.542454004287719727e+00
-3.883789777755737305e+00
-3.787808418273925781e+00
-2.049921035766601562e+00
-2.840417861938476562e+00
-4.062189102172851562e+00
-4.411991119384765625e+00
-3.602279663085937500e+00
1.418263912200927734e+00
-3.144255876541137695e-01
6.949219107627868652e-01
-2.830844879150390625e+00
-3.064301609992980957e-01
-2.169232845306396484e+00
-2.716790437698364258e+00
-2.944405555725097656e+00
-2.943179130554199219e+00
-2.086340904235839844e+00
-4.129101276397705078e+00
-3.492406845092773438e+00
-7.963072061538696289e-01
-6.728984117507934570e-01
-1.977470517158508301e-01
-3.987962722778320312e+00
-1.419073104858398438e+00
-1.601661443710327148e+00
-2.715345382690429688e+00
-2.252595424652099609e+00
-4.929461002349853516e+00
-2.508145332336425781e+00
-3.281257629394531250e+00
-2.480115413665771484e+00
-2.930758714675903320e+00
-1.304042816162109375e+00
-2.226186513900756836e+00
-1.065795183181762695e+00
2.835310220718383789e+00
-1.150915622711181641e+00
