5.000000000000000000e+00
4.540878772735595703e+00
5.000000000000000000e+00
5.000000000000000000e+00
5.000000000000000000e+00
4.655340194702148438e+00
5.000000000000000000e+00
5.000000000000000000e+00
4.022485733032226562e+00
-1.841022968292236328e+00
3.959106683731079102e+00
2.997527122497558594e-01
-4.689431190490722656e+00
5.000000000000000000e+00
-2.042670249938964844e+00
5.000000000000000000e+00
4.225013732910156250e+00
5.000000000000000000e+00
5.000000000000000000e+00
4.563286304473876953e+00
5.000000000000000000e+00
4.840027332305908203e+00
5.000000000000000000e+00
5.000000000000000000e+00
-2.114101409912109375e+00
9.288619756698608398e-01
-1.743405580520629883e+00
2.671041011810302734e+00
3.602638721466064453e+00
5.000000000000000000e+00
5.000000000000000000e+00
4.906811714172363281e+00
5.000000000000000000e+00
3.184760093688964844e+00
2.349691152572631836e+00
5.000000000000000000e+00
5.000000000000000000e+00
5.000000000000000000e+00
1.972802639007568359e+00
-1.452249050140380859e+00
4.617137432098388672e+00
4.591214656829833984e+00
5.000000000000000000e+00
4.843648910522460938e+00
-8.875169754028320312e-01
5.000000000000000000e+00
3.847765207290649414e+00
4.600792884826660156e+00
3.009995460510253906e+00
-2.219310998916625977e+00
5.000000000000000000e+00
5.000000000000000000e+00
4.551052093505859375e+00
-1.879522204399108887e-01
4.426382064819335938e+00
5.000000000000000000e+00
4.753695964813232422e+00
5.000000000000000000e+00
5.000000000000000000e+00
5.000000000000000000e+00
4.625379562377929688e+00
3.756817817687988281e+00
4.158893585205078125e+00
