4.367294788360595703e+00
3.055849075317382812e+00
4.179697990417480469e+00
4.684593200683593750e+00
3.944431304931640625e+00
4.574000835418701172e+00
5.000000000000000000e+00
-4.159195423126220703e-01
5.000000000000000000e+00
4.551744461059570312e+00
5.000000000000000000e+00
2.989744901657104492e+00
4.115449905395507812e+00
5.000000000000000000e+00
5.000000000000000000e+00
4.459071159362792969e+00
5.000000000000000000e+00
5.000000000000000000e+00
5.000000000000000000e+00
5.000000000000000000e+00
4.412855148315429688e+00
5.000000000000000000e+00
5.000000000000000000e+00
3.058729410171508789e+00
4.570657253265380859e+00
5.000000000000000000e+00
1.373061895370483398e+00
5.000000000000000000e+00
-1.896297931671142578e+00
5.000000000000000000e+00
3.804480791091918945e+00
4.993700981140136719e+00
-2.563843131065368652e-01
-2.998028278350830078e+00
1.439420938491821289e+00
3.490313529968261719e+00
3.970531225204467773e+00
4.261966705322265625e+00
5.000000000000000000e+00
4.401853561401367188e+00
5.000000000000000000e+00
5.000000000000000000e+00
5.000000000000000000e+00
5.000000000000000000e+00
-4.306599617004394531e+00
5.000000000000000000e+00
5.000000000000000000e+00
5.000000000000000000e+00
4.606742858886718750e+00
3.893368721008300781e+00
5.000000000000000000e+00
-9.225345849990844727e-01
4.952963829040527344e+00
5.000000000000000000e+00
2.732154369354248047e+00
4.701966285705566406e+00
4.904500961303710938e+00
5.000000000000000000e+00
5.000000000000000000e+00
3.357336521148681641e+00
3.436317920684814453e+00
4.747998237609863281e+00
5.000000000000000000e+00
