-3.850486040115356445e+00
-2.512711763381958008e+00
-2.659338951110839844e+00
1.014741897583007812e+00
-3.268260955810546875e+00
-2.414428472518920898e+00
-6.134851455688476562e+00
-3.679535865783691406e+00
-1.103402972221374512e-01
-2.623810052871704102e+00
-2.205064296722412109e+00
-2.782275199890136719e+00
-3.276682615280151367e+00
-4.318417549133300781e+00
-2.478140592575073242e+00
-2.969444274902343750e+00
-5.683418273925781250e+00
-1.772978663444519043e+00
-4.074402332305908203e+00
-2.876723766326904297e+00
-2.465314388275146484e+00
-4.838509559631347656e+00
-2.539971351623535156e+00
-9.489119052886962891e-01
-2.127691268920898438e+00
-2.047046899795532227e+00
-2.796158790588378906e+00
-1.201706171035766602e+00
-3.631027460098266602e+00
-4.410017013549804688e+00
-2.575305700302124023e-01
-5.890446305274963379e-01
-1.795778393745422363e+00
-1.400217413902282715e+00
-3.365002632141113281e+00
-4.328505516052246094e+00
-2.489159584045410156e+00
-2.476144075393676758e+00
-2.083359718322753906e+00
7.751525193452835083e-02
-3.560972213745117188e+00
-4.066667079925537109e+00
-3.627239227294921875e+00
-2.069908380508422852e+00
-4.875818252563476562e+00
-1.240963101387023926e+00
-4.073924064636230469e+00
-3.927887439727783203e+00
-3.793528556823730469e+00
-3.881622076034545898e+00
1.129635691642761230e+00
-2.876760005950927734e+00
-1.245650053024291992e+00
-3.965033292770385742e+00
-2.958914279937744141e+00
-3.874357700347900391e+00
-4.014477252960205078e+00
-2.774048089981079102e+00
-4.743072986602783203e+00
5.031833052635192871e-01
-4.572613716125488281e+00
-7.170234322547912598e-01
-4.396961688995361328e+00
