-4.110456943511962891e+00
-3.979960918426513672e+00
5.526658296585083008e-01
-3.727808475494384766e+00
-4.963261127471923828e+00
-3.124963283538818359e+00
-2.527930259704589844e+00
-3.626890182495117188e+00
1.025600433349609375e-01
-4.166628837585449219e+00
-1.340108990669250488e+00
-2.044608354568481445e+00
-2.355932474136352539e+00
2.917217314243316650e-01
-2.728102207183837891e+00
-2.090907096862792969e+00
-5.051805973052978516e+00
-1.620715856552124023e-02
-2.124018907546997070e+00
-2.248438835144042969e+00
1.305079579353332520e+00
-3.186836004257202148e+00
-2.903782844543457031e+00
-3.521110773086547852e+00
-2.253728389739990234e+00
-4.833026885986328125e+00
-2.628590583801269531e+00
-1.824496984481811523e+00
-2.315419435501098633e+00
-1.047478437423706055e+00
-2.054065704345703125e+00
-1.226713299751281738e+00
-3.633816719055175781e+00
-2.715698003768920898e+00
7.106546759605407715e-01
-1.376034975051879883e+00
-2.236225366592407227e+00
-2.525306463241577148e+00
-3.403699398040771484e+00
-2.052093505859375000e+00
-5.495765805244445801e-02
-1.606792926788330078e+00
-1.224434614181518555e+00
-2.940723896026611328e+00
-3.441736221313476562e+00
-4.218727111816406250e+00
-5.858783125877380371e-01
-2.956726551055908203e+00
-1.460799455642700195e+00
1.830232858657836914e+00
-1.327166557312011719e+00
-3.742747545242309570e+00
-2.759797334671020508e+00
-5.920170783996582031e+00
-1.920035958290100098e+00
-4.481778144836425781e+00
-3.213459491729736328e+00
-4.453377246856689453e+00
-4.354438781738281250e+00
-5.976187705993652344e+00
-2.078713893890380859e+00
-8.648857116699218750e+00
-1.821517467498779297e+00
