5.000000000000000000e+00
5.000000000000000000e+00
2.928678989410400391e+00
5.000000000000000000e+00
5.000000000000000000e+00
4.516773223876953125e+00
2.156718730926513672e+00
3.366003036499023438e+00
5.000000000000000000e+00
4.898257255554199219e+00
3.688834905624389648e+00
2.040931463241577148e+00
5.000000000000000000e+00
4.813238143920898438e+00
5.000000000000000000e+00
3.303643465042114258e+00
5.000000000000000000e+00
5.000000000000000000e+00
5.000000000000000000e+00
4.347847938537597656e+00
3.347243070602416992e+00
5.000000000000000000e+00
5.000000000000000000e+00
5.000000000000000000e+00
5.000000000000000000e+00
1.913887262344360352e+00
3.323809623718261719e+00
4.703431129455566406e+00
5.000000000000000000e+00
5.000000000000000000e+00
5.000000000000000000e+00
4.271527767181396484e+00
2.120495796203613281e+00
3.710629224777221680e+00
2.711956501007080078e+00
-3.617507219314575195e+00
-3.228131771087646484e+00
3.756335258483886719e+00
5.000000000000000000e+00
3.324807643890380859e+00
5.000000000000000000e+00
4.183694839477539062e+00
5.000000000000000000e+00
2.876368284225463867e+00
5.000000000000000000e+00
5.000000000000000000e+00
5.000000000000000000e+00
5.000000000000000000e+00
5.000000000000000000e+00
4.803139209747314453e+00
5.000000000000000000e+00
5.000000000000000000e+00
4.147785186767578125e+00
-4.813076972961425781e+00
-2.539974927902221680e+00
5.000000000000000000e+00
4.962230682373046875e+00
5.000000000000000000e+00
4.415777683258056641e+00
4.163681983947753906e+00
5.000000000000000000e+00
4.349713802337646484e+00
5.000000000000000000e+00
