-1.904487848281860352e+00
-1.415205597877502441e-01
-1.894276261329650879e+00
-5.051156044006347656e+00
-3.601639747619628906e+00
-2.917717397212982178e-01
-2.645653724670410156e+00
-2.060752153396606445e+00
-5.245875358581542969e+00
-8.319647312164306641e-01
-5.444938659667968750e+00
-1.833791971206665039e+00
-3.161593675613403320e+00
4.204407632350921631e-01
-3.245189487934112549e-01
-2.467877388000488281e+00
1.337772607803344727e-02
-4.563354969024658203e+00
-5.863429307937622070e-01
-1.605293393135070801e+00
-6.779523849487304688e+00
-3.491312026977539062e+00
-3.274198293685913086e+00
-6.619036197662353516e-03
-4.351488590240478516e+00
-5.866689682006835938e+00
-1.641721367835998535e+00
-1.431775093078613281e+00
-4.044497013092041016e+00
-3.950946331024169922e+00
-3.405005455017089844e+00
-2.897156953811645508e+00
-1.712118983268737793e+00
-4.007119178771972656e+00
-1.726498723030090332e+00
-2.955899238586425781e+00
1.080533266067504883e+00
-1.776242852210998535e+00
-1.615498304367065430e+00
-5.458489656448364258e-01
-4.118689537048339844e+00
-3.883981943130493164e+00
-3.866998434066772461e+00
-3.062893867492675781e+00
-2.755456447601318359e+00
-2.675122499465942383e+00
-4.779109001159667969e+00
-4.361262321472167969e+00
-1.775192618370056152e+00
-2.186478137969970703e+00
1.135870456695556641e+00
-1.918402552604675293e+00
9.080884456634521484e-01
-5.557779312133789062e+00
-2.398162364959716797e+00
-5.495075225830078125e+00
-8.852710723876953125e-01
-3.131945610046386719e+00
-1.903332233428955078e+00
-2.705357074737548828e+00
-2.564136028289794922e+00
-2.776711940765380859e+00
-2.758192539215087891e+00
