-3.470296382904052734e+00
2.004147768020629883e+00
-4.795252799987792969e+00
-4.028579711914062500e+00
-3.739498853683471680e+00
-2.817832469940185547e+00
3.661991596221923828e+00
-2.441853046417236328e+00
-4.657879829406738281e+00
-2.910747528076171875e+00
-1.973401427268981934e+00
-3.644587993621826172e+00
-6.514215469360351562e-01
-6.876882910728454590e-01
-3.469708442687988281e+00
7.652317285537719727e-01
-2.186286449432373047e+00
1.441206037998199463e-01
-2.741177082061767578e+00
-2.607209682464599609e+00
-3.241407871246337891e+00
-6.039548397064208984e+00
-2.260636568069458008e+00
-5.023779869079589844e+00
-3.622764110565185547e+00
-3.370638847351074219e+00
-4.183981895446777344e+00
-2.232740402221679688e+00
-2.916965961456298828e+00
-2.733610868453979492e+00
-3.924896955490112305e+00
-2.719410419464111328e+00
2.715766668319702148e+00
-3.558424711227416992e+00
3.282113075256347656e+00
-5.156917572021484375e+00
-3.630572319030761719e+00
-2.428192615509033203e+00
-1.029665708541870117e+00
-3.909154415130615234e+00
-9.234719276428222656e+00
-1.573394417762756348e+00
-4.739036560058593750e+00
-1.210776090621948242e+00
-6.129097938537597656e-01
-1.864454627037048340e+00
-4.787852764129638672e+00
-3.344484329223632812e+00
-3.026356458663940430e+00
-4.049596488475799561e-01
-2.426032066345214844e+00
-4.385877132415771484e+00
-4.286759376525878906e+00
-2.971221923828125000e+00
-4.453855514526367188e+00
6.598067283630371094e-02
-2.946331262588500977e+00
-8.940862655639648438e+00
-1.512775659561157227e+00
-4.528544902801513672e+00
-9.132235050201416016e-01
-2.025750875473022461e+00
-1.233305573463439941e+00
