5.000000000000000000e+00
5.000000000000000000e+00
5.000000000000000000e+00
5.000000000000000000e+00
-2.904663085937500000e+00
-2.184811592102050781e+00
5.000000000000000000e+00
5.000000000000000000e+00
5.000000000000000000e+00
5.000000000000000000e+00
9.363631606101989746e-01
5.000000000000000000e+00
4.468833923339843750e+00
3.671962738037109375e+00
3.302523374557495117e+00
4.750498771667480469e+00
5.000000000000000000e+00
2.244712829589843750e+00
4.651702880859375000e+00
5.000000000000000000e+00
5.000000000000000000e+00
3.005418777465820312e+00
4.547982692718505859e+00
4.966769218444824219e+00
5.000000000000000000e+00
5.000000000000000000e+00
2.970514059066772461e+00
2.581024646759033203e+00
2.295503139495849609e+00
5.000000000000000000e+00
5.000000000000000000e+00
5.000000000000000000e+00
5.000000000000000000e+00
4.036824703216552734e+00
5.000000000000000000e+00
5.000000000000000000e+00
5.000000000000000000e+00
5.000000000000000000e+00
5.000000000000000000e+00
5.000000000000000000e+00
5.000000000000000000e+00
5.000000000000000000e+00
4.722215175628662109e+00
1.747302293777465820e+00
5.000000000000000000e+00
5.000000000000000000e+00
3.414211273193359375e+00
5.000000000000000000e+00
4.954862117767333984e+00
5.000000000000000000e+00
4.187880039215087891e+00
2.820819377899169922e+00
4.155174255371093750e+00
3.917876482009887695e+00
5.000000000000000000e+00
3.955415010452270508e+00
4.899318695068359375e+00
4.662058830261230469e+00
-2.752300500869750977e+00
4.721384525299072266e+00
3.204013824462890625e+00
4.189600467681884766e+00
3.434771299362182617e-02
