-2.327288627624511719e+00
-3.614638805389404297e+00
-4.441520214080810547e+00
-3.807125806808471680e+00
-2.844877243041992188e+00
-2.664783000946044922e+00
-4.346961498260498047e+00
-3.820113658905029297e+00
-2.850045204162597656e+00
-2.096291065216064453e+00
-9.902217864990234375e+00
-4.925338745117187500e+00
1.555709540843963623e-02
-2.422585725784301758e+00
2.157374918460845947e-01
-4.985051631927490234e+00
-4.767113208770751953e+00
6.128013134002685547e-01
-2.409405708312988281e+00
-3.791485309600830078e+00
3.648994445800781250e+00
-1.670790910720825195e+00
-5.063941001892089844e+00
-2.467854738235473633e+00
-1.536514759063720703e+00
-1.298436164855957031e+00
-2.888708114624023438e+00
1.267840147018432617e+00
-1.527359247207641602e+00
-3.498347043991088867e+00
-2.665651321411132812e+00
1.418129205703735352e+00
-2.353281974792480469e+00
-4.562001228332519531e+00
3.017078161239624023e+00
-3.959642410278320312e+00
-3.796233654022216797e+00
4.423922300338745117e-02
-3.239020109176635742e+00
-3.278955936431884766e+00
-4.696424484252929688e+00
8.257371187210083008e-02
-2.435769081115722656e+00
-1.778270721435546875e+00
-1.226389884948730469e+00
-1.208324193954467773e+00
-3.865919589996337891e+00
-1.428356617689132690e-01
-4.472070693969726562e+00
-1.609634876251220703e+00
-2.740100383758544922e+00
-2.624163627624511719e+00
-2.660545349121093750e+00
-3.320484876632690430e+00
-1.162080049514770508e+00
-1.578894019126892090e+00
-1.906390547752380371e+00
-1.466470837593078613e+00
-1.176076769828796387e+00
-5.328556060791015625e+00
-1.945649862289428711e+00
2.291303634643554688e+00
-8.932896852493286133e-01
