5.000000000000000000e+00
5.000000000000000000e+00
5.000000000000000000e+00
4.943571090698242188e+00
3.647927045822143555e+00
3.794735968112945557e-01
3.882771492004394531e+00
5.000000000000000000e+00
4.889508247375488281e+00
4.786933422088623047e+00
3.886946678161621094e+00
5.000000000000000000e+00
5.000000000000000000e+00
5.000000000000000000e+00
3.592041254043579102e+00
5.000000000000000000e+00
4.847876548767089844e+00
2.093309402465820312e+00
5.000000000000000000e+00
5.000000000000000000e+00
5.000000000000000000e+00
5.000000000000000000e+00
3.423412561416625977e+00
-1.935683846473693848e+00
2.950237751007080078e+00
5.000000000000000000e+00
5.000000000000000000e+00
5.000000000000000000e+00
5.000000000000000000e+00
3.515083789825439453e+00
5.000000000000000000e+00
4.563319206237792969e+00
4.542127609252929688e+00
5.000000000000000000e+00
4.477130889892578125e+00
5.000000000000000000e+00
5.000000000000000000e+00
5.000000000000000000e+00
5.000000000000000000e+00
5.000000000000000000e+00
5.000000000000000000e+00
5.000000000000000000e+00
5.000000000000000000e+00
5.000000000000000000e+00
4.737074375152587891e+00
3.634681224822998047e+00
5.000000000000000000e+00
4.992449760437011719e+00
5.000000000000000000e+00
3.979201078414916992e+00
5.000000000000000000e+00
5.000000000000000000e+00
4.715415954589843750e+00
2.916516065597534180e+00
4.346651554107666016e+00
5.000000000000000000e+00
5.000000000000000000e+00
4.924050331115722656e+00
5.000000000000000000e+00
4.839996337890625000e+00
3.440678596496582031e+00
2.990590572357177734e+00
5.000000000000000000e+00
