5.000000000000000000e+00
2.963906526565551758e+00
4.308007240295410156e+00
5.000000000000000000e+00
5.000000000000000000e+00
5.000000000000000000e+00
5.000000000000000000e+00
3.624709367752075195e+00
5.000000000000000000e+00
5.000000000000000000e+00
4.522850513458251953e+00
4.901650905609130859e+00
4.254427909851074219e+00
4.377552032470703125e+00
5.000000000000000000e+00
3.345335960388183594e+00
5.000000000000000000e+00
4.944969177246093750e+00
5.000000000000000000e+00
2.423170328140258789e+00
5.000000000000000000e+00
5.000000000000000000e+00
5.000000000000000000e+00
5.000000000000000000e+00
5.000000000000000000e+00
4.994429588317871094e+00
3.190230131149291992e+00
4.520542144775390625e+00
-3.074614286422729492e+00
5.000000000000000000e+00
5.000000000000000000e+00
5.000000000000000000e+00
5.000000000000000000e+00
4.152841567993164062e+00
5.000000000000000000e+00
4.232340812683105469e+00
4.873436927795410156e+00
5.000000000000000000e+00
2.718582868576049805e+00
5.000000000000000000e+00
3.878283977508544922e+00
5.000000000000000000e+00
5.000000000000000000e+00
5.000000000000000000e+00
5.000000000000000000e+00
5.000000000000000000e+00
3.395832538604736328e+00
1.533531665802001953e+00
4.628805160522460938e+00
2.947306156158447266e+00
4.522789478302001953e+00
5.000000000000000000e+00
-2.567500352859497070e+00
4.876023292541503906e+00
6.643425822257995605e-01
5.000000000000000000e+00
4.839764118194580078e+00
5.000000000000000000e+00
1.416658520698547363e+00
4.932585239410400391e+00
4.893421173095703125e+00
3.349228858947753906e+00
5.000000000000000000e+00
