5.000000000000000000e+00
4.893136024475097656e+00
5.000000000000000000e+00
2.150864124298095703e+00
3.752049922943115234e+00
5.000000000000000000e+00
3.696006774902343750e+00
3.992733478546142578e+00
5.000000000000000000e+00
4.336504459381103516e+00
5.000000000000000000e+00
5.000000000000000000e+00
4.358623027801513672e+00
4.936823844909667969e+00
5.000000000000000000e+00
2.993626117706298828e+00
5.000000000000000000e+00
3.662286520004272461e+00
4.888170242309570312e+00
5.000000000000000000e+00
5.000000000000000000e+00
4.899258136749267578e+00
4.151690006256103516e+00
5.000000000000000000e+00
5.000000000000000000e+00
5.000000000000000000e+00
4.655790328979492188e+00
3.633506774902343750e+00
5.000000000000000000e+00
3.275487184524536133e+00
4.129088401794433594e+00
3.643423080444335938e+00
5.000000000000000000e+00
4.206143379211425781e+00
5.000000000000000000e+00
4.574280738830566406e+00
5.000000000000000000e+00
5.000000000000000000e+00
5.000000000000000000e+00
1.937850713729858398e+00
2.664960861206054688e+00
5.000000000000000000e+00
3.601884126663208008e+00
5.000000000000000000e+00
3.123611927032470703e+00
5.000000000000000000e+00
4.357111454010009766e+00
5.000000000000000000e+00
4.650275230407714844e+00
-4.048476696014404297e+00
3.962806224822998047e+00
5.000000000000000000e+00
5.000000000000000000e+00
5.000000000000000000e+00
3.706740140914916992e+00
3.217967033386230469e+00
5.000000000000000000e+00
5.000000000000000000e+00
5.000000000000000000e+00
5.000000000000000000e+00
4.024131774902343750e+00
5.000000000000000000e+00
4.015913963317871094e+00
