5.000000000000000000e+00
5.000000000000000000e+00
5.000000000000000000e+00
5.000000000000000000e+00
4.859231948852539062e+00
5.000000000000000000e+00
2.603665351867675781e+00
5.000000000000000000e+00
5.000000000000000000e+00
4.971901416778564453e+00
5.000000000000000000e+00
5.000000000000000000e+00
4.706304550170898438e+00
5.000000000000000000e+00
4.042374134063720703e+00
5.000000000000000000e+00
4.981282711029052734e+00
2.282966613769531250e+00
5.000000000000000000e+00
5.000000000000000000e+00
5.000000000000000000e+00
5.000000000000000000e+00
5.000000000000000000e+00
5.000000000000000000e+00
4.894166469573974609e+00
3.703154325485229492e+00
1.743248939514160156e+00
5.000000000000000000e+00
5.000000000000000000e+00
4.488610267639160156e+00
5.000000000000000000e+00
5.000000000000000000e+00
5.000000000000000000e+00
4.167565822601318359e+00
4.004327297210693359e+00
4.354053020477294922e+00
5.000000000000000000e+00
5.000000000000000000e+00
5.000000000000000000e+00
5.000000000000000000e+00
4.063874244689941406e+00
5.000000000000000000e+00
5.000000000000000000e+00
5.000000000000000000e+00
5.000000000000000000e+00
5.000000000000000000e+00
2.270279407501220703e+00
2.788685083389282227e+00
-1.958077669143676758e+00
5.000000000000000000e+00
5.000000000000000000e+00
5.000000000000000000e+00
3.061056137084960938e+00
5.000000000000000000e+00
5.000000000000000000e+00
4.479123115539550781e+00
4.834685325622558594e+00
4.236660003662109375e+00
5.000000000000000000e+00
5.000000000000000000e+00
1.917403221130371094e+00
5.000000000000000000e+00
2.656352519989013672e-01
