-9.399951100349426270e-01
-3.104525327682495117e+00
-2.417988538742065430e+00
-3.357318401336669922e+00
-3.059869766235351562e+00
-2.891634941101074219e+00
-4.280260086059570312e+00
-2.328278541564941406e+00
-4.027234077453613281e+00
-5.263270378112792969e+00
-3.086637973785400391e+00
4.023152351379394531e+00
-3.609899044036865234e+00
-1.975089550018310547e+00
-1.346601724624633789e+00
-4.586523532867431641e+00
-4.820813179016113281e+00
8.773025274276733398e-01
-1.344662189483642578e+00
-1.232416272163391113e+00
-2.241031169891357422e+00
-4.345152378082275391e+00
-7.356156110763549805e-01
-3.242906808853149414e+00
6.529155969619750977e-01
-5.415973186492919922e+00
-4.277090549468994141e+00
-3.772530794143676758e+00
-5.321228027343750000e+00
-3.776230812072753906e+00
-2.966938972473144531e+00
3.396955132484436035e-01
-3.826220512390136719e+00
-4.483018875122070312e+00
-3.702297449111938477e+00
-1.688300251960754395e+00
-3.439279079437255859e+00
-3.126119613647460938e+00
-1.581503391265869141e+00
-6.352715015411376953e+00
-1.816710948944091797e+00
-4.197229862213134766e+00
-5.428328514099121094e+00
-6.867172718048095703e-01
-2.730503320693969727e+00
-1.355847120285034180e+00
-2.401972293853759766e+00
-4.836205244064331055e-01
-1.216174721717834473e+00
6.399080753326416016e-01
-3.739047050476074219e+00
-2.382300615310668945e+00
-1.886662244796752930e+00
-2.745048761367797852e+00
-2.229139804840087891e+00
-2.260899543762207031e+00
-4.445314407348632812e+00
-3.630763769149780273e+00
-4.470931529998779297e+00
-5.330090999603271484e+00
-8.609594345092773438e+00
-3.154262602329254150e-01
-1.815559744834899902e+00
