-3.811406850814819336e+00
-2.507236599922180176e-01
-3.279896020889282227e+00
-2.177905082702636719e+00
-5.615617752075195312e+00
-1.745218038558959961e+00
-2.035370111465454102e+00
-2.712500572204589844e+00
-3.060142993927001953e+00
-4.624234199523925781e+00
9.242603182792663574e-01
-2.182713985443115234e+00
-2.153289318084716797e-01
-4.196499824523925781e+00
-3.262666463851928711e+00
-3.436891794204711914e+00
-2.347368717193603516e+00
-3.274744272232055664e+00
1.723875403404235840e+00
-2.119756221771240234e+00
-4.500588417053222656e+00
1.926056742668151855e-01
-1.943402528762817383e+00
-4.708749771118164062e+00
-2.745779454708099365e-01
-4.997789859771728516e+00
-3.621752738952636719e+00
-4.241578102111816406e+00
-6.295496821403503418e-01
-4.931794166564941406e+00
-2.986477851867675781e+00
-4.571821212768554688e+00
-2.820236921310424805e+00
-7.461142539978027344e-02
-6.811274290084838867e-01
-4.103655338287353516e+00
8.332493305206298828e-01
-1.117976188659667969e+00
-3.038591623306274414e+00
-9.123054742813110352e-01
-7.366005182266235352e-01
-3.563477754592895508e+00
-3.319196224212646484e+00
-4.635111808776855469e+00
-3.875560045242309570e+00
-4.662267208099365234e+00
-1.111851930618286133e+00
-9.301036000251770020e-01
1.028740048408508301e+00
-4.811464548110961914e-01
-9.776404380798339844e+00
-2.931974172592163086e+00
-2.629786252975463867e+00
-4.874764442443847656e+00
-1.232112765312194824e+00
-3.358600616455078125e+00
-4.233525276184082031e+00
4.016860008239746094e+00
-1.527450919151306152e+00
-2.796554327011108398e+00
-1.452615976333618164e+00
-3.881223440170288086e+00
-5.881039619445800781e+00
